0.93085	0.870912	0.740981	0.570144	0.390749	0.23268	0.115659	0.0194312	-0.0547637	-0.105994	-0.13362	-0.144172	-0.127701	-0.0774269	-0.00383413	0.0773264	0.136	0.173644	0.200922	0.238511	0.281257	0.312768	0.322655	0.30119	0.249623	0.169612	0.0694549	-0.0368276	-0.131217	-0.209621	-0.269922	-0.306392	-0.323285	-0.333106	-0.326742	-0.28339	-0.217848	-0.146676	-0.0817576	-0.046029	-0.0399914	-0.0398787	-0.0373023	-0.0431863	-0.0640039	-0.100595	-0.124667	-0.126705	-0.135135	-0.135135	
0.870912	0.85055	0.762953	0.637583	0.488408	0.345598	0.227082	0.130132	0.0573709	0.00751433	-0.0204225	-0.0303184	-0.00271766	0.0538158	0.133068	0.224192	0.302466	0.357089	0.396023	0.433659	0.45491	0.453378	0.426129	0.374082	0.302932	0.222036	0.129426	0.0225189	-0.0732207	-0.149051	-0.20836	-0.243894	-0.253955	-0.253902	-0.242487	-0.213423	-0.182655	-0.150857	-0.120918	-0.113519	-0.140469	-0.182756	-0.221368	-0.266494	-0.315407	-0.359679	-0.387423	-0.393157	-0.397354	-0.397354	
0.740981	0.762953	0.720919	0.633868	0.516548	0.394897	0.287828	0.201838	0.132673	0.0844318	0.0582101	0.0620284	0.101522	0.163949	0.253006	0.362876	0.465122	0.537917	0.586609	0.617017	0.620852	0.59327	0.535944	0.456962	0.367416	0.282637	0.198276	0.0995859	-0.00217382	-0.0829208	-0.13917	-0.170657	-0.177531	-0.177002	-0.168388	-0.158962	-0.160711	-0.166915	-0.179817	-0.201912	-0.252237	-0.326126	-0.39702	-0.474328	-0.539927	-0.57379	-0.594489	-0.60454	-0.605021	-0.605021	
0.570144	0.637583	0.633868	0.574565	0.485297	0.38847	0.299092	0.223178	0.165125	0.133188	0.122399	0.135554	0.175257	0.245325	0.356118	0.494354	0.618576	0.708141	0.755742	0.766928	0.755058	0.713975	0.636321	0.536439	0.431485	0.33255	0.250632	0.169765	0.0807017	-0.00321899	-0.073263	-0.110632	-0.119142	-0.12061	-0.123972	-0.140651	-0.164227	-0.197023	-0.247317	-0.301685	-0.370835	-0.456618	-0.546477	-0.637062	-0.699799	-0.72706	-0.739012	-0.745246	-0.752266	-0.752266	
0.390749	0.488408	0.516548	0.485297	0.422688	0.341804	0.264481	0.199533	0.163961	0.155226	0.160881	0.184278	0.233811	0.319681	0.453115	0.611403	0.75321	0.861208	0.905946	0.896376	0.864125	0.807858	0.708187	0.587703	0.471593	0.362259	0.277719	0.206312	0.131914	0.0525928	-0.0242936	-0.0754549	-0.0936687	-0.0945947	-0.107267	-0.142972	-0.190286	-0.24791	-0.320832	-0.404257	-0.484821	-0.561764	-0.648555	-0.729648	-0.779091	-0.804778	-0.818222	-0.828201	-0.841356	-0.841356	
0.23268	0.345598	0.394897	0.38847	0.341804	0.277036	0.217606	0.168051	0.145407	0.145114	0.168444	0.215474	0.289784	0.395571	0.545983	0.712363	0.864824	0.984886	1.03545	1.01632	0.959275	0.874506	0.745449	0.609826	0.484799	0.367364	0.275108	0.197881	0.123228	0.0446002	-0.0265906	-0.075311	-0.0961841	-0.10582	-0.130496	-0.172865	-0.232388	-0.302445	-0.385241	-0.481782	-0.565951	-0.632655	-0.697662	-0.756439	-0.795657	-0.818335	-0.836641	-0.854108	-0.865901	-0.865901	
0.115659	0.227082	0.287828	0.299092	0.264481	0.217606	0.176779	0.141356	0.120238	0.126015	0.166217	0.237274	0.337586	0.466644	0.630163	0.801551	0.959974	1.08337	1.13816	1.11328	1.03497	0.91685	0.763967	0.613499	0.473147	0.343739	0.231074	0.139058	0.059224	-0.0168055	-0.0780542	-0.119726	-0.137896	-0.157555	-0.19212	-0.233462	-0.28976	-0.356446	-0.433299	-0.51944	-0.599376	-0.658459	-0.699142	-0.735077	-0.760846	-0.779849	-0.80192	-0.821377	-0.835244	-0.835244	
0.0194312	0.130132	0.201838	0.223178	0.199533	0.168051	0.141356	0.11461	0.0994761	0.11551	0.169057	0.260011	0.383407	0.528681	0.697125	0.876526	1.04357	1.16222	1.20543	1.16929	1.07264	0.935882	0.772655	0.601129	0.434261	0.28282	0.153208	0.0484719	-0.0364729	-0.10167	-0.154903	-0.195064	-0.215457	-0.241899	-0.278974	-0.315588	-0.356123	-0.410528	-0.475094	-0.537999	-0.600216	-0.638801	-0.654206	-0.674076	-0.688016	-0.701365	-0.722495	-0.740792	-0.757194	-0.757194	
-0.0547637	0.0573709	0.132673	0.165125	0.163961	0.145407	0.120238	0.0994761	0.0941927	0.117883	0.181609	0.28782	0.42106	0.567172	0.735073	0.919866	1.08543	1.19031	1.22	1.17493	1.06819	0.924388	0.7585	0.574593	0.380766	0.203026	0.0607516	-0.0493982	-0.132906	-0.191229	-0.237307	-0.27749	-0.308659	-0.332959	-0.359576	-0.395804	-0.431347	-0.468579	-0.511195	-0.551779	-0.585903	-0.595579	-0.587548	-0.586882	-0.592818	-0.599977	-0.608743	-0.622676	-0.637806	-0.637806	
-0.105994	0.00751433	0.0844318	0.133188	0.155226	0.145114	0.126015	0.11551	0.117883	0.144896	0.212756	0.317462	0.443961	0.585009	0.747239	0.912433	1.05135	1.13839	1.15992	1.11294	1.00652	0.864001	0.697463	0.514909	0.320328	0.130587	-0.0250887	-0.13506	-0.207649	-0.257373	-0.296659	-0.336682	-0.378183	-0.406829	-0.425459	-0.457258	-0.497564	-0.524406	-0.541206	-0.55917	-0.564513	-0.545037	-0.51608	-0.499039	-0.496139	-0.4888	-0.482404	-0.488009	-0.489274	-0.489274	
-0.13362	-0.0204225	0.0582101	0.122399	0.160881	0.168444	0.166217	0.169057	0.181609	0.212756	0.270281	0.356448	0.467383	0.59479	0.726651	0.841793	0.938221	1.00112	1.00973	0.955646	0.861303	0.736927	0.578388	0.408902	0.236254	0.0659209	-0.0844473	-0.19046	-0.24758	-0.278663	-0.308151	-0.351725	-0.400883	-0.438766	-0.464543	-0.498169	-0.541635	-0.55992	-0.55172	-0.54666	-0.531555	-0.492223	-0.450681	-0.422021	-0.406713	-0.391714	-0.37197	-0.356803	-0.346003	-0.346003	
-0.144172	-0.0303184	0.0620284	0.135554	0.184278	0.215474	0.237274	0.260011	0.28782	0.317462	0.356448	0.420086	0.502569	0.587692	0.661903	0.715038	0.75589	0.77866	0.761659	0.701718	0.625381	0.529169	0.403125	0.263989	0.127436	-0.00176416	-0.118007	-0.199513	-0.24479	-0.262095	-0.277488	-0.3218	-0.37816	-0.424768	-0.463707	-0.503005	-0.538783	-0.550515	-0.531943	-0.50547	-0.476339	-0.434043	-0.393184	-0.362235	-0.33612	-0.315027	-0.292955	-0.264579	-0.240109	-0.240109	
-0.127701	-0.00271766	0.101522	0.175257	0.233811	0.289784	0.337586	0.383407	0.42106	0.443961	0.467383	0.502569	0.532018	0.550282	0.555834	0.540488	0.515035	0.481022	0.435545	0.37755	0.317836	0.254071	0.177218	0.0907233	0.00380648	-0.0776163	-0.143185	-0.182125	-0.206735	-0.218078	-0.225652	-0.257391	-0.310084	-0.362645	-0.41318	-0.459536	-0.484852	-0.48551	-0.466611	-0.438209	-0.405621	-0.368845	-0.338066	-0.310455	-0.283534	-0.264477	-0.248771	-0.225467	-0.199792	-0.199792	
-0.0774269	0.0538158	0.163949	0.245325	0.319681	0.395571	0.466644	0.528681	0.567172	0.585009	0.59479	0.587692	0.550282	0.493121	0.416799	0.326768	0.234697	0.143851	0.0655197	0.00422103	-0.0389539	-0.0677031	-0.0867164	-0.113011	-0.142832	-0.160698	-0.165962	-0.156733	-0.149128	-0.152533	-0.15849	-0.172701	-0.209186	-0.26076	-0.316781	-0.366743	-0.387747	-0.380265	-0.361566	-0.337916	-0.312729	-0.298198	-0.290078	-0.272589	-0.254925	-0.241697	-0.234189	-0.228504	-0.21341	-0.21341	
-0.00383413	0.133068	0.253006	0.356118	0.453115	0.545983	0.630163	0.697125	0.735073	0.747239	0.726651	0.661903	0.555834	0.416799	0.250533	0.0826266	-0.0698131	-0.210676	-0.319196	-0.382038	-0.411499	-0.406503	-0.368705	-0.332913	-0.299975	-0.249551	-0.191443	-0.1396	-0.10303	-0.0864202	-0.0834198	-0.084842	-0.0985208	-0.132018	-0.180269	-0.226398	-0.249838	-0.247127	-0.232675	-0.223238	-0.218767	-0.226264	-0.245975	-0.254771	-0.251356	-0.242697	-0.239504	-0.246281	-0.246491	-0.246491	
0.0773264	0.224192	0.362876	0.494354	0.611403	0.712363	0.801551	0.876526	0.919866	0.912433	0.841793	0.715038	0.540488	0.326768	0.0826266	-0.155555	-0.366905	-0.545973	-0.667859	-0.73105	-0.752326	-0.729813	-0.654254	-0.55811	-0.459656	-0.350303	-0.243506	-0.15571	-0.0885954	-0.0376843	-0.00378176	0.0123068	0.0120582	-0.000494731	-0.0242426	-0.0567454	-0.087292	-0.101282	-0.103125	-0.116381	-0.141231	-0.173634	-0.210007	-0.233843	-0.245923	-0.247891	-0.248788	-0.264676	-0.281099	-0.281099	
0.136	0.302466	0.465122	0.618576	0.75321	0.864824	0.959974	1.04357	1.08543	1.05135	0.938221	0.75589	0.515035	0.234697	-0.0698131	-0.366905	-0.622557	-0.816611	-0.949964	-1.02467	-1.04204	-1.00246	-0.904279	-0.769856	-0.614614	-0.45917	-0.320585	-0.1992	-0.0989005	-0.016061	0.0520067	0.0939278	0.108594	0.117796	0.121417	0.105109	0.0731212	0.039023	0.00864948	-0.0297164	-0.0784659	-0.128592	-0.172631	-0.204995	-0.226995	-0.238816	-0.252146	-0.277281	-0.297597	-0.297597	
0.173644	0.357089	0.537917	0.708141	0.861208	0.984886	1.08337	1.16222	1.19031	1.13839	1.00112	0.77866	0.481022	0.143851	-0.210676	-0.545973	-0.816611	-1.01446	-1.16034	-1.251	-1.26509	-1.20322	-1.08597	-0.931113	-0.745426	-0.559203	-0.394462	-0.248083	-0.122656	-0.022084	0.0607132	0.124015	0.16341	0.19832	0.228584	0.230282	0.198925	0.152021	0.101245	0.0444214	-0.0144838	-0.0725699	-0.124139	-0.164292	-0.200364	-0.229784	-0.249362	-0.264528	-0.273687	-0.273687	
0.200922	0.396023	0.586609	0.755742	0.905946	1.03545	1.13816	1.20543	1.22	1.15992	1.00973	0.761659	0.435545	0.0655197	-0.319196	-0.667859	-0.949964	-1.16034	-1.30738	-1.38964	-1.40526	-1.34588	-1.20927	-1.02795	-0.826505	-0.626319	-0.447632	-0.294862	-0.161878	-0.0521622	0.0339425	0.105631	0.165384	0.22152	0.270058	0.293758	0.282892	0.23644	0.168912	0.104907	0.0478057	-0.0135046	-0.066936	-0.106521	-0.148126	-0.192894	-0.225379	-0.234449	-0.229497	-0.229497	
0.238511	0.433659	0.617017	0.766928	0.896376	1.01632	1.11328	1.16929	1.17493	1.11294	0.955646	0.701718	0.37755	0.00422103	-0.382038	-0.73105	-1.02467	-1.251	-1.38964	-1.45013	-1.47092	-1.42608	-1.27992	-1.07423	-0.862654	-0.66361	-0.486271	-0.342486	-0.216666	-0.103646	-0.0151139	0.0566797	0.125027	0.191821	0.250776	0.297322	0.312768	0.280257	0.215621	0.151555	0.100083	0.0501095	0.00301185	-0.0345418	-0.0751726	-0.130236	-0.174723	-0.182694	-0.174083	-0.174083	
0.281257	0.45491	0.620852	0.755058	0.864125	0.959275	1.03497	1.07264	1.06819	1.00652	0.861303	0.625381	0.317836	-0.0389539	-0.411499	-0.752326	-1.04204	-1.26509	-1.40526	-1.47092	-1.48499	-1.4297	-1.28564	-1.08575	-0.878241	-0.68508	-0.517381	-0.385717	-0.274564	-0.178974	-0.102866	-0.0316942	0.0435033	0.118923	0.193976	0.262767	0.299824	0.288473	0.244266	0.199932	0.15995	0.112671	0.0701875	0.0357218	-0.00553497	-0.0579517	-0.0978237	-0.104999	-0.0990599	-0.0990599	
0.312768	0.453378	0.59327	0.713975	0.807858	0.874506	0.91685	0.935882	0.924388	0.864001	0.736927	0.529169	0.254071	-0.0677031	-0.406503	-0.729813	-1.00246	-1.20322	-1.34588	-1.42608	-1.4297	-1.35883	-1.2365	-1.07324	-0.886212	-0.710503	-0.564164	-0.448799	-0.35542	-0.281496	-0.215041	-0.142683	-0.0639304	0.0232377	0.11488	0.196782	0.250578	0.266175	0.256942	0.244135	0.221134	0.183334	0.143616	0.103702	0.0648217	0.0252912	-0.00517713	-0.0164196	-0.0225887	-0.0225887	
0.322655	0.426129	0.535944	0.636321	0.708187	0.745449	0.763967	0.772655	0.7585	0.697463	0.578388	0.403125	0.177218	-0.0867164	-0.368705	-0.654254	-0.904279	-1.08597	-1.20927	-1.27992	-1.28564	-1.2365	-1.15797	-1.03787	-0.889102	-0.751424	-0.635936	-0.541895	-0.46555	-0.397552	-0.325613	-0.250451	-0.174509	-0.0922237	0.00102855	0.0940303	0.167199	0.218397	0.255594	0.278731	0.275594	0.253346	0.22551	0.188529	0.151498	0.119572	0.0926357	0.0672043	0.0400877	0.0400877	
0.30119	0.374082	0.456962	0.536439	0.587703	0.609826	0.613499	0.601129	0.574593	0.514909	0.408902	0.263989	0.0907233	-0.113011	-0.332913	-0.55811	-0.769856	-0.931113	-1.02795	-1.07423	-1.08575	-1.07324	-1.03787	-0.967258	-0.879836	-0.792987	-0.708565	-0.637428	-0.576842	-0.513186	-0.443334	-0.368719	-0.28893	-0.211135	-0.129532	-0.0360611	0.060501	0.148927	0.226417	0.289511	0.318222	0.316744	0.302078	0.273218	0.24378	0.219372	0.191059	0.152691	0.113555	0.113555	
0.249623	0.302932	0.367416	0.431485	0.471593	0.484799	0.473147	0.434261	0.380766	0.320328	0.236254	0.127436	0.00380648	-0.142832	-0.299975	-0.459656	-0.614614	-0.745426	-0.826505	-0.862654	-0.878241	-0.886212	-0.889102	-0.879836	-0.861643	-0.823772	-0.768147	-0.714158	-0.664422	-0.612406	-0.552148	-0.476943	-0.391105	-0.320471	-0.25702	-0.170772	-0.0640172	0.0503279	0.16259	0.259131	0.325445	0.357957	0.35924	0.340646	0.322838	0.30851	0.289457	0.260925	0.232484	0.232484	
0.169612	0.222036	0.282637	0.33255	0.362259	0.367364	0.343739	0.28282	0.203026	0.130587	0.0659209	-0.00176416	-0.0776163	-0.160698	-0.249551	-0.350303	-0.45917	-0.559203	-0.626319	-0.66361	-0.68508	-0.710503	-0.751424	-0.792987	-0.823772	-0.830451	-0.811302	-0.774952	-0.732388	-0.68798	-0.630204	-0.549749	-0.465809	-0.409053	-0.362744	-0.288908	-0.180534	-0.0577946	0.0614536	0.174995	0.270699	0.333421	0.368751	0.388782	0.399691	0.405517	0.402303	0.38995	0.381669	0.381669	
0.0694549	0.129426	0.198276	0.250632	0.277719	0.275108	0.231074	0.153208	0.0607516	-0.0250887	-0.0844473	-0.118007	-0.143185	-0.165962	-0.191443	-0.243506	-0.320585	-0.394462	-0.447632	-0.486271	-0.517381	-0.564164	-0.635936	-0.708565	-0.768147	-0.811302	-0.828556	-0.814697	-0.783979	-0.737362	-0.668517	-0.591176	-0.52425	-0.474111	-0.43203	-0.372804	-0.278144	-0.171118	-0.0645616	0.0505388	0.163136	0.26119	0.339744	0.402696	0.455555	0.493997	0.518288	0.537013	0.552439	0.552439	
-0.0368276	0.0225189	0.0995859	0.169765	0.206312	0.197881	0.139058	0.0484719	-0.0493982	-0.13506	-0.19046	-0.199513	-0.182125	-0.156733	-0.1396	-0.15571	-0.1992	-0.248083	-0.294862	-0.342486	-0.385717	-0.448799	-0.541895	-0.637428	-0.714158	-0.774952	-0.814697	-0.819603	-0.798907	-0.747002	-0.676455	-0.616351	-0.566557	-0.524134	-0.483665	-0.43254	-0.365483	-0.284598	-0.186615	-0.0764643	0.0408524	0.168361	0.288236	0.389582	0.47947	0.557034	0.622093	0.677594	0.715044	0.715044	
-0.131217	-0.0732207	-0.00217382	0.0807017	0.131914	0.123228	0.059224	-0.0364729	-0.132906	-0.207649	-0.24758	-0.24479	-0.206735	-0.149128	-0.10303	-0.0885954	-0.0989005	-0.122656	-0.161878	-0.216666	-0.274564	-0.35542	-0.46555	-0.576842	-0.664422	-0.732388	-0.783979	-0.798907	-0.774626	-0.721495	-0.665945	-0.626107	-0.592479	-0.558927	-0.521808	-0.484881	-0.446491	-0.382389	-0.290741	-0.190103	-0.0690412	0.0771666	0.226854	0.365908	0.488618	0.601829	0.702436	0.776631	0.820895	0.820895	
-0.209621	-0.149051	-0.0829208	-0.00321899	0.0525928	0.0446002	-0.0168055	-0.10167	-0.191229	-0.257373	-0.278663	-0.262095	-0.218078	-0.152533	-0.0864202	-0.0376843	-0.016061	-0.022084	-0.0521622	-0.103646	-0.178974	-0.281496	-0.397552	-0.513186	-0.612406	-0.68798	-0.737362	-0.747002	-0.721495	-0.6848	-0.648931	-0.623195	-0.609815	-0.588447	-0.55643	-0.529659	-0.50272	-0.445503	-0.362468	-0.276166	-0.156634	0.00155965	0.169268	0.332463	0.477562	0.617366	0.741123	0.821565	0.868205	0.868205	
-0.269922	-0.20836	-0.13917	-0.073263	-0.0242936	-0.0265906	-0.0780542	-0.154903	-0.237307	-0.296659	-0.308151	-0.277488	-0.225652	-0.15849	-0.0834198	-0.00378176	0.0520067	0.0607132	0.0339425	-0.0151139	-0.102866	-0.215041	-0.325613	-0.443334	-0.552148	-0.630204	-0.668517	-0.676455	-0.665945	-0.648931	-0.634534	-0.622298	-0.61725	-0.602998	-0.580193	-0.560399	-0.526992	-0.470855	-0.401061	-0.32171	-0.210769	-0.0601979	0.112725	0.287542	0.447314	0.600368	0.730642	0.812427	0.856734	0.856734	
-0.306392	-0.243894	-0.170657	-0.110632	-0.0754549	-0.075311	-0.119726	-0.195064	-0.27749	-0.336682	-0.351725	-0.3218	-0.257391	-0.172701	-0.084842	0.0123068	0.0939278	0.124015	0.105631	0.0566797	-0.0316942	-0.142683	-0.250451	-0.368719	-0.476943	-0.549749	-0.591176	-0.616351	-0.626107	-0.623195	-0.622298	-0.617788	-0.609174	-0.594612	-0.577641	-0.560179	-0.522924	-0.471699	-0.413558	-0.33608	-0.233568	-0.098054	0.0642687	0.233759	0.399969	0.548495	0.668121	0.751356	0.78945	0.78945	
-0.323285	-0.253955	-0.177531	-0.119142	-0.0936687	-0.0961841	-0.137896	-0.215457	-0.308659	-0.378183	-0.400883	-0.37816	-0.310084	-0.209186	-0.0985208	0.0120582	0.108594	0.16341	0.165384	0.125027	0.0435033	-0.0639304	-0.174509	-0.28893	-0.391105	-0.465809	-0.52425	-0.566557	-0.592479	-0.609815	-0.61725	-0.609174	-0.585354	-0.56226	-0.544883	-0.521458	-0.489186	-0.448006	-0.397098	-0.329659	-0.239085	-0.118223	0.0283617	0.181554	0.334603	0.466309	0.563829	0.635516	0.670973	0.670973	
-0.333106	-0.253902	-0.177002	-0.12061	-0.0945947	-0.10582	-0.157555	-0.241899	-0.332959	-0.406829	-0.438766	-0.424768	-0.362645	-0.26076	-0.132018	-0.000494731	0.117796	0.19832	0.22152	0.191821	0.118923	0.0232377	-0.0922237	-0.211135	-0.320471	-0.409053	-0.474111	-0.524134	-0.558927	-0.588447	-0.602998	-0.594612	-0.56226	-0.517628	-0.481684	-0.453952	-0.431982	-0.401101	-0.357478	-0.301624	-0.219268	-0.115546	0.00171464	0.128364	0.251968	0.353328	0.425918	0.477215	0.50313	0.50313	
-0.326742	-0.242487	-0.168388	-0.123972	-0.107267	-0.130496	-0.19212	-0.278974	-0.359576	-0.425459	-0.464543	-0.463707	-0.41318	-0.316781	-0.180269	-0.0242426	0.121417	0.228584	0.270058	0.250776	0.193976	0.11488	0.00102855	-0.129532	-0.25702	-0.362744	-0.43203	-0.483665	-0.521808	-0.55643	-0.580193	-0.577641	-0.544883	-0.481684	-0.420617	-0.381182	-0.352936	-0.323331	-0.287201	-0.238855	-0.167748	-0.0885231	-0.0165058	0.0625785	0.146582	0.211086	0.256871	0.289847	0.302417	0.302417	
-0.28339	-0.213423	-0.158962	-0.140651	-0.142972	-0.172865	-0.233462	-0.315588	-0.395804	-0.457258	-0.498169	-0.503005	-0.459536	-0.366743	-0.226398	-0.0567454	0.105109	0.230282	0.293758	0.297322	0.262767	0.196782	0.0940303	-0.0360611	-0.170772	-0.288908	-0.372804	-0.43254	-0.484881	-0.529659	-0.560399	-0.560179	-0.521458	-0.453952	-0.381182	-0.322934	-0.271744	-0.226721	-0.18525	-0.134423	-0.0857123	-0.051408	-0.030403	-0.00883026	0.0235967	0.0496828	0.06666	0.0801257	0.0822002	0.0822002	
-0.217848	-0.182655	-0.160711	-0.164227	-0.190286	-0.232388	-0.28976	-0.356123	-0.431347	-0.497564	-0.541635	-0.538783	-0.484852	-0.387747	-0.249838	-0.087292	0.0731212	0.198925	0.282892	0.312768	0.299824	0.250578	0.167199	0.060501	-0.0640172	-0.180534	-0.278144	-0.365483	-0.446491	-0.50272	-0.526992	-0.522924	-0.489186	-0.431982	-0.352936	-0.271744	-0.200812	-0.139905	-0.0833674	-0.0226293	0.00596681	-0.0105835	-0.0383503	-0.0680718	-0.0966313	-0.117663	-0.133528	-0.143342	-0.147249	-0.147249	
-0.146676	-0.150857	-0.166915	-0.197023	-0.24791	-0.302445	-0.356446	-0.410528	-0.468579	-0.524406	-0.55992	-0.550515	-0.48551	-0.380265	-0.247127	-0.101282	0.039023	0.152021	0.23644	0.280257	0.288473	0.266175	0.218397	0.148927	0.0503279	-0.0577946	-0.171118	-0.284598	-0.382389	-0.445503	-0.470855	-0.471699	-0.448006	-0.401101	-0.323331	-0.226721	-0.139905	-0.0651567	0.00729015	0.0656676	0.0688762	0.0175617	-0.047437	-0.121773	-0.204695	-0.275056	-0.328611	-0.360199	-0.365449	-0.365449	
-0.0817576	-0.120918	-0.179817	-0.247317	-0.320832	-0.385241	-0.433299	-0.475094	-0.511195	-0.541206	-0.55172	-0.531943	-0.466611	-0.361566	-0.232675	-0.103125	0.00864948	0.101245	0.168912	0.215621	0.244266	0.256942	0.255594	0.226417	0.16259	0.0614536	-0.0645616	-0.186615	-0.290741	-0.362468	-0.401061	-0.413558	-0.397098	-0.357478	-0.287201	-0.18525	-0.0833674	0.00729015	0.0885723	0.12437	0.0917735	0.0140107	-0.0838868	-0.18997	-0.305113	-0.418422	-0.498326	-0.538412	-0.555034	-0.555034	
-0.046029	-0.113519	-0.201912	-0.301685	-0.404257	-0.481782	-0.51944	-0.537999	-0.551779	-0.55917	-0.54666	-0.50547	-0.438209	-0.337916	-0.223238	-0.116381	-0.0297164	0.0444214	0.104907	0.151555	0.199932	0.244135	0.278731	0.289511	0.259131	0.174995	0.0505388	-0.0764643	-0.190103	-0.276166	-0.32171	-0.33608	-0.329659	-0.301624	-0.238855	-0.134423	-0.0226293	0.0656676	0.12437	0.129538	0.0752971	-0.0201059	-0.137827	-0.260525	-0.396808	-0.533384	-0.628803	-0.683987	-0.714847	-0.714847	
-0.0399914	-0.140469	-0.252237	-0.370835	-0.484821	-0.565951	-0.599376	-0.600216	-0.585903	-0.564513	-0.531555	-0.476339	-0.405621	-0.312729	-0.218767	-0.141231	-0.0784659	-0.0144838	0.0478057	0.100083	0.15995	0.221134	0.275594	0.318222	0.325445	0.270699	0.163136	0.0408524	-0.0690412	-0.156634	-0.210769	-0.233568	-0.239085	-0.219268	-0.167748	-0.0857123	0.00596681	0.0688762	0.0917735	0.0752971	0.0202109	-0.0682775	-0.181167	-0.315585	-0.467248	-0.60648	-0.72185	-0.810895	-0.853039	-0.853039	
-0.0398787	-0.182756	-0.326126	-0.456618	-0.561764	-0.632655	-0.658459	-0.638801	-0.595579	-0.545037	-0.492223	-0.434043	-0.368845	-0.298198	-0.226264	-0.173634	-0.128592	-0.0725699	-0.0135046	0.0501095	0.112671	0.183334	0.253346	0.316744	0.357957	0.333421	0.26119	0.168361	0.0771666	0.00155965	-0.0601979	-0.098054	-0.118223	-0.115546	-0.0885231	-0.051408	-0.0105835	0.0175617	0.0140107	-0.0201059	-0.0682775	-0.136116	-0.237385	-0.366464	-0.509672	-0.647972	-0.779944	-0.896652	-0.961593	-0.961593	
-0.0373023	-0.221368	-0.39702	-0.546477	-0.648555	-0.697662	-0.699142	-0.654206	-0.587548	-0.51608	-0.450681	-0.393184	-0.338066	-0.290078	-0.245975	-0.210007	-0.172631	-0.124139	-0.066936	0.00301185	0.0701875	0.143616	0.22551	0.302078	0.35924	0.368751	0.339744	0.288236	0.226854	0.169268	0.112725	0.0642687	0.0283617	0.00171464	-0.0165058	-0.030403	-0.0383503	-0.047437	-0.0838868	-0.137827	-0.181167	-0.237385	-0.328216	-0.44067	-0.562494	-0.684084	-0.806669	-0.92087	-0.989861	-0.989861	
-0.0431863	-0.266494	-0.474328	-0.637062	-0.729648	-0.756439	-0.735077	-0.674076	-0.586882	-0.499039	-0.422021	-0.362235	-0.310455	-0.272589	-0.254771	-0.233843	-0.204995	-0.164292	-0.106521	-0.0345418	0.0357218	0.103702	0.188529	0.273218	0.340646	0.388782	0.402696	0.389582	0.365908	0.332463	0.287542	0.233759	0.181554	0.128364	0.0625785	-0.00883026	-0.0680718	-0.121773	-0.18997	-0.260525	-0.315585	-0.366464	-0.44067	-0.542557	-0.639241	-0.72341	-0.811168	-0.887942	-0.930901	-0.930901	
-0.0640039	-0.315407	-0.539927	-0.699799	-0.779091	-0.795657	-0.760846	-0.688016	-0.592818	-0.496139	-0.406713	-0.33612	-0.283534	-0.254925	-0.251356	-0.245923	-0.226995	-0.200364	-0.148126	-0.0751726	-0.00553497	0.0648217	0.151498	0.24378	0.322838	0.399691	0.455555	0.47947	0.488618	0.477562	0.447314	0.399969	0.334603	0.251968	0.146582	0.0235967	-0.0966313	-0.204695	-0.305113	-0.396808	-0.467248	-0.509672	-0.562494	-0.639241	-0.699018	-0.748724	-0.7962	-0.825174	-0.845156	-0.845156	
-0.100595	-0.359679	-0.57379	-0.72706	-0.804778	-0.818335	-0.779849	-0.701365	-0.599977	-0.4888	-0.391714	-0.315027	-0.264477	-0.241697	-0.242697	-0.247891	-0.238816	-0.229784	-0.192894	-0.130236	-0.0579517	0.0252912	0.119572	0.219372	0.30851	0.405517	0.493997	0.557034	0.601829	0.617366	0.600368	0.548495	0.466309	0.353328	0.211086	0.0496828	-0.117663	-0.275056	-0.418422	-0.533384	-0.60648	-0.647972	-0.684084	-0.72341	-0.748724	-0.763471	-0.76629	-0.753784	-0.747948	-0.747948	
-0.124667	-0.387423	-0.594489	-0.739012	-0.818222	-0.836641	-0.80192	-0.722495	-0.608743	-0.482404	-0.37197	-0.292955	-0.248771	-0.234189	-0.239504	-0.248788	-0.252146	-0.249362	-0.225379	-0.174723	-0.0978237	-0.00517713	0.0926357	0.191059	0.289457	0.402303	0.518288	0.622093	0.702436	0.741123	0.730642	0.668121	0.563829	0.425918	0.256871	0.06666	-0.133528	-0.328611	-0.498326	-0.628803	-0.72185	-0.779944	-0.806669	-0.811168	-0.7962	-0.76629	-0.724682	-0.678945	-0.650365	-0.650365	
-0.126705	-0.393157	-0.60454	-0.745246	-0.828201	-0.854108	-0.821377	-0.740792	-0.622676	-0.488009	-0.356803	-0.264579	-0.225467	-0.228504	-0.246281	-0.264676	-0.277281	-0.264528	-0.234449	-0.182694	-0.104999	-0.0164196	0.0672043	0.152691	0.260925	0.38995	0.537013	0.677594	0.776631	0.821565	0.812427	0.751356	0.635516	0.477215	0.289847	0.0801257	-0.143342	-0.360199	-0.538412	-0.683987	-0.810895	-0.896652	-0.92087	-0.887942	-0.825174	-0.753784	-0.678945	-0.615491	-0.580228	-0.580228	
-0.135135	-0.397354	-0.605021	-0.752266	-0.841356	-0.865901	-0.835244	-0.757194	-0.637806	-0.489274	-0.346003	-0.240109	-0.199792	-0.21341	-0.246491	-0.281099	-0.297597	-0.273687	-0.229497	-0.174083	-0.0990599	-0.0225887	0.0400877	0.113555	0.232484	0.381669	0.552439	0.715044	0.820895	0.868205	0.856734	0.78945	0.670973	0.50313	0.302417	0.0822002	-0.147249	-0.365449	-0.555034	-0.714847	-0.853039	-0.961593	-0.989861	-0.930901	-0.845156	-0.747948	-0.650365	-0.580228	-0.536034	-0.536034	
-0.135135	-0.397354	-0.605021	-0.752266	-0.841356	-0.865901	-0.835244	-0.757194	-0.637806	-0.489274	-0.346003	-0.240109	-0.199792	-0.21341	-0.246491	-0.281099	-0.297597	-0.273687	-0.229497	-0.174083	-0.0990599	-0.0225887	0.0400877	0.113555	0.232484	0.381669	0.552439	0.715044	0.820895	0.868205	0.856734	0.78945	0.670973	0.50313	0.302417	0.0822002	-0.147249	-0.365449	-0.555034	-0.714847	-0.853039	-0.961593	-0.989861	-0.930901	-0.845156	-0.747948	-0.650365	-0.580228	-0.536034	-0.536034	
