-0.434066	-0.434066	-0.379075	-0.274879	-0.135479	0.0174588	0.169424	0.311384	0.419611	0.493029	0.518704	0.505805	0.475741	0.425011	0.339729	0.241958	0.135885	0.0329023	-0.0522349	-0.110732	-0.141196	-0.145295	-0.134142	-0.121821	-0.112067	-0.119999	-0.151962	-0.20926	-0.279593	-0.353535	-0.418069	-0.479295	-0.534562	-0.570807	-0.570069	-0.541462	-0.495868	-0.420098	-0.305743	-0.152276	0.0277977	0.212545	0.395846	0.570039	0.723555	0.828176	0.882588	0.878973	0.838976	0.772511	
-0.476909	-0.476909	-0.424349	-0.325486	-0.193766	-0.0407427	0.114326	0.247802	0.34476	0.40718	0.42912	0.419684	0.395069	0.349023	0.27164	0.181426	0.0949225	0.0153859	-0.0448537	-0.0836169	-0.0983159	-0.0922425	-0.0637483	-0.0371614	-0.0187573	-0.0221348	-0.0532522	-0.115478	-0.189495	-0.258543	-0.320946	-0.388017	-0.443051	-0.469433	-0.466759	-0.438566	-0.392364	-0.331432	-0.239878	-0.12255	0.0119282	0.152629	0.30127	0.447831	0.580957	0.677101	0.727205	0.719474	0.680515	0.628293	
-0.540221	-0.540221	-0.489244	-0.389613	-0.260188	-0.11444	0.0324845	0.152365	0.243499	0.301995	0.332131	0.337745	0.32451	0.280361	0.213085	0.135732	0.0689283	0.0178283	-0.0155936	-0.0371799	-0.039691	-0.0229442	0.00665901	0.0404417	0.0612711	0.0543651	0.0172726	-0.0401797	-0.106467	-0.167074	-0.225993	-0.288752	-0.334327	-0.348474	-0.329653	-0.290089	-0.248206	-0.198869	-0.13036	-0.0500953	0.0346844	0.12668	0.229407	0.333819	0.42745	0.5066	0.549355	0.545321	0.5129	0.472513	
-0.6176	-0.6176	-0.57435	-0.480625	-0.354127	-0.212956	-0.072362	0.0439972	0.13348	0.188824	0.227762	0.25888	0.269288	0.241491	0.186805	0.118093	0.0576707	0.0256621	0.0221499	0.0266924	0.0375191	0.058354	0.0816578	0.101485	0.111318	0.0984169	0.0542503	0.000986002	-0.0484232	-0.101077	-0.151931	-0.198932	-0.230316	-0.227489	-0.187959	-0.135829	-0.0857059	-0.0341422	0.0199497	0.0678997	0.105556	0.142385	0.183682	0.231605	0.28637	0.342206	0.375176	0.37309	0.340364	0.302252	
-0.68942	-0.68942	-0.654624	-0.577536	-0.465096	-0.327933	-0.185159	-0.0647047	0.0295521	0.0939203	0.146755	0.197263	0.231885	0.22808	0.187977	0.130168	0.0777715	0.0584094	0.0727961	0.0974435	0.119733	0.139677	0.149635	0.148937	0.136819	0.108532	0.0563786	0.000474454	-0.0392441	-0.0729413	-0.105807	-0.137119	-0.145936	-0.115158	-0.0555653	0.0161438	0.0859951	0.150544	0.195035	0.213036	0.206911	0.188123	0.16759	0.159003	0.167939	0.189786	0.207529	0.202613	0.17112	0.143702	
-0.740574	-0.740574	-0.71772	-0.662222	-0.569604	-0.442198	-0.298601	-0.168458	-0.0650479	0.0177107	0.0938573	0.160803	0.214381	0.234822	0.212702	0.16925	0.135829	0.130363	0.153976	0.182348	0.203715	0.20893	0.201799	0.189264	0.159256	0.10238	0.0294249	-0.0301805	-0.0628213	-0.0772327	-0.0881006	-0.0975565	-0.0785322	-0.0201825	0.0676055	0.166453	0.256463	0.321193	0.356902	0.356529	0.321163	0.257233	0.183876	0.118515	0.076282	0.0616297	0.0564539	0.0444212	0.0234304	0.0106164	
-0.769905	-0.769905	-0.749914	-0.709814	-0.632716	-0.518888	-0.387354	-0.259158	-0.143715	-0.0440156	0.0542057	0.144775	0.219972	0.260014	0.259927	0.238551	0.220745	0.22652	0.24825	0.266614	0.274894	0.264505	0.234396	0.199136	0.145603	0.0659212	-0.0211589	-0.0842564	-0.109024	-0.111563	-0.103062	-0.0850836	-0.0346205	0.0530603	0.167523	0.287751	0.39058	0.463782	0.495393	0.483734	0.426866	0.337332	0.22105	0.105656	0.0214212	-0.0290171	-0.0605629	-0.0802182	-0.0943674	-0.0998435	
-0.754704	-0.754704	-0.737154	-0.703479	-0.63862	-0.540847	-0.425412	-0.30375	-0.186589	-0.0778765	0.030247	0.137728	0.235738	0.298333	0.319534	0.318584	0.309953	0.309041	0.325972	0.337516	0.326697	0.290991	0.240871	0.177225	0.0951519	-0.00170051	-0.0914777	-0.149128	-0.164961	-0.152245	-0.125681	-0.0833329	-0.00712527	0.107134	0.241288	0.378623	0.496696	0.578394	0.610066	0.593126	0.532697	0.422878	0.274132	0.126	0.0136063	-0.0659721	-0.115222	-0.145943	-0.166832	-0.176455	
-0.683358	-0.683358	-0.673534	-0.650516	-0.597185	-0.513695	-0.409292	-0.293135	-0.176991	-0.0716541	0.0368037	0.144508	0.245928	0.320595	0.359084	0.365282	0.361664	0.356344	0.361716	0.361405	0.339088	0.288142	0.219642	0.132035	0.0305244	-0.0768153	-0.168354	-0.218154	-0.218251	-0.187646	-0.141981	-0.080248	0.0142168	0.143827	0.298038	0.451872	0.583164	0.671251	0.70633	0.687092	0.62318	0.506445	0.345585	0.181666	0.0478183	-0.0462945	-0.107916	-0.155125	-0.188475	-0.202996	
-0.582223	-0.582223	-0.581519	-0.5673	-0.524463	-0.450607	-0.349347	-0.23455	-0.122985	-0.0286187	0.0645651	0.155656	0.239755	0.308689	0.351737	0.360527	0.354087	0.341559	0.330298	0.315173	0.282888	0.232286	0.164312	0.0763637	-0.0331756	-0.148675	-0.243921	-0.290854	-0.286693	-0.246896	-0.185348	-0.0999858	0.0153284	0.160383	0.330455	0.501433	0.646417	0.742954	0.776759	0.755963	0.690534	0.576978	0.418281	0.253197	0.113267	0.011917	-0.0663746	-0.131691	-0.175178	-0.193981	
-0.471274	-0.471274	-0.466766	-0.449973	-0.412855	-0.345034	-0.249035	-0.140321	-0.0391054	0.0396656	0.107386	0.169864	0.220126	0.268058	0.296541	0.293146	0.278965	0.261298	0.231856	0.19968	0.160209	0.114351	0.0628803	-0.00325319	-0.0945824	-0.202045	-0.298907	-0.358475	-0.364021	-0.322857	-0.249894	-0.146053	-0.00790332	0.164097	0.353311	0.537916	0.690319	0.790264	0.823302	0.801306	0.73644	0.625366	0.474666	0.316888	0.185002	0.0856693	0.00065135	-0.0783513	-0.131768	-0.157562	
-0.336572	-0.336572	-0.324675	-0.305883	-0.271009	-0.206259	-0.12057	-0.0243841	0.0669292	0.126614	0.163459	0.188774	0.200706	0.214758	0.215932	0.187382	0.154616	0.117642	0.0697418	0.0259379	-0.00988474	-0.0425853	-0.0728728	-0.11239	-0.174356	-0.262012	-0.350863	-0.412173	-0.426851	-0.393685	-0.312303	-0.188979	-0.0290528	0.159032	0.362627	0.552792	0.70962	0.80977	0.848411	0.826165	0.759342	0.650845	0.512511	0.370669	0.252285	0.156069	0.0616884	-0.0235341	-0.0802331	-0.113529	
-0.16915	-0.16915	-0.162111	-0.149309	-0.118132	-0.0548993	0.0204257	0.105361	0.182679	0.224436	0.227631	0.219916	0.195963	0.17219	0.134296	0.0784821	0.0125218	-0.0529704	-0.121557	-0.175178	-0.211444	-0.229805	-0.237369	-0.24267	-0.270551	-0.328431	-0.393038	-0.444883	-0.46382	-0.435519	-0.35696	-0.22881	-0.0608949	0.136086	0.346468	0.5433	0.696866	0.795975	0.831072	0.812217	0.751563	0.652566	0.532365	0.412424	0.304995	0.207055	0.110722	0.0287735	-0.0266738	-0.0658478	
0.0113037	0.0113037	0.0168235	0.0252459	0.0540916	0.110165	0.175376	0.250796	0.314349	0.329069	0.304994	0.268286	0.215189	0.156873	0.0859968	-0.00855205	-0.114304	-0.217759	-0.311806	-0.382738	-0.424286	-0.435675	-0.419084	-0.393849	-0.382326	-0.392702	-0.421132	-0.459086	-0.4766	-0.453825	-0.381784	-0.263438	-0.102098	0.095542	0.305697	0.49278	0.637638	0.7272	0.765874	0.761996	0.719285	0.641222	0.543936	0.438915	0.33501	0.230157	0.133221	0.0580913	0.00780325	-0.0280026	
0.190219	0.190219	0.19866	0.209275	0.234636	0.28156	0.340814	0.410839	0.457823	0.453059	0.408706	0.342873	0.257263	0.168311	0.0650936	-0.0639435	-0.207818	-0.347445	-0.470587	-0.565722	-0.618629	-0.625869	-0.595202	-0.544324	-0.489397	-0.451303	-0.438249	-0.449778	-0.459753	-0.440627	-0.380763	-0.277745	-0.133241	0.047304	0.238932	0.409909	0.536123	0.620211	0.670728	0.686073	0.665943	0.611186	0.538528	0.450159	0.346643	0.237022	0.138558	0.0651984	0.0212124	-0.00303548	
0.356343	0.356343	0.364999	0.376489	0.40184	0.4473	0.504022	0.562452	0.598671	0.589089	0.533477	0.439777	0.326552	0.207204	0.0733139	-0.0878151	-0.265188	-0.440758	-0.59272	-0.708612	-0.768217	-0.769119	-0.725579	-0.652661	-0.567394	-0.493058	-0.446856	-0.430552	-0.42447	-0.401025	-0.347893	-0.26331	-0.145919	0.000113871	0.161076	0.306241	0.418893	0.501641	0.560397	0.589358	0.584576	0.551204	0.500817	0.43571	0.343775	0.236056	0.136777	0.0631262	0.024284	0.0146286	
0.505907	0.505907	0.508655	0.516842	0.543486	0.58807	0.641146	0.690804	0.726111	0.716991	0.6572	0.549724	0.420415	0.275558	0.107712	-0.0908262	-0.299078	-0.503709	-0.682318	-0.811768	-0.872593	-0.865652	-0.808744	-0.721361	-0.617161	-0.512647	-0.441352	-0.407819	-0.387539	-0.356423	-0.306857	-0.238026	-0.149655	-0.0361818	0.0870293	0.196861	0.291178	0.374751	0.439023	0.474042	0.477021	0.459183	0.42607	0.374661	0.296338	0.203124	0.113538	0.0464914	0.0169092	0.0226816	
0.614309	0.614309	0.60975	0.614088	0.63272	0.666189	0.718294	0.772338	0.81519	0.814538	0.757547	0.647864	0.511946	0.345721	0.146774	-0.0735776	-0.303061	-0.534824	-0.730957	-0.863017	-0.924907	-0.916799	-0.85428	-0.753538	-0.630983	-0.510079	-0.416175	-0.358684	-0.329133	-0.302047	-0.260147	-0.206855	-0.14192	-0.0650036	0.016665	0.0954795	0.165712	0.236542	0.300491	0.34093	0.352509	0.34174	0.31412	0.273809	0.206969	0.128234	0.0588951	0.0113302	-0.0016185	0.0182312	
0.674212	0.674212	0.662972	0.661234	0.669149	0.693311	0.744808	0.80357	0.85175	0.860759	0.816614	0.714728	0.571352	0.394017	0.191209	-0.0381222	-0.284637	-0.532861	-0.741429	-0.884471	-0.947953	-0.932432	-0.856907	-0.748254	-0.62269	-0.488928	-0.375414	-0.298594	-0.251479	-0.21681	-0.182114	-0.146671	-0.10981	-0.0670957	-0.0197547	0.0181843	0.0582152	0.105594	0.154023	0.189165	0.206689	0.207738	0.191066	0.153774	0.0932504	0.0279578	-0.0266489	-0.0528272	-0.0455855	-0.0178211	
0.690676	0.690676	0.672519	0.662866	0.665105	0.686133	0.733106	0.782475	0.829078	0.852202	0.827444	0.738168	0.600187	0.427348	0.226174	-0.002122	-0.250777	-0.499874	-0.716822	-0.870455	-0.942841	-0.923384	-0.840423	-0.724023	-0.593386	-0.448461	-0.314571	-0.21359	-0.145439	-0.100245	-0.0697171	-0.0551213	-0.0472742	-0.0369523	-0.0278814	-0.0219784	-0.0161354	0.00104468	0.0253325	0.0516959	0.0671922	0.0737263	0.0626892	0.0284861	-0.0307572	-0.0904803	-0.126142	-0.129101	-0.10995	-0.0800766	
0.684751	0.684751	0.656026	0.62909	0.617631	0.630666	0.669574	0.717284	0.769034	0.802184	0.788566	0.714222	0.594922	0.441312	0.253547	0.034288	-0.203486	-0.446205	-0.667787	-0.837271	-0.91943	-0.906102	-0.820835	-0.694098	-0.543621	-0.382243	-0.2317	-0.112048	-0.0286709	0.0215619	0.0478449	0.0514356	0.037483	0.0176627	-0.00594933	-0.0339234	-0.0606672	-0.0752421	-0.0712396	-0.06119	-0.0543689	-0.0520051	-0.0594952	-0.0917904	-0.146465	-0.200272	-0.229409	-0.223041	-0.196707	-0.161088	
0.665259	0.665259	0.626409	0.578212	0.541333	0.532208	0.557252	0.606811	0.666771	0.710821	0.711814	0.661003	0.567805	0.435843	0.26743	0.0683953	-0.152624	-0.386913	-0.612658	-0.794359	-0.885969	-0.878136	-0.789836	-0.647249	-0.479069	-0.302548	-0.138084	-0.0063904	0.0871438	0.14462	0.171523	0.169475	0.141736	0.0971122	0.0459595	-0.0112766	-0.0641217	-0.105139	-0.130383	-0.145931	-0.15734	-0.16013	-0.163079	-0.187336	-0.235093	-0.284254	-0.314941	-0.312958	-0.283984	-0.236729	
0.64301	0.64301	0.59125	0.512367	0.444939	0.412755	0.420075	0.461962	0.524086	0.577382	0.601901	0.58474	0.522056	0.413839	0.270949	0.0972628	-0.108343	-0.336325	-0.559741	-0.741953	-0.843022	-0.841765	-0.747185	-0.58876	-0.407038	-0.220437	-0.0464821	0.0974011	0.201737	0.271159	0.305123	0.302805	0.266026	0.210415	0.141074	0.0671336	-0.0100795	-0.0831745	-0.145769	-0.19093	-0.221471	-0.23295	-0.237755	-0.254682	-0.290516	-0.334041	-0.365778	-0.369415	-0.345592	-0.296772	
0.620447	0.620447	0.550962	0.441208	0.342582	0.282908	0.268361	0.298093	0.356192	0.419204	0.469441	0.4823	0.450508	0.379353	0.271445	0.117465	-0.07324	-0.287219	-0.500425	-0.68242	-0.78733	-0.790464	-0.693502	-0.529662	-0.336857	-0.141187	0.0430539	0.200196	0.317635	0.396748	0.439714	0.447188	0.414401	0.354125	0.279671	0.191036	0.0876044	-0.0230131	-0.119925	-0.191088	-0.233682	-0.25288	-0.262397	-0.279786	-0.311491	-0.34719	-0.377068	-0.38581	-0.36648	-0.326057	
0.598854	0.598854	0.516021	0.379435	0.246274	0.154807	0.116755	0.134819	0.19225	0.261736	0.322248	0.360442	0.368635	0.339679	0.264181	0.133365	-0.0394082	-0.235075	-0.433018	-0.607921	-0.718166	-0.726517	-0.634367	-0.474229	-0.281385	-0.0772462	0.119568	0.287551	0.415322	0.510888	0.568438	0.587007	0.564737	0.510008	0.432029	0.331289	0.206573	0.0665106	-0.0617865	-0.14941	-0.19603	-0.221447	-0.240886	-0.260167	-0.289766	-0.323654	-0.350379	-0.360223	-0.349294	-0.322771	
0.577245	0.577245	0.48819	0.33462	0.174062	0.0540169	-0.00766975	-0.00303833	0.0461488	0.110492	0.176115	0.240117	0.283379	0.295696	0.255481	0.15253	0.00432295	-0.1731	-0.364745	-0.528894	-0.630464	-0.641512	-0.563421	-0.417461	-0.230035	-0.026384	0.170983	0.347601	0.494154	0.610594	0.687302	0.723643	0.711321	0.660867	0.581379	0.47342	0.333687	0.177958	0.0338694	-0.0700833	-0.133069	-0.168778	-0.189742	-0.205191	-0.229898	-0.259291	-0.283894	-0.299328	-0.299789	-0.287611	
0.554657	0.554657	0.462162	0.304092	0.130931	-0.00933275	-0.0906444	-0.108826	-0.0809046	-0.0261426	0.0477607	0.132826	0.206081	0.251393	0.24466	0.172786	0.0505563	-0.110998	-0.283491	-0.426663	-0.520896	-0.540276	-0.474426	-0.342182	-0.168279	0.0196296	0.210654	0.39516	0.558824	0.694248	0.792577	0.847504	0.848316	0.799995	0.718766	0.605153	0.462329	0.300148	0.147041	0.0266251	-0.0527993	-0.104269	-0.130993	-0.140637	-0.152221	-0.16794	-0.185755	-0.205483	-0.222183	-0.228966	
0.531209	0.531209	0.440889	0.285879	0.105398	-0.048707	-0.15101	-0.189893	-0.179187	-0.127549	-0.0523862	0.0481241	0.139836	0.211523	0.231852	0.188161	0.0857029	-0.0488955	-0.193943	-0.315129	-0.400001	-0.419905	-0.364461	-0.249874	-0.101388	0.0626762	0.240915	0.420957	0.591876	0.744454	0.858037	0.926567	0.941018	0.905449	0.828235	0.716224	0.574746	0.417304	0.257921	0.1226	0.0263354	-0.0383487	-0.0727603	-0.0834767	-0.083793	-0.0831159	-0.0898188	-0.111076	-0.136953	-0.15267	
0.516584	0.516584	0.431223	0.278753	0.0923917	-0.0769618	-0.193956	-0.24332	-0.238492	-0.192572	-0.116852	-0.0134745	0.0911668	0.182419	0.2231	0.193566	0.112596	0.00318595	-0.114157	-0.206855	-0.266571	-0.277375	-0.229092	-0.138075	-0.0234341	0.106895	0.256581	0.425084	0.600156	0.758424	0.880284	0.957393	0.983164	0.962891	0.904725	0.806942	0.67757	0.521959	0.359517	0.212707	0.0990024	0.0207193	-0.02376	-0.0391808	-0.0319933	-0.0183076	-0.0152772	-0.0261261	-0.0419474	-0.0489097	
0.506224	0.506224	0.42519	0.278347	0.0923992	-0.083525	-0.208498	-0.267962	-0.274215	-0.233322	-0.157113	-0.0478823	0.066971	0.160942	0.201182	0.181936	0.117127	0.0346297	-0.0451912	-0.101726	-0.13203	-0.129316	-0.0904918	-0.0261785	0.0497817	0.137796	0.257535	0.411478	0.583075	0.744018	0.865831	0.944487	0.97924	0.975576	0.936125	0.863803	0.753692	0.60721	0.440507	0.285847	0.165308	0.0739476	0.0129612	-0.0150061	-0.00715635	0.0177543	0.039892	0.0568198	0.0650154	0.0710963	
0.459843	0.459843	0.388956	0.256015	0.0843907	-0.084224	-0.213563	-0.284797	-0.305102	-0.272138	-0.194923	-0.0828642	0.0319021	0.12129	0.161274	0.149248	0.100164	0.0450071	0.00100862	-0.0183039	-0.014515	-0.000919135	0.024761	0.0622369	0.104584	0.15865	0.245737	0.373902	0.531535	0.683931	0.801045	0.878746	0.921651	0.93341	0.913346	0.858772	0.767833	0.638432	0.486712	0.337838	0.208979	0.107896	0.0348141	-0.00400168	-0.000150537	0.0319455	0.0737007	0.116946	0.150195	0.17131	
0.351674	0.351674	0.298548	0.190943	0.0468773	-0.106149	-0.232946	-0.313047	-0.343749	-0.321962	-0.249777	-0.148661	-0.0408349	0.0401883	0.0826268	0.0823801	0.055967	0.0297475	0.0230821	0.0343404	0.0545566	0.0722901	0.096986	0.129983	0.154565	0.178773	0.226032	0.320655	0.448912	0.577696	0.682235	0.760004	0.811313	0.838525	0.838134	0.805575	0.735273	0.624059	0.489432	0.352692	0.225492	0.119644	0.0396111	-0.00677351	-0.00631606	0.0304676	0.0850416	0.147105	0.195668	0.230386	
0.183282	0.183282	0.148617	0.0714455	-0.0397911	-0.168227	-0.280238	-0.358406	-0.396175	-0.386328	-0.332255	-0.252648	-0.160499	-0.0890138	-0.0460129	-0.0273917	-0.0263223	-0.0172895	0.00922046	0.0410995	0.075122	0.106382	0.138489	0.168664	0.180364	0.178308	0.193626	0.2492	0.338757	0.43944	0.530344	0.606895	0.668972	0.710699	0.725112	0.716675	0.674081	0.592044	0.475821	0.346347	0.222366	0.119076	0.0372744	-0.0133246	-0.0203076	0.0152951	0.0759185	0.142023	0.197836	0.248801	
-0.0204537	-0.0204537	-0.0453936	-0.101041	-0.17908	-0.26968	-0.351781	-0.416577	-0.459251	-0.469691	-0.440514	-0.386115	-0.315018	-0.258299	-0.214937	-0.182072	-0.149529	-0.103096	-0.0395087	0.0214227	0.0756933	0.116349	0.147328	0.167997	0.16796	0.15302	0.140368	0.161688	0.220526	0.296991	0.373819	0.444304	0.509455	0.56249	0.597786	0.611199	0.598964	0.544599	0.45144	0.3352	0.214831	0.112722	0.0300166	-0.0237265	-0.0296374	0.0117248	0.0759073	0.13709	0.188491	0.24019	
-0.262773	-0.262773	-0.276568	-0.306108	-0.347539	-0.398738	-0.45008	-0.504052	-0.551193	-0.575058	-0.566992	-0.536028	-0.48636	-0.444964	-0.407134	-0.359975	-0.30112	-0.221201	-0.119031	-0.0201525	0.0565089	0.105726	0.130405	0.136475	0.120428	0.0882555	0.0623714	0.0693315	0.103075	0.150991	0.21082	0.281079	0.351678	0.408143	0.450917	0.490198	0.506808	0.481135	0.409955	0.312624	0.2072	0.107219	0.0226231	-0.0277608	-0.0298077	0.0139909	0.0781523	0.131315	0.169763	0.208357	
-0.528225	-0.528225	-0.527979	-0.527008	-0.533095	-0.551731	-0.578223	-0.620041	-0.664369	-0.692592	-0.698874	-0.688936	-0.662424	-0.634718	-0.597428	-0.536273	-0.451929	-0.340017	-0.20447	-0.0767188	0.0214983	0.0851143	0.110735	0.102059	0.0735688	0.0349306	0.00142061	-0.0111378	-0.00173415	0.024177	0.0713557	0.135364	0.209871	0.277362	0.333508	0.382285	0.413796	0.410074	0.366306	0.291481	0.199805	0.107366	0.0299302	-0.0132375	-0.013864	0.0231329	0.0760954	0.117258	0.144046	0.166673	
-0.772097	-0.772097	-0.760851	-0.734268	-0.711023	-0.698775	-0.701869	-0.727711	-0.766196	-0.793765	-0.812004	-0.818684	-0.81475	-0.802019	-0.767938	-0.691031	-0.576298	-0.43046	-0.266799	-0.117502	-0.00547378	0.0684854	0.101646	0.0950539	0.0603328	0.00963557	-0.0383536	-0.0648582	-0.0714047	-0.060518	-0.0208822	0.0448457	0.123838	0.19786	0.265541	0.324055	0.360401	0.3644	0.339311	0.289138	0.217903	0.137893	0.0730369	0.0338555	0.0232982	0.0391319	0.0736673	0.102146	0.119184	0.124728	
-0.957987	-0.957987	-0.939741	-0.897714	-0.848161	-0.80301	-0.776389	-0.785316	-0.817901	-0.852546	-0.886877	-0.912285	-0.924178	-0.918416	-0.880432	-0.786638	-0.646592	-0.474238	-0.288984	-0.121862	0.00448119	0.0899009	0.127402	0.112702	0.0659417	0.00319812	-0.0527662	-0.0891784	-0.102391	-0.091401	-0.0471855	0.0224056	0.10469	0.182673	0.250588	0.310049	0.350266	0.366629	0.35815	0.324732	0.273565	0.211105	0.155428	0.113424	0.085109	0.0734628	0.0821126	0.0937147	0.0961062	0.0874486	
-1.07598	-1.07598	-1.05211	-0.990801	-0.914468	-0.841966	-0.791966	-0.785678	-0.819843	-0.863122	-0.910816	-0.949718	-0.971056	-0.963928	-0.915872	-0.805238	-0.644489	-0.449713	-0.245611	-0.0644323	0.0722286	0.160352	0.189119	0.159778	0.0987893	0.028647	-0.029832	-0.0646654	-0.0727946	-0.0542848	-0.00304838	0.0682098	0.14791	0.222153	0.289464	0.348135	0.391616	0.414285	0.416831	0.399758	0.364534	0.317096	0.265928	0.210277	0.160527	0.126677	0.11424	0.107645	0.0949095	0.0696744	
-1.12137	-1.12137	-1.08014	-0.999517	-0.901221	-0.810179	-0.754553	-0.746594	-0.777481	-0.820836	-0.871981	-0.914879	-0.939535	-0.930781	-0.871394	-0.743411	-0.56261	-0.349541	-0.133709	0.0558289	0.198606	0.279339	0.29373	0.246658	0.168984	0.0921005	0.0422204	0.0197969	0.0213885	0.046676	0.103861	0.180965	0.260064	0.328195	0.389788	0.446316	0.486864	0.506608	0.512961	0.506544	0.486813	0.446499	0.391084	0.3225	0.254784	0.19667	0.161012	0.137046	0.109743	0.0675694	
-1.07153	-1.07153	-1.02027	-0.925927	-0.813691	-0.719129	-0.664551	-0.656161	-0.684587	-0.723834	-0.766566	-0.807656	-0.831267	-0.820089	-0.750909	-0.608012	-0.408652	-0.177929	0.0466278	0.234467	0.37019	0.441295	0.43931	0.373999	0.282729	0.206136	0.163773	0.151745	0.164117	0.202535	0.270449	0.350574	0.429916	0.500188	0.56059	0.608972	0.638231	0.650501	0.654014	0.649491	0.62914	0.58904	0.528404	0.451257	0.371398	0.29332	0.229814	0.181749	0.133737	0.0714019	
-0.935342	-0.935342	-0.879994	-0.783685	-0.668081	-0.5727	-0.520124	-0.511987	-0.538991	-0.575892	-0.612297	-0.646231	-0.661017	-0.641395	-0.561895	-0.408287	-0.196016	0.047467	0.276748	0.460461	0.585453	0.634292	0.609807	0.532913	0.435995	0.354823	0.311271	0.304501	0.33265	0.392164	0.476897	0.564424	0.6456	0.716058	0.776684	0.818314	0.834959	0.835971	0.835096	0.826033	0.793716	0.741267	0.673517	0.59128	0.500529	0.40258	0.312995	0.235991	0.161123	0.0763745	
-0.738092	-0.738092	-0.681107	-0.591868	-0.481978	-0.388847	-0.340358	-0.331472	-0.353102	-0.389838	-0.425195	-0.453043	-0.457283	-0.423364	-0.325763	-0.159874	0.0606794	0.309447	0.539865	0.717267	0.827023	0.850445	0.800911	0.705507	0.598884	0.517183	0.475866	0.473984	0.514061	0.593946	0.699827	0.806326	0.898601	0.969324	1.0174	1.04207	1.04985	1.04857	1.04103	1.0152	0.966304	0.899758	0.819165	0.725199	0.622424	0.506968	0.394823	0.294149	0.198797	0.0994269	
-0.513098	-0.513098	-0.458661	-0.371289	-0.268847	-0.190497	-0.149528	-0.141916	-0.161259	-0.193785	-0.221957	-0.246156	-0.241409	-0.191323	-0.0747419	0.108219	0.340847	0.592271	0.81623	0.981262	1.07015	1.07004	0.992606	0.876914	0.76013	0.677676	0.640566	0.648411	0.700222	0.79643	0.925576	1.05631	1.16504	1.23523	1.26799	1.27502	1.27027	1.26065	1.23921	1.19732	1.12927	1.05008	0.956184	0.846621	0.724532	0.594695	0.467632	0.351439	0.245059	0.145165	
-0.293091	-0.293091	-0.234472	-0.149939	-0.0574974	0.0105076	0.0371583	0.0348115	0.0178876	-0.0111214	-0.0359767	-0.0497247	-0.0325114	0.0366608	0.178099	0.380545	0.622805	0.868158	1.07524	1.22071	1.29162	1.26991	1.17296	1.04105	0.916804	0.83365	0.800927	0.813378	0.87544	0.986939	1.1323	1.28283	1.40883	1.48864	1.51894	1.51152	1.4891	1.4606	1.41983	1.35554	1.27088	1.17499	1.06876	0.950577	0.819708	0.677155	0.533645	0.40282	0.291359	0.194431	
-0.0852492	-0.0852492	-0.0307093	0.0521695	0.134925	0.190975	0.207814	0.199197	0.176272	0.145175	0.121602	0.118978	0.15362	0.250361	0.41638	0.634161	0.878265	1.11	1.29766	1.42213	1.46829	1.43084	1.32533	1.19009	1.06499	0.980889	0.944598	0.958693	1.02374	1.14009	1.2927	1.45924	1.60784	1.71089	1.75365	1.74315	1.70337	1.64907	1.57773	1.48701	1.3821	1.27022	1.1538	1.03349	0.901169	0.752545	0.595383	0.450735	0.333992	0.23685	
0.0961088	0.0961088	0.144745	0.219573	0.289723	0.334526	0.347916	0.333773	0.310067	0.27549	0.251458	0.255375	0.306841	0.426344	0.611634	0.837975	1.0827	1.3046	1.47708	1.58572	1.61236	1.55666	1.43913	1.30477	1.18949	1.10772	1.06438	1.07032	1.13884	1.26435	1.42138	1.59111	1.75405	1.88611	1.95432	1.94806	1.88946	1.80806	1.71059	1.59732	1.47074	1.34053	1.21336	1.08994	0.954403	0.807838	0.65114	0.505514	0.381663	0.280212	
0.227645	0.227645	0.269951	0.336419	0.39184	0.428939	0.436831	0.425765	0.406204	0.375711	0.347355	0.353702	0.406124	0.537199	0.737487	0.977593	1.22785	1.44409	1.60734	1.70407	1.71606	1.64768	1.52189	1.37781	1.2554	1.17314	1.13639	1.15357	1.22873	1.35553	1.51224	1.69082	1.86412	2.00291	2.07452	2.07137	2.01615	1.92766	1.80983	1.67103	1.53038	1.3882	1.24986	1.11515	0.975371	0.832845	0.687265	0.549597	0.428364	0.317798	
0.289624	0.289624	0.328773	0.392136	0.441139	0.47008	0.476825	0.466115	0.452152	0.426293	0.400286	0.40261	0.452049	0.584944	0.793088	1.04436	1.30467	1.5219	1.67904	1.76979	1.77603	1.70262	1.56556	1.40818	1.27756	1.19527	1.16636	1.19508	1.28148	1.41549	1.57445	1.75017	1.91785	2.05159	2.12052	2.12078	2.07129	1.98571	1.86127	1.71147	1.55953	1.41083	1.26551	1.12223	0.974974	0.838177	0.705008	0.578252	0.456544	0.342572	
0.289624	0.289624	0.328773	0.392136	0.441139	0.47008	0.476825	0.466115	0.452152	0.426293	0.400286	0.40261	0.452049	0.584944	0.793088	1.04436	1.30467	1.5219	1.67904	1.76979	1.77603	1.70262	1.56556	1.40818	1.27756	1.19527	1.16636	1.19508	1.28148	1.41549	1.57445	1.75017	1.91785	2.05159	2.12052	2.12078	2.07129	1.98571	1.86127	1.71147	1.55953	1.41083	1.26551	1.12223	0.974974	0.838177	0.705008	0.578252	0.456544	0.342572	
