0.280406	0.184888	0.112115	0.0649076	0.0351574	0.0318667	0.0545719	0.117076	0.227765	0.370152	0.499771	0.572715	0.5586	0.442417	0.232088	-0.0453107	-0.333472	-0.579954	-0.744319	-0.815694	-0.805809	-0.707112	-0.5173	-0.255572	0.0325095	0.286868	0.462961	0.537994	0.514612	0.406347	0.244787	0.0842707	-0.0464669	-0.144476	-0.208226	-0.245608	-0.258518	-0.238329	-0.180696	-0.0831769	0.0421838	0.169949	0.290107	0.402182	0.500698	0.584987	0.651641	0.688364	0.697784	0.697784	
0.184888	0.104454	0.051628	0.017492	-0.000483447	0.00371397	0.0296626	0.09688	0.210953	0.351601	0.478083	0.550595	0.535706	0.426045	0.224215	-0.0471251	-0.323765	-0.556816	-0.711067	-0.777923	-0.766242	-0.665342	-0.477075	-0.22238	0.0577603	0.303659	0.464173	0.518672	0.476356	0.349369	0.168871	-0.0102963	-0.157088	-0.261656	-0.323802	-0.357804	-0.366371	-0.341674	-0.279778	-0.172634	-0.0229385	0.148942	0.325843	0.495806	0.649362	0.781152	0.878952	0.930735	0.946381	0.946381	
0.112115	0.051628	0.0135408	-0.0101701	-0.0220458	-0.0180893	0.00697277	0.0735589	0.184039	0.320283	0.442598	0.512102	0.504583	0.407406	0.215042	-0.0405438	-0.302843	-0.526144	-0.667618	-0.724163	-0.705466	-0.605373	-0.427947	-0.184973	0.0805423	0.3034	0.437671	0.468662	0.404499	0.259247	0.0696784	-0.113661	-0.262321	-0.360495	-0.410722	-0.433815	-0.432395	-0.398673	-0.329091	-0.212391	-0.0448896	0.156812	0.369064	0.572835	0.761634	0.930388	1.05918	1.13306	1.16184	1.16184	
0.0649076	0.017492	-0.0101701	-0.0307179	-0.043264	-0.0421737	-0.0195907	0.0453649	0.154541	0.287077	0.40313	0.473891	0.472494	0.384849	0.208996	-0.0282445	-0.272701	-0.474926	-0.59916	-0.649115	-0.632103	-0.541076	-0.377762	-0.156905	0.0781884	0.271315	0.377193	0.38162	0.300477	0.151963	-0.031299	-0.207694	-0.348507	-0.432624	-0.466284	-0.473049	-0.45358	-0.401939	-0.317899	-0.191449	-0.0159789	0.195803	0.417323	0.628634	0.831869	1.02507	1.18127	1.28025	1.32612	1.32612	
0.0351574	-0.000483447	-0.0220458	-0.043264	-0.0565435	-0.059729	-0.039981	0.0237781	0.12922	0.253197	0.364364	0.434258	0.440468	0.37184	0.215915	0.00299166	-0.217367	-0.403344	-0.519804	-0.571349	-0.559695	-0.481333	-0.34483	-0.158226	0.0435492	0.204114	0.282038	0.272484	0.189132	0.0465395	-0.121973	-0.282172	-0.408331	-0.474648	-0.48715	-0.469313	-0.422571	-0.346401	-0.245979	-0.115029	0.0551523	0.258035	0.468146	0.66799	0.868495	1.07012	1.24066	1.3564	1.41545	1.41545	
0.0318667	0.00371397	-0.0180893	-0.0421737	-0.059729	-0.0689297	-0.050369	0.0126205	0.11413	0.234025	0.340648	0.411572	0.430107	0.375339	0.237863	0.0480655	-0.156264	-0.329825	-0.442322	-0.500095	-0.501456	-0.448947	-0.343186	-0.186951	-0.0184876	0.114652	0.178064	0.162245	0.0795555	-0.0481565	-0.191738	-0.330508	-0.436826	-0.478311	-0.462917	-0.414754	-0.337957	-0.23897	-0.127933	-0.00144901	0.152498	0.334977	0.523037	0.700974	0.884213	1.07363	1.23618	1.35032	1.41195	1.41195	
0.0545719	0.0296626	0.00697277	-0.0195907	-0.039981	-0.050369	-0.0292409	0.0337265	0.133243	0.244153	0.341228	0.409832	0.43037	0.384037	0.262567	0.089932	-0.100059	-0.265464	-0.38298	-0.455037	-0.47426	-0.440463	-0.355314	-0.227551	-0.0877049	0.0244891	0.0739273	0.0558449	-0.0152228	-0.120367	-0.23568	-0.345114	-0.420383	-0.43146	-0.388185	-0.311886	-0.21096	-0.0985109	0.0141745	0.129936	0.263514	0.421758	0.583586	0.733088	0.885022	1.03977	1.1698	1.26204	1.31428	1.31428	
0.117076	0.09688	0.0735589	0.0453649	0.0237781	0.0126205	0.0337265	0.094622	0.183944	0.277793	0.359956	0.415731	0.431528	0.387233	0.273714	0.113713	-0.0660055	-0.226003	-0.348293	-0.428516	-0.453656	-0.4324	-0.36854	-0.265971	-0.151923	-0.0609256	-0.0185472	-0.0300812	-0.0869307	-0.164336	-0.239882	-0.309837	-0.350702	-0.334465	-0.269958	-0.175002	-0.0617435	0.0540184	0.163035	0.267168	0.380717	0.512915	0.644433	0.758828	0.866773	0.968778	1.04873	1.10557	1.1404	1.1404	
0.227765	0.210953	0.184039	0.154541	0.12922	0.11413	0.133243	0.183944	0.254239	0.324078	0.379567	0.414273	0.417777	0.367399	0.260986	0.116072	-0.0468562	-0.194558	-0.314895	-0.395622	-0.427868	-0.420515	-0.37032	-0.28826	-0.199225	-0.124828	-0.0863007	-0.0895314	-0.122016	-0.159475	-0.192894	-0.225481	-0.234222	-0.198475	-0.125327	-0.0238813	0.092415	0.206063	0.309709	0.402742	0.4955	0.596737	0.691089	0.763928	0.820365	0.861888	0.887009	0.905996	0.92156	0.92156	
0.370152	0.351601	0.320283	0.287077	0.253197	0.234025	0.244153	0.277793	0.324078	0.361328	0.386499	0.399257	0.387585	0.334177	0.241775	0.117658	-0.0231103	-0.154231	-0.269106	-0.350705	-0.386922	-0.382603	-0.341996	-0.281712	-0.215337	-0.155195	-0.115343	-0.100022	-0.103246	-0.106015	-0.103468	-0.101628	-0.0858938	-0.0435021	0.0281546	0.129521	0.243409	0.351171	0.447081	0.526423	0.593226	0.65528	0.705427	0.734138	0.740156	0.7259	0.704168	0.692505	0.692111	0.692111	
0.499771	0.478083	0.442598	0.40313	0.364364	0.340648	0.341228	0.359956	0.379567	0.386499	0.386265	0.378303	0.354673	0.305007	0.229604	0.129257	0.0183174	-0.0921049	-0.198672	-0.272603	-0.304706	-0.303124	-0.27284	-0.22898	-0.179262	-0.128881	-0.086455	-0.0589346	-0.0405589	-0.0136567	0.0172752	0.0428853	0.0736496	0.117199	0.183736	0.279582	0.385077	0.481721	0.563574	0.621807	0.655048	0.67133	0.675056	0.663747	0.629194	0.573759	0.52118	0.490913	0.480204	0.480204	
0.572715	0.550595	0.512102	0.473891	0.434258	0.411572	0.409832	0.415731	0.414273	0.399257	0.378303	0.355395	0.327445	0.285391	0.231645	0.166297	0.0917382	0.00621312	-0.0794915	-0.138511	-0.167305	-0.163835	-0.135599	-0.104364	-0.0741117	-0.0421998	-0.00846947	0.0240503	0.0586925	0.102852	0.148739	0.193059	0.237087	0.2785	0.335455	0.419232	0.508084	0.58419	0.641829	0.670787	0.666205	0.636955	0.599632	0.558616	0.498827	0.421382	0.355782	0.318673	0.302952	0.302952	
0.5586	0.535706	0.504583	0.472494	0.440468	0.430107	0.43037	0.431528	0.417777	0.387585	0.354673	0.327445	0.301481	0.277131	0.260468	0.239355	0.209948	0.164313	0.108458	0.0667664	0.0498299	0.0618964	0.0831729	0.0913904	0.0917168	0.0967015	0.113557	0.139513	0.176703	0.228318	0.28626	0.346212	0.396926	0.432022	0.475205	0.536636	0.596109	0.641033	0.6666	0.66282	0.623158	0.557194	0.490913	0.43332	0.364244	0.283096	0.219247	0.18351	0.166296	0.166296	
0.442417	0.426045	0.407406	0.384849	0.37184	0.375339	0.384037	0.387233	0.367399	0.334177	0.305007	0.285391	0.277131	0.291319	0.321806	0.357509	0.389402	0.390581	0.372192	0.35869	0.356309	0.367168	0.368855	0.347356	0.313161	0.280914	0.265547	0.274685	0.310788	0.364762	0.426431	0.493039	0.543792	0.567684	0.587578	0.61319	0.633208	0.641565	0.633091	0.599788	0.53518	0.447914	0.367581	0.30507	0.239273	0.168302	0.115567	0.0850217	0.0679402	0.0679402	
0.232088	0.224215	0.215042	0.208996	0.215915	0.237863	0.262567	0.273714	0.260986	0.241775	0.229604	0.231645	0.260468	0.321806	0.411371	0.521601	0.618533	0.675826	0.707947	0.72091	0.725569	0.728619	0.707853	0.654096	0.575661	0.496118	0.445764	0.435776	0.460395	0.504405	0.562047	0.625628	0.663806	0.66649	0.654642	0.637221	0.614454	0.586976	0.549372	0.496063	0.420767	0.329202	0.248155	0.188279	0.133151	0.0804341	0.0426817	0.0177209	0.00123263	0.00123263	
-0.0453107	-0.0471251	-0.0405438	-0.0282445	0.00299166	0.0480655	0.089932	0.113713	0.116072	0.117658	0.129257	0.166297	0.239355	0.357509	0.521601	0.705908	0.870415	0.993458	1.07213	1.11017	1.1282	1.12573	1.0808	0.989074	0.86549	0.743855	0.65521	0.613626	0.615834	0.642427	0.683693	0.725602	0.738576	0.716608	0.670705	0.609158	0.547376	0.491776	0.435059	0.373026	0.300279	0.218598	0.146074	0.0918801	0.0498261	0.0178857	-0.00523946	-0.0259005	-0.0415822	-0.0415822	
-0.333472	-0.323765	-0.302843	-0.272701	-0.217367	-0.156264	-0.100059	-0.0660055	-0.0468562	-0.0231103	0.0183174	0.0917382	0.209948	0.389402	0.618533	0.870415	1.10479	1.29041	1.42051	1.49801	1.5355	1.52538	1.45494	1.33206	1.17342	1.00832	0.874238	0.79679	0.76704	0.760877	0.77135	0.781523	0.765699	0.718659	0.640611	0.54306	0.453543	0.379842	0.313342	0.251612	0.190666	0.127538	0.0678071	0.0192142	-0.0108505	-0.0239928	-0.0354381	-0.0531279	-0.0673983	-0.0673983	
-0.579954	-0.556816	-0.526144	-0.474926	-0.403344	-0.329825	-0.265464	-0.226003	-0.194558	-0.154231	-0.0921049	0.00621312	0.164313	0.390581	0.675826	0.993458	1.29041	1.54116	1.72972	1.8473	1.90241	1.8867	1.80209	1.65823	1.46367	1.2555	1.08059	0.960321	0.885512	0.843074	0.821509	0.795295	0.750388	0.684012	0.584774	0.465525	0.359398	0.274853	0.20514	0.148864	0.103047	0.060417	0.0137468	-0.0301839	-0.051196	-0.0508653	-0.0547275	-0.0697998	-0.0815027	-0.0815027	
-0.744319	-0.711067	-0.667618	-0.59916	-0.519804	-0.442322	-0.38298	-0.348293	-0.314895	-0.269106	-0.198672	-0.0794915	0.108458	0.372192	0.707947	1.07213	1.42051	1.72972	1.96569	2.1216	2.19687	2.18177	2.08587	1.91436	1.68691	1.44813	1.23504	1.07035	0.957678	0.885271	0.830619	0.773101	0.712309	0.637932	0.529109	0.401718	0.288204	0.197302	0.126702	0.0757234	0.0424988	0.0167216	-0.0189486	-0.0585301	-0.0742021	-0.0678182	-0.0682556	-0.0799073	-0.0876556	-0.0876556	
-0.815694	-0.777923	-0.724163	-0.649115	-0.571349	-0.500095	-0.455037	-0.428516	-0.395622	-0.350705	-0.272603	-0.138511	0.0667664	0.35869	0.72091	1.11017	1.49801	1.8473	2.1216	2.31068	2.39562	2.37009	2.25032	2.0529	1.80738	1.54673	1.30447	1.11026	0.97081	0.876531	0.804179	0.736505	0.67369	0.598917	0.493392	0.372161	0.257732	0.160781	0.0872964	0.0378465	0.0108502	-0.00573609	-0.0337599	-0.0683712	-0.0825629	-0.0782373	-0.0788418	-0.0857173	-0.0884972	-0.0884972	
-0.805809	-0.766242	-0.705466	-0.632103	-0.559695	-0.501456	-0.47426	-0.453656	-0.427868	-0.386922	-0.304706	-0.167305	0.0498299	0.356309	0.725569	1.1282	1.5355	1.90241	2.19687	2.39562	2.46861	2.42036	2.27782	2.06232	1.80099	1.52646	1.27266	1.06488	0.917049	0.823628	0.754011	0.692885	0.64089	0.578493	0.491111	0.386192	0.273919	0.170549	0.0914336	0.0381976	0.00865019	-0.00858304	-0.0327381	-0.061602	-0.0781906	-0.0832284	-0.0867719	-0.088062	-0.0858805	-0.0858805	
-0.707112	-0.665342	-0.605373	-0.541076	-0.481333	-0.448947	-0.440463	-0.4324	-0.420515	-0.382603	-0.303124	-0.163835	0.0618964	0.367168	0.728619	1.12573	1.52538	1.8867	2.18177	2.37009	2.42036	2.35044	2.1824	1.93967	1.66546	1.39326	1.14432	0.942931	0.807339	0.726077	0.672877	0.639815	0.615152	0.576272	0.517762	0.437143	0.332629	0.225889	0.139469	0.0769332	0.0360131	0.00892735	-0.0152759	-0.0392396	-0.0620765	-0.0813936	-0.0898948	-0.0865634	-0.0809023	-0.0809023	
-0.5173	-0.477075	-0.427947	-0.377762	-0.34483	-0.343186	-0.355314	-0.36854	-0.37032	-0.341996	-0.27284	-0.135599	0.0831729	0.368855	0.707853	1.0808	1.45494	1.80209	2.08587	2.25032	2.27782	2.1824	1.97835	1.71545	1.44512	1.1836	0.947907	0.763445	0.643561	0.58163	0.563424	0.571582	0.579115	0.573663	0.555966	0.508109	0.420512	0.318012	0.225896	0.151157	0.0931035	0.0499339	0.0213037	-0.00159309	-0.033967	-0.0689455	-0.0840827	-0.0796831	-0.0735111	-0.0735111	
-0.255572	-0.22238	-0.184973	-0.156905	-0.158226	-0.186951	-0.227551	-0.265971	-0.28826	-0.281712	-0.22898	-0.104364	0.0913904	0.347356	0.654096	0.989074	1.33206	1.65823	1.91436	2.0529	2.06232	1.93967	1.71545	1.45435	1.18876	0.93358	0.714364	0.549324	0.447701	0.40929	0.423608	0.467038	0.511904	0.551934	0.580979	0.571996	0.514935	0.429833	0.338836	0.253973	0.178404	0.117593	0.080061	0.0517319	0.00793884	-0.0404567	-0.064015	-0.0645143	-0.0617718	-0.0617718	
0.0325095	0.0577603	0.0805423	0.0781884	0.0435492	-0.0184876	-0.0877049	-0.151923	-0.199225	-0.215337	-0.179262	-0.0741117	0.0917168	0.313161	0.575661	0.86549	1.17342	1.46367	1.68691	1.80738	1.80099	1.66546	1.44512	1.18876	0.923146	0.681229	0.485514	0.339261	0.247164	0.217373	0.251162	0.324356	0.406457	0.490397	0.56429	0.600974	0.589434	0.537126	0.459316	0.37254	0.285944	0.211855	0.162208	0.121437	0.0666613	0.00977921	-0.0240954	-0.0364396	-0.0410939	-0.0410939	
0.286868	0.303659	0.3034	0.271315	0.204114	0.114652	0.0244891	-0.0609256	-0.124828	-0.155195	-0.128881	-0.0421998	0.0967015	0.280914	0.496118	0.743855	1.00832	1.2555	1.44813	1.54673	1.52646	1.39326	1.1836	0.93358	0.681229	0.464401	0.288675	0.14788	0.0536286	0.0267617	0.0691783	0.153009	0.257936	0.378221	0.491691	0.57477	0.617787	0.612549	0.562925	0.48769	0.403628	0.326295	0.264349	0.207417	0.145317	0.08597	0.040526	0.0109787	-0.00383702	-0.00383702	
0.462961	0.464173	0.437671	0.377193	0.282038	0.178064	0.0739273	-0.0185472	-0.0863007	-0.115343	-0.086455	-0.00846947	0.113557	0.265547	0.445764	0.65521	0.874238	1.08059	1.23504	1.30447	1.27266	1.14432	0.947907	0.714364	0.485514	0.288675	0.119016	-0.01937	-0.108525	-0.138123	-0.111975	-0.0375399	0.0819004	0.224991	0.361616	0.484634	0.584148	0.63286	0.623951	0.577211	0.513713	0.445912	0.376595	0.307408	0.245062	0.188788	0.132872	0.0854563	0.0601695	0.0601695	
0.537994	0.518672	0.468662	0.38162	0.272484	0.162245	0.0558449	-0.0300812	-0.0895314	-0.100022	-0.0589346	0.0240503	0.139513	0.274685	0.435776	0.613626	0.79679	0.960321	1.07035	1.11026	1.06488	0.942931	0.763445	0.549324	0.339261	0.14788	-0.01937	-0.146564	-0.234151	-0.284431	-0.284294	-0.219917	-0.100361	0.0405098	0.186508	0.342338	0.486707	0.583693	0.624299	0.622429	0.594819	0.548462	0.48377	0.415584	0.362266	0.313805	0.253205	0.19435	0.16164	0.16164	
0.514612	0.476356	0.404499	0.300477	0.189132	0.0795555	-0.0152228	-0.0869307	-0.122016	-0.103246	-0.0405589	0.0586925	0.176703	0.310788	0.460395	0.615834	0.76704	0.885512	0.957678	0.97081	0.917049	0.807339	0.643561	0.447701	0.247164	0.0536286	-0.108525	-0.234151	-0.337952	-0.409922	-0.428279	-0.382922	-0.28547	-0.158392	-0.00621562	0.166444	0.33276	0.468113	0.561664	0.611752	0.626909	0.611903	0.569449	0.521279	0.486715	0.451562	0.398197	0.341664	0.308264	0.308264	
0.406347	0.349369	0.259247	0.151963	0.0465395	-0.0481565	-0.120367	-0.164336	-0.159475	-0.106015	-0.0136567	0.102852	0.228318	0.364762	0.504405	0.642427	0.760877	0.843074	0.885271	0.876531	0.823628	0.726077	0.58163	0.40929	0.217373	0.0267617	-0.138123	-0.284431	-0.409922	-0.498908	-0.542842	-0.53069	-0.463211	-0.351127	-0.201163	-0.0305231	0.141681	0.305934	0.445008	0.542706	0.600508	0.623632	0.620292	0.610076	0.603336	0.589529	0.560091	0.524334	0.500156	0.500156	
0.244787	0.168871	0.0696784	-0.031299	-0.121973	-0.191738	-0.23568	-0.239882	-0.192894	-0.103468	0.0172752	0.148739	0.28626	0.426431	0.562047	0.683693	0.77135	0.821509	0.830619	0.804179	0.754011	0.672877	0.563424	0.423608	0.251162	0.0691783	-0.111975	-0.284294	-0.428279	-0.542842	-0.622639	-0.65035	-0.620816	-0.531888	-0.394222	-0.235388	-0.0647822	0.117001	0.288012	0.424509	0.520919	0.584515	0.630505	0.668923	0.69723	0.71512	0.726574	0.729437	0.725567	0.725567	
0.0842707	-0.0102963	-0.113661	-0.207694	-0.282172	-0.330508	-0.345114	-0.309837	-0.225481	-0.101628	0.0428853	0.193059	0.346212	0.493039	0.625628	0.725602	0.781523	0.795295	0.773101	0.736505	0.692885	0.639815	0.571582	0.467038	0.324356	0.153009	-0.0375399	-0.219917	-0.382922	-0.53069	-0.65035	-0.727801	-0.745469	-0.687998	-0.576922	-0.439902	-0.274832	-0.0846042	0.105682	0.271758	0.402705	0.507744	0.604754	0.691879	0.759465	0.819115	0.882256	0.934108	0.958957	0.958957	
-0.0464669	-0.157088	-0.262321	-0.348507	-0.408331	-0.436826	-0.420383	-0.350702	-0.234222	-0.0858938	0.0736496	0.237087	0.396926	0.543792	0.663806	0.738576	0.765699	0.750388	0.712309	0.67369	0.64089	0.615152	0.579115	0.511904	0.406457	0.257936	0.0819004	-0.100361	-0.28547	-0.463211	-0.620816	-0.745469	-0.808512	-0.800892	-0.741224	-0.633033	-0.475778	-0.288934	-0.0926753	0.0962969	0.263	0.412111	0.55454	0.682393	0.79102	0.897884	1.01129	1.10918	1.1639	1.1639	
-0.144476	-0.261656	-0.360495	-0.432624	-0.474648	-0.478311	-0.43146	-0.334465	-0.198475	-0.0435021	0.117199	0.2785	0.432022	0.567684	0.66649	0.716608	0.718659	0.684012	0.637932	0.598917	0.578493	0.576272	0.573663	0.551934	0.490397	0.378221	0.224991	0.0405098	-0.158392	-0.351127	-0.531888	-0.687998	-0.800892	-0.86437	-0.863476	-0.785805	-0.653124	-0.489631	-0.298268	-0.0898573	0.115595	0.310236	0.490239	0.651333	0.801256	0.951722	1.09992	1.22637	1.30183	1.30183	
-0.208226	-0.323802	-0.410722	-0.466284	-0.48715	-0.462917	-0.388185	-0.269958	-0.125327	0.0281546	0.183736	0.335455	0.475205	0.587578	0.654642	0.670705	0.640611	0.584774	0.529109	0.493392	0.491111	0.517762	0.555966	0.580979	0.56429	0.491691	0.361616	0.186508	-0.00621562	-0.201163	-0.394222	-0.576922	-0.741224	-0.863476	-0.908849	-0.877927	-0.796375	-0.668434	-0.48942	-0.270974	-0.0322899	0.203624	0.416758	0.610397	0.799022	0.979263	1.13804	1.26644	1.34437	1.34437	
-0.245608	-0.357804	-0.433815	-0.473049	-0.469313	-0.414754	-0.311886	-0.175002	-0.0238813	0.129521	0.279582	0.419232	0.536636	0.61319	0.637221	0.609158	0.54306	0.465525	0.401718	0.372161	0.386192	0.437143	0.508109	0.571996	0.600974	0.57477	0.484634	0.342338	0.166444	-0.0305231	-0.235388	-0.439902	-0.633033	-0.785805	-0.877927	-0.911971	-0.885781	-0.792778	-0.638041	-0.427321	-0.172787	0.0906984	0.334742	0.56352	0.782067	0.972215	1.11891	1.22418	1.28396	1.28396	
-0.258518	-0.366371	-0.432395	-0.45358	-0.422571	-0.337957	-0.21096	-0.0617435	0.092415	0.243409	0.385077	0.508084	0.596109	0.633208	0.614454	0.547376	0.453543	0.359398	0.288204	0.257732	0.273919	0.332629	0.420512	0.514935	0.589434	0.617787	0.584148	0.486707	0.33276	0.141681	-0.0647822	-0.274832	-0.475778	-0.653124	-0.796375	-0.885781	-0.900784	-0.843735	-0.722737	-0.534526	-0.290286	-0.022513	0.245451	0.503661	0.734404	0.915354	1.03753	1.10706	1.1366	1.1366	
-0.238329	-0.341674	-0.398673	-0.401939	-0.346401	-0.23897	-0.0985109	0.0540184	0.206063	0.351171	0.481721	0.58419	0.641033	0.641565	0.586976	0.491776	0.379842	0.274853	0.197302	0.160781	0.170549	0.225889	0.318012	0.429833	0.537126	0.612549	0.63286	0.583693	0.468113	0.305934	0.117001	-0.0846042	-0.288934	-0.489631	-0.668434	-0.792778	-0.843735	-0.822614	-0.731677	-0.575501	-0.367266	-0.118593	0.15464	0.417949	0.635741	0.793826	0.890303	0.929052	0.933258	0.933258	
-0.180696	-0.279778	-0.329091	-0.317899	-0.245979	-0.127933	0.0141745	0.163035	0.309709	0.447081	0.563574	0.641829	0.6666	0.633091	0.549372	0.435059	0.313342	0.20514	0.126702	0.0872964	0.0914336	0.139469	0.225896	0.338836	0.459316	0.562925	0.623951	0.624299	0.561664	0.445008	0.288012	0.105682	-0.0926753	-0.298268	-0.48942	-0.638041	-0.722737	-0.731677	-0.669528	-0.554151	-0.39169	-0.177577	0.0677917	0.297065	0.477273	0.60413	0.678828	0.704437	0.70302	0.70302	
-0.0831769	-0.172634	-0.212391	-0.191449	-0.115029	-0.00144901	0.129936	0.267168	0.402742	0.526423	0.621807	0.670787	0.66282	0.599788	0.496063	0.373026	0.251612	0.148864	0.0757234	0.0378465	0.0381976	0.0769332	0.151157	0.253973	0.37254	0.48769	0.577211	0.622429	0.611752	0.542706	0.424509	0.271758	0.0962969	-0.0898573	-0.270974	-0.427321	-0.534526	-0.575501	-0.554151	-0.48196	-0.360713	-0.196927	-0.0181204	0.143238	0.270346	0.360186	0.41596	0.445747	0.458411	0.458411	
0.0421838	-0.0229385	-0.0448896	-0.0159789	0.0551523	0.152498	0.263514	0.380717	0.4955	0.593226	0.655048	0.666205	0.623158	0.53518	0.420767	0.300279	0.190666	0.103047	0.0424988	0.0108502	0.00865019	0.0360131	0.0931035	0.178404	0.285944	0.403628	0.513713	0.594819	0.626909	0.600508	0.520919	0.402705	0.263	0.115595	-0.0322899	-0.172787	-0.290286	-0.367266	-0.39169	-0.360713	-0.287546	-0.197956	-0.110468	-0.0298073	0.0388224	0.088961	0.127321	0.16524	0.194338	0.194338	
0.169949	0.148942	0.156812	0.195803	0.258035	0.334977	0.421758	0.512915	0.596737	0.65528	0.67133	0.636955	0.557194	0.447914	0.329202	0.218598	0.127538	0.060417	0.0167216	-0.00573609	-0.00858304	0.00892735	0.0499339	0.117593	0.211855	0.326295	0.445912	0.548462	0.611903	0.623632	0.584515	0.507744	0.412111	0.310236	0.203624	0.0906984	-0.022513	-0.118593	-0.177577	-0.196927	-0.197956	-0.201962	-0.208128	-0.205826	-0.195237	-0.180885	-0.158191	-0.124808	-0.097107	-0.097107	
0.290107	0.325843	0.369064	0.417323	0.468146	0.523037	0.583586	0.644433	0.691089	0.705427	0.675056	0.599632	0.490913	0.367581	0.248155	0.146074	0.0678071	0.0137468	-0.0189486	-0.0337599	-0.0327381	-0.0152759	0.0213037	0.080061	0.162208	0.264349	0.376595	0.48377	0.569449	0.620292	0.630505	0.604754	0.55454	0.490239	0.416758	0.334742	0.245451	0.15464	0.0677917	-0.0181204	-0.110468	-0.208128	-0.299438	-0.371245	-0.41505	-0.429768	-0.424579	-0.414371	-0.40858	-0.40858	
0.402182	0.495806	0.572835	0.628634	0.66799	0.700974	0.733088	0.758828	0.763928	0.734138	0.663747	0.558616	0.43332	0.30507	0.188279	0.0918801	0.0192142	-0.0301839	-0.0585301	-0.0683712	-0.061602	-0.0392396	-0.00159309	0.0517319	0.121437	0.207417	0.307408	0.415584	0.521279	0.610076	0.668923	0.691879	0.682393	0.651333	0.610397	0.56352	0.503661	0.417949	0.297065	0.143238	-0.0298073	-0.205826	-0.371245	-0.509803	-0.603718	-0.651205	-0.67438	-0.696156	-0.714831	-0.714831	
0.500698	0.649362	0.761634	0.831869	0.868495	0.884213	0.885022	0.866773	0.820365	0.740156	0.629194	0.498827	0.364244	0.239273	0.133151	0.0498261	-0.0108505	-0.051196	-0.0742021	-0.0825629	-0.0781906	-0.0620765	-0.033967	0.00793884	0.0666613	0.145317	0.245062	0.362266	0.486715	0.603336	0.69723	0.759465	0.79102	0.801256	0.799022	0.782067	0.734404	0.635741	0.477273	0.270346	0.0388224	-0.195237	-0.41505	-0.603718	-0.747194	-0.845522	-0.91289	-0.96154	-0.98987	-0.98987	
0.584987	0.781152	0.930388	1.02507	1.07012	1.07363	1.03977	0.968778	0.861888	0.7259	0.573759	0.421382	0.283096	0.168302	0.0804341	0.0178857	-0.0239928	-0.0508653	-0.0678182	-0.0782373	-0.0832284	-0.0813936	-0.0689455	-0.0404567	0.00977921	0.08597	0.188788	0.313805	0.451562	0.589529	0.71512	0.819115	0.897884	0.951722	0.979263	0.972215	0.915354	0.793826	0.60413	0.360186	0.088961	-0.180885	-0.429768	-0.651205	-0.845522	-1.00819	-1.12745	-1.19676	-1.22469	-1.22469	
0.651641	0.878952	1.05918	1.18127	1.24066	1.23618	1.1698	1.04873	0.887009	0.704168	0.52118	0.355782	0.219247	0.115567	0.0426817	-0.00523946	-0.0354381	-0.0547275	-0.0682556	-0.0788418	-0.0867719	-0.0898948	-0.0840827	-0.064015	-0.0240954	0.040526	0.132872	0.253205	0.398197	0.560091	0.726574	0.882256	1.01129	1.09992	1.13804	1.11891	1.03753	0.890303	0.678828	0.41596	0.127321	-0.158191	-0.424579	-0.67438	-0.91289	-1.12745	-1.29036	-1.38531	-1.42301	-1.42301	
0.688364	0.930735	1.13306	1.28025	1.3564	1.35032	1.26204	1.10557	0.905996	0.692505	0.490913	0.318673	0.18351	0.0850217	0.0177209	-0.0259005	-0.0531279	-0.0697998	-0.0799073	-0.0857173	-0.088062	-0.0865634	-0.0796831	-0.0645143	-0.0364396	0.0109787	0.0854563	0.19435	0.341664	0.524334	0.729437	0.934108	1.10918	1.22637	1.26644	1.22418	1.10706	0.929052	0.704437	0.445747	0.16524	-0.124808	-0.414371	-0.696156	-0.96154	-1.19676	-1.38531	-1.51462	-1.5795	-1.5795	
0.697784	0.946381	1.16184	1.32612	1.41545	1.41195	1.31428	1.1404	0.92156	0.692111	0.480204	0.302952	0.166296	0.0679402	0.00123263	-0.0415822	-0.0673983	-0.0815027	-0.0876556	-0.0884972	-0.0858805	-0.0809023	-0.0735111	-0.0617718	-0.0410939	-0.00383702	0.0601695	0.16164	0.308264	0.500156	0.725567	0.958957	1.1639	1.30183	1.34437	1.28396	1.1366	0.933258	0.70302	0.458411	0.194338	-0.097107	-0.40858	-0.714831	-0.98987	-1.22469	-1.42301	-1.5795	-1.67005	-1.67005	
0.697784	0.946381	1.16184	1.32612	1.41545	1.41195	1.31428	1.1404	0.92156	0.692111	0.480204	0.302952	0.166296	0.0679402	0.00123263	-0.0415822	-0.0673983	-0.0815027	-0.0876556	-0.0884972	-0.0858805	-0.0809023	-0.0735111	-0.0617718	-0.0410939	-0.00383702	0.0601695	0.16164	0.308264	0.500156	0.725567	0.958957	1.1639	1.30183	1.34437	1.28396	1.1366	0.933258	0.70302	0.458411	0.194338	-0.097107	-0.40858	-0.714831	-0.98987	-1.22469	-1.42301	-1.5795	-1.67005	-1.67005	
