-0.541704	-0.726167	-0.910974	-1.09844	-1.28319	-1.43437	-1.51256	-1.49194	-1.38372	-1.19885	-0.944482	-0.658547	-0.372753	-0.106558	0.127053	0.347346	0.556539	0.765091	0.972556	1.15661	1.30967	1.42023	1.47987	1.49053	1.42927	1.28609	1.05555	0.760779	0.439246	0.106937	-0.20088	-0.463151	-0.655894	-0.74849	-0.742161	-0.666543	-0.546729	-0.422293	-0.323651	-0.254252	-0.226194	-0.232134	-0.253369	-0.276117	-0.290658	-0.291398	-0.286231	-0.284491	-0.280611	-0.280611	
-0.541704	-0.726167	-0.910974	-1.09844	-1.28319	-1.43437	-1.51256	-1.49194	-1.38372	-1.19885	-0.944482	-0.658547	-0.372753	-0.106558	0.127053	0.347346	0.556539	0.765091	0.972556	1.15661	1.30967	1.42023	1.47987	1.49053	1.42927	1.28609	1.05555	0.760779	0.439246	0.106937	-0.20088	-0.463151	-0.655894	-0.74849	-0.742161	-0.666543	-0.546729	-0.422293	-0.323651	-0.254252	-0.226194	-0.232134	-0.253369	-0.276117	-0.290658	-0.291398	-0.286231	-0.284491	-0.280611	-0.280611	
-0.509835	-0.698943	-0.89242	-1.08655	-1.27227	-1.41962	-1.49313	-1.46685	-1.34852	-1.15227	-0.896822	-0.622733	-0.353627	-0.0974203	0.133043	0.344776	0.536948	0.72909	0.931173	1.12039	1.2814	1.39611	1.45727	1.47472	1.4256	1.29445	1.07104	0.777483	0.454209	0.120603	-0.18752	-0.452738	-0.652449	-0.755727	-0.759135	-0.687098	-0.566732	-0.436883	-0.32971	-0.252801	-0.217626	-0.217714	-0.233954	-0.253777	-0.27136	-0.281531	-0.290291	-0.302669	-0.307592	-0.307592	
-0.447411	-0.640244	-0.846905	-1.05401	-1.24247	-1.38514	-1.45119	-1.41573	-1.28645	-1.0836	-0.830639	-0.569525	-0.315629	-0.0729381	0.143001	0.336627	0.506502	0.67678	0.863885	1.04979	1.2146	1.33891	1.41656	1.45066	1.41967	1.30577	1.0949	0.807175	0.482822	0.144556	-0.17204	-0.445576	-0.653955	-0.765538	-0.776951	-0.712031	-0.590292	-0.453597	-0.336862	-0.247913	-0.202213	-0.193999	-0.207759	-0.232144	-0.257514	-0.278472	-0.298642	-0.319597	-0.329899	-0.329899	
-0.358657	-0.55405	-0.767365	-0.981252	-1.17702	-1.32009	-1.37671	-1.32964	-1.19679	-1.00077	-0.761848	-0.5105	-0.266241	-0.038953	0.157555	0.329053	0.480347	0.631554	0.794807	0.957364	1.11419	1.25028	1.34977	1.40923	1.39852	1.29968	1.10342	0.828857	0.511218	0.170333	-0.155116	-0.440289	-0.656454	-0.772271	-0.78385	-0.714258	-0.593366	-0.456347	-0.3336	-0.238951	-0.187059	-0.178061	-0.195894	-0.225925	-0.259347	-0.28575	-0.307031	-0.326649	-0.335034	-0.335034	
-0.263323	-0.44273	-0.65373	-0.874099	-1.07349	-1.21495	-1.26498	-1.21394	-1.08681	-0.907502	-0.683741	-0.442131	-0.204925	0.00796688	0.182801	0.334654	0.468656	0.598903	0.734557	0.87091	1.00667	1.1352	1.2459	1.32342	1.33666	1.26269	1.08837	0.83106	0.523822	0.189117	-0.137757	-0.426091	-0.644461	-0.758642	-0.766458	-0.695067	-0.568416	-0.43013	-0.314766	-0.230543	-0.190624	-0.188872	-0.210118	-0.241616	-0.270583	-0.291355	-0.307494	-0.32147	-0.327948	-0.327948	
-0.185249	-0.344457	-0.540061	-0.750126	-0.946419	-1.08478	-1.13294	-1.08743	-0.972475	-0.804149	-0.59281	-0.361722	-0.136654	0.0665207	0.235271	0.371114	0.478242	0.57339	0.673277	0.77792	0.890276	1.00531	1.11406	1.20731	1.24735	1.20228	1.05438	0.81814	0.526783	0.204285	-0.111876	-0.39271	-0.60669	-0.7222	-0.733143	-0.661352	-0.542771	-0.41474	-0.307017	-0.234818	-0.204196	-0.209337	-0.231632	-0.255493	-0.276547	-0.290229	-0.301601	-0.314811	-0.321148	-0.321148	
-0.146862	-0.281603	-0.460697	-0.658767	-0.836861	-0.960376	-1.00514	-0.96555	-0.852499	-0.682167	-0.470069	-0.247444	-0.0333911	0.158836	0.31429	0.427931	0.499402	0.552341	0.611221	0.683153	0.76744	0.862594	0.966006	1.0645	1.12602	1.11445	1.00488	0.803165	0.536525	0.234683	-0.0669479	-0.337187	-0.546296	-0.665848	-0.691781	-0.643153	-0.540888	-0.423277	-0.323785	-0.253762	-0.222734	-0.223357	-0.239725	-0.260509	-0.276093	-0.28623	-0.296029	-0.305737	-0.311908	-0.311908	
-0.143449	-0.264991	-0.422898	-0.594172	-0.75137	-0.859842	-0.893934	-0.842542	-0.713343	-0.524343	-0.30551	-0.0857718	0.115547	0.288542	0.417991	0.494603	0.526737	0.536077	0.547948	0.576239	0.62928	0.707631	0.805258	0.907717	0.983875	0.999686	0.929788	0.774439	0.552405	0.285072	0.00364636	-0.260293	-0.475065	-0.61136	-0.658688	-0.629029	-0.550879	-0.452542	-0.357194	-0.28411	-0.24137	-0.229216	-0.237339	-0.252079	-0.267963	-0.279688	-0.289262	-0.299723	-0.305159	-0.305159	
-0.160147	-0.265417	-0.400604	-0.547903	-0.681617	-0.774777	-0.794299	-0.722042	-0.563476	-0.348748	-0.110703	0.119063	0.31671	0.461305	0.544914	0.572589	0.558669	0.525401	0.492785	0.478679	0.494373	0.546485	0.632141	0.735324	0.826659	0.868051	0.836018	0.726413	0.548362	0.319314	0.0608046	-0.196371	-0.413951	-0.559166	-0.620635	-0.608582	-0.543884	-0.455525	-0.370824	-0.302889	-0.260449	-0.243513	-0.242884	-0.25173	-0.261474	-0.271639	-0.2834	-0.29287	-0.299755	-0.299755	
-0.187226	-0.280581	-0.393447	-0.513527	-0.628945	-0.70587	-0.703821	-0.603454	-0.416487	-0.172475	0.0894887	0.335444	0.529386	0.64994	0.694738	0.674571	0.614907	0.535233	0.458255	0.404126	0.382996	0.40456	0.474244	0.573538	0.671653	0.729741	0.722941	0.645814	0.501716	0.303414	0.069028	-0.169159	-0.3746	-0.516502	-0.579081	-0.567529	-0.508623	-0.428592	-0.348581	-0.289453	-0.255623	-0.244173	-0.248023	-0.256154	-0.265042	-0.274846	-0.286806	-0.301344	-0.311322	-0.311322	
-0.221458	-0.30679	-0.411202	-0.520513	-0.613067	-0.658179	-0.621155	-0.492047	-0.278493	-0.00836576	0.277945	0.537297	0.728646	0.828698	0.844876	0.789817	0.688841	0.571071	0.458657	0.370372	0.315401	0.306933	0.349297	0.428434	0.519253	0.583269	0.597045	0.542945	0.418363	0.242552	0.0350492	-0.175236	-0.354198	-0.477534	-0.532406	-0.519276	-0.459376	-0.377093	-0.300764	-0.248888	-0.225899	-0.22894	-0.244434	-0.26331	-0.278496	-0.29384	-0.310569	-0.323021	-0.332419	-0.332419	
-0.270144	-0.349678	-0.451863	-0.553052	-0.624821	-0.632701	-0.55594	-0.394803	-0.156645	0.137876	0.441383	0.707676	0.895109	0.986674	0.98634	0.904328	0.774219	0.622522	0.475353	0.357158	0.27768	0.245771	0.265664	0.31909	0.3922	0.452552	0.470715	0.428634	0.32209	0.171346	-0.00966814	-0.193632	-0.348017	-0.45175	-0.491154	-0.467339	-0.406324	-0.331417	-0.26146	-0.216818	-0.200492	-0.207168	-0.231819	-0.263302	-0.291629	-0.315635	-0.333466	-0.347209	-0.356369	-0.356369	
-0.335476	-0.408788	-0.505698	-0.597842	-0.646368	-0.621671	-0.511007	-0.320344	-0.0544647	0.262019	0.578295	0.851642	1.04462	1.1329	1.12027	1.0178	0.86055	0.681995	0.507364	0.365537	0.267454	0.218382	0.215889	0.24972	0.306697	0.350123	0.360736	0.322188	0.230766	0.100146	-0.0615179	-0.227428	-0.362098	-0.445998	-0.47064	-0.438337	-0.376592	-0.303456	-0.238575	-0.197388	-0.181611	-0.19133	-0.21745	-0.251597	-0.284481	-0.317987	-0.348364	-0.368282	-0.380638	-0.380638	
-0.415284	-0.484521	-0.56854	-0.637778	-0.66034	-0.60936	-0.471672	-0.250888	0.0418004	0.374511	0.695311	0.971106	1.16704	1.25736	1.23982	1.1263	0.95624	0.759887	0.568141	0.411838	0.297577	0.227845	0.207574	0.219739	0.249271	0.266179	0.260202	0.222654	0.139515	0.0221324	-0.123427	-0.272148	-0.389877	-0.463615	-0.483587	-0.447965	-0.381185	-0.301736	-0.228478	-0.181724	-0.164731	-0.169821	-0.193384	-0.228965	-0.266332	-0.307644	-0.346951	-0.379941	-0.401861	-0.401861	
-0.495417	-0.563273	-0.625572	-0.659189	-0.645945	-0.565803	-0.403136	-0.161672	0.141701	0.472646	0.783552	1.04914	1.23916	1.32673	1.31309	1.20774	1.04383	0.852905	0.661848	0.498303	0.368658	0.279979	0.232718	0.209813	0.200789	0.187588	0.170137	0.128421	0.0480451	-0.0576901	-0.181823	-0.306659	-0.409853	-0.480388	-0.505343	-0.474603	-0.408984	-0.324931	-0.244897	-0.188734	-0.16034	-0.159094	-0.1785	-0.211181	-0.248477	-0.293078	-0.336133	-0.367588	-0.386119	-0.386119	
-0.566525	-0.624427	-0.65815	-0.653051	-0.603328	-0.495311	-0.315117	-0.0702388	0.221755	0.532725	0.822353	1.06821	1.24243	1.32689	1.32503	1.24396	1.1097	0.944155	0.767472	0.604275	0.466838	0.360804	0.283494	0.220001	0.174442	0.137863	0.103911	0.0520408	-0.0302215	-0.122743	-0.226504	-0.335975	-0.425637	-0.487093	-0.509322	-0.483109	-0.428359	-0.357501	-0.285986	-0.229511	-0.194961	-0.179708	-0.185259	-0.210817	-0.242131	-0.277615	-0.307361	-0.328114	-0.341901	-0.341901	
-0.605189	-0.648635	-0.66124	-0.632209	-0.559878	-0.430497	-0.240403	-0.00440381	0.262415	0.544576	0.806966	1.02924	1.19073	1.27793	1.29504	1.24523	1.14686	1.01236	0.855081	0.702053	0.567285	0.453196	0.355142	0.268685	0.203125	0.144583	0.0863706	0.015396	-0.0712537	-0.163988	-0.268381	-0.37169	-0.449975	-0.499181	-0.51487	-0.490641	-0.444601	-0.385719	-0.324514	-0.273065	-0.237466	-0.217356	-0.213339	-0.222679	-0.236477	-0.258301	-0.27989	-0.295828	-0.304786	-0.304786	
-0.602465	-0.637103	-0.641545	-0.605375	-0.521054	-0.381995	-0.193268	0.0259514	0.266188	0.517766	0.751486	0.952957	1.10906	1.20967	1.2517	1.23409	1.1658	1.05616	0.918998	0.782206	0.660272	0.551104	0.453033	0.36557	0.288298	0.203442	0.116901	0.024767	-0.083698	-0.198494	-0.313271	-0.414685	-0.483493	-0.524627	-0.536826	-0.51175	-0.465173	-0.405197	-0.345922	-0.298986	-0.268878	-0.248805	-0.237908	-0.239249	-0.243385	-0.255139	-0.267888	-0.277425	-0.285073	-0.285073	
-0.5683	-0.599109	-0.602865	-0.562275	-0.474465	-0.337074	-0.162405	0.0354333	0.250697	0.474484	0.67893	0.858583	1.01048	1.12308	1.18935	1.20179	1.16431	1.08197	0.971481	0.858972	0.755662	0.661507	0.575265	0.488351	0.393902	0.28663	0.178722	0.0604037	-0.0792528	-0.218793	-0.342466	-0.443294	-0.513141	-0.556648	-0.568536	-0.541612	-0.491576	-0.430848	-0.372391	-0.323559	-0.288819	-0.264016	-0.252198	-0.2533	-0.258189	-0.268069	-0.272964	-0.273477	-0.272612	-0.272612	
-0.502777	-0.533266	-0.536107	-0.49559	-0.412084	-0.295257	-0.150339	0.020193	0.212131	0.41253	0.596155	0.758716	0.899569	1.01359	1.09291	1.13407	1.13236	1.09025	1.01741	0.934171	0.85483	0.780971	0.704168	0.611117	0.50266	0.381649	0.255778	0.108991	-0.0576984	-0.214191	-0.348144	-0.460243	-0.539166	-0.581538	-0.589675	-0.563106	-0.515829	-0.458414	-0.400952	-0.347567	-0.305816	-0.27585	-0.260334	-0.262244	-0.269951	-0.281579	-0.288138	-0.287889	-0.287087	-0.287087	
-0.39587	-0.42508	-0.432614	-0.39901	-0.335951	-0.250928	-0.142523	-0.00567125	0.158492	0.338115	0.508857	0.662852	0.795928	0.900985	0.982308	1.03925	1.06768	1.06281	1.02713	0.974191	0.921865	0.869549	0.801292	0.711547	0.604913	0.481526	0.33829	0.168431	-0.0160444	-0.187252	-0.337275	-0.460207	-0.536838	-0.576049	-0.585801	-0.563532	-0.520009	-0.465528	-0.408753	-0.354779	-0.314806	-0.285577	-0.270048	-0.273498	-0.286639	-0.305257	-0.32058	-0.331528	-0.336011	-0.336011	
-0.263483	-0.291857	-0.305014	-0.290048	-0.254362	-0.203844	-0.129738	-0.0245627	0.108668	0.265615	0.428562	0.579022	0.703846	0.802328	0.876107	0.93584	0.978629	0.997333	0.988906	0.965565	0.939945	0.905477	0.850675	0.774015	0.681608	0.562752	0.413085	0.234907	0.0413014	-0.147838	-0.310091	-0.426858	-0.497138	-0.532741	-0.541878	-0.522846	-0.48247	-0.433857	-0.384811	-0.34007	-0.307027	-0.284749	-0.280437	-0.298457	-0.327106	-0.360213	-0.387532	-0.40219	-0.406321	-0.406321	
-0.127778	-0.155101	-0.181876	-0.193516	-0.191924	-0.168761	-0.114269	-0.0306518	0.0811667	0.219016	0.365642	0.502067	0.616491	0.7018	0.768257	0.824015	0.869432	0.901297	0.917196	0.921707	0.921125	0.903784	0.857986	0.795849	0.715616	0.607874	0.474216	0.310652	0.116988	-0.0771202	-0.237278	-0.353603	-0.425807	-0.464294	-0.470879	-0.448431	-0.411557	-0.371211	-0.335442	-0.305099	-0.286303	-0.282335	-0.298997	-0.339396	-0.391371	-0.440339	-0.471354	-0.484584	-0.488754	-0.488754	
-0.00856094	-0.0391096	-0.0820434	-0.12236	-0.145634	-0.138668	-0.095348	-0.0208525	0.0770507	0.194714	0.318309	0.431262	0.525807	0.604106	0.663549	0.713401	0.756917	0.790742	0.818214	0.845352	0.866146	0.86574	0.840337	0.78998	0.720612	0.633556	0.52439	0.381283	0.204237	0.0237109	-0.129677	-0.247707	-0.330757	-0.371462	-0.377319	-0.361051	-0.329498	-0.298574	-0.275498	-0.262686	-0.265218	-0.286171	-0.330205	-0.39144	-0.456576	-0.513549	-0.550864	-0.567906	-0.573276	-0.573276	
0.0781629	0.039151	-0.0158814	-0.0678487	-0.100145	-0.101692	-0.067957	-0.00574995	0.0815496	0.18369	0.285237	0.377786	0.461449	0.529022	0.58306	0.62594	0.657793	0.684159	0.712061	0.744741	0.778643	0.800401	0.794215	0.763521	0.713821	0.648539	0.561546	0.434965	0.274298	0.112154	-0.0305926	-0.145309	-0.220959	-0.259356	-0.272222	-0.264525	-0.243543	-0.224963	-0.21698	-0.220886	-0.243498	-0.28636	-0.345117	-0.42254	-0.506741	-0.576659	-0.623578	-0.645664	-0.652084	-0.652084	
0.139318	0.0919967	0.0303415	-0.0243357	-0.0596715	-0.0732048	-0.0565719	-0.00482902	0.0764734	0.172284	0.267628	0.354311	0.427685	0.485792	0.52722	0.555968	0.578257	0.596134	0.618895	0.652653	0.69215	0.723856	0.735028	0.720466	0.69347	0.654178	0.581553	0.465734	0.317779	0.164665	0.0282981	-0.0731326	-0.137815	-0.172051	-0.184704	-0.179761	-0.165016	-0.157372	-0.158443	-0.17268	-0.202023	-0.248577	-0.321938	-0.422322	-0.529534	-0.618566	-0.680782	-0.711979	-0.719704	-0.719704	
0.186887	0.13204	0.0655966	0.00798027	-0.0364199	-0.0681843	-0.0689961	-0.0287536	0.0494302	0.145709	0.243492	0.33394	0.408928	0.460194	0.493575	0.512407	0.522571	0.53169	0.549013	0.582482	0.627074	0.667628	0.686128	0.683344	0.673318	0.644796	0.578648	0.468531	0.324826	0.174527	0.0426907	-0.0503232	-0.108629	-0.139089	-0.145289	-0.133602	-0.11552	-0.102822	-0.0995317	-0.109618	-0.134245	-0.187567	-0.275211	-0.389662	-0.513719	-0.622664	-0.698042	-0.73379	-0.747935	-0.747935	
0.202298	0.141598	0.0734183	0.0162473	-0.0369723	-0.0839146	-0.0974379	-0.0666972	0.00543192	0.101669	0.205683	0.306968	0.389194	0.445866	0.482496	0.495567	0.498202	0.498445	0.50985	0.547067	0.598432	0.641945	0.661958	0.658687	0.646233	0.6126	0.542749	0.435664	0.294143	0.145263	0.0169062	-0.0748389	-0.133779	-0.162806	-0.162497	-0.139399	-0.108949	-0.0787284	-0.0542854	-0.0493735	-0.0641129	-0.114741	-0.207773	-0.328584	-0.459112	-0.573054	-0.648248	-0.684418	-0.702583	-0.702583	
0.173482	0.109629	0.0451179	-0.0122373	-0.0681833	-0.117097	-0.134912	-0.110317	-0.0430541	0.052056	0.159689	0.267914	0.359873	0.428752	0.476443	0.495008	0.496644	0.491558	0.500057	0.54155	0.596931	0.639893	0.65794	0.645093	0.616448	0.56621	0.487984	0.378141	0.23488	0.0884822	-0.0397618	-0.137996	-0.206783	-0.240082	-0.237043	-0.203909	-0.152236	-0.0965087	-0.0449465	-0.0113855	-0.00376043	-0.0351734	-0.110686	-0.223963	-0.351319	-0.461734	-0.535782	-0.567346	-0.577182	-0.577182	
0.114522	0.0513831	-0.00930047	-0.0632408	-0.115061	-0.159046	-0.173137	-0.150845	-0.0875944	0.010426	0.123022	0.235333	0.334749	0.412003	0.469082	0.495186	0.499178	0.494244	0.501048	0.538648	0.588304	0.626676	0.640337	0.622617	0.584457	0.523834	0.438543	0.317001	0.165702	0.0168483	-0.118016	-0.227921	-0.305681	-0.344382	-0.342134	-0.299926	-0.234059	-0.155201	-0.0728206	-0.0065195	0.0360283	0.0393686	-0.00539577	-0.0975758	-0.206675	-0.295118	-0.354011	-0.378632	-0.381625	-0.381625	
0.0336712	-0.0253175	-0.0828345	-0.129143	-0.163052	-0.186533	-0.192865	-0.173167	-0.1149	-0.0204192	0.0900651	0.205212	0.310211	0.394469	0.458047	0.489294	0.49678	0.489048	0.488139	0.512437	0.548113	0.579298	0.597614	0.586756	0.55526	0.496677	0.399627	0.259841	0.0921657	-0.0654614	-0.20666	-0.320823	-0.397348	-0.438788	-0.444592	-0.408204	-0.337361	-0.241049	-0.132697	-0.0299471	0.0584492	0.106052	0.0962453	0.0413506	-0.0318466	-0.0976528	-0.135506	-0.142889	-0.140208	-0.140208	
-0.0612388	-0.114197	-0.161972	-0.189945	-0.202071	-0.205342	-0.197129	-0.17636	-0.123137	-0.0345403	0.0665452	0.175846	0.278933	0.362655	0.428324	0.463712	0.474772	0.46862	0.459382	0.469378	0.48906	0.512472	0.532712	0.530316	0.512795	0.460097	0.358214	0.207673	0.0325999	-0.132307	-0.280583	-0.394389	-0.469969	-0.520548	-0.536133	-0.501038	-0.434145	-0.334468	-0.204953	-0.0659771	0.0685874	0.160686	0.194016	0.183245	0.146134	0.105317	0.0940167	0.109142	0.115716	0.115716	
-0.13794	-0.181391	-0.218503	-0.231003	-0.224029	-0.205621	-0.184073	-0.157402	-0.107249	-0.0354238	0.0445626	0.140202	0.233321	0.311046	0.377819	0.413126	0.426829	0.421521	0.407985	0.409909	0.421842	0.43918	0.456641	0.459498	0.450584	0.403083	0.303879	0.161939	-0.00936625	-0.173222	-0.317482	-0.436107	-0.521864	-0.584973	-0.609838	-0.581999	-0.520444	-0.413624	-0.261496	-0.0949349	0.0660798	0.200313	0.281895	0.309331	0.309242	0.304011	0.318782	0.349866	0.36798	0.36798	
-0.193566	-0.218119	-0.231779	-0.231553	-0.214036	-0.186349	-0.155902	-0.122221	-0.0818928	-0.0310383	0.0279143	0.102605	0.184287	0.259824	0.320977	0.355094	0.364685	0.355226	0.33853	0.337046	0.34679	0.359655	0.374456	0.379968	0.372772	0.327217	0.236957	0.105055	-0.0518542	-0.203898	-0.342323	-0.460145	-0.55581	-0.626116	-0.657289	-0.639431	-0.575376	-0.460688	-0.300348	-0.115419	0.0699699	0.235246	0.350565	0.409664	0.447993	0.484033	0.524879	0.570898	0.605524	0.605524	
-0.212499	-0.214122	-0.205083	-0.187331	-0.16326	-0.13726	-0.109865	-0.0809536	-0.0539323	-0.0191761	0.0262334	0.0854117	0.155157	0.216191	0.261079	0.28403	0.28373	0.272617	0.260761	0.257003	0.262284	0.267229	0.271113	0.279799	0.277673	0.239364	0.165394	0.0472776	-0.100814	-0.24399	-0.372544	-0.485976	-0.576883	-0.642863	-0.67649	-0.664918	-0.602894	-0.484993	-0.319882	-0.119855	0.0885422	0.27352	0.411333	0.502557	0.570064	0.632175	0.700893	0.764771	0.807652	0.807652	
-0.21058	-0.185029	-0.145713	-0.107785	-0.0808639	-0.0597965	-0.0396788	-0.0237851	-0.0121665	0.00963351	0.0402217	0.0843173	0.133993	0.177664	0.202714	0.207843	0.198579	0.18241	0.167695	0.159127	0.153948	0.147348	0.151172	0.16436	0.170551	0.147031	0.0848089	-0.0238599	-0.161637	-0.290344	-0.402625	-0.501521	-0.57673	-0.632794	-0.665713	-0.655359	-0.599101	-0.489554	-0.32616	-0.118873	0.105297	0.307557	0.467228	0.58821	0.680436	0.758344	0.84451	0.924473	0.969485	0.969485	
-0.202906	-0.158706	-0.0912698	-0.0250148	0.0154376	0.0371852	0.0497087	0.0472887	0.0442895	0.0528262	0.0656287	0.0882142	0.114291	0.13352	0.140692	0.129841	0.111243	0.090321	0.0684346	0.0517572	0.0338151	0.0197179	0.0226049	0.0376001	0.0533195	0.0435969	-0.00538606	-0.0979271	-0.218499	-0.326979	-0.41937	-0.497474	-0.548938	-0.589865	-0.616132	-0.609107	-0.567305	-0.472932	-0.31751	-0.115446	0.105429	0.320247	0.504736	0.646114	0.760851	0.862405	0.962595	1.05062	1.09599	1.09599	
-0.198502	-0.143281	-0.0556458	0.0283586	0.0858442	0.120688	0.136353	0.132526	0.121235	0.113081	0.100818	0.0915825	0.0897329	0.0883708	0.0811108	0.0588205	0.0304123	0.000137107	-0.0306694	-0.0575894	-0.0820265	-0.0975843	-0.0977821	-0.0816693	-0.0619363	-0.060085	-0.0916012	-0.160427	-0.249475	-0.330756	-0.399585	-0.454758	-0.490586	-0.522485	-0.546103	-0.543786	-0.509352	-0.430468	-0.293751	-0.109344	0.100434	0.318499	0.508135	0.660464	0.798464	0.924297	1.037	1.1302	1.18589	1.18589	
-0.206683	-0.148078	-0.0495549	0.0435652	0.119602	0.171272	0.197228	0.203357	0.197414	0.180671	0.152437	0.11639	0.092881	0.0747582	0.0479561	0.016583	-0.0281853	-0.0731592	-0.112785	-0.150352	-0.176373	-0.190045	-0.192915	-0.176077	-0.150744	-0.136977	-0.145899	-0.184979	-0.241401	-0.299208	-0.349728	-0.386626	-0.414826	-0.437242	-0.45222	-0.4543	-0.427434	-0.368286	-0.258517	-0.0943491	0.0914036	0.286941	0.468666	0.628606	0.780523	0.921557	1.0521	1.15937	1.22326	1.22326	
-0.242302	-0.181585	-0.0876313	0.0139249	0.105054	0.176742	0.221473	0.245322	0.251671	0.240078	0.212078	0.174216	0.140449	0.10921	0.066777	0.017097	-0.0417457	-0.0983519	-0.147293	-0.190824	-0.217981	-0.231779	-0.234532	-0.214681	-0.181412	-0.155784	-0.146935	-0.162678	-0.19605	-0.238534	-0.272945	-0.296786	-0.320291	-0.335753	-0.350218	-0.358583	-0.348206	-0.309134	-0.22596	-0.101311	0.0516095	0.218518	0.389727	0.554313	0.70886	0.864663	1.01344	1.13072	1.19836	1.19836	
-0.316729	-0.254664	-0.163491	-0.0526825	0.057374	0.144473	0.203244	0.24397	0.27175	0.28077	0.273549	0.255486	0.222242	0.182869	0.13227	0.0705997	0.0115564	-0.0466318	-0.0985093	-0.140406	-0.168054	-0.184054	-0.183403	-0.167118	-0.135406	-0.107291	-0.0954181	-0.0951649	-0.119096	-0.152082	-0.175261	-0.196989	-0.219033	-0.233259	-0.25294	-0.277382	-0.289672	-0.278437	-0.239279	-0.159975	-0.0371355	0.106119	0.266972	0.431686	0.600215	0.774849	0.930991	1.0569	1.12428	1.12428	
-0.409337	-0.349026	-0.261264	-0.13785	-0.0151593	0.0785619	0.156808	0.2183	0.269921	0.319228	0.353046	0.361115	0.345634	0.304556	0.252345	0.193229	0.142989	0.0954879	0.0506532	0.015916	-0.0127878	-0.0329684	-0.0416387	-0.0401422	-0.0271621	-0.0127828	-0.00246193	-0.00301454	-0.0224915	-0.0453957	-0.0717873	-0.0960647	-0.119939	-0.148978	-0.183074	-0.224973	-0.266173	-0.293488	-0.294813	-0.254567	-0.167067	-0.050153	0.0960385	0.26762	0.453609	0.642808	0.813505	0.950542	1.02522	1.02522	
-0.491735	-0.440038	-0.352162	-0.228688	-0.105249	-0.00476447	0.0888556	0.174801	0.263889	0.356959	0.436438	0.487908	0.505396	0.484055	0.448222	0.404084	0.357814	0.315894	0.275037	0.23979	0.213434	0.195231	0.175334	0.159242	0.146187	0.130241	0.120733	0.105495	0.0762507	0.0495698	0.0194071	-0.017759	-0.0534866	-0.0970892	-0.152431	-0.213401	-0.278538	-0.335533	-0.364993	-0.3609	-0.317294	-0.22428	-0.0899545	0.0778266	0.270191	0.46832	0.657055	0.806952	0.888406	0.888406	
-0.55477	-0.501221	-0.412108	-0.302753	-0.19498	-0.0930393	0.0102579	0.118547	0.243575	0.380653	0.511891	0.62066	0.687649	0.711007	0.702071	0.671942	0.629491	0.583473	0.534425	0.497405	0.469677	0.449413	0.431343	0.39929	0.362963	0.321816	0.279573	0.231383	0.180956	0.13244	0.0833675	0.0312375	-0.0214274	-0.0784839	-0.152275	-0.226062	-0.302645	-0.38338	-0.44674	-0.478987	-0.472483	-0.412012	-0.297604	-0.139542	0.0600006	0.27597	0.478745	0.636195	0.719963	0.719963	
-0.587269	-0.523789	-0.443302	-0.348113	-0.255455	-0.157946	-0.0531925	0.0720818	0.219722	0.386929	0.5639	0.730591	0.851588	0.927385	0.956808	0.943746	0.91223	0.86347	0.806214	0.762554	0.73029	0.706701	0.68865	0.643836	0.590715	0.527613	0.449328	0.370168	0.292048	0.211895	0.13872	0.0704078	-0.00280672	-0.0748752	-0.155034	-0.238594	-0.335436	-0.439198	-0.534278	-0.610598	-0.642681	-0.616169	-0.520832	-0.361791	-0.152187	0.0769334	0.288715	0.455408	0.546501	0.546501	
-0.597077	-0.517205	-0.440227	-0.3591	-0.277674	-0.187188	-0.0815674	0.0492833	0.205913	0.394777	0.601654	0.804513	0.976095	1.09614	1.16289	1.18213	1.17118	1.13014	1.07595	1.02518	0.984421	0.950995	0.914748	0.855259	0.78164	0.695729	0.596056	0.492258	0.389154	0.290137	0.194622	0.106986	0.0217151	-0.0661915	-0.153679	-0.246987	-0.360174	-0.483906	-0.61363	-0.732105	-0.80141	-0.803763	-0.728009	-0.574132	-0.362305	-0.126072	0.0999587	0.278845	0.377571	0.377571	
-0.570169	-0.486367	-0.408114	-0.32884	-0.251366	-0.173793	-0.0765886	0.0442677	0.200398	0.398902	0.620935	0.847961	1.05635	1.21159	1.31339	1.36748	1.37556	1.34889	1.30193	1.2466	1.19794	1.15153	1.08889	1.01257	0.922426	0.81581	0.70166	0.580708	0.45561	0.341718	0.234693	0.135111	0.0472054	-0.0509174	-0.145146	-0.245671	-0.371665	-0.508005	-0.65806	-0.798132	-0.899744	-0.934609	-0.885165	-0.752428	-0.549623	-0.312647	-0.0775961	0.105362	0.204053	0.204053	
-0.512776	-0.417473	-0.332806	-0.256989	-0.189061	-0.130169	-0.0594168	0.0455188	0.192541	0.386595	0.611461	0.854347	1.08439	1.26883	1.39981	1.47555	1.4979	1.48231	1.43772	1.38512	1.33186	1.2729	1.19667	1.11016	1.01169	0.89279	0.766558	0.627905	0.486976	0.361466	0.254824	0.154947	0.0628677	-0.0315949	-0.128209	-0.230521	-0.351968	-0.489164	-0.652152	-0.811373	-0.936679	-1.00156	-0.98074	-0.869638	-0.680022	-0.453369	-0.226467	-0.0449172	0.0544726	0.0544726	
-0.424401	-0.326048	-0.232377	-0.157913	-0.108687	-0.0781672	-0.0363639	0.0479671	0.178477	0.358756	0.574465	0.814587	1.04875	1.24903	1.39707	1.48875	1.52323	1.51381	1.47338	1.4248	1.37334	1.30986	1.23364	1.14433	1.04047	0.916838	0.78067	0.63335	0.487805	0.361523	0.258509	0.161877	0.0737622	-0.00942325	-0.0960706	-0.185012	-0.294581	-0.435855	-0.604833	-0.778394	-0.928305	-1.01222	-1.00799	-0.912813	-0.736667	-0.522785	-0.306863	-0.131901	-0.0360457	-0.0360457	
