-0.867129	-0.905135	-0.914636	-0.912595	-0.902896	-0.875902	-0.844494	-0.809361	-0.765897	-0.720499	-0.668854	-0.611091	-0.543691	-0.477694	-0.414567	-0.339122	-0.268419	-0.229484	-0.223462	-0.250765	-0.291004	-0.32697	-0.338951	-0.332808	-0.334159	-0.348461	-0.380409	-0.437585	-0.517085	-0.617125	-0.739317	-0.870781	-0.993281	-1.06935	-1.07571	-0.986173	-0.79042	-0.505894	-0.150972	0.22964	0.603423	0.934711	1.19693	1.38802	1.508	1.56868	1.59123	1.59674	1.59152	1.59152	
-0.867129	-0.905135	-0.914636	-0.912595	-0.902896	-0.875902	-0.844494	-0.809361	-0.765897	-0.720499	-0.668854	-0.611091	-0.543691	-0.477694	-0.414567	-0.339122	-0.268419	-0.229484	-0.223462	-0.250765	-0.291004	-0.32697	-0.338951	-0.332808	-0.334159	-0.348461	-0.380409	-0.437585	-0.517085	-0.617125	-0.739317	-0.870781	-0.993281	-1.06935	-1.07571	-0.986173	-0.79042	-0.505894	-0.150972	0.22964	0.603423	0.934711	1.19693	1.38802	1.508	1.56868	1.59123	1.59674	1.59152	1.59152	
-0.797219	-0.834181	-0.84921	-0.859068	-0.861747	-0.843586	-0.812731	-0.772129	-0.724103	-0.682007	-0.643222	-0.603823	-0.555493	-0.505041	-0.456029	-0.395313	-0.335801	-0.301467	-0.294701	-0.319717	-0.357776	-0.393394	-0.404009	-0.386965	-0.366238	-0.353692	-0.364549	-0.408404	-0.479511	-0.571814	-0.681441	-0.799769	-0.913168	-0.987196	-0.998713	-0.917139	-0.727824	-0.446182	-0.0949906	0.277879	0.637787	0.947808	1.18559	1.35195	1.44892	1.4916	1.50074	1.49687	1.48769	1.48769	
-0.664376	-0.696675	-0.71678	-0.739803	-0.762005	-0.759874	-0.737442	-0.69912	-0.654783	-0.622714	-0.603832	-0.592002	-0.573323	-0.552619	-0.529057	-0.488743	-0.447094	-0.425539	-0.424546	-0.448449	-0.485981	-0.517545	-0.513871	-0.473513	-0.421098	-0.374208	-0.350718	-0.367487	-0.418217	-0.48997	-0.579608	-0.675676	-0.769639	-0.83424	-0.845129	-0.771429	-0.596389	-0.333376	-0.00252694	0.347227	0.67777	0.954486	1.15363	1.27953	1.3411	1.35386	1.34221	1.32691	1.31182	1.31182	
-0.481564	-0.509076	-0.534754	-0.573449	-0.613477	-0.632349	-0.628008	-0.605601	-0.576977	-0.563671	-0.568281	-0.584159	-0.598252	-0.608784	-0.614526	-0.601199	-0.576572	-0.562837	-0.568245	-0.598754	-0.63366	-0.65338	-0.633652	-0.569075	-0.486185	-0.406438	-0.352566	-0.335575	-0.350325	-0.391262	-0.451885	-0.525995	-0.601704	-0.64993	-0.652248	-0.581847	-0.424081	-0.188009	0.106623	0.417074	0.708792	0.943811	1.10218	1.18771	1.2091	1.18897	1.15155	1.11721	1.09453	1.09453	
-0.262629	-0.289937	-0.327507	-0.382166	-0.443464	-0.48446	-0.50492	-0.508368	-0.505993	-0.514451	-0.540029	-0.581561	-0.626618	-0.671714	-0.703724	-0.704056	-0.687678	-0.681421	-0.692843	-0.722026	-0.752796	-0.759718	-0.718409	-0.636724	-0.54107	-0.446429	-0.36368	-0.308623	-0.284229	-0.28968	-0.328703	-0.387651	-0.450935	-0.491169	-0.484739	-0.410675	-0.260164	-0.0458779	0.214112	0.481882	0.725781	0.918325	1.03897	1.09031	1.08282	1.0318	0.964861	0.907689	0.870357	0.870357	
-0.0473324	-0.0783402	-0.126737	-0.195017	-0.267037	-0.326524	-0.371514	-0.40694	-0.437913	-0.476117	-0.525651	-0.585047	-0.647433	-0.705497	-0.749498	-0.765062	-0.760554	-0.759306	-0.773718	-0.802374	-0.82083	-0.811176	-0.761596	-0.673433	-0.568	-0.460612	-0.364675	-0.289374	-0.238986	-0.220127	-0.233548	-0.276012	-0.33154	-0.368622	-0.364025	-0.294106	-0.152239	0.0479827	0.282429	0.515502	0.721883	0.876102	0.965995	0.994081	0.965302	0.897971	0.816099	0.744028	0.700942	0.700942	
0.118992	0.0889454	0.0391772	-0.0272996	-0.102477	-0.172845	-0.241295	-0.307496	-0.37298	-0.439865	-0.509576	-0.580864	-0.646534	-0.704798	-0.747896	-0.768174	-0.776915	-0.791383	-0.811695	-0.830555	-0.838177	-0.818295	-0.75754	-0.664023	-0.555738	-0.444657	-0.342064	-0.261144	-0.205654	-0.176703	-0.179901	-0.209978	-0.255174	-0.293077	-0.294782	-0.237917	-0.113156	0.0687964	0.283845	0.499545	0.685816	0.821225	0.89236	0.901501	0.862666	0.791457	0.712856	0.649669	0.611462	0.611462	
0.210603	0.186382	0.144881	0.0840156	0.0114769	-0.0667988	-0.145867	-0.228743	-0.314055	-0.400927	-0.486225	-0.561623	-0.623509	-0.671808	-0.709735	-0.737281	-0.75726	-0.7735	-0.78968	-0.802167	-0.800308	-0.773889	-0.714756	-0.620298	-0.503556	-0.386003	-0.285133	-0.209845	-0.16225	-0.142846	-0.150077	-0.183483	-0.232138	-0.274986	-0.287882	-0.247437	-0.143477	0.0206104	0.224928	0.437301	0.625114	0.758702	0.82468	0.828467	0.784552	0.71741	0.649832	0.596259	0.568019	0.568019	
0.235638	0.222072	0.189074	0.133299	0.0598099	-0.021102	-0.103594	-0.184888	-0.268832	-0.355856	-0.442273	-0.518563	-0.579159	-0.625662	-0.659325	-0.683516	-0.698503	-0.710283	-0.720454	-0.725013	-0.721406	-0.692111	-0.624894	-0.524748	-0.407381	-0.29074	-0.192821	-0.124129	-0.0902197	-0.0927044	-0.129232	-0.192007	-0.262387	-0.322384	-0.34687	-0.318048	-0.223682	-0.0642248	0.13672	0.35102	0.540628	0.679457	0.755683	0.768589	0.736095	0.67607	0.609181	0.55481	0.523599	0.523599	
0.191783	0.187343	0.166354	0.120859	0.0565108	-0.018162	-0.0885154	-0.159928	-0.235538	-0.312599	-0.387678	-0.451372	-0.504281	-0.544468	-0.571329	-0.586816	-0.592071	-0.591592	-0.597634	-0.604712	-0.599683	-0.562842	-0.488063	-0.383233	-0.263002	-0.153245	-0.0712101	-0.0238033	-0.0185034	-0.0546185	-0.12488	-0.219085	-0.317974	-0.403691	-0.446224	-0.424174	-0.330598	-0.170315	0.0307285	0.243135	0.434452	0.581511	0.673584	0.708569	0.6923	0.641311	0.574872	0.511663	0.476923	0.476923	
0.0771138	0.0772132	0.0706614	0.0479553	0.0107431	-0.038821	-0.0923127	-0.146746	-0.203031	-0.259215	-0.312282	-0.3569	-0.396392	-0.425503	-0.434401	-0.429773	-0.41429	-0.40264	-0.405244	-0.410165	-0.404552	-0.363664	-0.28636	-0.18689	-0.0824668	0.00586905	0.0576238	0.0688811	0.0364453	-0.0368507	-0.140338	-0.268608	-0.397655	-0.506096	-0.562924	-0.549437	-0.458721	-0.298198	-0.0990013	0.116877	0.315168	0.475107	0.585767	0.63395	0.629351	0.587813	0.527376	0.471225	0.439845	0.439845	
-0.0800918	-0.0812385	-0.0761393	-0.0731474	-0.0766774	-0.0925503	-0.109922	-0.133738	-0.161687	-0.186614	-0.210113	-0.23161	-0.255236	-0.26637	-0.252686	-0.222081	-0.183815	-0.14907	-0.13221	-0.123289	-0.112208	-0.0801195	-0.024733	0.0432921	0.116853	0.170433	0.183226	0.155383	0.0823089	-0.0302998	-0.173666	-0.336604	-0.493849	-0.627219	-0.699136	-0.69316	-0.60914	-0.453568	-0.252539	-0.0269996	0.18725	0.362188	0.48267	0.540106	0.543421	0.515582	0.474223	0.43315	0.414387	0.414387	
-0.227516	-0.234457	-0.226238	-0.20788	-0.182745	-0.162864	-0.142949	-0.122653	-0.103383	-0.0902758	-0.0856698	-0.0830989	-0.0831334	-0.0689155	-0.025786	0.0285106	0.0880738	0.142954	0.18206	0.210328	0.225944	0.246646	0.271811	0.297126	0.320923	0.327147	0.296192	0.229496	0.120563	-0.030901	-0.212157	-0.414378	-0.602138	-0.750793	-0.834102	-0.840269	-0.76466	-0.611512	-0.407731	-0.175595	0.0414484	0.218292	0.346701	0.416277	0.441157	0.440587	0.423095	0.401274	0.391996	0.391996	
-0.332439	-0.344596	-0.337975	-0.310474	-0.266791	-0.219296	-0.160436	-0.0993346	-0.0428423	0.00542954	0.0447259	0.0822575	0.119231	0.170886	0.241059	0.309491	0.373905	0.435567	0.485104	0.522357	0.539653	0.5486	0.550126	0.536816	0.514462	0.471291	0.391617	0.282167	0.131494	-0.0590537	-0.27451	-0.495433	-0.690561	-0.850182	-0.943871	-0.958254	-0.888585	-0.739124	-0.541142	-0.317545	-0.107952	0.0657404	0.200825	0.289225	0.336435	0.35838	0.35828	0.344432	0.340536	0.340536	
-0.36823	-0.389769	-0.387111	-0.357723	-0.303788	-0.238811	-0.15639	-0.0643142	0.0263014	0.104519	0.174922	0.252856	0.332036	0.416421	0.507755	0.583976	0.647734	0.703797	0.746127	0.774712	0.782132	0.781259	0.763695	0.719385	0.655828	0.568208	0.443942	0.28959	0.0993423	-0.118538	-0.343461	-0.566604	-0.762444	-0.918049	-1.0101	-1.02376	-0.954033	-0.81177	-0.625549	-0.415288	-0.21668	-0.0455192	0.0934479	0.1846	0.232227	0.253141	0.25095	0.236958	0.233411	0.233411	
-0.323925	-0.351468	-0.355824	-0.330523	-0.276702	-0.204178	-0.107462	0.0015879	0.111172	0.212973	0.314884	0.423244	0.526461	0.626322	0.724555	0.802447	0.863995	0.912724	0.941931	0.952531	0.938781	0.912167	0.866918	0.793367	0.701844	0.58674	0.431201	0.248985	0.0406195	-0.182513	-0.403765	-0.617203	-0.801377	-0.947449	-1.02761	-1.0311	-0.959532	-0.82439	-0.651407	-0.451161	-0.256501	-0.0905499	0.038546	0.112548	0.136693	0.134906	0.113508	0.0860508	0.0766085	0.0766085	
-0.20808	-0.239291	-0.251123	-0.23461	-0.186949	-0.118074	-0.0221061	0.0909374	0.209721	0.326273	0.443634	0.565778	0.674448	0.772495	0.868207	0.946521	1.00367	1.03895	1.04886	1.03353	0.989988	0.932029	0.857228	0.758575	0.64693	0.51595	0.350634	0.166265	-0.0332045	-0.238988	-0.442777	-0.640626	-0.808599	-0.932255	-0.992016	-0.983765	-0.909663	-0.780102	-0.612214	-0.420406	-0.241184	-0.0967152	0.00578352	0.0538247	0.0542201	0.0317557	-0.00722372	-0.0492033	-0.0666231	-0.0666231	
-0.0547877	-0.0844466	-0.0995826	-0.0887384	-0.0505543	0.00569149	0.0831917	0.179885	0.29414	0.413089	0.538318	0.663029	0.768704	0.85903	0.945407	1.00905	1.0449	1.05558	1.03973	0.997821	0.925577	0.840175	0.743937	0.634354	0.519257	0.391416	0.237971	0.0738132	-0.102451	-0.289783	-0.475984	-0.651552	-0.790428	-0.883207	-0.921888	-0.902559	-0.822968	-0.691077	-0.527058	-0.348512	-0.191134	-0.0743473	0.00237884	0.0284706	0.0119518	-0.0241117	-0.0759646	-0.126814	-0.150517	-0.150517	
0.119006	0.0922265	0.0753033	0.0788886	0.101023	0.130057	0.176428	0.249452	0.348833	0.465783	0.589391	0.709505	0.807907	0.888209	0.953305	0.98769	0.987127	0.958526	0.910813	0.841606	0.750483	0.653352	0.55549	0.449453	0.343622	0.237637	0.116479	-0.0156998	-0.167597	-0.337202	-0.507987	-0.658221	-0.767471	-0.833805	-0.84804	-0.806268	-0.707549	-0.566864	-0.40698	-0.244458	-0.107963	-0.0117552	0.045625	0.0569275	0.0276346	-0.0178665	-0.0734181	-0.125543	-0.148468	-0.148468	
0.30113	0.272875	0.252922	0.247255	0.247646	0.247595	0.262151	0.309247	0.393804	0.492392	0.598257	0.703626	0.790342	0.850606	0.886413	0.881366	0.834276	0.764741	0.683901	0.593759	0.493888	0.399301	0.307919	0.216088	0.134347	0.060573	-0.0202701	-0.118451	-0.24398	-0.388131	-0.527905	-0.650297	-0.738709	-0.780623	-0.769356	-0.700209	-0.58068	-0.431804	-0.27226	-0.117476	0.0100954	0.0983705	0.147403	0.149937	0.114688	0.0652242	0.00884945	-0.0394827	-0.0618996	-0.0618996	
0.474198	0.446171	0.420344	0.401092	0.382122	0.359096	0.34956	0.373688	0.425448	0.490844	0.56074	0.631363	0.689197	0.724007	0.725633	0.684774	0.606759	0.507495	0.407317	0.307958	0.210723	0.121998	0.0413734	-0.03404	-0.0926855	-0.1343	-0.184827	-0.254074	-0.3412	-0.439963	-0.540108	-0.627533	-0.686504	-0.70459	-0.670216	-0.584398	-0.454539	-0.299287	-0.137689	0.0199291	0.151375	0.241833	0.292378	0.298671	0.269132	0.225622	0.175471	0.131294	0.110675	0.110675	
0.620304	0.59496	0.567229	0.539474	0.503518	0.461712	0.431783	0.425755	0.437618	0.448948	0.464356	0.488999	0.507815	0.503836	0.475203	0.416171	0.324194	0.221827	0.124872	0.0348301	-0.0518684	-0.131556	-0.204095	-0.263793	-0.301834	-0.329238	-0.358951	-0.398564	-0.445951	-0.497137	-0.5481	-0.59225	-0.615483	-0.601771	-0.548754	-0.456275	-0.329313	-0.177032	-0.00994943	0.154236	0.295346	0.399663	0.464806	0.488783	0.477791	0.448164	0.409023	0.372821	0.35397	0.35397	
0.720681	0.711812	0.68952	0.656089	0.610484	0.554558	0.496967	0.450851	0.408758	0.367906	0.331497	0.303512	0.275692	0.236208	0.180744	0.108783	0.02319	-0.0642992	-0.138458	-0.204518	-0.272525	-0.339176	-0.396908	-0.440346	-0.467817	-0.483735	-0.498468	-0.515416	-0.528661	-0.544064	-0.559773	-0.560811	-0.537734	-0.489559	-0.419203	-0.324187	-0.198719	-0.047668	0.115992	0.28402	0.437627	0.561444	0.650776	0.698905	0.711928	0.700387	0.673552	0.645673	0.628833	0.628833	
0.77552	0.790271	0.782524	0.754447	0.701821	0.625681	0.53781	0.448727	0.358666	0.269792	0.187567	0.11563	0.045298	-0.0306469	-0.108557	-0.186004	-0.264638	-0.327591	-0.370505	-0.406464	-0.446504	-0.488059	-0.524973	-0.551693	-0.566755	-0.574315	-0.571162	-0.566075	-0.564151	-0.564525	-0.55475	-0.522512	-0.46875	-0.39582	-0.302929	-0.189341	-0.0584452	0.0910386	0.253841	0.421801	0.582035	0.719157	0.825563	0.89636	0.930975	0.936353	0.924753	0.907275	0.895833	0.895833	
0.788872	0.832246	0.845968	0.830048	0.779187	0.689708	0.569081	0.43858	0.30828	0.184647	0.0646704	-0.0481813	-0.153963	-0.257416	-0.355306	-0.440485	-0.508068	-0.548557	-0.563021	-0.56471	-0.570525	-0.578597	-0.587169	-0.59494	-0.595586	-0.58328	-0.5595	-0.544263	-0.536158	-0.527713	-0.507694	-0.465581	-0.399842	-0.311163	-0.201192	-0.0737439	0.0690404	0.227305	0.391917	0.558612	0.716837	0.858337	0.974017	1.05464	1.10377	1.12333	1.12665	1.12475	1.12052	1.12052	
0.772191	0.846951	0.890099	0.895832	0.85134	0.748391	0.604086	0.444285	0.280745	0.123259	-0.030758	-0.175951	-0.309971	-0.432837	-0.541794	-0.630973	-0.689751	-0.707939	-0.694191	-0.662498	-0.627984	-0.599266	-0.583065	-0.568986	-0.544642	-0.511338	-0.47711	-0.456998	-0.447675	-0.440449	-0.422041	-0.3847	-0.323211	-0.235756	-0.118625	0.0208535	0.173892	0.341934	0.509888	0.674205	0.828928	0.964987	1.0761	1.15792	1.21392	1.24632	1.26497	1.27377	1.27645	1.27645	
0.736605	0.839793	0.916428	0.952344	0.9241	0.820612	0.663817	0.482107	0.292575	0.105769	-0.08027	-0.251675	-0.402765	-0.536362	-0.649886	-0.734075	-0.781274	-0.783877	-0.749272	-0.685557	-0.618397	-0.561459	-0.518001	-0.479461	-0.434009	-0.388929	-0.352241	-0.335516	-0.331105	-0.328035	-0.319577	-0.293521	-0.237966	-0.15569	-0.0438794	0.0913924	0.24358	0.413064	0.583901	0.751764	0.906651	1.03928	1.14185	1.21659	1.2723	1.30548	1.32433	1.33173	1.33192	1.33192	
0.698128	0.831476	0.946156	1.01283	1.0037	0.907993	0.751306	0.562153	0.354642	0.143749	-0.0630546	-0.249884	-0.412018	-0.550679	-0.663602	-0.749053	-0.789082	-0.775712	-0.721411	-0.636535	-0.550095	-0.47635	-0.41902	-0.361563	-0.298845	-0.248194	-0.218805	-0.209487	-0.213991	-0.226835	-0.230047	-0.211298	-0.160609	-0.0839127	0.0216832	0.149259	0.290489	0.449417	0.614397	0.784861	0.942207	1.07318	1.17451	1.24374	1.28635	1.30152	1.30133	1.29482	1.28922	1.28922	
0.67499	0.829366	0.969607	1.06105	1.07259	0.994067	0.855339	0.673157	0.460821	0.241281	0.0250777	-0.16935	-0.339049	-0.480504	-0.592256	-0.673294	-0.710269	-0.693044	-0.632615	-0.541913	-0.452341	-0.374005	-0.302395	-0.235141	-0.173988	-0.132935	-0.113354	-0.110765	-0.127123	-0.149964	-0.159744	-0.142889	-0.0923186	-0.0213018	0.0770805	0.191669	0.314821	0.459573	0.615271	0.775218	0.92464	1.05619	1.16026	1.22531	1.24979	1.24161	1.22114	1.19852	1.18737	1.18737	
0.672735	0.831002	0.979251	1.08087	1.11145	1.06245	0.95137	0.78802	0.587553	0.371441	0.158499	-0.0334255	-0.202646	-0.347473	-0.462892	-0.55192	-0.591125	-0.569345	-0.507879	-0.422187	-0.340722	-0.264205	-0.195806	-0.136615	-0.0842734	-0.0495048	-0.037624	-0.0457521	-0.0729907	-0.101265	-0.107177	-0.0884211	-0.0399489	0.0271911	0.112225	0.208084	0.316143	0.445556	0.582921	0.725894	0.862938	0.988601	1.08746	1.14128	1.15813	1.14736	1.11995	1.08875	1.07098	1.07098	
0.683138	0.825877	0.961489	1.06187	1.10728	1.08407	1.0068	0.876966	0.70559	0.519314	0.329642	0.146735	-0.0287043	-0.18248	-0.307893	-0.405598	-0.447998	-0.427477	-0.370199	-0.296803	-0.228609	-0.168046	-0.118835	-0.0824038	-0.0481379	-0.0217334	-0.0149835	-0.0226755	-0.0459481	-0.0691844	-0.0737127	-0.0543899	-0.0069494	0.0520937	0.125693	0.209299	0.302997	0.411349	0.524212	0.647189	0.769282	0.875104	0.953362	1.00021	1.02303	1.02862	1.01643	0.992507	0.981577	0.981577	
0.679571	0.793994	0.906472	0.997534	1.05182	1.05512	1.01441	0.928386	0.808847	0.665114	0.507472	0.344003	0.173667	0.00939783	-0.13022	-0.237501	-0.287238	-0.275085	-0.23233	-0.178353	-0.133238	-0.0997377	-0.0838818	-0.0812322	-0.0685794	-0.0520034	-0.049192	-0.0553534	-0.0707629	-0.0805314	-0.0710985	-0.0447159	0.00346606	0.0616819	0.130348	0.205794	0.283749	0.366101	0.453764	0.554708	0.651823	0.732803	0.800092	0.849842	0.881241	0.898964	0.903743	0.902196	0.906626	0.906626	
0.641747	0.717604	0.8005	0.880371	0.943484	0.973535	0.973397	0.941547	0.877005	0.785218	0.668578	0.529265	0.368468	0.206933	0.0655897	-0.0489547	-0.11088	-0.118694	-0.0994518	-0.0730073	-0.0592927	-0.0637699	-0.0874832	-0.115771	-0.125711	-0.128403	-0.140338	-0.148801	-0.149952	-0.139998	-0.112626	-0.0664929	-0.00388054	0.0619033	0.129289	0.193402	0.253325	0.313368	0.381208	0.459846	0.532223	0.600567	0.671337	0.727132	0.759409	0.780199	0.792098	0.797804	0.806777	0.806777	
0.561851	0.59081	0.642163	0.712193	0.785152	0.841142	0.883657	0.906029	0.900577	0.859096	0.785438	0.680637	0.540719	0.387845	0.250104	0.137131	0.0633441	0.0328706	0.0255016	0.0176697	-0.00858942	-0.0556514	-0.116523	-0.174506	-0.211569	-0.237054	-0.261079	-0.268223	-0.259673	-0.233418	-0.180111	-0.107051	-0.0239041	0.0540702	0.11865	0.166591	0.203959	0.246859	0.300761	0.363695	0.430868	0.503152	0.577551	0.630527	0.659907	0.685068	0.694359	0.687407	0.687072	0.687072	
0.434654	0.423979	0.451845	0.512818	0.586448	0.662311	0.739869	0.813345	0.864626	0.879645	0.855808	0.789348	0.678907	0.544374	0.415301	0.302409	0.216694	0.165739	0.134079	0.0930946	0.0212688	-0.0705826	-0.164657	-0.249071	-0.309461	-0.350923	-0.377944	-0.384996	-0.368717	-0.325087	-0.254307	-0.161062	-0.0603819	0.0273921	0.0883632	0.124386	0.15122	0.177995	0.215113	0.273806	0.348867	0.431147	0.505228	0.553435	0.585032	0.606632	0.604099	0.589066	0.583415	0.583415	
0.283188	0.240408	0.243757	0.285738	0.355863	0.44517	0.555444	0.677214	0.781893	0.848857	0.874126	0.852415	0.777538	0.671892	0.562243	0.45381	0.355777	0.281683	0.217833	0.133399	0.0239004	-0.0932652	-0.208936	-0.311838	-0.391415	-0.447543	-0.480655	-0.486436	-0.461559	-0.407756	-0.321566	-0.217401	-0.115359	-0.0292808	0.0270612	0.0619103	0.0892044	0.115929	0.152945	0.21636	0.297911	0.374548	0.444113	0.4968	0.523454	0.531066	0.520729	0.507597	0.507395	0.507395	
0.124174	0.0570096	0.0355867	0.0598861	0.122389	0.22155	0.355358	0.511148	0.658309	0.775953	0.855203	0.885051	0.858292	0.784813	0.687336	0.581084	0.47209	0.374531	0.28072	0.164961	0.0239137	-0.117643	-0.246835	-0.36323	-0.453908	-0.512036	-0.542716	-0.552663	-0.531149	-0.473757	-0.388636	-0.286913	-0.188111	-0.110315	-0.0556492	-0.0160257	0.0187095	0.0593506	0.113603	0.189512	0.270537	0.341378	0.406523	0.453372	0.471168	0.467167	0.454345	0.442327	0.434671	0.434671	
-0.033727	-0.110746	-0.145588	-0.13724	-0.0857803	0.00802334	0.145134	0.320117	0.503002	0.670228	0.801795	0.883184	0.90072	0.858104	0.77778	0.677246	0.567791	0.461838	0.348	0.207906	0.0494036	-0.10604	-0.256435	-0.387652	-0.483099	-0.543946	-0.578757	-0.59469	-0.577659	-0.530035	-0.457936	-0.370481	-0.282034	-0.20253	-0.137362	-0.0839143	-0.0364734	0.0176709	0.0862088	0.167475	0.24482	0.31403	0.374204	0.408758	0.420246	0.42075	0.412851	0.397461	0.384527	0.384527	
-0.182814	-0.257003	-0.296494	-0.297392	-0.257347	-0.173294	-0.0393745	0.140056	0.341938	0.540117	0.707884	0.826448	0.877976	0.864611	0.809904	0.734859	0.644223	0.542345	0.423162	0.279673	0.113721	-0.0574956	-0.222421	-0.365274	-0.474014	-0.549805	-0.598658	-0.623872	-0.61604	-0.578593	-0.516956	-0.437815	-0.350197	-0.270829	-0.201433	-0.141779	-0.0894389	-0.0273645	0.043037	0.121612	0.202163	0.279628	0.343186	0.377339	0.391729	0.394306	0.38393	0.367405	0.358974	0.358974	
-0.303049	-0.374034	-0.416128	-0.424184	-0.388843	-0.308759	-0.179834	-0.000638185	0.208614	0.415769	0.591514	0.72397	0.796359	0.806381	0.779993	0.738551	0.681984	0.604305	0.500814	0.369808	0.204461	0.0227305	-0.156858	-0.31562	-0.44105	-0.534994	-0.601403	-0.638346	-0.639003	-0.603558	-0.538354	-0.459076	-0.374719	-0.302054	-0.243243	-0.197257	-0.15153	-0.0915227	-0.0244251	0.0589097	0.149683	0.236092	0.30694	0.352663	0.377837	0.379139	0.366323	0.353805	0.348662	0.348662	
-0.400225	-0.47141	-0.516842	-0.523477	-0.48415	-0.408175	-0.284783	-0.109919	0.0964769	0.304372	0.482143	0.615491	0.690635	0.717009	0.721076	0.712107	0.687472	0.640457	0.561654	0.449124	0.291074	0.105989	-0.0804621	-0.247477	-0.386607	-0.500293	-0.581673	-0.621876	-0.623398	-0.589424	-0.523578	-0.443095	-0.363509	-0.304946	-0.265484	-0.243575	-0.218918	-0.170008	-0.105823	-0.0162546	0.0897073	0.188175	0.266768	0.326739	0.362251	0.367438	0.361373	0.351573	0.343859	0.343859	
-0.48156	-0.55108	-0.59217	-0.594186	-0.554519	-0.485357	-0.368158	-0.20283	-0.00626092	0.192306	0.362506	0.494606	0.581269	0.628088	0.65662	0.673736	0.673496	0.644549	0.583767	0.488985	0.345303	0.176418	0.008184	-0.153045	-0.300716	-0.420388	-0.508795	-0.557571	-0.566867	-0.536535	-0.473355	-0.401782	-0.337396	-0.303858	-0.288979	-0.286326	-0.28202	-0.249504	-0.190527	-0.0973165	0.0169272	0.129135	0.224973	0.298028	0.343174	0.359372	0.361663	0.355023	0.347228	0.347228	
-0.539362	-0.604937	-0.637905	-0.631442	-0.596545	-0.534787	-0.428475	-0.28169	-0.104404	0.0778319	0.236536	0.3665	0.46504	0.536953	0.592937	0.624525	0.634185	0.621328	0.574997	0.494738	0.373775	0.231594	0.0871286	-0.0581129	-0.192249	-0.305839	-0.394097	-0.443933	-0.4581	-0.432188	-0.384226	-0.337058	-0.30009	-0.296827	-0.310955	-0.330219	-0.342896	-0.328423	-0.274128	-0.180424	-0.0698439	0.0523537	0.169831	0.260683	0.319477	0.352691	0.367984	0.36677	0.364237	0.364237	
-0.571773	-0.626017	-0.645335	-0.638404	-0.606173	-0.549888	-0.462023	-0.343176	-0.190824	-0.0334573	0.11016	0.241291	0.34757	0.435895	0.511094	0.557912	0.587955	0.594969	0.563317	0.497601	0.394787	0.273747	0.144914	0.0107425	-0.10788	-0.20097	-0.271052	-0.304612	-0.31269	-0.297998	-0.266135	-0.247575	-0.246101	-0.268381	-0.313095	-0.359679	-0.387861	-0.3862	-0.341402	-0.254997	-0.148356	-0.0275279	0.0977851	0.202227	0.276038	0.333284	0.368302	0.379293	0.388384	0.388384	
-0.574609	-0.611247	-0.620898	-0.609895	-0.581673	-0.540449	-0.474772	-0.382443	-0.263596	-0.138369	-0.0126798	0.109072	0.221478	0.328357	0.421279	0.487812	0.541919	0.571046	0.556723	0.503907	0.4104	0.293442	0.169295	0.0431852	-0.0531815	-0.116094	-0.162968	-0.175773	-0.168793	-0.152739	-0.134937	-0.137142	-0.164535	-0.219843	-0.288657	-0.359098	-0.408293	-0.415097	-0.380266	-0.300992	-0.19096	-0.0722032	0.045537	0.146105	0.226268	0.291974	0.32989	0.350177	0.369208	0.369208	
-0.525864	-0.55326	-0.565423	-0.560355	-0.542705	-0.520931	-0.481938	-0.417937	-0.335625	-0.239822	-0.137032	-0.0257431	0.0931975	0.214763	0.330976	0.429289	0.506632	0.547908	0.539669	0.484736	0.394592	0.284435	0.165956	0.0586976	-0.013387	-0.0548281	-0.0743452	-0.0646052	-0.0380007	-0.0124515	-0.000826099	-0.0151516	-0.0652922	-0.14503	-0.239131	-0.331628	-0.393991	-0.407763	-0.373266	-0.298396	-0.194542	-0.0812292	0.0231513	0.106064	0.172181	0.224963	0.250944	0.265828	0.282595	0.282595	
-0.450561	-0.47282	-0.486016	-0.493964	-0.503362	-0.508568	-0.496695	-0.468319	-0.42164	-0.353791	-0.263063	-0.151735	-0.0208053	0.11896	0.25612	0.377266	0.465599	0.51119	0.504956	0.44651	0.354407	0.244313	0.135316	0.0549183	0.0109366	-0.00108475	0.00952191	0.0384162	0.0796429	0.112958	0.124003	0.106149	0.0504376	-0.0446838	-0.160258	-0.263855	-0.335294	-0.362628	-0.339056	-0.271862	-0.17956	-0.082714	0.0105558	0.079703	0.118573	0.145435	0.154231	0.149606	0.148348	0.148348	
-0.371087	-0.385305	-0.401258	-0.426423	-0.465594	-0.499468	-0.524624	-0.527826	-0.503441	-0.457581	-0.381737	-0.269261	-0.128945	0.0247953	0.184932	0.326741	0.422528	0.462494	0.4521	0.392513	0.298573	0.196071	0.106777	0.0494565	0.0256697	0.0362688	0.0736908	0.126441	0.183135	0.22904	0.248221	0.224927	0.162628	0.0662664	-0.0543513	-0.165366	-0.245074	-0.291937	-0.289224	-0.234411	-0.162147	-0.0878653	-0.0100838	0.0464917	0.0666813	0.0664738	0.054293	0.0334915	0.0184814	0.0184814	
-0.309378	-0.310172	-0.332697	-0.377021	-0.43296	-0.486863	-0.532257	-0.556946	-0.554029	-0.531311	-0.471244	-0.361762	-0.22255	-0.0562298	0.120729	0.270229	0.365299	0.406951	0.397802	0.339771	0.247113	0.151423	0.073322	0.0244723	0.0167718	0.0464366	0.105001	0.185465	0.26626	0.328632	0.363367	0.348046	0.286304	0.18942	0.0630553	-0.0604809	-0.153611	-0.2113	-0.227953	-0.19664	-0.140157	-0.0835571	-0.0300745	0.0036825	0.00742741	-0.00669193	-0.0346313	-0.0647478	-0.077764	-0.077764	
