1.3654	1.51606	1.57978	1.55829	1.46737	1.33724	1.19704	1.07255	0.964286	0.877652	0.811965	0.748786	0.687861	0.626364	0.561462	0.492504	0.425092	0.36138	0.292391	0.230499	0.179365	0.127194	0.0839212	0.0532897	0.0266531	0.00423017	-0.0105307	-0.0108039	0.0014355	0.0189184	0.0587233	0.139195	0.25036	0.379543	0.51955	0.650345	0.744486	0.771721	0.70246	0.539478	0.328098	0.113162	-0.0903617	-0.279717	-0.448336	-0.591448	-0.7067	-0.788241	-0.829931	-0.829931	
1.51606	1.62658	1.64861	1.58426	1.45662	1.29856	1.13642	0.994584	0.870962	0.772931	0.690926	0.610429	0.541476	0.476549	0.410167	0.346572	0.288457	0.230793	0.173812	0.13182	0.0951723	0.0555718	0.0285478	0.0111692	-0.00640318	-0.021063	-0.0282854	-0.0233831	-0.0122286	0.00213915	0.0411878	0.117392	0.218899	0.340405	0.479775	0.618884	0.729802	0.775788	0.722098	0.573516	0.376105	0.170673	-0.0298117	-0.223197	-0.40697	-0.577658	-0.723801	-0.827225	-0.878192	-0.878192	
1.57978	1.64861	1.62541	1.52076	1.36441	1.18367	1.0077	0.856272	0.725278	0.621482	0.532581	0.455653	0.3934	0.331638	0.272684	0.219367	0.172644	0.129631	0.090702	0.0629474	0.0356654	0.00960289	-0.00382278	-0.0142424	-0.0266246	-0.0354338	-0.0374354	-0.0306944	-0.0228812	-0.0112459	0.0270363	0.0969599	0.187287	0.30061	0.438462	0.584445	0.710016	0.772798	0.735604	0.605481	0.425849	0.231417	0.0340925	-0.163615	-0.363077	-0.561588	-0.73831	-0.863366	-0.923713	-0.923713	
1.55829	1.58426	1.52076	1.38636	1.20779	1.01291	0.83594	0.684648	0.555785	0.459858	0.380609	0.314086	0.258343	0.205481	0.160265	0.122754	0.0916798	0.0598184	0.0328108	0.0175992	-0.000407593	-0.016882	-0.0227731	-0.0292649	-0.0378584	-0.0430429	-0.0420798	-0.0356731	-0.0319115	-0.0218575	0.01537	0.0771203	0.15559	0.260769	0.396246	0.54722	0.684444	0.761631	0.742258	0.635004	0.476808	0.294692	0.10052	-0.102064	-0.317634	-0.543214	-0.748948	-0.89483	-0.964736	-0.964736	
1.46737	1.45662	1.36441	1.20779	1.01546	0.822632	0.654379	0.509193	0.397638	0.31813	0.24731	0.192476	0.150297	0.11301	0.0829515	0.0572906	0.0345483	0.0124806	-0.000247085	-0.00799817	-0.0233552	-0.0319725	-0.0319417	-0.0375788	-0.0447552	-0.0471319	-0.044059	-0.0398025	-0.0400425	-0.0299969	0.00548733	0.057418	0.124204	0.221676	0.353845	0.507372	0.652431	0.741468	0.741668	0.661666	0.528113	0.359457	0.168374	-0.0398768	-0.271729	-0.522448	-0.754265	-0.919563	-0.999245	-0.999245	
1.33724	1.29856	1.18367	1.01291	0.822632	0.641641	0.485122	0.359805	0.269309	0.198646	0.141397	0.105892	0.0774663	0.0507092	0.0291043	0.0132367	0.0004429	-0.0129435	-0.019094	-0.0253062	-0.0359998	-0.037373	-0.0371667	-0.0440481	-0.0485925	-0.0482769	-0.0451359	-0.0444821	-0.0471528	-0.0355944	-0.00338616	0.0375622	0.0937847	0.184223	0.311932	0.464965	0.613445	0.71197	0.733814	0.684915	0.578469	0.42429	0.236256	0.0214264	-0.22646	-0.499096	-0.752712	-0.935367	-1.02497	-1.02497	
1.19704	1.13642	1.0077	0.83594	0.654379	0.485122	0.34881	0.24208	0.16474	0.110334	0.0730249	0.0503902	0.0273938	0.00785515	-0.00239467	-0.00932656	-0.0202249	-0.029117	-0.0287514	-0.0339933	-0.0422101	-0.0405127	-0.041355	-0.0476515	-0.0499499	-0.0487835	-0.0468031	-0.0494967	-0.0525196	-0.0390979	-0.0122284	0.0176445	0.0652288	0.149233	0.270999	0.419941	0.567244	0.673442	0.719028	0.703964	0.626115	0.487352	0.302452	0.0802152	-0.18278	-0.47281	-0.742729	-0.939993	-1.03938	-1.03938	
1.07255	0.994584	0.856272	0.684648	0.509193	0.359805	0.24208	0.150992	0.0966589	0.0572853	0.0292338	0.0115006	-0.00618465	-0.0139423	-0.0174925	-0.0253872	-0.0331514	-0.0337235	-0.0333277	-0.0422375	-0.0454522	-0.0403909	-0.0441084	-0.0506432	-0.0509269	-0.0489046	-0.0488717	-0.0545928	-0.0560042	-0.0412877	-0.0217318	-0.00183551	0.0394431	0.117299	0.231268	0.372176	0.514069	0.626924	0.697891	0.717708	0.668832	0.546384	0.364923	0.134864	-0.141347	-0.443064	-0.722866	-0.931256	-1.03978	-1.03978	
0.964286	0.870962	0.725278	0.555785	0.397638	0.269309	0.16474	0.0966589	0.0542051	0.0166938	-0.00174211	-0.0124287	-0.0209046	-0.023335	-0.0290124	-0.0342699	-0.0370444	-0.0372643	-0.0396689	-0.0456131	-0.0433466	-0.0415056	-0.0489653	-0.0524463	-0.0501093	-0.0491026	-0.0524328	-0.0593672	-0.0571645	-0.0431211	-0.0324286	-0.0200875	0.0172385	0.0886815	0.192637	0.321599	0.454846	0.574173	0.671068	0.724685	0.704012	0.598716	0.421335	0.183895	-0.102368	-0.409146	-0.691886	-0.907146	-1.0233	-1.0233	
0.877652	0.772931	0.621482	0.459858	0.31813	0.198646	0.110334	0.0572853	0.0166938	-0.00803846	-0.0135445	-0.0210304	-0.0284706	-0.0326389	-0.0357232	-0.0383256	-0.0407624	-0.038639	-0.041302	-0.0467831	-0.0438505	-0.0449776	-0.0516077	-0.051673	-0.0497319	-0.0512148	-0.0568453	-0.0622494	-0.0564112	-0.0461895	-0.0442702	-0.0359185	-0.000899752	0.0631403	0.154698	0.268418	0.391323	0.517486	0.639086	0.723114	0.728795	0.641331	0.469142	0.226137	-0.0655088	-0.370185	-0.648849	-0.86594	-0.987128	-0.987128	
0.811965	0.690926	0.532581	0.380609	0.24731	0.141397	0.0730249	0.0292338	-0.00174211	-0.0135445	-0.0193713	-0.0324577	-0.0381124	-0.0360455	-0.037263	-0.0409203	-0.0396929	-0.039045	-0.0470984	-0.0482955	-0.042413	-0.0473238	-0.0534582	-0.0514651	-0.0505694	-0.0540821	-0.060749	-0.0630582	-0.0553223	-0.0515166	-0.0562104	-0.0482262	-0.0151589	0.0399471	0.11694	0.213372	0.326044	0.459354	0.602139	0.711022	0.74025	0.670983	0.505747	0.260869	-0.0298825	-0.325214	-0.593146	-0.806277	-0.92866	-0.92866	
0.748786	0.610429	0.455653	0.314086	0.192476	0.105892	0.0503902	0.0115006	-0.0124287	-0.0210304	-0.0324577	-0.041273	-0.0349324	-0.0336674	-0.0407774	-0.0423574	-0.0407078	-0.0448583	-0.048839	-0.0435708	-0.0435158	-0.0529171	-0.0543082	-0.0503259	-0.0519572	-0.0578863	-0.063924	-0.0620281	-0.0552741	-0.0592366	-0.0667985	-0.0564811	-0.0263788	0.0180628	0.0789907	0.157917	0.262115	0.402006	0.559965	0.686463	0.735588	0.684399	0.528747	0.287923	0.00583906	-0.273249	-0.524449	-0.727213	-0.845795	-0.845795	
0.687861	0.541476	0.3934	0.258343	0.150297	0.0774663	0.0273938	-0.00618465	-0.0209046	-0.0284706	-0.0381124	-0.0349324	-0.0314106	-0.0417944	-0.0461207	-0.0421478	-0.0417212	-0.0455774	-0.0466483	-0.0444607	-0.0494275	-0.0551346	-0.0519418	-0.0503951	-0.0555389	-0.0622105	-0.0649655	-0.0597623	-0.0579758	-0.0687046	-0.074365	-0.0608927	-0.0360013	-0.00366624	0.0409396	0.104297	0.202731	0.346923	0.511861	0.647773	0.712404	0.678594	0.536244	0.307688	0.0431901	-0.213391	-0.442605	-0.628249	-0.737263	-0.737263	
0.626364	0.476549	0.331638	0.205481	0.11301	0.0507092	0.00785515	-0.0139423	-0.023335	-0.0326389	-0.0360455	-0.0336674	-0.0417944	-0.0481025	-0.0417082	-0.0385777	-0.0434114	-0.0493757	-0.0482876	-0.0456172	-0.0518647	-0.0551114	-0.0510913	-0.0528716	-0.0600961	-0.0650713	-0.0634165	-0.0586666	-0.0645554	-0.0777439	-0.0775781	-0.0628608	-0.0458701	-0.0260721	0.00366941	0.05533	0.1505	0.294476	0.456856	0.593829	0.668919	0.6513	0.527195	0.32101	0.0835851	-0.144905	-0.347492	-0.509352	-0.602954	-0.602954	
0.561462	0.410167	0.272684	0.160265	0.0829515	0.0291043	-0.00239467	-0.0174925	-0.0290124	-0.0357232	-0.037263	-0.0407774	-0.0461207	-0.0417082	-0.0371209	-0.0436473	-0.0512313	-0.0501612	-0.0436458	-0.0474169	-0.0572611	-0.0545371	-0.0502135	-0.0571876	-0.0646702	-0.0651545	-0.0609423	-0.0614326	-0.073736	-0.0834103	-0.076802	-0.064856	-0.0575079	-0.0492044	-0.0310844	0.0138506	0.106735	0.243817	0.393993	0.52424	0.604262	0.601482	0.501701	0.328976	0.127976	-0.0672848	-0.238907	-0.370997	-0.444178	-0.444178	
0.492504	0.346572	0.219367	0.122754	0.0572906	0.0132367	-0.00932656	-0.0253872	-0.0342699	-0.0383256	-0.0409203	-0.0423574	-0.0421478	-0.0385777	-0.0436473	-0.0519572	-0.0495998	-0.0431959	-0.0458366	-0.0569324	-0.0577937	-0.0495035	-0.0534946	-0.0641651	-0.0661211	-0.0625939	-0.0610548	-0.0686026	-0.0820443	-0.0841941	-0.0744414	-0.0692912	-0.0714907	-0.0722151	-0.0609831	-0.018049	0.070938	0.19309	0.322655	0.43945	0.518791	0.529859	0.461166	0.332637	0.176594	0.0197059	-0.116578	-0.214252	-0.263777	-0.263777	
0.425092	0.288457	0.172644	0.0916798	0.0345483	0.0004429	-0.0202249	-0.0331514	-0.0370444	-0.0407624	-0.0396929	-0.0407078	-0.0417212	-0.0434114	-0.0512313	-0.0495998	-0.0431809	-0.0466473	-0.0553411	-0.0580634	-0.0514271	-0.0511487	-0.0622152	-0.0670202	-0.0635223	-0.0617567	-0.0657053	-0.0773577	-0.0864183	-0.0812399	-0.073657	-0.0775361	-0.0873933	-0.0934015	-0.0835735	-0.0398756	0.0406432	0.139943	0.242818	0.34079	0.414447	0.439276	0.408248	0.332773	0.228883	0.115981	0.019632	-0.0409204	-0.0660204	-0.0660204	
0.36138	0.230793	0.129631	0.0598184	0.0124806	-0.0129435	-0.029117	-0.0337235	-0.0372643	-0.038639	-0.039045	-0.0448583	-0.0455774	-0.0493757	-0.0501612	-0.0431959	-0.0466473	-0.0545224	-0.0566234	-0.0542366	-0.051658	-0.0584836	-0.0668016	-0.0652534	-0.0623398	-0.064632	-0.0729689	-0.0846149	-0.0860875	-0.0773238	-0.0771122	-0.0897475	-0.103772	-0.110328	-0.0971928	-0.0534678	0.0118361	0.0822172	0.155164	0.230522	0.295069	0.334787	0.346592	0.329817	0.283668	0.221031	0.169283	0.146282	0.143747	0.143747	
0.292391	0.173812	0.090702	0.0328108	-0.000247085	-0.019094	-0.0287514	-0.0333277	-0.0396689	-0.041302	-0.0470984	-0.048839	-0.0466483	-0.0482876	-0.0436458	-0.0458366	-0.0553411	-0.0566234	-0.0555187	-0.0533218	-0.054688	-0.0648301	-0.0683406	-0.0633544	-0.0633668	-0.0702551	-0.0813982	-0.0881117	-0.0817769	-0.0761802	-0.0865148	-0.104527	-0.118061	-0.120581	-0.102184	-0.0631002	-0.0200383	0.0185619	0.0610434	0.111955	0.166542	0.2233	0.280426	0.324044	0.339537	0.33373	0.330759	0.34356	0.359639	0.359639	
0.230499	0.13182	0.0629474	0.0175992	-0.00799817	-0.0253062	-0.0339933	-0.0422375	-0.0456131	-0.0467831	-0.0482955	-0.0435708	-0.0444607	-0.0456172	-0.0474169	-0.0569324	-0.0580634	-0.0542366	-0.0533218	-0.0530958	-0.0627232	-0.0714763	-0.0652719	-0.0610402	-0.0684424	-0.0793588	-0.087703	-0.0855392	-0.0772167	-0.082038	-0.101087	-0.1186	-0.127418	-0.123184	-0.101649	-0.0746378	-0.0588382	-0.0512696	-0.0375807	-0.0103545	0.0366029	0.112793	0.214177	0.316024	0.395297	0.452058	0.500667	0.54596	0.575828	0.575828	
0.179365	0.0951723	0.0356654	-0.000407593	-0.0233552	-0.0359998	-0.0422101	-0.0454522	-0.0433466	-0.0438505	-0.042413	-0.0435158	-0.0494275	-0.0518647	-0.0572611	-0.0577937	-0.0514271	-0.051658	-0.054688	-0.0627232	-0.072796	-0.0670019	-0.0585959	-0.0666711	-0.0792997	-0.0865287	-0.0870925	-0.079839	-0.0790815	-0.0958349	-0.116585	-0.128362	-0.130278	-0.119626	-0.101187	-0.0940354	-0.106746	-0.126443	-0.138043	-0.130446	-0.0858598	0.0112572	0.152261	0.307206	0.450303	0.572822	0.673494	0.747456	0.786985	0.786985	
0.127194	0.0555718	0.00960289	-0.016882	-0.0319725	-0.037373	-0.0405127	-0.0403909	-0.0415056	-0.0449776	-0.0473238	-0.0529171	-0.0551346	-0.0551114	-0.0545371	-0.0495035	-0.0511487	-0.0584836	-0.0648301	-0.0714763	-0.0670019	-0.0575531	-0.0653359	-0.0802453	-0.0858893	-0.0865012	-0.0824526	-0.0786705	-0.0905516	-0.113105	-0.128004	-0.13198	-0.127105	-0.114139	-0.107798	-0.125663	-0.163817	-0.205202	-0.236692	-0.241097	-0.191961	-0.0743144	0.0991344	0.300349	0.504496	0.691531	0.841767	0.941221	0.988398	0.988398	
0.0839212	0.0285478	-0.00382278	-0.0227731	-0.0319417	-0.0371667	-0.041355	-0.0441084	-0.0489653	-0.0516077	-0.0534582	-0.0543082	-0.0519418	-0.0510913	-0.0502135	-0.0534946	-0.0622152	-0.0668016	-0.0683406	-0.0652719	-0.0585959	-0.0653359	-0.0807691	-0.0858293	-0.0851388	-0.0840021	-0.0801325	-0.0866184	-0.10864	-0.12737	-0.132586	-0.129701	-0.120704	-0.113519	-0.12797	-0.170886	-0.228168	-0.284954	-0.328556	-0.334462	-0.274188	-0.138524	0.0595006	0.299482	0.558072	0.80263	0.996859	1.12007	1.17564	1.17564	
0.0532897	0.0111692	-0.0142424	-0.0292649	-0.0375788	-0.0440481	-0.0476515	-0.0506432	-0.0524463	-0.051673	-0.0514651	-0.0503259	-0.0503951	-0.0528716	-0.0571876	-0.0641651	-0.0670202	-0.0652534	-0.0633544	-0.0610402	-0.0666711	-0.0802453	-0.0858293	-0.0844836	-0.0845426	-0.0819286	-0.0844822	-0.10415	-0.126352	-0.133569	-0.130506	-0.123821	-0.116847	-0.125695	-0.165149	-0.227653	-0.296726	-0.362061	-0.407251	-0.403257	-0.327509	-0.177563	0.0383695	0.309186	0.610964	0.900218	1.13033	1.27695	1.34389	1.34389	
0.0266531	-0.00640318	-0.0266246	-0.0378584	-0.0447552	-0.0485925	-0.0499499	-0.0509269	-0.0501093	-0.0497319	-0.0505694	-0.0519572	-0.0555389	-0.0600961	-0.0646702	-0.0661211	-0.0635223	-0.0623398	-0.0633668	-0.0684424	-0.0792997	-0.0858893	-0.0851388	-0.0845426	-0.0826999	-0.0837028	-0.100841	-0.125095	-0.134871	-0.131034	-0.124908	-0.11917	-0.123748	-0.156554	-0.217995	-0.291616	-0.36584	-0.431283	-0.465559	-0.442228	-0.349723	-0.188721	0.0406199	0.333289	0.662412	0.979212	1.23547	1.40542	1.48719	1.48719	
0.00423017	-0.021063	-0.0354338	-0.0430429	-0.0471319	-0.0482769	-0.0487835	-0.0489046	-0.0491026	-0.0512148	-0.0540821	-0.0578863	-0.0622105	-0.0650713	-0.0651545	-0.0625939	-0.0617567	-0.064632	-0.0702551	-0.0793588	-0.0865287	-0.0865012	-0.0840021	-0.0819286	-0.0837028	-0.0996293	-0.124194	-0.135948	-0.131666	-0.12497	-0.12058	-0.123087	-0.149311	-0.206631	-0.281066	-0.357973	-0.430921	-0.485477	-0.496935	-0.449253	-0.340795	-0.169895	0.0698703	0.373438	0.710979	1.03661	1.30844	1.49991	1.59811	1.59811	
-0.0105307	-0.0282854	-0.0374354	-0.0420798	-0.044059	-0.0451359	-0.0468031	-0.0488717	-0.0524328	-0.0568453	-0.060749	-0.063924	-0.0649655	-0.0634165	-0.0609423	-0.0610548	-0.0657053	-0.0729689	-0.0813982	-0.087703	-0.0870925	-0.0824526	-0.0801325	-0.0844822	-0.100841	-0.124194	-0.136357	-0.132142	-0.124738	-0.121203	-0.123233	-0.144486	-0.196763	-0.27023	-0.347698	-0.422151	-0.485303	-0.516566	-0.497525	-0.425237	-0.301523	-0.119753	0.126906	0.428249	0.755107	1.07235	1.34865	1.55591	1.66816	1.66816	
-0.0108039	-0.0233831	-0.0306944	-0.0356731	-0.0398025	-0.0444821	-0.0494967	-0.0545928	-0.0593672	-0.0622494	-0.0630582	-0.0620281	-0.0597623	-0.0586666	-0.0614326	-0.0686026	-0.0773577	-0.0846149	-0.0881117	-0.0855392	-0.079839	-0.0786705	-0.0866184	-0.10415	-0.125095	-0.135948	-0.132142	-0.124621	-0.121374	-0.123563	-0.141804	-0.189547	-0.261166	-0.33858	-0.41255	-0.478326	-0.520006	-0.51813	-0.467313	-0.372569	-0.23256	-0.0388927	0.208436	0.493611	0.79395	1.08917	1.35799	1.57011	1.68917	1.68917	
0.0014355	-0.0122286	-0.0228812	-0.0319115	-0.0400425	-0.0471528	-0.0525196	-0.0560042	-0.0571645	-0.0564112	-0.0553223	-0.0552741	-0.0579758	-0.0645554	-0.073736	-0.0820443	-0.0864183	-0.0860875	-0.0817769	-0.0772167	-0.0790815	-0.0905516	-0.10864	-0.126352	-0.134871	-0.131666	-0.124738	-0.121374	-0.123708	-0.140667	-0.185251	-0.254759	-0.331736	-0.404827	-0.470663	-0.517522	-0.526172	-0.488127	-0.409102	-0.293106	-0.134872	0.0685454	0.307148	0.564133	0.827845	1.0913	1.33945	1.54079	1.65551	1.65551	
0.0189184	0.00213915	-0.0112459	-0.0218575	-0.0299969	-0.0355944	-0.0390979	-0.0412877	-0.0431211	-0.0461895	-0.0515166	-0.0592366	-0.0687046	-0.0777439	-0.0834103	-0.0841941	-0.0812399	-0.0773238	-0.0761802	-0.082038	-0.0958349	-0.113105	-0.12737	-0.133569	-0.131034	-0.12497	-0.121203	-0.123563	-0.140667	-0.183835	-0.251453	-0.327523	-0.399657	-0.464615	-0.513746	-0.529019	-0.499313	-0.429087	-0.325695	-0.187624	-0.011735	0.194133	0.413504	0.634948	0.857818	1.08234	1.29557	1.46835	1.56623	1.56623	
0.0587233	0.0411878	0.0270363	0.01537	0.00548733	-0.00338616	-0.0122284	-0.0217318	-0.0324286	-0.0442702	-0.0562104	-0.0667985	-0.074365	-0.0775781	-0.076802	-0.0744414	-0.073657	-0.0771122	-0.0865148	-0.101087	-0.116585	-0.128004	-0.132586	-0.130506	-0.124908	-0.12058	-0.123233	-0.141804	-0.185251	-0.251453	-0.326099	-0.397094	-0.46089	-0.510607	-0.529815	-0.505875	-0.441293	-0.344832	-0.217939	-0.0578378	0.129315	0.326501	0.518553	0.70265	0.884092	1.06327	1.22783	1.35607	1.42655	1.42655	
0.139195	0.117392	0.0969599	0.0771203	0.057418	0.0375622	0.0176445	-0.00183551	-0.0200875	-0.0359185	-0.0482262	-0.0564811	-0.0608927	-0.0628608	-0.064856	-0.0692912	-0.0775361	-0.0897475	-0.104527	-0.1186	-0.128362	-0.13198	-0.129701	-0.123821	-0.11917	-0.123087	-0.144486	-0.189547	-0.254759	-0.327523	-0.397094	-0.459642	-0.508893	-0.529902	-0.509693	-0.449089	-0.357	-0.236827	-0.0862509	0.0903947	0.276768	0.454566	0.616075	0.764617	0.904313	1.03173	1.13701	1.21064	1.24792	1.24792	
0.25036	0.218899	0.187287	0.15559	0.124204	0.0937847	0.0652288	0.0394431	0.0172385	-0.000899752	-0.0151589	-0.0263788	-0.0360013	-0.0458701	-0.0575079	-0.0714907	-0.0873933	-0.103772	-0.118061	-0.127418	-0.130278	-0.127105	-0.120704	-0.116847	-0.123748	-0.149311	-0.196763	-0.261166	-0.331736	-0.399657	-0.46089	-0.508893	-0.529873	-0.511474	-0.453564	-0.364554	-0.248881	-0.104726	0.0651464	0.246027	0.418399	0.570656	0.702523	0.817157	0.912785	0.983102	1.02459	1.04205	1.04633	1.04633	
0.379543	0.340405	0.30061	0.260769	0.221676	0.184223	0.149233	0.117299	0.0886815	0.0631403	0.0399471	0.0180628	-0.00366624	-0.0260721	-0.0492044	-0.0722151	-0.0934015	-0.110328	-0.120581	-0.123184	-0.119626	-0.114139	-0.113519	-0.125695	-0.156554	-0.206631	-0.27023	-0.33858	-0.404827	-0.464615	-0.510607	-0.529902	-0.511474	-0.455034	-0.368233	-0.255758	-0.116245	0.0485442	0.225692	0.395888	0.545387	0.671162	0.774812	0.854012	0.901604	0.913015	0.894213	0.862591	0.83953	0.83953	
0.51955	0.479775	0.438462	0.396246	0.353845	0.311932	0.270999	0.231268	0.192637	0.154698	0.11694	0.0789907	0.0409396	0.00366941	-0.0310844	-0.0609831	-0.0835735	-0.0971928	-0.102184	-0.101649	-0.101187	-0.107798	-0.12797	-0.165149	-0.217995	-0.281066	-0.347698	-0.41255	-0.470663	-0.513746	-0.529815	-0.509693	-0.453564	-0.368233	-0.258007	-0.121843	0.0389006	0.212734	0.381233	0.529854	0.653932	0.754104	0.82779	0.866783	0.863544	0.820181	0.752352	0.685182	0.643839	0.643839	
0.650345	0.618884	0.584445	0.54722	0.507372	0.464965	0.419941	0.372176	0.321599	0.268418	0.213372	0.157917	0.104297	0.05533	0.0138506	-0.018049	-0.0398756	-0.0534678	-0.0631002	-0.0746378	-0.0940354	-0.125663	-0.170886	-0.227653	-0.291616	-0.357973	-0.422151	-0.478326	-0.517522	-0.529019	-0.505875	-0.449089	-0.364554	-0.255758	-0.121843	0.035721	0.206335	0.372671	0.520254	0.643603	0.742851	0.815656	0.853717	0.847595	0.795377	0.708019	0.607774	0.521309	0.471566	0.471566	
0.744486	0.729802	0.710016	0.684444	0.652431	0.613445	0.567244	0.514069	0.454846	0.391323	0.326044	0.262115	0.202731	0.1505	0.106735	0.070938	0.0406432	0.0118361	-0.0200383	-0.0588382	-0.106746	-0.163817	-0.228168	-0.296726	-0.36584	-0.430921	-0.485303	-0.520006	-0.526172	-0.499313	-0.441293	-0.357	-0.248881	-0.116245	0.0389006	0.206335	0.369831	0.515551	0.637788	0.736374	0.809294	0.848733	0.844659	0.792713	0.699922	0.584385	0.46992	0.379374	0.329709	0.329709	
0.771721	0.775788	0.772798	0.761631	0.741468	0.71197	0.673442	0.626924	0.574173	0.517486	0.459354	0.402006	0.346923	0.294476	0.243817	0.19309	0.139943	0.0822172	0.0185619	-0.0512696	-0.126443	-0.205202	-0.284954	-0.362061	-0.431283	-0.485477	-0.516566	-0.51813	-0.488127	-0.429087	-0.344832	-0.236827	-0.104726	0.0485442	0.212734	0.372671	0.515551	0.635882	0.733289	0.805919	0.846522	0.845204	0.796504	0.705033	0.585786	0.45958	0.346954	0.263816	0.220021	0.220021	
0.70246	0.722098	0.735604	0.742258	0.741668	0.733814	0.719028	0.697891	0.671068	0.639086	0.602139	0.559965	0.511861	0.456856	0.393993	0.322655	0.242818	0.155164	0.0610434	-0.0375807	-0.138043	-0.236692	-0.328556	-0.407251	-0.465559	-0.496935	-0.497525	-0.467313	-0.409102	-0.325695	-0.217939	-0.0862509	0.0651464	0.225692	0.381233	0.520254	0.637788	0.733289	0.804832	0.845567	0.84602	0.800421	0.712072	0.594004	0.464966	0.343637	0.244254	0.175201	0.140142	0.140142	
0.539478	0.573516	0.605481	0.635004	0.661666	0.684915	0.703964	0.717708	0.724685	0.723114	0.711022	0.686463	0.647773	0.593829	0.52424	0.43945	0.34079	0.230522	0.111955	-0.0103545	-0.130446	-0.241097	-0.334462	-0.403257	-0.442228	-0.449253	-0.425237	-0.372569	-0.293106	-0.187624	-0.0578378	0.0903947	0.246027	0.395888	0.529854	0.643603	0.736374	0.805919	0.845567	0.846329	0.802579	0.716994	0.601361	0.473039	0.349518	0.244027	0.163825	0.111088	0.0852226	0.0852226	
0.328098	0.376105	0.425849	0.476808	0.528113	0.578469	0.626115	0.668832	0.704012	0.728795	0.74025	0.735588	0.712404	0.668919	0.604262	0.518791	0.414447	0.295069	0.166542	0.0366029	-0.0858598	-0.191961	-0.274188	-0.327509	-0.349723	-0.340795	-0.301523	-0.23256	-0.134872	-0.011735	0.129315	0.276768	0.418399	0.545387	0.653932	0.742851	0.809294	0.846522	0.84602	0.802579	0.718699	0.605353	0.478836	0.35574	0.248707	0.164524	0.104655	0.0672501	0.0494988	0.0494988	
0.113162	0.170673	0.231417	0.294692	0.359457	0.42429	0.487352	0.546384	0.598716	0.641331	0.670983	0.684399	0.678594	0.6513	0.601482	0.529859	0.439276	0.334787	0.2233	0.112793	0.0112572	-0.0743144	-0.138524	-0.177563	-0.188721	-0.169895	-0.119753	-0.0388927	0.0685454	0.194133	0.326501	0.454566	0.570656	0.671162	0.754104	0.815656	0.848733	0.845204	0.800421	0.716994	0.605353	0.480868	0.359262	0.25264	0.167562	0.105332	0.0636842	0.0388795	0.0274735	0.0274735	
-0.0903617	-0.0298117	0.0340925	0.10052	0.168374	0.236256	0.302452	0.364923	0.421335	0.469142	0.505747	0.528747	0.536244	0.527195	0.501701	0.461166	0.408248	0.346592	0.280426	0.214177	0.152261	0.0991344	0.0595006	0.0383695	0.0406199	0.0698703	0.126906	0.208436	0.307148	0.413504	0.518553	0.616075	0.702523	0.774812	0.82779	0.853717	0.844659	0.796504	0.712072	0.601361	0.478836	0.359262	0.254072	0.169545	0.106964	0.0640742	0.0369295	0.0214748	0.0145808	0.0145808	
-0.279717	-0.223197	-0.163615	-0.102064	-0.0398768	0.0214264	0.0802152	0.134864	0.183895	0.226137	0.260869	0.287923	0.307688	0.32101	0.328976	0.332637	0.332773	0.329817	0.324044	0.316024	0.307206	0.300349	0.299482	0.309186	0.333289	0.373438	0.428249	0.493611	0.564133	0.634948	0.70265	0.764617	0.817157	0.854012	0.866783	0.847595	0.792713	0.705033	0.594004	0.473039	0.35574	0.25264	0.169545	0.107639	0.0647636	0.037066	0.0204206	0.0113388	0.00740451	0.00740451	
-0.448336	-0.40697	-0.363077	-0.317634	-0.271729	-0.22646	-0.18278	-0.141347	-0.102368	-0.0655088	-0.0298825	0.00583906	0.0431901	0.0835851	0.127976	0.176594	0.228883	0.283668	0.339537	0.395297	0.450303	0.504496	0.558072	0.610964	0.662412	0.710979	0.755107	0.79395	0.827845	0.857818	0.884092	0.904313	0.912785	0.901604	0.863544	0.795377	0.699922	0.585786	0.464966	0.349518	0.248707	0.167562	0.106964	0.0647636	0.0372497	0.020417	0.0107782	0.00572785	0.00360113	0.00360113	
-0.591448	-0.577658	-0.561588	-0.543214	-0.522448	-0.499096	-0.47281	-0.443064	-0.409146	-0.370185	-0.325214	-0.273249	-0.213391	-0.144905	-0.0672848	0.0197059	0.115981	0.221031	0.33373	0.452058	0.572822	0.691531	0.80263	0.900218	0.979212	1.03661	1.07235	1.08917	1.0913	1.08234	1.06327	1.03173	0.983102	0.913015	0.820181	0.708019	0.584385	0.45958	0.343637	0.244027	0.164524	0.105332	0.0640742	0.037066	0.020417	0.0107371	0.005442	0.00277327	0.00168009	0.00168009	
-0.7067	-0.723801	-0.73831	-0.748948	-0.754265	-0.752712	-0.742729	-0.722866	-0.691886	-0.648849	-0.593146	-0.524449	-0.442605	-0.347492	-0.238907	-0.116578	0.019632	0.169283	0.330759	0.500667	0.673494	0.841767	0.996859	1.13033	1.23547	1.30844	1.34865	1.35799	1.33945	1.29557	1.22783	1.13701	1.02459	0.894213	0.752352	0.607774	0.46992	0.346954	0.244254	0.163825	0.104655	0.0636842	0.0369295	0.0204206	0.0107782	0.005442	0.00265044	0.00129641	0.000756883	0.000756883	
-0.788241	-0.827225	-0.863366	-0.89483	-0.919563	-0.935367	-0.939993	-0.931256	-0.907146	-0.86594	-0.806277	-0.727213	-0.628249	-0.509352	-0.370997	-0.214252	-0.0409204	0.146282	0.34356	0.54596	0.747456	0.941221	1.12007	1.27695	1.40542	1.49991	1.55591	1.57011	1.54079	1.46835	1.35607	1.21064	1.04205	0.862591	0.685182	0.521309	0.379374	0.263816	0.175201	0.111088	0.0672501	0.0388795	0.0214748	0.0113388	0.00572785	0.00277327	0.00129641	0.000607895	0.00034141	0.00034141	
-0.829931	-0.878192	-0.923713	-0.964736	-0.999245	-1.02497	-1.03938	-1.03978	-1.0233	-0.987128	-0.92866	-0.845795	-0.737263	-0.602954	-0.444178	-0.263777	-0.0660204	0.143747	0.359639	0.575828	0.786985	0.988398	1.17564	1.34389	1.48719	1.59811	1.66816	1.68917	1.65551	1.56623	1.42655	1.24792	1.04633	0.83953	0.643839	0.471566	0.329709	0.220021	0.140142	0.0852226	0.0494988	0.0274735	0.0145808	0.00740451	0.00360113	0.00168009	0.000756883	0.00034141	0.000184825	0.000184825	
-0.829931	-0.878192	-0.923713	-0.964736	-0.999245	-1.02497	-1.03938	-1.03978	-1.0233	-0.987128	-0.92866	-0.845795	-0.737263	-0.602954	-0.444178	-0.263777	-0.0660204	0.143747	0.359639	0.575828	0.786985	0.988398	1.17564	1.34389	1.48719	1.59811	1.66816	1.68917	1.65551	1.56623	1.42655	1.24792	1.04633	0.83953	0.643839	0.471566	0.329709	0.220021	0.140142	0.0852226	0.0494988	0.0274735	0.0145808	0.00740451	0.00360113	0.00168009	0.000756883	0.00034141	0.000184825	0.000184825	
