-0.898285	-0.655956	-0.392783	-0.137832	0.066908	0.219111	0.330756	0.417723	0.51295	0.633101	0.762177	0.887666	0.994758	1.07288	1.13235	1.15883	1.1638	1.17485	1.20414	1.23511	1.26286	1.26865	1.24486	1.23201	1.2272	1.20827	1.16805	1.1051	1.01744	0.913336	0.7956	0.664382	0.521892	0.351991	0.169096	-0.000906194	-0.165714	-0.339418	-0.511236	-0.668637	-0.813465	-0.939775	-1.05552	-1.16421	-1.25102	-1.31659	-1.36611	-1.40223	-1.42409	-1.42409	
-0.898285	-0.655956	-0.392783	-0.137832	0.066908	0.219111	0.330756	0.417723	0.51295	0.633101	0.762177	0.887666	0.994758	1.07288	1.13235	1.15883	1.1638	1.17485	1.20414	1.23511	1.26286	1.26865	1.24486	1.23201	1.2272	1.20827	1.16805	1.1051	1.01744	0.913336	0.7956	0.664382	0.521892	0.351991	0.169096	-0.000906194	-0.165714	-0.339418	-0.511236	-0.668637	-0.813465	-0.939775	-1.05552	-1.16421	-1.25102	-1.31659	-1.36611	-1.40223	-1.42409	-1.42409	
-0.834005	-0.599967	-0.346966	-0.103439	0.0879037	0.225332	0.323218	0.398359	0.483694	0.595147	0.720949	0.846119	0.957901	1.04344	1.11206	1.14953	1.16367	1.18262	1.21393	1.24398	1.26556	1.26016	1.2236	1.19271	1.16903	1.13179	1.0751	0.999879	0.904289	0.797948	0.683368	0.560726	0.430766	0.278073	0.116487	-0.0325225	-0.176314	-0.328864	-0.480838	-0.619064	-0.748929	-0.865328	-0.971086	-1.07174	-1.15404	-1.21527	-1.26269	-1.29819	-1.31774	-1.31774	
-0.720314	-0.498717	-0.265575	-0.0477053	0.119966	0.234908	0.308964	0.362408	0.428648	0.52685	0.643117	0.767171	0.882123	0.978654	1.06007	1.1117	1.14176	1.16926	1.20539	1.23238	1.24385	1.22317	1.16551	1.1097	1.05647	0.991694	0.911524	0.817243	0.711379	0.601894	0.493191	0.385178	0.277614	0.155133	0.0265014	-0.0871153	-0.194533	-0.310295	-0.427917	-0.539304	-0.641754	-0.730882	-0.817542	-0.901617	-0.96935	-1.02184	-1.06125	-1.09042	-1.10961	-1.10961	
-0.57446	-0.379263	-0.17445	0.0147593	0.152795	0.235859	0.281164	0.309822	0.354178	0.430656	0.534354	0.650507	0.766393	0.869125	0.959521	1.0251	1.06693	1.10519	1.14206	1.16686	1.16836	1.1307	1.05663	0.974826	0.895215	0.806044	0.705079	0.59771	0.485432	0.378813	0.28075	0.190879	0.107045	0.0161281	-0.0733972	-0.149378	-0.219117	-0.293822	-0.36987	-0.438772	-0.504264	-0.564226	-0.619249	-0.674065	-0.719715	-0.751304	-0.776711	-0.797763	-0.808229	-0.808229	
-0.439174	-0.271295	-0.100185	0.0513691	0.157469	0.214856	0.234114	0.239389	0.261339	0.319033	0.40578	0.510568	0.618145	0.719383	0.809025	0.876433	0.924063	0.962327	0.998041	1.01819	1.01206	0.966964	0.884802	0.793387	0.699984	0.600573	0.493711	0.382442	0.273723	0.173749	0.0876374	0.016192	-0.0450422	-0.105797	-0.162812	-0.204095	-0.235164	-0.268269	-0.302933	-0.334218	-0.357876	-0.374299	-0.392531	-0.412056	-0.425794	-0.434212	-0.43903	-0.443876	-0.449527	-0.449527	
-0.332266	-0.201772	-0.0670695	0.0512662	0.130832	0.161983	0.160393	0.149222	0.155596	0.194221	0.263878	0.352244	0.445936	0.535257	0.611988	0.671004	0.711554	0.744189	0.771191	0.787538	0.778468	0.733534	0.660337	0.573251	0.485572	0.393999	0.296353	0.197334	0.101003	0.0159821	-0.0546385	-0.110581	-0.153888	-0.191068	-0.218524	-0.231061	-0.233201	-0.229272	-0.221869	-0.210253	-0.192773	-0.172337	-0.152226	-0.135029	-0.118007	-0.0991309	-0.0857362	-0.0793543	-0.0753509	-0.0753509	
-0.275675	-0.173953	-0.0704539	0.0165948	0.0708366	0.0870123	0.0729766	0.0513402	0.0457111	0.0691762	0.122458	0.190787	0.263734	0.331961	0.384504	0.422458	0.445566	0.46192	0.47622	0.48675	0.479145	0.445674	0.39406	0.331514	0.266575	0.200764	0.130197	0.0541209	-0.0184896	-0.0844344	-0.139104	-0.177659	-0.205814	-0.223047	-0.227168	-0.215944	-0.188639	-0.151972	-0.112148	-0.0659377	-0.0122271	0.0409991	0.091703	0.138118	0.177609	0.211767	0.239747	0.258865	0.267247	0.267247	
-0.254942	-0.174865	-0.0934344	-0.0277754	0.0145378	0.0194957	-0.00327425	-0.0318641	-0.0474353	-0.039048	-0.00798106	0.0358109	0.0810254	0.120017	0.140422	0.148282	0.147355	0.142323	0.140346	0.145917	0.142199	0.126731	0.107321	0.0793899	0.0513126	0.0237628	-0.00873811	-0.0484727	-0.0894586	-0.126996	-0.158	-0.179064	-0.189108	-0.185313	-0.167813	-0.136102	-0.0909035	-0.0311036	0.0356109	0.103913	0.178427	0.251317	0.31794	0.379256	0.434103	0.479185	0.510766	0.531888	0.542693	0.542693	
-0.266604	-0.190484	-0.113841	-0.0540976	-0.0186887	-0.0162167	-0.0410439	-0.0758313	-0.103649	-0.117987	-0.112668	-0.102245	-0.0905398	-0.0866185	-0.103643	-0.126506	-0.154776	-0.180586	-0.198398	-0.198885	-0.197106	-0.194231	-0.180279	-0.16915	-0.157236	-0.140371	-0.125674	-0.121154	-0.117762	-0.11588	-0.1144	-0.105324	-0.0928836	-0.0691748	-0.0318856	0.012703	0.0690044	0.138015	0.209688	0.28711	0.367994	0.439103	0.508801	0.574975	0.627435	0.668904	0.702334	0.728467	0.741393	0.741393	
-0.305008	-0.21708	-0.130738	-0.0654672	-0.020797	-0.0110313	-0.0349838	-0.0753983	-0.118866	-0.156669	-0.186896	-0.214707	-0.241544	-0.275232	-0.326422	-0.379679	-0.42824	-0.47131	-0.500837	-0.505064	-0.500787	-0.481134	-0.439099	-0.393632	-0.343516	-0.284004	-0.221022	-0.165715	-0.111407	-0.0604691	-0.0150462	0.0286488	0.071149	0.120359	0.172743	0.224295	0.278652	0.340658	0.403783	0.466571	0.532143	0.591021	0.646117	0.701613	0.752955	0.790917	0.816178	0.837558	0.847828	0.847828	
-0.362702	-0.257049	-0.150923	-0.0676307	-0.00935263	0.0108826	-0.0059655	-0.0494286	-0.107327	-0.173834	-0.239261	-0.306709	-0.370071	-0.436362	-0.515661	-0.586164	-0.646208	-0.69424	-0.726767	-0.73228	-0.724164	-0.694401	-0.632845	-0.562733	-0.485282	-0.391319	-0.285629	-0.181992	-0.0745363	0.0298407	0.122983	0.207837	0.28077	0.349093	0.412722	0.462676	0.504217	0.546821	0.586179	0.628561	0.670912	0.700975	0.735529	0.775343	0.80705	0.828565	0.847098	0.868135	0.878608	0.878608	
-0.426482	-0.302066	-0.178211	-0.0802015	-0.00820307	0.0264647	0.0177496	-0.0268189	-0.0957424	-0.182145	-0.27702	-0.376338	-0.467502	-0.55715	-0.651418	-0.7303	-0.790004	-0.834559	-0.86234	-0.864214	-0.852391	-0.812528	-0.737193	-0.648255	-0.55012	-0.431664	-0.293466	-0.152171	-0.00289858	0.143537	0.27433	0.389483	0.485606	0.569485	0.637603	0.682587	0.71088	0.731051	0.743794	0.758108	0.770486	0.771073	0.776862	0.793702	0.811115	0.817373	0.819407	0.829343	0.833426	0.833426	
-0.458873	-0.326782	-0.193821	-0.0895192	-0.0125831	0.0262379	0.0216913	-0.0213897	-0.0958558	-0.193751	-0.306714	-0.423125	-0.527916	-0.627603	-0.724976	-0.801612	-0.853849	-0.887741	-0.905277	-0.900232	-0.880881	-0.831019	-0.742803	-0.639333	-0.527578	-0.39518	-0.241073	-0.0787035	0.0930783	0.262366	0.414616	0.544972	0.652329	0.741454	0.808421	0.847443	0.861387	0.860484	0.851896	0.845019	0.832664	0.806291	0.78647	0.77947	0.773329	0.758589	0.74676	0.749926	0.751687	0.751687	
-0.441765	-0.310485	-0.181981	-0.0834766	-0.0159461	0.0179817	0.0137461	-0.0295995	-0.101887	-0.199961	-0.313296	-0.429526	-0.532657	-0.627767	-0.719178	-0.788197	-0.832575	-0.858	-0.866509	-0.857553	-0.831544	-0.770993	-0.671765	-0.554072	-0.432434	-0.296126	-0.139429	0.0232683	0.194804	0.363964	0.513626	0.642689	0.748927	0.835652	0.902315	0.939137	0.946828	0.934042	0.909252	0.886357	0.854021	0.802898	0.761035	0.737049	0.714462	0.684508	0.661497	0.655874	0.652489	0.652489	
-0.366209	-0.246852	-0.132412	-0.0527731	-0.00343475	0.0182265	0.00693508	-0.0335116	-0.0999665	-0.185994	-0.288378	-0.390405	-0.477644	-0.559227	-0.634799	-0.693752	-0.729943	-0.747727	-0.752071	-0.742291	-0.714374	-0.650045	-0.545199	-0.423271	-0.301936	-0.173755	-0.0342489	0.112234	0.26474	0.413895	0.550036	0.666074	0.76498	0.851165	0.916625	0.956507	0.96672	0.948212	0.917611	0.886647	0.841834	0.778098	0.719514	0.679854	0.647252	0.608357	0.576538	0.565238	0.561585	0.561585	
-0.245898	-0.149541	-0.0615244	-0.00542885	0.0199501	0.0234588	0.00828781	-0.0276994	-0.0800552	-0.149967	-0.232517	-0.311171	-0.378225	-0.437044	-0.492994	-0.535555	-0.559725	-0.569946	-0.56906	-0.563991	-0.541911	-0.484342	-0.390475	-0.278948	-0.172843	-0.0699311	0.040238	0.155561	0.276204	0.398113	0.509634	0.609408	0.69949	0.780401	0.852118	0.903336	0.922178	0.911974	0.888157	0.86052	0.815003	0.745702	0.680953	0.63416	0.587847	0.539027	0.504031	0.48766	0.481503	0.481503	
-0.0982705	-0.0359288	0.0180951	0.0418884	0.0416663	0.0320767	0.0132698	-0.0127007	-0.0492313	-0.0982349	-0.159537	-0.217124	-0.263131	-0.3002	-0.331482	-0.352213	-0.358216	-0.35203	-0.343622	-0.342222	-0.331311	-0.294969	-0.226106	-0.144004	-0.070271	-0.00304692	0.0647975	0.143077	0.22893	0.316443	0.403236	0.482784	0.558749	0.637879	0.713137	0.777288	0.818784	0.829365	0.826343	0.817493	0.785857	0.724642	0.658	0.606836	0.555957	0.498631	0.451596	0.423456	0.412897	0.412897	
0.0583126	0.0787744	0.0920834	0.084612	0.0603531	0.0352055	0.016447	0.00317446	-0.014992	-0.047011	-0.0913669	-0.131617	-0.163192	-0.180841	-0.188738	-0.184832	-0.165601	-0.137899	-0.116156	-0.114694	-0.118072	-0.107941	-0.0750181	-0.0337113	-7.8542e-05	0.0223846	0.0463237	0.0860633	0.135538	0.192765	0.253377	0.312673	0.373735	0.442911	0.521924	0.601101	0.662074	0.700037	0.730469	0.751584	0.747271	0.710523	0.658274	0.607178	0.546043	0.481794	0.428625	0.390498	0.376844	0.376844	
0.193929	0.174514	0.149455	0.110371	0.0659074	0.0308786	0.0117721	0.00818562	0.00444834	-0.0123104	-0.0419685	-0.0690814	-0.0902139	-0.0909424	-0.078626	-0.0517587	-0.00974586	0.0374349	0.0713146	0.072288	0.0562365	0.0391805	0.0375771	0.0401913	0.0342872	0.018169	0.0017027	0.00583428	0.0250718	0.0533425	0.0904872	0.130359	0.174092	0.233976	0.310433	0.395827	0.476459	0.543262	0.605119	0.6565	0.684136	0.675856	0.643899	0.610495	0.560538	0.500174	0.448407	0.407809	0.39093	0.39093	
0.276805	0.225188	0.173296	0.117268	0.0601102	0.0156519	-0.00595439	-0.00145279	0.00586782	-0.00184808	-0.0188881	-0.0356169	-0.0454794	-0.0329883	-0.00556086	0.03707	0.0924591	0.151283	0.188911	0.190287	0.164581	0.128372	0.104501	0.0784443	0.0443519	-0.0026739	-0.0532433	-0.0811296	-0.0908578	-0.0866058	-0.0665521	-0.0383149	-0.00635059	0.0453679	0.119954	0.205705	0.290165	0.368015	0.447885	0.521758	0.578554	0.606874	0.610218	0.602894	0.577254	0.544992	0.512098	0.479917	0.470607	0.470607	
0.28923	0.218227	0.150667	0.083452	0.02502	-0.0202261	-0.040955	-0.0320955	-0.0175393	-0.0143234	-0.0194276	-0.0235533	-0.0241331	-0.000535715	0.0361733	0.0841192	0.144117	0.200971	0.235093	0.234367	0.201247	0.155811	0.120778	0.0812157	0.0328977	-0.031939	-0.104526	-0.157193	-0.189147	-0.202852	-0.196178	-0.176478	-0.15077	-0.105739	-0.0404562	0.0353795	0.114242	0.195411	0.281664	0.362271	0.439628	0.503524	0.546576	0.580714	0.596723	0.602494	0.603527	0.595928	0.596219	0.596219	
0.234328	0.147512	0.072542	0.00903034	-0.0440388	-0.0845145	-0.099708	-0.0790589	-0.0495509	-0.0339502	-0.0243088	-0.0199505	-0.014643	0.0110509	0.0444467	0.0889706	0.142552	0.191751	0.218878	0.216023	0.181515	0.133196	0.0974122	0.0570523	0.00603177	-0.0606291	-0.140248	-0.208157	-0.254033	-0.281596	-0.286127	-0.273996	-0.259864	-0.224442	-0.167683	-0.107803	-0.0439411	0.0293731	0.112057	0.198615	0.294138	0.387948	0.471388	0.549503	0.612826	0.665337	0.702993	0.719976	0.732006	0.732006	
0.132523	0.0360259	-0.0437736	-0.110754	-0.155915	-0.184046	-0.182538	-0.141375	-0.0890793	-0.0495514	-0.0223195	-0.0104899	-0.00654521	0.00866722	0.0288398	0.059187	0.102238	0.141886	0.161716	0.160549	0.125503	0.0776639	0.0452556	0.00847267	-0.0337114	-0.0886578	-0.159031	-0.223814	-0.273986	-0.310328	-0.327427	-0.332014	-0.333911	-0.315942	-0.279441	-0.237049	-0.184428	-0.114759	-0.0334412	0.0529682	0.160137	0.28303	0.401496	0.513137	0.616684	0.711308	0.784234	0.829153	0.855642	0.855642	
0.0111448	-0.0955587	-0.184495	-0.252038	-0.291697	-0.306379	-0.28589	-0.217678	-0.13303	-0.0632583	-0.0154275	0.00315046	0.00151475	-8.79707e-05	-0.000979632	0.00983334	0.0402991	0.0681274	0.0844544	0.0846891	0.0519404	0.00923168	-0.0203397	-0.0466971	-0.07544	-0.109996	-0.157152	-0.2119	-0.257698	-0.298355	-0.331555	-0.357215	-0.383234	-0.386304	-0.366881	-0.341701	-0.298867	-0.229665	-0.146694	-0.0565086	0.056473	0.191052	0.33062	0.470593	0.607447	0.733547	0.837087	0.90805	0.943868	0.943868	
-0.110921	-0.223283	-0.315322	-0.386711	-0.422212	-0.425412	-0.385345	-0.293458	-0.181069	-0.0840782	-0.0175981	0.00867895	0.00321066	-0.013138	-0.0348874	-0.0421572	-0.0286203	-0.0129838	-0.0025019	-0.00244194	-0.0272512	-0.0617137	-0.0793347	-0.0917991	-0.104492	-0.115382	-0.141957	-0.182045	-0.224113	-0.270021	-0.313674	-0.358864	-0.404762	-0.426748	-0.425296	-0.412652	-0.376081	-0.307603	-0.2251	-0.135498	-0.0207649	0.119384	0.268359	0.421497	0.578347	0.72781	0.853321	0.943261	0.990015	0.990015	
-0.214947	-0.325526	-0.416061	-0.484575	-0.514787	-0.50446	-0.451535	-0.349195	-0.224855	-0.113255	-0.0362087	-0.00446269	-0.00857901	-0.0341492	-0.0666594	-0.0895471	-0.0909373	-0.0895547	-0.0878088	-0.0879048	-0.105021	-0.122379	-0.125099	-0.121111	-0.116752	-0.112988	-0.12352	-0.154323	-0.193029	-0.236999	-0.285253	-0.338113	-0.391503	-0.424908	-0.439971	-0.443673	-0.416943	-0.355764	-0.276769	-0.186399	-0.0747212	0.0645105	0.217555	0.37494	0.538052	0.694633	0.828264	0.9281	0.981443	0.981443	
-0.296021	-0.400613	-0.482461	-0.539078	-0.555789	-0.53499	-0.477043	-0.374883	-0.250836	-0.137725	-0.0611749	-0.0247761	-0.0278589	-0.0548237	-0.0939954	-0.125608	-0.138926	-0.149789	-0.153433	-0.158632	-0.166159	-0.16959	-0.160017	-0.143004	-0.129838	-0.115371	-0.11675	-0.138958	-0.171542	-0.2086	-0.247553	-0.296354	-0.347203	-0.382569	-0.407953	-0.42735	-0.419888	-0.373436	-0.301726	-0.216374	-0.107862	0.0261986	0.174109	0.332944	0.491831	0.637079	0.765125	0.861331	0.91012	0.91012	
-0.348863	-0.440714	-0.504505	-0.54701	-0.557994	-0.531371	-0.471045	-0.376464	-0.262978	-0.157345	-0.0827207	-0.0458905	-0.0492437	-0.0791178	-0.120985	-0.154251	-0.171371	-0.180018	-0.182226	-0.187381	-0.189799	-0.189404	-0.179484	-0.166181	-0.153688	-0.13827	-0.133373	-0.14186	-0.163242	-0.187354	-0.211372	-0.244237	-0.280796	-0.311504	-0.341047	-0.369317	-0.376098	-0.35176	-0.298226	-0.219621	-0.118554	0.00393758	0.142841	0.290435	0.430744	0.556761	0.663508	0.741483	0.787461	0.787461	
-0.356344	-0.432472	-0.486798	-0.522925	-0.530115	-0.505387	-0.455581	-0.374824	-0.271439	-0.171771	-0.100753	-0.0652454	-0.071171	-0.104579	-0.146801	-0.177654	-0.187661	-0.182475	-0.173376	-0.173384	-0.174722	-0.178758	-0.181651	-0.184938	-0.182579	-0.172149	-0.162224	-0.155602	-0.161586	-0.170591	-0.180425	-0.19949	-0.219811	-0.234785	-0.256111	-0.284112	-0.29862	-0.287578	-0.246814	-0.184328	-0.102223	0.000108734	0.118585	0.247386	0.359392	0.449959	0.526407	0.580133	0.612491	0.612491	
-0.306538	-0.373081	-0.420654	-0.454813	-0.473567	-0.46599	-0.430388	-0.360869	-0.271248	-0.18272	-0.116708	-0.0813972	-0.0908236	-0.12531	-0.16599	-0.191736	-0.19128	-0.171677	-0.149392	-0.143726	-0.1435	-0.151486	-0.166321	-0.185393	-0.196943	-0.195149	-0.183486	-0.165532	-0.158665	-0.157364	-0.155756	-0.161239	-0.169927	-0.172663	-0.176382	-0.186802	-0.197402	-0.194014	-0.162053	-0.111459	-0.0486877	0.0229619	0.106877	0.203502	0.276532	0.324199	0.360259	0.380411	0.396517	0.396517	
-0.196919	-0.257721	-0.311039	-0.361159	-0.396515	-0.405695	-0.384947	-0.332966	-0.258733	-0.183511	-0.121382	-0.0881658	-0.0957047	-0.124089	-0.159836	-0.180263	-0.177984	-0.152554	-0.129947	-0.122246	-0.119977	-0.127459	-0.140333	-0.166621	-0.187079	-0.195836	-0.190849	-0.167903	-0.151261	-0.1417	-0.132002	-0.125037	-0.12127	-0.112156	-0.101461	-0.0967151	-0.0932845	-0.0823053	-0.053236	-0.01307	0.0281025	0.0643841	0.10797	0.158593	0.180179	0.180885	0.174843	0.162288	0.164018	0.164018	
-0.0453658	-0.109154	-0.180916	-0.249296	-0.304344	-0.335614	-0.336157	-0.297179	-0.236931	-0.173429	-0.113959	-0.0750845	-0.0693143	-0.0855322	-0.111553	-0.134126	-0.135549	-0.120736	-0.110234	-0.106394	-0.10865	-0.10969	-0.114988	-0.136975	-0.159732	-0.177704	-0.179247	-0.160946	-0.139868	-0.123134	-0.104789	-0.0867662	-0.074989	-0.0528556	-0.0240431	-0.00107254	0.0159988	0.0362992	0.0714713	0.101589	0.114104	0.11028	0.0993737	0.0912048	0.0659964	0.0264061	-0.0126698	-0.0444447	-0.0542253	-0.0542253	
0.125211	0.0551081	-0.0328033	-0.123554	-0.203178	-0.261607	-0.283075	-0.26039	-0.215415	-0.158567	-0.0927707	-0.0380068	-0.0148095	-0.0145033	-0.036471	-0.0639609	-0.0755711	-0.0770907	-0.0790289	-0.0826135	-0.0875967	-0.0863347	-0.0809072	-0.092426	-0.11569	-0.136957	-0.147179	-0.138392	-0.121917	-0.109494	-0.0879098	-0.0574447	-0.0301139	0.00893973	0.0612248	0.10826	0.140293	0.168554	0.198546	0.209656	0.190762	0.139707	0.0743055	0.011973	-0.0600506	-0.131924	-0.187733	-0.226776	-0.242562	-0.242562	
0.295459	0.225094	0.123806	0.0104883	-0.0923931	-0.177242	-0.226312	-0.227683	-0.19448	-0.137695	-0.0609365	0.0102426	0.0539077	0.0686182	0.0491103	0.0155879	-0.00484674	-0.0188756	-0.0305795	-0.0374114	-0.0475619	-0.0471925	-0.0350374	-0.0378128	-0.0572068	-0.0788563	-0.093963	-0.095553	-0.0868213	-0.0803497	-0.063574	-0.029101	0.0129125	0.0755756	0.152145	0.21621	0.261908	0.293391	0.30985	0.298325	0.248461	0.160851	0.047967	-0.0693169	-0.176974	-0.270031	-0.344261	-0.390405	-0.407566	-0.407566	
0.449785	0.379233	0.266375	0.139206	0.0182943	-0.0894778	-0.162546	-0.177058	-0.149426	-0.0931927	-0.0121776	0.0688681	0.12698	0.150761	0.133576	0.0977776	0.0716844	0.0472592	0.0287996	0.0176886	0.00457441	0.00405262	0.0220582	0.0290894	0.0128346	-0.00578506	-0.0227878	-0.0309921	-0.0270651	-0.0241007	-0.00805621	0.0251518	0.0709726	0.146824	0.239194	0.31487	0.363214	0.388928	0.390792	0.353528	0.276599	0.168419	0.0292884	-0.121979	-0.260523	-0.380508	-0.473387	-0.531673	-0.560967	-0.560967	
0.577018	0.504939	0.385912	0.241624	0.102345	-0.0167868	-0.0941674	-0.112041	-0.0869044	-0.0300723	0.0458349	0.126088	0.186586	0.218391	0.209678	0.180378	0.15617	0.126637	0.10509	0.0887409	0.0724703	0.0701033	0.0897712	0.101167	0.0862204	0.0662906	0.0481574	0.0433902	0.0535182	0.0681755	0.0908412	0.121923	0.16691	0.237279	0.322044	0.393481	0.437353	0.452511	0.433041	0.373746	0.281916	0.159477	0.0052711	-0.159352	-0.312137	-0.449003	-0.563158	-0.643436	-0.684879	-0.684879	
0.65984	0.59165	0.46274	0.300835	0.149955	0.0295847	-0.0458602	-0.0615709	-0.0276076	0.0289236	0.0970551	0.169282	0.230307	0.269961	0.270581	0.255843	0.236964	0.213829	0.195005	0.174853	0.156949	0.147646	0.162252	0.17192	0.158661	0.140665	0.125375	0.128573	0.152766	0.187577	0.222812	0.253408	0.288415	0.34461	0.410697	0.460103	0.491529	0.494968	0.452087	0.368858	0.261334	0.130521	-0.0264464	-0.193345	-0.351441	-0.49173	-0.611042	-0.701584	-0.74851	-0.74851	
0.686286	0.623515	0.494081	0.328198	0.17094	0.049714	-0.024851	-0.0377378	-0.00448434	0.0497645	0.114414	0.185417	0.250093	0.293974	0.307707	0.305221	0.296712	0.28831	0.279064	0.263477	0.243596	0.228568	0.234726	0.240816	0.23703	0.227845	0.221491	0.235553	0.268015	0.315253	0.363008	0.395557	0.424651	0.466165	0.506022	0.530766	0.538533	0.516663	0.453522	0.348014	0.221676	0.0839964	-0.0700053	-0.224187	-0.368732	-0.498917	-0.614039	-0.707185	-0.75404	-0.75404	
0.639737	0.58803	0.476553	0.32189	0.168154	0.047447	-0.0318681	-0.0567472	-0.0344953	0.0159511	0.0805414	0.155344	0.22637	0.282814	0.312925	0.324702	0.327888	0.333815	0.335692	0.325353	0.308987	0.295574	0.299882	0.310441	0.321983	0.325681	0.329772	0.351305	0.388612	0.443613	0.499216	0.541086	0.574052	0.602562	0.616128	0.604941	0.571774	0.513365	0.420893	0.303586	0.18054	0.0435886	-0.0983082	-0.228897	-0.362301	-0.481655	-0.579411	-0.662692	-0.705152	-0.705152	
0.52954	0.498913	0.412093	0.276074	0.133166	0.0101951	-0.0790255	-0.118771	-0.110183	-0.0700379	-0.0095203	0.0682745	0.149387	0.225123	0.280608	0.312727	0.329874	0.343018	0.345594	0.33799	0.327905	0.327834	0.344518	0.369934	0.400607	0.41876	0.433454	0.461205	0.507172	0.571368	0.637405	0.689508	0.719653	0.733733	0.718625	0.666026	0.591018	0.495149	0.378377	0.255804	0.140444	0.0195769	-0.103297	-0.215875	-0.32985	-0.432062	-0.512627	-0.572921	-0.598414	-0.598414	
0.392314	0.380982	0.316652	0.203617	0.0663186	-0.0645229	-0.164035	-0.214558	-0.220557	-0.195025	-0.140813	-0.0671199	0.0187156	0.112889	0.194275	0.250069	0.28291	0.300828	0.303587	0.299988	0.301248	0.319834	0.358686	0.406792	0.455039	0.490317	0.516566	0.552281	0.610469	0.682875	0.759672	0.820562	0.844061	0.837884	0.796124	0.714762	0.602835	0.473381	0.344647	0.221696	0.107706	0.00116563	-0.0936511	-0.178396	-0.268163	-0.348091	-0.402902	-0.43611	-0.448147	-0.448147	
0.250342	0.261475	0.221718	0.11908	-0.0211237	-0.165028	-0.278217	-0.34151	-0.363005	-0.34681	-0.301011	-0.232456	-0.145214	-0.0411833	0.0552367	0.12672	0.179521	0.209652	0.222387	0.23169	0.241064	0.268632	0.322484	0.387509	0.455808	0.517579	0.567265	0.621057	0.692332	0.772823	0.853804	0.911747	0.924453	0.896266	0.830017	0.730316	0.601576	0.458218	0.324589	0.207916	0.102305	0.00424566	-0.0725136	-0.126913	-0.180628	-0.231254	-0.256617	-0.257078	-0.252784	-0.252784	
0.131271	0.167521	0.138319	0.0412813	-0.101304	-0.260654	-0.392003	-0.474518	-0.509574	-0.505721	-0.465582	-0.399431	-0.316951	-0.216515	-0.126611	-0.0471605	0.0239798	0.0713887	0.106308	0.13287	0.150168	0.177947	0.236131	0.314995	0.403003	0.499267	0.586508	0.661632	0.740305	0.817195	0.888349	0.938193	0.936865	0.891425	0.817278	0.712116	0.582433	0.448005	0.323717	0.21143	0.108646	0.0230926	-0.0309403	-0.0541278	-0.0645567	-0.0756166	-0.0719257	-0.0494155	-0.0353574	-0.0353574	
0.0636161	0.111579	0.088491	-0.00223242	-0.147429	-0.318454	-0.473304	-0.580249	-0.635317	-0.644011	-0.611564	-0.558065	-0.488551	-0.403866	-0.32482	-0.239193	-0.154631	-0.0878887	-0.0338475	0.00808742	0.0340533	0.0607358	0.124536	0.211263	0.311964	0.436529	0.554202	0.653375	0.739396	0.805708	0.859616	0.890022	0.877168	0.8279	0.750144	0.649738	0.533611	0.416918	0.318282	0.228357	0.136157	0.0634626	0.0327768	0.0430975	0.0766441	0.108216	0.136853	0.170394	0.192366	0.192366	
0.0375811	0.0942671	0.082785	-0.00133983	-0.146565	-0.327767	-0.504762	-0.633575	-0.703685	-0.727774	-0.717633	-0.68869	-0.637808	-0.571077	-0.500421	-0.410894	-0.319539	-0.242573	-0.18307	-0.135239	-0.10357	-0.0693685	0.00466615	0.0973858	0.207645	0.341947	0.476815	0.593272	0.680127	0.741789	0.776226	0.777001	0.747305	0.693502	0.62524	0.542845	0.447657	0.35925	0.288551	0.230719	0.177451	0.132512	0.124824	0.164338	0.228141	0.294506	0.349328	0.39039	0.416621	0.416621	
0.0542082	0.123084	0.122302	0.0393967	-0.104069	-0.286178	-0.472885	-0.616488	-0.708138	-0.756955	-0.777605	-0.774501	-0.743401	-0.694872	-0.628143	-0.540977	-0.450361	-0.371425	-0.312028	-0.263538	-0.229595	-0.184966	-0.105483	-0.00708868	0.108409	0.236506	0.371266	0.488071	0.56997	0.621664	0.636035	0.61666	0.570499	0.510938	0.45096	0.386979	0.326226	0.276091	0.232676	0.208719	0.206183	0.208177	0.233342	0.299171	0.384163	0.467943	0.53801	0.588855	0.619348	0.619348	
0.118831	0.188977	0.191987	0.116869	-0.0157709	-0.191547	-0.379865	-0.542708	-0.660315	-0.737898	-0.78994	-0.810263	-0.800006	-0.762813	-0.704194	-0.628409	-0.544046	-0.463412	-0.396003	-0.347125	-0.309541	-0.25816	-0.18251	-0.0824824	0.0319222	0.147281	0.264113	0.359946	0.42542	0.458181	0.451132	0.416232	0.362397	0.305788	0.255149	0.208411	0.176126	0.160401	0.154204	0.171459	0.216848	0.269292	0.333169	0.418214	0.514618	0.611318	0.688867	0.742542	0.777215	0.777215	
0.211143	0.284057	0.301199	0.239361	0.115299	-0.0519288	-0.240273	-0.420257	-0.565389	-0.674175	-0.751564	-0.792159	-0.800076	-0.779045	-0.738986	-0.677624	-0.600526	-0.512136	-0.434	-0.379844	-0.333698	-0.280776	-0.209788	-0.116493	-0.0130001	0.0879698	0.178628	0.24523	0.282978	0.283857	0.253395	0.20352	0.143632	0.0923253	0.0494052	0.0225918	0.0222104	0.0334121	0.0583706	0.121531	0.214699	0.308418	0.402306	0.499743	0.596009	0.689195	0.771035	0.834334	0.870514	0.870514	
0.315465	0.396623	0.43029	0.388951	0.283496	0.124777	-0.0640697	-0.263044	-0.434234	-0.565861	-0.65537	-0.713489	-0.7454	-0.750186	-0.732755	-0.687168	-0.616589	-0.522812	-0.435217	-0.365741	-0.310865	-0.256853	-0.188798	-0.106862	-0.017998	0.0614523	0.124248	0.163822	0.169358	0.132823	0.0701216	0.00257003	-0.0557736	-0.09932	-0.131093	-0.138338	-0.120738	-0.0881131	-0.0329714	0.0590344	0.183456	0.31009	0.422485	0.529717	0.630402	0.709247	0.776004	0.830771	0.850983	0.850983	
