-0.0500236	0.163464	0.3448	0.491375	0.600375	0.673578	0.702414	0.697541	0.666335	0.621641	0.57754	0.529714	0.492965	0.467224	0.449969	0.440078	0.45334	0.501562	0.554856	0.595098	0.583953	0.503272	0.361439	0.167776	-0.0395221	-0.239896	-0.412471	-0.541165	-0.606202	-0.606096	-0.568526	-0.521293	-0.481396	-0.44589	-0.423662	-0.406642	-0.400071	-0.418708	-0.452183	-0.471348	-0.464827	-0.445111	-0.412227	-0.362876	-0.308034	-0.263701	-0.219192	-0.18043	-0.156601	-0.156601	
-0.0500236	0.163464	0.3448	0.491375	0.600375	0.673578	0.702414	0.697541	0.666335	0.621641	0.57754	0.529714	0.492965	0.467224	0.449969	0.440078	0.45334	0.501562	0.554856	0.595098	0.583953	0.503272	0.361439	0.167776	-0.0395221	-0.239896	-0.412471	-0.541165	-0.606202	-0.606096	-0.568526	-0.521293	-0.481396	-0.44589	-0.423662	-0.406642	-0.400071	-0.418708	-0.452183	-0.471348	-0.464827	-0.445111	-0.412227	-0.362876	-0.308034	-0.263701	-0.219192	-0.18043	-0.156601	-0.156601	
-0.0263777	0.169493	0.336324	0.470521	0.574218	0.64129	0.667092	0.663668	0.635525	0.587525	0.535658	0.488515	0.451101	0.415761	0.385991	0.377595	0.390432	0.422637	0.462607	0.493519	0.474529	0.385708	0.241683	0.0549612	-0.153675	-0.351765	-0.513741	-0.625611	-0.678729	-0.670704	-0.618179	-0.548217	-0.480657	-0.421495	-0.378545	-0.342584	-0.321625	-0.327768	-0.349781	-0.364882	-0.35449	-0.34104	-0.318639	-0.271427	-0.218162	-0.174293	-0.135755	-0.0999179	-0.0725428	-0.0725428	
0.00459331	0.172732	0.315458	0.42379	0.514947	0.578767	0.608521	0.602994	0.567375	0.51581	0.458971	0.406041	0.357149	0.302707	0.258492	0.247351	0.249079	0.258325	0.276914	0.29209	0.258866	0.164395	0.0234094	-0.153719	-0.35951	-0.550159	-0.692363	-0.776931	-0.805024	-0.777759	-0.694731	-0.583396	-0.467562	-0.366479	-0.286592	-0.222167	-0.17664	-0.157522	-0.160477	-0.157342	-0.142259	-0.134566	-0.123302	-0.0917855	-0.046698	-0.0168282	0.00174436	0.027002	0.0483096	0.0483096	
0.0302985	0.172472	0.28829	0.374917	0.455885	0.515807	0.546346	0.529892	0.476806	0.414298	0.350648	0.280084	0.205805	0.130601	0.0729993	0.0501331	0.0350218	0.0254202	0.0248655	0.0173876	-0.0335424	-0.128142	-0.262931	-0.432497	-0.629281	-0.801643	-0.917432	-0.968978	-0.96146	-0.90178	-0.777475	-0.614808	-0.438393	-0.2798	-0.14794	-0.0432885	0.0350742	0.0880296	0.109842	0.12933	0.141377	0.136964	0.129659	0.135226	0.157596	0.165671	0.167449	0.175114	0.18545	0.18545	
0.0522961	0.17184	0.263823	0.339757	0.414352	0.468431	0.487355	0.460694	0.39026	0.304665	0.214898	0.115193	0.0137306	-0.0809762	-0.153123	-0.192358	-0.219092	-0.239578	-0.258205	-0.293636	-0.358467	-0.453792	-0.581858	-0.742309	-0.920174	-1.06468	-1.14824	-1.16284	-1.11536	-1.00842	-0.838134	-0.619906	-0.38215	-0.157874	0.0304378	0.180475	0.29409	0.374856	0.425347	0.44718	0.450713	0.429046	0.396496	0.371237	0.352582	0.335176	0.317896	0.304895	0.296959	0.296959	
0.0569793	0.165905	0.244827	0.318389	0.389085	0.43617	0.438599	0.397636	0.313917	0.198665	0.0716005	-0.0559155	-0.179041	-0.294982	-0.384524	-0.43517	-0.467948	-0.497268	-0.535195	-0.587475	-0.662916	-0.760842	-0.880516	-1.02785	-1.17842	-1.29273	-1.34187	-1.31854	-1.22333	-1.06309	-0.840453	-0.56952	-0.282287	-0.00537353	0.228872	0.410941	0.547297	0.646531	0.709098	0.731201	0.722177	0.684964	0.63048	0.570576	0.510809	0.461412	0.424278	0.387808	0.362201	0.362201	
0.0540674	0.157328	0.234374	0.308757	0.378679	0.422507	0.411503	0.352188	0.246816	0.106603	-0.0472624	-0.198145	-0.33839	-0.473395	-0.57592	-0.634296	-0.672455	-0.708379	-0.755248	-0.811292	-0.89347	-0.999745	-1.11468	-1.2458	-1.36843	-1.45398	-1.46709	-1.40154	-1.26104	-1.04845	-0.777178	-0.467564	-0.148429	0.160342	0.422063	0.624348	0.771977	0.871577	0.926017	0.936242	0.908164	0.85124	0.772644	0.680728	0.593514	0.51786	0.460922	0.413053	0.378735	0.378735	
0.0385766	0.136068	0.214337	0.291949	0.363017	0.404343	0.389844	0.319521	0.203624	0.0486139	-0.121793	-0.2945	-0.45491	-0.595312	-0.700281	-0.764903	-0.805183	-0.840681	-0.885833	-0.942772	-1.02879	-1.13662	-1.24351	-1.35149	-1.44915	-1.50574	-1.48923	-1.39214	-1.2158	-0.96488	-0.65686	-0.322756	0.011451	0.328387	0.595538	0.801673	0.943275	1.02388	1.05005	1.03356	0.986789	0.905952	0.798862	0.688106	0.582736	0.487068	0.412609	0.354881	0.32717	0.32717	
-0.0167836	0.0704137	0.157532	0.243338	0.318787	0.365373	0.35874	0.29368	0.177551	0.0252362	-0.148269	-0.32935	-0.497217	-0.637966	-0.747407	-0.823348	-0.863986	-0.887142	-0.920126	-0.969338	-1.04261	-1.13725	-1.23235	-1.32229	-1.39853	-1.43141	-1.39433	-1.27753	-1.08052	-0.808617	-0.487449	-0.14982	0.17741	0.477214	0.725456	0.916555	1.04042	1.08832	1.07639	1.02705	0.958554	0.851529	0.719993	0.594248	0.478839	0.369809	0.272991	0.215359	0.193621	0.193621	
-0.119977	-0.0403228	0.0580853	0.153973	0.242594	0.300857	0.316144	0.26893	0.165694	0.0258696	-0.132315	-0.302321	-0.466932	-0.610392	-0.728192	-0.805685	-0.841063	-0.850667	-0.865843	-0.892895	-0.941024	-1.00703	-1.08637	-1.16215	-1.21964	-1.23745	-1.19322	-1.07261	-0.871837	-0.604797	-0.293243	0.0265167	0.330014	0.593437	0.806908	0.966686	1.06055	1.07466	1.01796	0.936398	0.835501	0.70313	0.553846	0.414796	0.296578	0.177852	0.0752377	0.0180228	0.00199338	0.00199338	
-0.250354	-0.183842	-0.0835913	0.0194146	0.127926	0.214271	0.259434	0.242674	0.161181	0.04365	-0.0880395	-0.236715	-0.388461	-0.532786	-0.646162	-0.71267	-0.738378	-0.738252	-0.730512	-0.728866	-0.74596	-0.785347	-0.845675	-0.90666	-0.953929	-0.965553	-0.923589	-0.810097	-0.62848	-0.385372	-0.106632	0.179728	0.447502	0.666308	0.836481	0.955012	1.01139	0.988993	0.899151	0.780879	0.648146	0.496871	0.339245	0.197691	0.0754736	-0.0409892	-0.137618	-0.192472	-0.210317	-0.210317	
-0.410992	-0.359657	-0.265562	-0.149704	-0.0211628	0.0948441	0.166627	0.181116	0.14071	0.0605931	-0.0381235	-0.152801	-0.283219	-0.411001	-0.510392	-0.56365	-0.580672	-0.57144	-0.537917	-0.507246	-0.497362	-0.513299	-0.553459	-0.604131	-0.652738	-0.666544	-0.629183	-0.534094	-0.378173	-0.175438	0.0593166	0.301242	0.51616	0.685458	0.804364	0.873455	0.888155	0.836017	0.727044	0.584718	0.430918	0.272793	0.121235	-0.0107371	-0.128511	-0.229379	-0.305971	-0.354421	-0.374498	-0.374498	
-0.571889	-0.541743	-0.458824	-0.33491	-0.194902	-0.0560172	0.0418527	0.0903126	0.0931247	0.0623976	0.000521002	-0.0748629	-0.16483	-0.262901	-0.342635	-0.382694	-0.389764	-0.366118	-0.312133	-0.260428	-0.231212	-0.232396	-0.261768	-0.317705	-0.371458	-0.394433	-0.366902	-0.290443	-0.168267	-0.00613645	0.181842	0.371209	0.532854	0.653225	0.724344	0.748391	0.724556	0.652069	0.536951	0.39128	0.233333	0.0818537	-0.0514803	-0.166659	-0.266363	-0.34713	-0.404938	-0.442086	-0.464147	-0.464147	
-0.70568	-0.70526	-0.643826	-0.528888	-0.385997	-0.237082	-0.109786	-0.0196814	0.0310855	0.0462039	0.0283502	-0.00606572	-0.0538483	-0.10997	-0.159606	-0.180319	-0.174058	-0.138794	-0.0800683	-0.0173642	0.0236492	0.0291191	-0.00373783	-0.0667121	-0.128491	-0.164736	-0.157428	-0.107337	-0.0163672	0.107021	0.251875	0.392907	0.509768	0.589038	0.623735	0.613075	0.559837	0.47537	0.363766	0.232224	0.0880191	-0.046586	-0.159723	-0.250113	-0.32425	-0.384687	-0.424038	-0.451678	-0.466601	-0.466601	
-0.808065	-0.843045	-0.814337	-0.717539	-0.578018	-0.423831	-0.273236	-0.144649	-0.0445875	0.0219382	0.0557945	0.0650045	0.0574715	0.041536	0.0295963	0.0257494	0.0434745	0.0848795	0.148601	0.218701	0.26571	0.263325	0.215474	0.143123	0.0682525	0.0161046	-0.0037209	0.0222464	0.0883141	0.179286	0.285763	0.387534	0.469041	0.518409	0.528853	0.497261	0.428754	0.339808	0.240226	0.130357	0.0135522	-0.0997163	-0.192393	-0.259733	-0.312889	-0.354218	-0.38484	-0.402629	-0.410536	-0.410536	
-0.867498	-0.933883	-0.940752	-0.868712	-0.74451	-0.594029	-0.424862	-0.260579	-0.111578	0.00662824	0.0890384	0.140002	0.169008	0.196284	0.222281	0.238316	0.263371	0.308176	0.377185	0.445334	0.486364	0.471018	0.406908	0.321429	0.227959	0.148529	0.100979	0.101063	0.145793	0.212843	0.294144	0.372957	0.434688	0.46977	0.465959	0.425527	0.352752	0.26682	0.180138	0.0927577	0.004419	-0.0824071	-0.154523	-0.209762	-0.249446	-0.278356	-0.303055	-0.314376	-0.32042	-0.32042	
-0.869199	-0.968954	-1.00839	-0.974963	-0.875934	-0.730843	-0.549605	-0.352399	-0.166106	-0.00271962	0.124748	0.217727	0.293356	0.358318	0.419047	0.459143	0.495755	0.54905	0.612074	0.669029	0.689791	0.65819	0.58207	0.47265	0.35801	0.248324	0.173098	0.149621	0.163323	0.214463	0.276854	0.345186	0.406155	0.43779	0.437264	0.398382	0.33464	0.258997	0.182518	0.109049	0.04312	-0.0155457	-0.0701495	-0.116663	-0.150186	-0.166753	-0.178922	-0.187469	-0.192979	-0.192979	
-0.806535	-0.944705	-1.02112	-1.03355	-0.968688	-0.8348	-0.651346	-0.433944	-0.217687	-0.0208637	0.152399	0.294591	0.412757	0.518451	0.60571	0.674746	0.736538	0.795875	0.845629	0.882371	0.879389	0.830846	0.737461	0.604969	0.459631	0.324474	0.225061	0.171012	0.159321	0.190113	0.242165	0.310348	0.37632	0.417324	0.42851	0.403257	0.361788	0.303227	0.237941	0.175206	0.124672	0.0893966	0.0488853	0.00751308	-0.0211906	-0.0276045	-0.0273029	-0.0318899	-0.0373791	-0.0373791	
-0.687606	-0.86021	-0.979001	-1.037	-1.00976	-0.893732	-0.715571	-0.500371	-0.26546	-0.0411529	0.166482	0.355018	0.514016	0.651877	0.76669	0.868386	0.960635	1.02482	1.06744	1.07733	1.05025	0.981522	0.863504	0.708044	0.532649	0.37284	0.248252	0.166787	0.13145	0.143446	0.195198	0.268848	0.347968	0.406618	0.436087	0.438658	0.421876	0.386588	0.333639	0.28263	0.24372	0.219501	0.190141	0.153567	0.131404	0.127611	0.133158	0.130764	0.127575	0.127575	
-0.518592	-0.719239	-0.87947	-0.978873	-0.992317	-0.904667	-0.739528	-0.531023	-0.294271	-0.0527097	0.176331	0.396249	0.586964	0.751801	0.89107	1.01849	1.13198	1.20679	1.24255	1.22915	1.17895	1.08624	0.94665	0.773602	0.578128	0.397249	0.254079	0.149954	0.0964612	0.0968225	0.149045	0.229512	0.323476	0.401179	0.457994	0.495435	0.504855	0.494463	0.458031	0.417428	0.382705	0.354703	0.327927	0.298761	0.28214	0.279202	0.282184	0.28487	0.285484	0.285484	
-0.302092	-0.522282	-0.7136	-0.846848	-0.893441	-0.838894	-0.701557	-0.508598	-0.284744	-0.0439443	0.190645	0.423965	0.631577	0.810348	0.966778	1.10693	1.23218	1.32146	1.35295	1.32595	1.25032	1.1336	0.977473	0.787081	0.585099	0.393875	0.234466	0.120904	0.0617423	0.0621956	0.12075	0.210204	0.31653	0.415247	0.501861	0.565356	0.60098	0.608861	0.590549	0.559922	0.522371	0.485533	0.454012	0.42958	0.410199	0.40166	0.392975	0.393778	0.393176	0.393176	
-0.0454031	-0.26909	-0.476561	-0.633194	-0.707154	-0.686354	-0.584618	-0.422774	-0.223506	-0.00230787	0.221682	0.450643	0.656315	0.841228	1.0048	1.14531	1.27232	1.36574	1.39925	1.36111	1.26871	1.13029	0.954645	0.755923	0.550553	0.358831	0.191635	0.0790521	0.031489	0.0468585	0.117061	0.215015	0.333272	0.449217	0.556854	0.638796	0.69152	0.712983	0.707872	0.683532	0.640237	0.593609	0.553683	0.524009	0.497385	0.475816	0.454539	0.445914	0.437961	0.437961	
0.227081	0.0143649	-0.191481	-0.359878	-0.453957	-0.469196	-0.40882	-0.28992	-0.124035	0.0701358	0.273502	0.483268	0.677281	0.853775	1.01545	1.1481	1.26271	1.34971	1.38206	1.33442	1.22965	1.07463	0.884017	0.684197	0.486984	0.302455	0.142816	0.0436639	0.0157654	0.0551103	0.136131	0.243019	0.369818	0.495256	0.613064	0.705713	0.76459	0.791548	0.79047	0.767058	0.720807	0.663248	0.612981	0.573849	0.534836	0.496741	0.464314	0.439792	0.425164	0.425164	
0.486471	0.292895	0.0989004	-0.0619442	-0.172874	-0.218853	-0.199284	-0.124496	-0.00362328	0.155224	0.33089	0.509711	0.685107	0.851164	0.998655	1.11926	1.21791	1.289	1.31011	1.25799	1.1437	0.977673	0.782522	0.581772	0.393896	0.223108	0.0858931	0.00942406	0.010524	0.0747993	0.172341	0.291173	0.422003	0.550492	0.667751	0.761363	0.815207	0.834328	0.829486	0.805795	0.756858	0.690288	0.630711	0.582746	0.530594	0.474084	0.425824	0.390245	0.370999	0.370999	
0.709175	0.535276	0.363441	0.215608	0.0964825	0.0288506	0.010446	0.0412436	0.118392	0.23704	0.379805	0.528733	0.679127	0.825975	0.955781	1.06089	1.14366	1.19605	1.19635	1.13882	1.01919	0.851291	0.659529	0.458519	0.279893	0.129375	0.0232243	-0.0196676	0.0102501	0.095938	0.21223	0.339854	0.471168	0.598265	0.708404	0.793512	0.836821	0.840392	0.829161	0.803434	0.747245	0.673761	0.607421	0.554555	0.494335	0.424931	0.367225	0.333042	0.31717	0.31717	
0.881646	0.731469	0.584473	0.448614	0.327357	0.243169	0.198348	0.187885	0.224581	0.306205	0.415283	0.535675	0.657613	0.778435	0.889531	0.977233	1.0473	1.08166	1.05879	0.995484	0.876328	0.712145	0.526525	0.329883	0.156138	0.0302567	-0.04218	-0.0484794	0.00505827	0.107878	0.234407	0.366111	0.501979	0.620382	0.723112	0.793088	0.821814	0.816817	0.796943	0.76454	0.703494	0.627824	0.56152	0.506736	0.441377	0.370099	0.314065	0.287641	0.27874	0.27874	
1.00438	0.882661	0.757908	0.63541	0.517131	0.416217	0.349239	0.305058	0.305676	0.357098	0.433906	0.528447	0.620814	0.716241	0.804496	0.877042	0.931048	0.942462	0.907425	0.835481	0.723102	0.573735	0.395278	0.208631	0.0435029	-0.0639958	-0.105399	-0.0818102	-0.0095686	0.10246	0.234191	0.370169	0.508504	0.619944	0.707783	0.761936	0.78038	0.774019	0.745778	0.702812	0.641297	0.569028	0.506144	0.44361	0.377013	0.317557	0.274249	0.259152	0.253051	0.253051	
1.07766	0.989426	0.888061	0.778449	0.668566	0.559335	0.466829	0.396257	0.368874	0.390147	0.438408	0.505823	0.570986	0.640515	0.706625	0.758812	0.788546	0.779516	0.737528	0.663677	0.563728	0.431523	0.265014	0.0936552	-0.0554664	-0.144482	-0.161027	-0.1171	-0.0328172	0.0851498	0.222401	0.363102	0.503739	0.608269	0.68164	0.723898	0.735548	0.727477	0.687762	0.632325	0.570083	0.50483	0.439372	0.367593	0.305899	0.265303	0.243953	0.234748	0.228343	0.228343	
1.09977	1.04835	0.977102	0.882013	0.784104	0.67599	0.557194	0.47052	0.421953	0.412311	0.432795	0.469767	0.506746	0.553797	0.599302	0.623504	0.621634	0.594895	0.541222	0.473744	0.386859	0.267871	0.12504	-0.0234764	-0.143969	-0.206736	-0.205553	-0.151155	-0.0554843	0.0701355	0.218103	0.36695	0.503477	0.604326	0.66693	0.695774	0.700254	0.680256	0.628701	0.563413	0.497629	0.435382	0.362899	0.288251	0.235976	0.214165	0.20953	0.202646	0.194598	0.194598	
1.07742	1.06069	1.02004	0.94992	0.867165	0.764719	0.637172	0.534789	0.467861	0.4276	0.414207	0.419009	0.431744	0.460092	0.48203	0.478588	0.447644	0.401478	0.341657	0.277808	0.1981	0.092481	-0.0271441	-0.142767	-0.227632	-0.261305	-0.244538	-0.182332	-0.0746267	0.0631638	0.225999	0.380717	0.513941	0.614556	0.668007	0.683012	0.672143	0.633303	0.571878	0.498681	0.426912	0.36086	0.28595	0.220124	0.179965	0.167971	0.167016	0.160153	0.151001	0.151001	
1.03522	1.04142	1.02687	0.984144	0.919456	0.823847	0.703294	0.588995	0.498485	0.432892	0.381537	0.354192	0.348605	0.355914	0.356523	0.333009	0.285719	0.22437	0.162046	0.0920521	0.01502	-0.0788093	-0.176381	-0.257167	-0.30918	-0.317951	-0.283743	-0.209289	-0.0942614	0.0602746	0.231981	0.391455	0.530478	0.62879	0.678363	0.683211	0.653952	0.604326	0.532151	0.452245	0.373447	0.295305	0.225193	0.170206	0.137127	0.12073	0.110783	0.100288	0.0897787	0.0897787	
0.975062	0.992996	0.99717	0.975408	0.927103	0.844287	0.738424	0.616213	0.508286	0.41934	0.336718	0.279083	0.250076	0.235648	0.220195	0.189302	0.1424	0.0819047	0.0138232	-0.0594499	-0.137199	-0.221311	-0.298614	-0.35339	-0.383849	-0.371024	-0.317931	-0.230793	-0.107716	0.0553655	0.232239	0.397679	0.542738	0.640469	0.687739	0.68744	0.650804	0.591853	0.511226	0.424663	0.339455	0.253358	0.186677	0.14029	0.103686	0.0730969	0.0462937	0.0274791	0.0127663	0.0127663	
0.898363	0.922136	0.934763	0.924224	0.883114	0.81913	0.725268	0.607212	0.492971	0.38925	0.284189	0.197	0.141085	0.104924	0.0775963	0.0490609	0.0141178	-0.0355143	-0.101	-0.169621	-0.246071	-0.32426	-0.384212	-0.429752	-0.44568	-0.416399	-0.350486	-0.250816	-0.117753	0.0486074	0.229413	0.397795	0.539592	0.63903	0.686721	0.690601	0.658768	0.592436	0.506553	0.418371	0.329289	0.239399	0.169586	0.122365	0.0771225	0.0288073	-0.0132093	-0.0406539	-0.0592717	-0.0592717	
0.805919	0.833408	0.847023	0.839168	0.804543	0.750011	0.662529	0.555104	0.442913	0.327026	0.211576	0.102679	0.0253388	-0.0243085	-0.055788	-0.0765418	-0.0962623	-0.122375	-0.170826	-0.227151	-0.298468	-0.373813	-0.431607	-0.475416	-0.488794	-0.460189	-0.391833	-0.288629	-0.144667	0.0298536	0.212949	0.379018	0.515296	0.618219	0.673271	0.689366	0.663714	0.593415	0.508859	0.424716	0.338321	0.247605	0.170628	0.118938	0.0653265	0.00198769	-0.0496588	-0.0816377	-0.099165	-0.099165	
0.701782	0.732277	0.739714	0.724558	0.688674	0.629741	0.544743	0.441753	0.330548	0.214825	0.0986139	-0.0141474	-0.0904942	-0.139482	-0.162717	-0.167853	-0.167067	-0.166594	-0.186926	-0.22889	-0.296445	-0.370542	-0.431951	-0.481218	-0.500302	-0.486496	-0.433681	-0.335019	-0.190378	-0.0117113	0.166143	0.325137	0.458981	0.567044	0.639427	0.671349	0.653698	0.592777	0.51485	0.440589	0.361683	0.268789	0.187689	0.130141	0.0704204	-0.00153717	-0.055153	-0.0853978	-0.094351	-0.094351	
0.597803	0.623258	0.619005	0.587201	0.538839	0.466629	0.375646	0.2703	0.163401	0.0533436	-0.0534614	-0.145291	-0.208058	-0.233502	-0.233999	-0.21544	-0.187464	-0.161532	-0.154764	-0.185864	-0.246444	-0.319601	-0.391663	-0.445468	-0.481831	-0.488926	-0.456406	-0.37742	-0.246063	-0.0814254	0.0849573	0.237509	0.372566	0.490318	0.580542	0.632922	0.634583	0.592231	0.529019	0.464346	0.391942	0.301387	0.217924	0.152507	0.0879394	0.0138225	-0.0396698	-0.0612715	-0.0637839	-0.0637839	
0.499106	0.512553	0.493162	0.439895	0.372507	0.282594	0.179437	0.0730373	-0.0315074	-0.129888	-0.21698	-0.279336	-0.309739	-0.307374	-0.275659	-0.232421	-0.179357	-0.131904	-0.111328	-0.12434	-0.177284	-0.249993	-0.325136	-0.392861	-0.443665	-0.466696	-0.457217	-0.39933	-0.300329	-0.161083	-0.00733915	0.142525	0.283886	0.405683	0.512781	0.584364	0.613298	0.595044	0.545195	0.488535	0.421593	0.33685	0.25066	0.177533	0.107527	0.0378963	-0.0121821	-0.0297014	-0.0304519	-0.0304519	
0.413312	0.414808	0.375531	0.303325	0.20881	0.103743	-0.00385964	-0.111625	-0.217573	-0.304926	-0.368603	-0.399822	-0.397716	-0.36191	-0.309071	-0.24148	-0.16958	-0.111782	-0.081803	-0.0806348	-0.122706	-0.191495	-0.265663	-0.339494	-0.39996	-0.433292	-0.434725	-0.402677	-0.33404	-0.226369	-0.0844055	0.0652982	0.210369	0.338371	0.453688	0.544888	0.596889	0.5982	0.55875	0.505782	0.441333	0.359547	0.270039	0.190859	0.123208	0.064905	0.0200781	0.00365012	-0.00169034	-0.00169034	
0.341704	0.332638	0.277945	0.186917	0.076146	-0.0327737	-0.144381	-0.26457	-0.374963	-0.457508	-0.504552	-0.507231	-0.476871	-0.420552	-0.348099	-0.258685	-0.170416	-0.107888	-0.0685102	-0.0646747	-0.0965196	-0.155799	-0.225751	-0.297319	-0.364457	-0.405031	-0.410759	-0.392526	-0.344682	-0.259912	-0.13201	0.0148412	0.161737	0.295251	0.41277	0.514409	0.577953	0.593534	0.565157	0.516104	0.452333	0.366592	0.273085	0.194559	0.137228	0.092716	0.0565065	0.0370794	0.0295577	0.0295577	
0.285687	0.259192	0.194026	0.0919899	-0.0219811	-0.134972	-0.258252	-0.389095	-0.507543	-0.589501	-0.620833	-0.606555	-0.561682	-0.489643	-0.400376	-0.295231	-0.19291	-0.127863	-0.0877003	-0.0798807	-0.100093	-0.145373	-0.203921	-0.271499	-0.345611	-0.389052	-0.393135	-0.373899	-0.329355	-0.255703	-0.144038	-0.00494018	0.138095	0.268605	0.381522	0.477657	0.544954	0.573616	0.562583	0.527603	0.466353	0.379208	0.283997	0.209303	0.162509	0.122922	0.0885084	0.0640835	0.0559115	0.0559115	
0.231482	0.191625	0.117466	0.00885246	-0.108056	-0.231189	-0.368566	-0.504205	-0.622366	-0.699375	-0.721915	-0.702446	-0.651822	-0.571118	-0.466816	-0.350368	-0.249098	-0.185798	-0.148682	-0.134586	-0.140624	-0.164202	-0.206824	-0.268148	-0.334358	-0.375548	-0.37578	-0.346284	-0.298935	-0.22706	-0.125375	0.00199719	0.134985	0.254207	0.354252	0.436558	0.503464	0.540971	0.551188	0.533972	0.484196	0.405535	0.313672	0.246631	0.201112	0.159815	0.120288	0.0918495	0.085127	0.085127	
0.173407	0.125685	0.0403544	-0.0732982	-0.194268	-0.324576	-0.466654	-0.599005	-0.714044	-0.784822	-0.80884	-0.793324	-0.740847	-0.654209	-0.539499	-0.423639	-0.331751	-0.27081	-0.232207	-0.210159	-0.199162	-0.209307	-0.239293	-0.287917	-0.336789	-0.367573	-0.361585	-0.324544	-0.270263	-0.190834	-0.0916951	0.0262372	0.144494	0.247644	0.335156	0.404654	0.464878	0.504943	0.524695	0.522658	0.491546	0.431296	0.357214	0.297417	0.252061	0.208702	0.162566	0.138074	0.13103	0.13103	
0.112785	0.0519674	-0.0474384	-0.160841	-0.27473	-0.401379	-0.53564	-0.665025	-0.769637	-0.838018	-0.867704	-0.85406	-0.803699	-0.717754	-0.603735	-0.498218	-0.414987	-0.354501	-0.31248	-0.285503	-0.267691	-0.274103	-0.297192	-0.32594	-0.354461	-0.365639	-0.350952	-0.304913	-0.236299	-0.14802	-0.0432583	0.0617736	0.160646	0.24611	0.318119	0.375037	0.419215	0.452861	0.472577	0.480607	0.473698	0.442836	0.398465	0.354546	0.311863	0.26908	0.224837	0.203774	0.19844	0.19844	
0.0621611	-0.0196903	-0.125954	-0.234153	-0.336136	-0.4447	-0.564321	-0.687065	-0.781514	-0.845645	-0.875928	-0.861995	-0.816038	-0.739721	-0.642225	-0.5487	-0.471003	-0.415186	-0.374296	-0.350573	-0.340669	-0.350572	-0.369993	-0.382023	-0.388823	-0.376597	-0.34133	-0.277797	-0.193557	-0.0986445	0.00602744	0.0970002	0.176911	0.249013	0.305353	0.346324	0.371335	0.390351	0.406077	0.419059	0.431259	0.434163	0.425174	0.404577	0.371231	0.330044	0.290622	0.270157	0.263772	0.263772	
0.0265357	-0.0649867	-0.169156	-0.26727	-0.353776	-0.442022	-0.549703	-0.663567	-0.752684	-0.810562	-0.836633	-0.822551	-0.782066	-0.723821	-0.646829	-0.567374	-0.502165	-0.458419	-0.433813	-0.420109	-0.425168	-0.440769	-0.45348	-0.45667	-0.442784	-0.406445	-0.342269	-0.255425	-0.159623	-0.0579154	0.0426424	0.127598	0.201987	0.264155	0.311883	0.335632	0.34352	0.350826	0.356387	0.368338	0.38605	0.408721	0.426312	0.426376	0.405206	0.369695	0.337496	0.316252	0.308156	0.308156	
0.00419336	-0.0902643	-0.186392	-0.26613	-0.332451	-0.394342	-0.482742	-0.589436	-0.677643	-0.735051	-0.762789	-0.750047	-0.714797	-0.67299	-0.620051	-0.561388	-0.520677	-0.500178	-0.496616	-0.499531	-0.519443	-0.541177	-0.550549	-0.550279	-0.52082	-0.46254	-0.372422	-0.26523	-0.158491	-0.0479431	0.0568765	0.147637	0.226498	0.286243	0.325534	0.339516	0.338265	0.33441	0.330314	0.33431	0.349855	0.377697	0.406689	0.420681	0.41542	0.396004	0.374351	0.358732	0.348716	0.348716	
-0.00393452	-0.0951726	-0.180667	-0.243242	-0.285547	-0.322823	-0.386169	-0.473486	-0.556451	-0.619545	-0.653278	-0.646528	-0.625175	-0.599693	-0.570072	-0.542085	-0.52862	-0.537479	-0.557702	-0.588131	-0.626091	-0.65675	-0.667733	-0.660029	-0.619742	-0.544259	-0.442748	-0.326935	-0.209077	-0.0871125	0.0310371	0.136085	0.223577	0.283993	0.319602	0.334829	0.335401	0.327083	0.315046	0.313413	0.329109	0.355695	0.384601	0.408574	0.423935	0.431021	0.432488	0.427861	0.423827	0.423827	
0.00124323	-0.0739234	-0.138072	-0.183718	-0.20818	-0.230148	-0.267977	-0.334025	-0.41849	-0.490218	-0.532372	-0.544623	-0.540194	-0.52773	-0.516333	-0.513706	-0.522216	-0.55017	-0.596151	-0.65284	-0.712036	-0.756061	-0.778765	-0.772454	-0.736564	-0.665873	-0.573545	-0.461053	-0.333334	-0.192639	-0.0512403	0.0753899	0.181966	0.248167	0.291262	0.317837	0.330773	0.325034	0.308821	0.307241	0.325626	0.352244	0.379044	0.410964	0.448953	0.487073	0.514455	0.531331	0.536528	0.536528	
0.00348083	-0.0391697	-0.0719319	-0.097631	-0.112211	-0.127711	-0.150365	-0.207236	-0.291999	-0.365776	-0.420958	-0.453008	-0.464682	-0.460468	-0.460585	-0.473766	-0.499702	-0.541416	-0.609288	-0.685772	-0.760556	-0.818194	-0.855306	-0.864867	-0.845263	-0.798305	-0.728779	-0.626994	-0.494724	-0.341574	-0.179038	-0.0316046	0.0955074	0.177028	0.236078	0.2836	0.31728	0.326507	0.312569	0.315522	0.334944	0.360872	0.390684	0.43153	0.490701	0.554575	0.609616	0.649404	0.667622	0.667622	
