1.04545e-09	1.04545e-09	5.67234e-09	3.24289e-08	1.71232e-07	8.30271e-07	3.68684e-06	1.49546e-05	5.52781e-05	0.000185822	0.000567211	0.0015709	0.00394812	0.00901772	0.0187721	0.0357714	0.062755	0.10204	0.154901	0.221144	0.299003	0.385367	0.476221	0.567172	0.653924	0.732618	0.800023	0.853606	0.891526	0.912571	0.916103	0.90202	0.870742	0.823244	0.761108	0.686586	0.602629	0.512863	0.42144	0.332767	0.251071	0.179887	0.121558	0.0769159	0.0452386	0.0245597	0.012231	0.00555977	0.00229859	0.000862519	
1.04545e-09	1.04545e-09	5.67234e-09	3.24289e-08	1.71232e-07	8.30271e-07	3.68684e-06	1.49546e-05	5.52781e-05	0.000185822	0.000567211	0.0015709	0.00394812	0.00901772	0.0187721	0.0357714	0.062755	0.10204	0.154901	0.221144	0.299003	0.385367	0.476221	0.567172	0.653924	0.732618	0.800023	0.853606	0.891526	0.912571	0.916103	0.90202	0.870742	0.823244	0.761108	0.686586	0.602629	0.512863	0.42144	0.332767	0.251071	0.179887	0.121558	0.0769159	0.0452386	0.0245597	0.012231	0.00555977	0.00229859	0.000862519	
5.67234e-09	5.67234e-09	2.91751e-08	1.58533e-07	7.93866e-07	3.64003e-06	1.52372e-05	5.80679e-05	0.000200951	0.00063014	0.00178781	0.00458664	0.0106477	0.0224178	0.04298	0.0754762	0.122293	0.184339	0.260701	0.348772	0.444736	0.544206	0.64281	0.736624	0.822377	0.897507	0.96011	1.00885	1.04283	1.06151	1.06464	1.05216	1.02425	0.981335	0.92415	0.853841	0.772073	0.681135	0.584012	0.484382	0.386479	0.294747	0.213309	0.145324	0.092422	0.0544089	0.0294204	0.0145171	0.00650501	0.00263893	
3.24289e-08	3.24289e-08	1.58533e-07	8.20835e-07	3.90813e-06	1.69888e-05	6.72073e-05	0.000241217	0.00078329	0.00229589	0.00606483	0.0144323	0.0309736	0.0601323	0.106158	0.171666	0.256544	0.357747	0.470035	0.587193	0.703242	0.813278	0.913823	1.00277	1.07906	1.14238	1.19283	1.23076	1.25653	1.27048	1.2728	1.26352	1.24251	1.20949	1.16409	1.10595	1.03484	0.950886	0.854801	0.748227	0.634071	0.516688	0.4017	0.295356	0.203439	0.129998	0.0763524	0.0408895	0.0198444	0.00869297	
1.71232e-07	1.71232e-07	7.93866e-07	3.90813e-06	1.76504e-05	7.25503e-05	0.000270436	0.000911118	0.00276595	0.00754732	0.0184821	0.0406128	0.080227	0.143077	0.23195	0.344989	0.475846	0.615505	0.754657	0.8856	1.00319	1.10488	1.19018	1.25989	1.31544	1.35851	1.39083	1.4139	1.42897	1.43691	1.43822	1.43297	1.42083	1.40109	1.37263	1.33404	1.28369	1.21984	1.14093	1.04583	0.934432	0.808366	0.671711	0.531206	0.395693	0.274574	0.175542	0.102376	0.0540357	0.0256735	
8.30271e-07	8.30271e-07	3.64003e-06	1.69888e-05	7.25503e-05	0.000280959	0.000982725	0.00309306	0.00873072	0.0220425	0.0497035	0.100137	0.180786	0.294277	0.435952	0.594843	0.757431	0.911616	1.04906	1.16564	1.26068	1.33564	1.39296	1.43529	1.46529	1.48561	1.49867	1.50653	1.51087	1.51287	1.51316	1.51189	1.50859	1.50231	1.49155	1.47439	1.44855	1.41146	1.36046	1.29289	1.20615	1.09825	0.968879	0.82064	0.66016	0.498195	0.3481	0.222384	0.128535	0.0667118	
3.68684e-06	3.68684e-06	1.52372e-05	6.72073e-05	0.000270436	0.000982725	0.00321035	0.00938877	0.0244893	0.0568101	0.117066	0.214568	0.351522	0.519478	0.701677	0.879922	1.04057	1.17644	1.28577	1.37002	1.432	1.4748	1.50126	1.51425	1.51713	1.51331	1.50584	1.49742	1.49024	1.48582	1.48502	1.48802	1.49422	1.50237	1.51054	1.51619	1.51638	1.50783	1.4871	1.45117	1.39725	1.32229	1.22328	1.09802	0.946761	0.774296	0.591679	0.415803	0.264893	0.151325	
1.49546e-05	1.49546e-05	5.80679e-05	0.000241217	0.000911118	0.00309306	0.00938877	0.0253618	0.0607159	0.128449	0.240006	0.397343	0.58777	0.788002	0.975494	1.13688	1.26789	1.36916	1.443	1.49177	1.51775	1.52345	1.51207	1.4882	1.45709	1.42323	1.39053	1.36246	1.34156	1.32959	1.32756	1.33557	1.35306	1.3785	1.40974	1.44366	1.47643	1.50382	1.52077	1.52231	1.50479	1.46542	1.40189	1.31187	1.19293	1.04352	0.865437	0.668008	0.470685	0.297867	
5.52781e-05	5.52781e-05	0.000200951	0.00078329	0.00276595	0.00873072	0.0244893	0.0607159	0.132463	0.25366	0.42684	0.63557	0.849862	1.04312	1.20382	1.33147	1.42738	1.49187	1.52507	1.52813	1.50435	1.4587	1.39799	1.33003	1.26084	1.19494	1.13675	1.08966	1.05582	1.03693	1.03382	1.04647	1.07456	1.11656	1.17062	1.2339	1.3024	1.37152	1.43605	1.48854	1.52175	1.52993	1.50904	1.45715	1.37375	1.25882	1.1115	0.930637	0.722259	0.507538	
0.000185822	0.000185822	0.00063014	0.00229589	0.00754732	0.0220425	0.0568101	0.128449	0.25366	0.437005	0.660031	0.886524	1.08536	1.24718	1.37523	1.46868	1.52266	1.53526	1.50859	1.44878	1.36424	1.26385	1.15717	1.05116	0.949982	0.858401	0.78088	0.719507	0.676263	0.652487	0.648542	0.664649	0.700266	0.754659	0.825911	0.912042	1.00996	1.11452	1.22167	1.32564	1.41754	1.48833	1.52913	1.53283	1.49548	1.41723	1.30255	1.15462	0.970413	0.752226	
0.000567211	0.000567211	0.00178781	0.00606483	0.0184821	0.0497035	0.117066	0.240006	0.42684	0.660031	0.898609	1.10549	1.27163	1.40359	1.49651	1.53807	1.52664	1.46899	1.37453	1.25438	1.11788	0.974321	0.83167	0.694088	0.56695	0.45639	0.364807	0.293245	0.243907	0.21686	0.212143	0.230663	0.270947	0.333892	0.417664	0.520719	0.641446	0.775634	0.91662	1.06079	1.20103	1.32886	1.43486	1.50845	1.53962	1.51976	1.44629	1.32873	1.17681	0.98642	
0.0015709	0.0015709	0.00458664	0.0144323	0.0406128	0.100137	0.214568	0.397343	0.63557	0.886524	1.10549	1.27957	1.41779	1.51233	1.5425	1.50885	1.42605	1.30373	1.1523	0.981251	0.799304	0.617125	0.441376	0.278433	0.135733	0.0159255	-0.0820407	-0.155937	-0.206197	-0.233744	-0.238394	-0.220221	-0.179019	-0.114749	-0.026342	0.08522	0.218339	0.374027	0.545259	0.725765	0.908986	1.08536	1.24589	1.38089	1.48061	1.53574	1.53237	1.46195	1.33926	1.1804	
0.00394812	0.00394812	0.0106477	0.0309736	0.080227	0.180786	0.351522	0.58777	0.849862	1.08536	1.27163	1.41779	1.5174	1.54234	1.49315	1.39357	1.24963	1.0671	0.859975	0.638735	0.418097	0.208498	0.0166868	-0.150658	-0.291456	-0.40771	-0.499229	-0.565163	-0.610179	-0.634257	-0.637755	-0.623261	-0.586031	-0.529042	-0.447769	-0.341188	-0.209939	-0.0537043	0.12929	0.332098	0.549929	0.772103	0.98651	1.18043	1.34084	1.45846	1.52996	1.53663	1.46438	1.33458	
0.00901772	0.00901772	0.0224178	0.0601323	0.143077	0.294277	0.519478	0.788002	1.04312	1.24718	1.40359	1.51233	1.54234	1.48711	1.37712	1.2162	1.00254	0.761363	0.507182	0.25517	0.0191583	-0.195263	-0.381601	-0.538594	-0.666393	-0.766401	-0.839038	-0.89089	-0.924379	-0.941858	-0.944563	-0.933346	-0.907054	-0.86267	-0.798243	-0.710285	-0.592404	-0.448129	-0.272794	-0.069789	0.158714	0.405455	0.660381	0.908575	1.13587	1.31942	1.44887	1.52883	1.53471	1.45367	
0.0187721	0.0187721	0.04298	0.106158	0.23195	0.435952	0.701677	0.975494	1.20382	1.37523	1.49651	1.5425	1.49315	1.37712	1.20481	0.966335	0.697504	0.41997	0.139973	-0.121008	-0.358831	-0.562359	-0.730804	-0.86193	-0.958489	-1.02576	-1.0709	-1.10069	-1.11674	-1.12506	-1.12648	-1.11939	-1.10843	-1.08429	-1.04658	-0.988318	-0.904572	-0.787143	-0.634179	-0.444121	-0.219844	0.0334981	0.30684	0.587676	0.86059	1.11606	1.31614	1.45344	1.53349	1.52574	
0.0357714	0.0357714	0.0754762	0.171666	0.344989	0.594843	0.879922	1.13688	1.33147	1.46868	1.53807	1.50885	1.39357	1.2162	0.966335	0.675758	0.379136	0.070099	-0.21873	-0.477009	-0.694755	-0.864777	-0.99153	-1.07493	-1.12663	-1.15455	-1.16519	-1.16603	-1.16371	-1.15988	-1.15932	-1.16215	-1.16362	-1.16567	-1.16142	-1.14014	-1.10013	-1.02879	-0.921686	-0.767679	-0.570519	-0.325688	-0.0493885	0.255615	0.558396	0.851887	1.12462	1.33047	1.47124	1.53924	
0.062755	0.062755	0.122293	0.256544	0.475846	0.757431	1.04057	1.26789	1.42738	1.52266	1.52664	1.42605	1.24963	1.00254	0.697504	0.379136	0.0458556	-0.271591	-0.543113	-0.775549	-0.945521	-1.06914	-1.13818	-1.17134	-1.17117	-1.15393	-1.1259	-1.1002	-1.07887	-1.06444	-1.06437	-1.07344	-1.09037	-1.11542	-1.14188	-1.16722	-1.1746	-1.15581	-1.10252	-1.00096	-0.850523	-0.642587	-0.384832	-0.086677	0.24737	0.570523	0.884758	1.15992	1.36305	1.4978	
0.10204	0.10204	0.184339	0.357747	0.615505	0.911616	1.17644	1.36916	1.49187	1.53526	1.46899	1.30373	1.0671	0.761363	0.41997	0.070099	-0.271591	-0.562401	-0.812129	-0.994558	-1.11338	-1.17195	-1.17774	-1.14631	-1.09306	-1.03244	-0.979244	-0.930164	-0.897112	-0.880178	-0.876528	-0.887144	-0.917258	-0.957807	-1.00875	-1.06941	-1.12578	-1.17032	-1.17823	-1.14514	-1.04784	-0.894939	-0.666892	-0.394693	-0.0701695	0.280787	0.62567	0.952392	1.21742	1.41212	
0.154901	0.154901	0.260701	0.470035	0.754657	1.04906	1.28577	1.443	1.52507	1.50859	1.37453	1.1523	0.859975	0.507182	0.139973	-0.21873	-0.543113	-0.812129	-1.01374	-1.12999	-1.182	-1.16294	-1.10744	-1.01779	-0.930897	-0.843316	-0.773988	-0.720767	-0.686029	-0.669625	-0.663533	-0.6765	-0.706177	-0.749532	-0.814252	-0.893324	-0.983071	-1.0739	-1.14465	-1.18142	-1.1587	-1.06925	-0.902624	-0.656997	-0.355064	-0.0045236	0.359808	0.7234	1.04406	1.29395	
0.221144	0.221144	0.348772	0.587193	0.8856	1.16564	1.37002	1.49177	1.52813	1.44878	1.25438	0.981251	0.638735	0.25517	-0.121008	-0.477009	-0.775549	-0.994558	-1.12999	-1.18154	-1.15706	-1.07633	-0.96133	-0.838859	-0.727002	-0.642871	-0.58068	-0.543487	-0.515499	-0.502482	-0.502482	-0.509449	-0.529805	-0.564319	-0.615704	-0.687828	-0.792866	-0.910561	-1.03437	-1.12891	-1.18108	-1.1593	-1.05966	-0.872247	-0.605595	-0.267437	0.103216	0.487217	0.852271	1.15348	
0.299003	0.299003	0.444736	0.703242	1.00319	1.26068	1.432	1.51775	1.50435	1.36424	1.11788	0.799304	0.418097	0.0191583	-0.358831	-0.694755	-0.945521	-1.11338	-1.182	-1.15706	-1.06342	-0.924194	-0.776346	-0.646906	-0.555913	-0.499495	-0.464469	-0.442236	-0.432543	-0.426707	-0.425414	-0.429392	-0.436284	-0.455215	-0.483747	-0.529615	-0.605638	-0.720806	-0.86508	-1.01108	-1.12732	-1.1818	-1.1535	-1.02319	-0.805886	-0.500776	-0.135562	0.257533	0.653005	0.999044	
0.385367	0.385367	0.544206	0.813278	1.10488	1.33564	1.4748	1.52345	1.4587	1.26385	0.974321	0.617125	0.208498	-0.195263	-0.562359	-0.864777	-1.06914	-1.17195	-1.16294	-1.07633	-0.924194	-0.759507	-0.609371	-0.511148	-0.457393	-0.440248	-0.428923	-0.425511	-0.421278	-0.419358	-0.421777	-0.421425	-0.422724	-0.428102	-0.436226	-0.447567	-0.484631	-0.562686	-0.69592	-0.857145	-1.02128	-1.13637	-1.1804	-1.12324	-0.95894	-0.693882	-0.347616	0.0436783	0.456842	0.83883	
0.476221	0.476221	0.64281	0.913823	1.19018	1.39296	1.50126	1.51207	1.39799	1.15717	0.83167	0.441376	0.0166868	-0.381601	-0.730804	-0.99153	-1.13818	-1.17774	-1.10744	-0.96133	-0.776346	-0.609371	-0.492325	-0.447205	-0.443946	-0.447073	-0.436999	-0.423578	-0.426315	-0.419226	-0.416941	-0.42481	-0.422666	-0.430502	-0.443905	-0.446876	-0.442112	-0.46647	-0.554308	-0.705185	-0.888601	-1.05618	-1.16089	-1.16712	-1.06313	-0.847402	-0.529119	-0.147834	0.272845	0.681328	
0.567172	0.567172	0.736624	1.00277	1.25989	1.43529	1.51425	1.4882	1.33003	1.05116	0.694088	0.278433	-0.150658	-0.538594	-0.86193	-1.07493	-1.17134	-1.14631	-1.01779	-0.838859	-0.646906	-0.511148	-0.447205	-0.447963	-0.455934	-0.438765	-0.413978	-0.401137	-0.397014	-0.387074	-0.383916	-0.393552	-0.399303	-0.406824	-0.428845	-0.452559	-0.453786	-0.442506	-0.477166	-0.583814	-0.760523	-0.950158	-1.1053	-1.17555	-1.12847	-0.96201	-0.676909	-0.313296	0.106264	0.533786	
0.653924	0.653924	0.822377	1.07906	1.31544	1.46529	1.51713	1.45709	1.26084	0.949982	0.56695	0.135733	-0.291456	-0.666393	-0.958489	-1.12663	-1.17117	-1.09306	-0.930897	-0.727002	-0.555913	-0.457393	-0.443946	-0.455934	-0.447462	-0.394394	-0.366936	-0.359166	-0.353297	-0.344085	-0.342138	-0.35046	-0.357357	-0.363345	-0.37716	-0.428929	-0.457024	-0.448746	-0.444008	-0.505522	-0.651541	-0.849921	-1.03541	-1.15386	-1.15764	-1.04322	-0.794484	-0.450843	-0.0396306	0.40019	
0.732618	0.732618	0.897507	1.14238	1.35851	1.48561	1.51331	1.42323	1.19494	0.858401	0.45639	0.0159255	-0.40771	-0.766401	-1.02576	-1.15455	-1.15393	-1.03244	-0.843316	-0.642871	-0.499495	-0.440248	-0.447073	-0.438765	-0.394394	-0.345648	-0.346253	-0.361423	-0.334994	-0.340282	-0.348037	-0.330354	-0.352785	-0.356754	-0.338603	-0.373252	-0.422872	-0.450141	-0.438195	-0.46708	-0.574834	-0.762443	-0.959684	-1.12004	-1.16739	-1.09532	-0.882992	-0.559463	-0.161042	0.28304	
0.800023	0.800023	0.96011	1.19283	1.39083	1.49867	1.50584	1.39053	1.13675	0.78088	0.364807	-0.0820407	-0.499229	-0.839038	-1.0709	-1.16519	-1.1259	-0.979244	-0.773988	-0.58068	-0.464469	-0.428923	-0.436999	-0.413978	-0.366936	-0.346253	-0.356986	-0.35885	-0.331374	-0.340607	-0.349954	-0.328541	-0.348858	-0.361405	-0.34758	-0.356196	-0.392094	-0.435828	-0.428345	-0.444845	-0.52044	-0.693807	-0.897182	-1.08048	-1.16302	-1.12545	-0.94862	-0.644815	-0.256366	0.187438	
0.853606	0.853606	1.00885	1.23076	1.4139	1.50653	1.49742	1.36246	1.08966	0.719507	0.293245	-0.155937	-0.565163	-0.89089	-1.10069	-1.16603	-1.1002	-0.930164	-0.720767	-0.543487	-0.442236	-0.425511	-0.423578	-0.401137	-0.359166	-0.361423	-0.35885	-0.338048	-0.321765	-0.32607	-0.330034	-0.321053	-0.331348	-0.349698	-0.364428	-0.356135	-0.381905	-0.419455	-0.424272	-0.430503	-0.490737	-0.64411	-0.846189	-1.042	-1.1544	-1.14432	-0.990877	-0.706062	-0.329121	0.113667	
0.891526	0.891526	1.04283	1.25653	1.42897	1.51087	1.49024	1.34156	1.05582	0.676263	0.243907	-0.206197	-0.610179	-0.924379	-1.11674	-1.16371	-1.07887	-0.897112	-0.686029	-0.515499	-0.432543	-0.421278	-0.426315	-0.397014	-0.353297	-0.334994	-0.331374	-0.321765	-0.316241	-0.318205	-0.317138	-0.315126	-0.320107	-0.326876	-0.333428	-0.342548	-0.37796	-0.41979	-0.423699	-0.423547	-0.46995	-0.610951	-0.810034	-1.01595	-1.14299	-1.1525	-1.01936	-0.746747	-0.377592	0.0627149	
0.912571	0.912571	1.06151	1.27048	1.43691	1.51287	1.48582	1.32959	1.03693	0.652487	0.21686	-0.233744	-0.634257	-0.941858	-1.12506	-1.15988	-1.06444	-0.880178	-0.669625	-0.502482	-0.426707	-0.419358	-0.419226	-0.387074	-0.344085	-0.340282	-0.340607	-0.32607	-0.318205	-0.318696	-0.321665	-0.317841	-0.321674	-0.335541	-0.342401	-0.339598	-0.366218	-0.411976	-0.419774	-0.420747	-0.459494	-0.595464	-0.793984	-0.999631	-1.13525	-1.15617	-1.0337	-0.768286	-0.403686	0.0349298	
0.916103	0.916103	1.06464	1.2728	1.43822	1.51316	1.48502	1.32756	1.03382	0.648542	0.212143	-0.238394	-0.637755	-0.944563	-1.12648	-1.15932	-1.06437	-0.876528	-0.663533	-0.502482	-0.425414	-0.421777	-0.416941	-0.383916	-0.342138	-0.348037	-0.349954	-0.330034	-0.317138	-0.321665	-0.323704	-0.316164	-0.324631	-0.340869	-0.353007	-0.339895	-0.363434	-0.408211	-0.421352	-0.420696	-0.459286	-0.591239	-0.788988	-0.996668	-1.13572	-1.15587	-1.03454	-0.772796	-0.408924	0.0305921	
0.90202	0.90202	1.05216	1.26352	1.43297	1.51189	1.48802	1.33557	1.04647	0.664649	0.230663	-0.220221	-0.623261	-0.933346	-1.11939	-1.16215	-1.07344	-0.887144	-0.6765	-0.509449	-0.429392	-0.421425	-0.42481	-0.393552	-0.35046	-0.330354	-0.328541	-0.321053	-0.315126	-0.317841	-0.316164	-0.315445	-0.31963	-0.324774	-0.330171	-0.338982	-0.374887	-0.417093	-0.42393	-0.421996	-0.464378	-0.603542	-0.79939	-1.00927	-1.14037	-1.15359	-1.02656	-0.757977	-0.390792	0.048951	
0.870742	0.870742	1.02425	1.24251	1.42083	1.50859	1.49422	1.35306	1.07456	0.700266	0.270947	-0.179019	-0.586031	-0.907054	-1.10843	-1.16362	-1.09037	-0.917258	-0.706177	-0.529805	-0.436284	-0.422724	-0.422666	-0.399303	-0.357357	-0.352785	-0.348858	-0.331348	-0.320107	-0.321674	-0.324631	-0.31963	-0.325675	-0.341055	-0.35414	-0.352005	-0.379688	-0.418872	-0.422497	-0.426125	-0.479844	-0.629093	-0.832853	-1.03052	-1.14836	-1.14728	-1.00357	-0.725823	-0.35214	0.0908482	
0.823244	0.823244	0.981335	1.20949	1.40109	1.50231	1.50237	1.3785	1.11656	0.754659	0.333892	-0.114749	-0.529042	-0.86267	-1.08429	-1.16567	-1.11542	-0.957807	-0.749532	-0.564319	-0.455215	-0.428102	-0.430502	-0.406824	-0.363345	-0.356754	-0.361405	-0.349698	-0.326876	-0.335541	-0.340869	-0.324774	-0.341055	-0.358169	-0.36013	-0.356603	-0.386597	-0.427586	-0.427097	-0.43853	-0.507687	-0.67107	-0.874513	-1.06417	-1.15965	-1.13389	-0.968188	-0.67297	-0.288507	0.155667	
0.761108	0.761108	0.92415	1.16409	1.37263	1.49155	1.51054	1.40974	1.17062	0.825911	0.417664	-0.026342	-0.447769	-0.798243	-1.04658	-1.16142	-1.14188	-1.00875	-0.814252	-0.615704	-0.483747	-0.436226	-0.443905	-0.428845	-0.37716	-0.338603	-0.34758	-0.364428	-0.333428	-0.342401	-0.353007	-0.330171	-0.35414	-0.36013	-0.33424	-0.359976	-0.407521	-0.446523	-0.433717	-0.458137	-0.549563	-0.734511	-0.932516	-1.10269	-1.16723	-1.11	-0.912326	-0.596603	-0.20214	0.242236	
0.686586	0.686586	0.853841	1.10595	1.33404	1.47439	1.51619	1.44366	1.2339	0.912042	0.520719	0.08522	-0.341188	-0.710285	-0.988318	-1.14014	-1.16722	-1.06941	-0.893324	-0.687828	-0.529615	-0.447567	-0.446876	-0.452559	-0.428929	-0.373252	-0.356196	-0.356135	-0.342548	-0.339598	-0.339895	-0.338982	-0.352005	-0.356603	-0.359976	-0.408095	-0.447475	-0.451567	-0.440844	-0.485846	-0.616898	-0.810366	-1.00527	-1.14295	-1.16352	-1.06747	-0.832649	-0.497077	-0.0918037	0.350753	
0.602629	0.602629	0.772073	1.03484	1.28369	1.44855	1.51638	1.47643	1.3024	1.00996	0.641446	0.218339	-0.209939	-0.592404	-0.904572	-1.10013	-1.1746	-1.12578	-0.983071	-0.792866	-0.605638	-0.484631	-0.442112	-0.453786	-0.457024	-0.422872	-0.392094	-0.381905	-0.37796	-0.366218	-0.363434	-0.374887	-0.379688	-0.386597	-0.407521	-0.447475	-0.458464	-0.443212	-0.458499	-0.547523	-0.71378	-0.910224	-1.0777	-1.16868	-1.14465	-0.998381	-0.726908	-0.3721	0.0446201	0.4786	
0.512863	0.512863	0.681135	0.950886	1.21984	1.41146	1.50783	1.50382	1.37152	1.11452	0.775634	0.374027	-0.0537043	-0.448129	-0.787143	-1.02879	-1.15581	-1.17032	-1.0739	-0.910561	-0.720806	-0.562686	-0.46647	-0.442506	-0.448746	-0.450141	-0.435828	-0.419455	-0.41979	-0.411976	-0.408211	-0.417093	-0.418872	-0.427586	-0.446523	-0.451567	-0.443212	-0.449677	-0.515955	-0.651213	-0.835662	-1.01381	-1.14387	-1.17563	-1.0931	-0.897741	-0.592089	-0.21699	0.203744	0.620653	
0.42144	0.42144	0.584012	0.854801	1.14093	1.36046	1.4871	1.52077	1.43605	1.22167	0.91662	0.545259	0.12929	-0.272794	-0.634179	-0.921686	-1.10252	-1.17823	-1.14465	-1.03437	-0.86508	-0.69592	-0.554308	-0.477166	-0.444008	-0.438195	-0.428345	-0.424272	-0.423699	-0.419774	-0.421352	-0.42393	-0.422497	-0.427097	-0.433717	-0.440844	-0.458499	-0.515955	-0.633526	-0.795717	-0.970379	-1.10925	-1.17609	-1.14565	-1.00697	-0.759995	-0.423361	-0.0358859	0.380871	0.774838	
0.332767	0.332767	0.484382	0.748227	1.04583	1.29289	1.45117	1.52231	1.48854	1.32564	1.06079	0.725765	0.332098	-0.069789	-0.444121	-0.767679	-1.00096	-1.14514	-1.18142	-1.12891	-1.01108	-0.857145	-0.705185	-0.583814	-0.505522	-0.46708	-0.444845	-0.430503	-0.423547	-0.420747	-0.420696	-0.421996	-0.426125	-0.43853	-0.458137	-0.485846	-0.547523	-0.651213	-0.795717	-0.950629	-1.08965	-1.16863	-1.173	-1.07064	-0.871792	-0.58303	-0.224077	0.169816	0.573363	0.934954	
0.251071	0.251071	0.386479	0.634071	0.934432	1.20615	1.39725	1.50479	1.52175	1.41754	1.20103	0.908986	0.549929	0.158714	-0.219844	-0.570519	-0.850523	-1.04784	-1.1587	-1.18108	-1.12732	-1.02128	-0.888601	-0.760523	-0.651541	-0.574834	-0.52044	-0.490737	-0.46995	-0.459494	-0.459286	-0.464378	-0.479844	-0.507687	-0.549563	-0.616898	-0.71378	-0.835662	-0.970379	-1.08965	-1.16807	-1.17755	-1.10386	-0.938537	-0.693002	-0.365374	0.00592411	0.394056	0.772284	1.09275	
0.179887	0.179887	0.294747	0.516688	0.808366	1.09825	1.32229	1.46542	1.52993	1.48833	1.32886	1.08536	0.772103	0.405455	0.0334981	-0.325688	-0.642587	-0.894939	-1.06925	-1.1593	-1.1818	-1.13637	-1.05618	-0.950158	-0.849921	-0.762443	-0.693807	-0.64411	-0.610951	-0.595464	-0.591239	-0.603542	-0.629093	-0.67107	-0.734511	-0.810366	-0.910224	-1.01381	-1.10925	-1.16863	-1.17755	-1.11326	-0.975267	-0.751503	-0.459405	-0.112368	0.255267	0.628826	0.968792	1.23991	
0.121558	0.121558	0.213309	0.4017	0.671711	0.968879	1.22328	1.40189	1.50904	1.52913	1.43486	1.24589	0.98651	0.660381	0.30684	-0.0493885	-0.384832	-0.666892	-0.902624	-1.05966	-1.1535	-1.1804	-1.16089	-1.1053	-1.03541	-0.959684	-0.897182	-0.846189	-0.810034	-0.793984	-0.788988	-0.79939	-0.832853	-0.874513	-0.932516	-1.00527	-1.0777	-1.14387	-1.17609	-1.173	-1.10386	-0.975267	-0.768858	-0.503214	-0.189079	0.16401	0.520027	0.862939	1.15049	1.36796	
0.0769159	0.0769159	0.145324	0.295356	0.531206	0.82064	1.09802	1.31187	1.45715	1.53283	1.50845	1.38089	1.18043	0.908575	0.587676	0.255615	-0.086677	-0.394693	-0.656997	-0.872247	-1.02319	-1.12324	-1.16712	-1.17555	-1.15386	-1.12004	-1.08048	-1.042	-1.01595	-0.999631	-0.996668	-1.00927	-1.03052	-1.06417	-1.10269	-1.14295	-1.16868	-1.17563	-1.14565	-1.07064	-0.938537	-0.751503	-0.503214	-0.216675	0.118368	0.456492	0.783015	1.07997	1.30843	1.4682	
0.0452386	0.0452386	0.092422	0.203439	0.395693	0.66016	0.946761	1.19293	1.37375	1.49548	1.53962	1.48061	1.34084	1.13587	0.86059	0.558396	0.24737	-0.0701695	-0.355064	-0.605595	-0.805886	-0.95894	-1.06313	-1.12847	-1.15764	-1.16739	-1.16302	-1.1544	-1.14299	-1.13525	-1.13572	-1.14037	-1.14836	-1.15965	-1.16723	-1.16352	-1.14465	-1.0931	-1.00697	-0.871792	-0.693002	-0.459405	-0.189079	0.118368	0.436442	0.73984	1.03246	1.26788	1.43282	1.52864	
0.0245597	0.0245597	0.0544089	0.129998	0.274574	0.498195	0.774296	1.04352	1.25882	1.41723	1.51976	1.53574	1.45846	1.31942	1.11606	0.851887	0.570523	0.280787	-0.0045236	-0.267437	-0.500776	-0.693882	-0.847402	-0.96201	-1.04322	-1.09532	-1.12545	-1.14432	-1.1525	-1.15617	-1.15587	-1.15359	-1.14728	-1.13389	-1.11	-1.06747	-0.998381	-0.897741	-0.759995	-0.58303	-0.365374	-0.112368	0.16401	0.456492	0.73984	1.01527	1.24789	1.40973	1.51428	1.53833	
0.012231	0.012231	0.0294204	0.0763524	0.175542	0.3481	0.591679	0.865437	1.1115	1.30255	1.44629	1.53237	1.52996	1.44887	1.31614	1.12462	0.884758	0.62567	0.359808	0.103216	-0.135562	-0.347616	-0.529119	-0.676909	-0.794484	-0.882992	-0.94862	-0.990877	-1.01936	-1.0337	-1.03454	-1.02656	-1.00357	-0.968188	-0.912326	-0.832649	-0.726908	-0.592089	-0.423361	-0.224077	0.00592411	0.255267	0.520027	0.783015	1.03246	1.24789	1.40203	1.50423	1.54255	1.4895	
0.00555977	0.00555977	0.0145171	0.0408895	0.102376	0.222384	0.415803	0.668008	0.930637	1.15462	1.32873	1.46195	1.53663	1.52883	1.45344	1.33047	1.15992	0.952392	0.7234	0.487217	0.257533	0.0436783	-0.147834	-0.313296	-0.450843	-0.559463	-0.644815	-0.706062	-0.746747	-0.768286	-0.772796	-0.757977	-0.725823	-0.67297	-0.596603	-0.497077	-0.3721	-0.21699	-0.0358859	0.169816	0.394056	0.628826	0.862939	1.07997	1.26788	1.40973	1.50423	1.54311	1.50094	1.38692	
0.00229859	0.00229859	0.00650501	0.0198444	0.0540357	0.128535	0.264893	0.470685	0.722259	0.970413	1.17681	1.33926	1.46438	1.53471	1.53349	1.47124	1.36305	1.21742	1.04406	0.852271	0.653005	0.456842	0.272845	0.106264	-0.0396306	-0.161042	-0.256366	-0.329121	-0.377592	-0.403686	-0.408924	-0.390792	-0.35214	-0.288507	-0.20214	-0.0918037	0.0446201	0.203744	0.380871	0.573363	0.772284	0.968792	1.15049	1.30843	1.43282	1.51428	1.54255	1.50094	1.39427	1.24606	
0.000862519	0.000862519	0.00263893	0.00869297	0.0256735	0.0667118	0.151325	0.297867	0.507538	0.752226	0.98642	1.1804	1.33458	1.45367	1.52574	1.53924	1.4978	1.41212	1.29395	1.15348	0.999044	0.83883	0.681328	0.533786	0.40019	0.28304	0.187438	0.113667	0.0627149	0.0349298	0.0305921	0.048951	0.0908482	0.155667	0.242236	0.350753	0.4786	0.620653	0.774838	0.934954	1.09275	1.23991	1.36796	1.4682	1.52864	1.53833	1.4895	1.38692	1.24606	1.06933	
