-0.593135	-0.756218	-0.916269	-1.07417	-1.23687	-1.38019	-1.46618	-1.46748	-1.38408	-1.21278	-0.964121	-0.677302	-0.389668	-0.122945	0.111741	0.329622	0.530856	0.727043	0.926081	1.11749	1.29293	1.42785	1.50335	1.51988	1.46169	1.31362	1.0725	0.75694	0.406916	0.0584598	-0.24683	-0.492612	-0.657333	-0.72409	-0.701293	-0.615148	-0.495484	-0.377074	-0.287255	-0.22487	-0.204046	-0.217055	-0.248189	-0.285907	-0.30897	-0.309263	-0.290237	-0.268255	-0.250223	-0.250223	
-0.593135	-0.756218	-0.916269	-1.07417	-1.23687	-1.38019	-1.46618	-1.46748	-1.38408	-1.21278	-0.964121	-0.677302	-0.389668	-0.122945	0.111741	0.329622	0.530856	0.727043	0.926081	1.11749	1.29293	1.42785	1.50335	1.51988	1.46169	1.31362	1.0725	0.75694	0.406916	0.0584598	-0.24683	-0.492612	-0.657333	-0.72409	-0.701293	-0.615148	-0.495484	-0.377074	-0.287255	-0.22487	-0.204046	-0.217055	-0.248189	-0.285907	-0.30897	-0.309263	-0.290237	-0.268255	-0.250223	-0.250223	
-0.558462	-0.725699	-0.894935	-1.0604	-1.22712	-1.37071	-1.45353	-1.44614	-1.34975	-1.17006	-0.928597	-0.660205	-0.387034	-0.12454	0.109884	0.32106	0.511711	0.70311	0.906748	1.10551	1.28172	1.41185	1.4838	1.50365	1.45312	1.31175	1.07401	0.759454	0.413484	0.070633	-0.231714	-0.479109	-0.651983	-0.73017	-0.715925	-0.631354	-0.508634	-0.385071	-0.289418	-0.222468	-0.196614	-0.205366	-0.232987	-0.268111	-0.293868	-0.302097	-0.294596	-0.284384	-0.273035	-0.273035	
-0.486203	-0.65825	-0.840105	-1.02064	-1.19549	-1.34232	-1.42309	-1.40677	-1.29794	-1.1146	-0.881144	-0.627875	-0.369816	-0.116885	0.109096	0.309388	0.487123	0.667603	0.864713	1.0604	1.23644	1.36853	1.44706	1.47654	1.43895	1.31088	1.08327	0.776408	0.431	0.0861491	-0.219057	-0.472054	-0.650628	-0.734082	-0.725268	-0.646133	-0.523609	-0.394866	-0.291686	-0.216801	-0.185435	-0.189296	-0.214717	-0.253165	-0.284065	-0.299826	-0.300983	-0.297117	-0.291015	-0.291015	
-0.38249	-0.555023	-0.747089	-0.943255	-1.13627	-1.29018	-1.36468	-1.33965	-1.23047	-1.0531	-0.829185	-0.584467	-0.334944	-0.0961937	0.11653	0.306851	0.47612	0.640155	0.811956	0.986049	1.15348	1.29344	1.38747	1.43321	1.40996	1.29713	1.08597	0.789824	0.450785	0.103388	-0.211317	-0.469976	-0.651433	-0.736523	-0.727522	-0.645651	-0.522813	-0.394288	-0.287154	-0.207598	-0.170347	-0.174577	-0.206047	-0.249575	-0.287277	-0.306774	-0.307876	-0.302882	-0.293794	-0.293794	
-0.262032	-0.427146	-0.624356	-0.83711	-1.04227	-1.20188	-1.27656	-1.25322	-1.1509	-0.98622	-0.768944	-0.525798	-0.284074	-0.0585293	0.140548	0.321737	0.480941	0.626997	0.771684	0.916084	1.06191	1.1927	1.29214	1.35127	1.34707	1.25479	1.06322	0.787301	0.458424	0.115067	-0.19971	-0.463292	-0.646161	-0.726791	-0.711635	-0.627236	-0.502214	-0.372755	-0.269156	-0.196593	-0.16909	-0.179233	-0.213246	-0.25986	-0.295736	-0.311865	-0.309739	-0.299646	-0.2903	-0.2903	
-0.156834	-0.303977	-0.495711	-0.709569	-0.922232	-1.08686	-1.16724	-1.15523	-1.06657	-0.909457	-0.700023	-0.465427	-0.227475	-0.0034143	0.1947	0.364204	0.501985	0.619193	0.732111	0.845757	0.960863	1.07104	1.16642	1.23799	1.25539	1.18802	1.02032	0.762973	0.455135	0.130104	-0.174244	-0.429206	-0.610289	-0.695784	-0.685149	-0.600442	-0.478059	-0.356707	-0.262247	-0.201518	-0.181007	-0.195632	-0.229731	-0.267254	-0.296043	-0.307427	-0.303801	-0.296847	-0.288115	-0.288115	
-0.0846769	-0.215412	-0.39602	-0.602871	-0.803999	-0.967829	-1.0612	-1.0647	-0.980202	-0.822676	-0.612106	-0.37788	-0.141464	0.0837274	0.27601	0.425452	0.530334	0.611619	0.689245	0.768069	0.851637	0.936647	1.02017	1.09483	1.13279	1.09667	0.963566	0.74135	0.458366	0.154521	-0.130621	-0.375052	-0.552634	-0.641995	-0.64453	-0.580359	-0.475333	-0.363596	-0.274513	-0.216626	-0.197572	-0.20859	-0.235675	-0.26898	-0.292105	-0.300993	-0.299081	-0.2918	-0.286386	-0.286386	
-0.0544977	-0.171446	-0.336789	-0.52508	-0.71534	-0.873029	-0.962967	-0.961586	-0.867811	-0.697196	-0.480426	-0.244737	-0.00801216	0.207588	0.380542	0.499046	0.568333	0.606351	0.636496	0.673861	0.724141	0.787456	0.860041	0.933875	0.984113	0.976931	0.885253	0.707545	0.469876	0.202088	-0.0644448	-0.300315	-0.481655	-0.58802	-0.612961	-0.569187	-0.484004	-0.387983	-0.301927	-0.238636	-0.206595	-0.20674	-0.229798	-0.260432	-0.286975	-0.298999	-0.297071	-0.290763	-0.283657	-0.283657	
-0.0551012	-0.160466	-0.305389	-0.474914	-0.646556	-0.792379	-0.869371	-0.848947	-0.731293	-0.540548	-0.303713	-0.0523042	0.180688	0.371077	0.504707	0.581891	0.610223	0.606816	0.592064	0.585111	0.597272	0.631763	0.688187	0.75795	0.818917	0.835644	0.783779	0.65888	0.469488	0.238201	-0.00727959	-0.238797	-0.424699	-0.538222	-0.574821	-0.548181	-0.479437	-0.393774	-0.313697	-0.253249	-0.220717	-0.216937	-0.233885	-0.260839	-0.282343	-0.292106	-0.291762	-0.283588	-0.278028	-0.278028	
-0.0848065	-0.174919	-0.29846	-0.445419	-0.601221	-0.72619	-0.775337	-0.727246	-0.584628	-0.367089	-0.107114	0.158315	0.389054	0.555159	0.652836	0.68527	0.668897	0.619798	0.56082	0.512471	0.484947	0.489411	0.530981	0.59676	0.661676	0.693993	0.669068	0.578092	0.425364	0.228586	0.00759937	-0.206224	-0.381771	-0.496047	-0.537077	-0.512114	-0.446963	-0.369591	-0.299075	-0.251316	-0.228995	-0.229995	-0.24638	-0.265462	-0.280674	-0.286657	-0.284961	-0.281473	-0.279163	-0.279163	
-0.129797	-0.213559	-0.325327	-0.456413	-0.582285	-0.671634	-0.687452	-0.612434	-0.444006	-0.200093	0.084615	0.363613	0.590319	0.739778	0.808216	0.800551	0.738578	0.647913	0.550385	0.466759	0.407132	0.384866	0.405658	0.455618	0.517088	0.556393	0.546397	0.472869	0.338629	0.165773	-0.0252842	-0.207897	-0.3585	-0.45438	-0.486349	-0.46074	-0.398649	-0.325155	-0.261673	-0.225395	-0.214827	-0.226632	-0.250493	-0.274125	-0.289198	-0.295461	-0.296514	-0.291331	-0.289001	-0.289001	
-0.186996	-0.267307	-0.376269	-0.493759	-0.590754	-0.63707	-0.611154	-0.504579	-0.308449	-0.0386953	0.260287	0.543668	0.769033	0.907541	0.956091	0.91538	0.816227	0.686115	0.552246	0.439948	0.358971	0.316841	0.315571	0.344682	0.391206	0.42368	0.412988	0.347656	0.230628	0.0859142	-0.0746381	-0.227704	-0.347265	-0.420267	-0.437345	-0.402915	-0.342464	-0.277023	-0.220677	-0.19071	-0.185978	-0.204009	-0.237882	-0.274323	-0.303523	-0.318849	-0.320751	-0.315249	-0.312526	-0.312526	
-0.256099	-0.332745	-0.436633	-0.541909	-0.610767	-0.621436	-0.558574	-0.415281	-0.186286	0.106009	0.416876	0.705147	0.929523	1.05979	1.08896	1.02282	0.895707	0.737616	0.576885	0.445291	0.346286	0.283941	0.262296	0.268116	0.292032	0.303308	0.28398	0.226438	0.129576	0.00594234	-0.135889	-0.265879	-0.362184	-0.410711	-0.408801	-0.365288	-0.302004	-0.236388	-0.181055	-0.154327	-0.152957	-0.177053	-0.219624	-0.26461	-0.301149	-0.327281	-0.343637	-0.347728	-0.350087	-0.350087	
-0.343646	-0.414834	-0.503501	-0.586095	-0.630937	-0.61329	-0.515103	-0.334669	-0.0748875	0.233708	0.547001	0.836347	1.06149	1.18639	1.20838	1.13025	0.988578	0.814147	0.638174	0.489462	0.372464	0.292551	0.252412	0.235227	0.226787	0.207629	0.17373	0.118087	0.0271851	-0.0831737	-0.205852	-0.318162	-0.395245	-0.43242	-0.423465	-0.369196	-0.295364	-0.218872	-0.155268	-0.125951	-0.126001	-0.15035	-0.191062	-0.237159	-0.281417	-0.320561	-0.351117	-0.370388	-0.384057	-0.384057	
-0.443825	-0.507043	-0.568889	-0.616187	-0.627041	-0.578664	-0.449599	-0.240775	0.0350694	0.346027	0.653531	0.932467	1.14741	1.26816	1.29136	1.21887	1.08381	0.913236	0.733078	0.573715	0.438518	0.338068	0.274262	0.220813	0.176596	0.132777	0.0847228	0.018316	-0.073417	-0.17215	-0.275851	-0.365843	-0.430106	-0.460818	-0.44925	-0.394403	-0.316899	-0.235749	-0.165876	-0.127874	-0.116684	-0.131094	-0.167805	-0.2137	-0.259617	-0.304037	-0.341412	-0.363937	-0.377425	-0.377425	
-0.526363	-0.580223	-0.613592	-0.623736	-0.598401	-0.517003	-0.362398	-0.142567	0.131673	0.432891	0.721935	0.978533	1.1733	1.28575	1.31948	1.26943	1.16058	1.01111	0.839261	0.673897	0.528017	0.408936	0.312201	0.224086	0.151447	0.0843763	0.0162337	-0.0628132	-0.156499	-0.244305	-0.332704	-0.412063	-0.461963	-0.481482	-0.465672	-0.411381	-0.342906	-0.269558	-0.200796	-0.157446	-0.1372	-0.140756	-0.165815	-0.204165	-0.245601	-0.284593	-0.313889	-0.329432	-0.340321	-0.340321	
-0.563627	-0.605374	-0.623956	-0.613303	-0.560467	-0.451562	-0.283173	-0.0678899	0.190163	0.472041	0.739696	0.972389	1.15071	1.2609	1.30702	1.28285	1.2058	1.08204	0.924382	0.76666	0.618488	0.485797	0.371398	0.265061	0.174165	0.0835857	-0.00857772	-0.102726	-0.202107	-0.296132	-0.390454	-0.463795	-0.500535	-0.506897	-0.48353	-0.429662	-0.363383	-0.293752	-0.2294	-0.189067	-0.170152	-0.170332	-0.188485	-0.214484	-0.238522	-0.262724	-0.282882	-0.293797	-0.301649	-0.301649	
-0.560394	-0.598013	-0.612638	-0.591922	-0.52067	-0.395381	-0.226141	-0.0264203	0.206727	0.461729	0.703368	0.91948	1.09398	1.21424	1.27931	1.27984	1.22768	1.12602	0.9877	0.844033	0.705408	0.577958	0.467238	0.36089	0.254165	0.135079	0.0171649	-0.0996275	-0.226664	-0.346043	-0.449237	-0.518997	-0.547022	-0.545486	-0.515709	-0.454472	-0.383804	-0.312064	-0.249412	-0.214254	-0.199127	-0.198382	-0.209224	-0.22489	-0.239766	-0.255933	-0.267328	-0.270689	-0.274725	-0.274725	
-0.538603	-0.572638	-0.586834	-0.559889	-0.479524	-0.351522	-0.190587	-0.00795192	0.202725	0.429619	0.644157	0.842127	1.01427	1.14185	1.22328	1.24769	1.22308	1.15283	1.04663	0.929604	0.810214	0.698472	0.595576	0.482022	0.354704	0.21488	0.0767931	-0.0696115	-0.230255	-0.371986	-0.484718	-0.560579	-0.592099	-0.589902	-0.555784	-0.490575	-0.41659	-0.344575	-0.284246	-0.245579	-0.223589	-0.214586	-0.218766	-0.23193	-0.244629	-0.257366	-0.262917	-0.259988	-0.259771	-0.259771	
-0.485224	-0.51866	-0.531374	-0.503477	-0.429579	-0.317609	-0.177267	-0.0116713	0.178709	0.382143	0.573623	0.752825	0.910698	1.03741	1.12867	1.17734	1.18901	1.15981	1.09343	1.01006	0.920335	0.830265	0.734583	0.611509	0.470304	0.31717	0.156449	-0.0195339	-0.202857	-0.361685	-0.492768	-0.58614	-0.628784	-0.628683	-0.595622	-0.533659	-0.462617	-0.391842	-0.325975	-0.277981	-0.246706	-0.228577	-0.225746	-0.233232	-0.243336	-0.256085	-0.264223	-0.266135	-0.267343	-0.267343	
-0.388332	-0.417676	-0.430963	-0.412161	-0.360646	-0.280444	-0.170551	-0.0332158	0.133938	0.319028	0.498653	0.666597	0.814267	0.930111	1.02288	1.08905	1.12815	1.13547	1.1055	1.05375	0.995084	0.930273	0.843537	0.728253	0.591639	0.430138	0.250095	0.0527454	-0.150855	-0.33474	-0.490154	-0.59831	-0.643066	-0.646196	-0.619708	-0.562367	-0.492051	-0.416987	-0.347632	-0.294894	-0.260877	-0.24086	-0.233404	-0.240466	-0.25303	-0.270283	-0.285339	-0.292482	-0.297046	-0.297046	
-0.26057	-0.285242	-0.303103	-0.303092	-0.282965	-0.236636	-0.161063	-0.0541242	0.084659	0.252441	0.425524	0.587799	0.724242	0.833732	0.920904	0.99125	1.04923	1.08016	1.07825	1.058	1.02722	0.980264	0.912317	0.814079	0.688165	0.529054	0.342377	0.135705	-0.0861786	-0.297204	-0.47038	-0.58202	-0.632631	-0.64099	-0.613987	-0.554694	-0.480416	-0.404959	-0.335868	-0.285337	-0.252791	-0.233248	-0.236054	-0.257315	-0.286378	-0.318438	-0.340629	-0.351082	-0.354308	-0.354308	
-0.121669	-0.14534	-0.176039	-0.203783	-0.214103	-0.194567	-0.141512	-0.060374	0.054981	0.20188	0.357833	0.504836	0.631801	0.730483	0.811298	0.882291	0.944309	0.993365	1.02018	1.02928	1.02363	0.996604	0.939337	0.854647	0.739238	0.59069	0.42227	0.22487	-0.00208303	-0.22177	-0.399985	-0.523305	-0.587611	-0.60172	-0.573376	-0.512278	-0.438179	-0.363356	-0.300821	-0.255704	-0.230959	-0.229487	-0.250213	-0.290255	-0.338146	-0.384854	-0.415974	-0.427798	-0.433343	-0.433343	
0.00181701	-0.0247418	-0.0707649	-0.11908	-0.148394	-0.143432	-0.107665	-0.0443615	0.0479974	0.167658	0.295737	0.420241	0.532939	0.628874	0.705467	0.770114	0.831151	0.882483	0.923789	0.956953	0.975994	0.969869	0.933724	0.860597	0.755801	0.631884	0.487547	0.309042	0.0977122	-0.110293	-0.288036	-0.420665	-0.495013	-0.514561	-0.493278	-0.443265	-0.377102	-0.313039	-0.260511	-0.229362	-0.224399	-0.239975	-0.27879	-0.334818	-0.396011	-0.450362	-0.487347	-0.508957	-0.517503	-0.517503	
0.0912865	0.0583824	0.00696043	-0.0467407	-0.0802651	-0.0878754	-0.0697117	-0.0246533	0.0506329	0.147184	0.251256	0.356606	0.460174	0.549678	0.621172	0.679816	0.726732	0.769119	0.809353	0.8489	0.886052	0.90801	0.894138	0.841436	0.760134	0.660481	0.539419	0.380069	0.190101	-0.00283963	-0.175085	-0.303433	-0.375496	-0.399732	-0.390891	-0.355578	-0.303949	-0.256254	-0.223079	-0.20806	-0.216713	-0.246768	-0.295473	-0.365186	-0.443087	-0.512814	-0.565368	-0.591802	-0.59931	-0.59931	
0.162571	0.124826	0.0696942	0.0173183	-0.0231626	-0.0493818	-0.0521189	-0.0200932	0.0470774	0.136815	0.233655	0.330687	0.422337	0.499662	0.5594	0.604722	0.640991	0.670551	0.701122	0.739172	0.785815	0.824729	0.832575	0.80426	0.750409	0.677946	0.574488	0.433074	0.260042	0.0782332	-0.0846034	-0.203373	-0.272621	-0.303616	-0.302129	-0.274022	-0.233677	-0.198607	-0.174386	-0.16979	-0.185265	-0.220475	-0.285204	-0.376518	-0.478209	-0.566771	-0.629109	-0.663862	-0.676645	-0.676645	
0.223462	0.179296	0.121183	0.0649238	0.0145227	-0.0300127	-0.0501938	-0.0295173	0.0330143	0.119819	0.21752	0.31465	0.40038	0.46851	0.51898	0.554514	0.577938	0.594299	0.612976	0.647195	0.698954	0.749374	0.773242	0.765244	0.733947	0.67671	0.584252	0.455305	0.293391	0.120473	-0.0309461	-0.139326	-0.209599	-0.244224	-0.246017	-0.224913	-0.187501	-0.149436	-0.121718	-0.112755	-0.126123	-0.173328	-0.257806	-0.365335	-0.481685	-0.588038	-0.66326	-0.700125	-0.716625	-0.716625	
0.248757	0.200868	0.140955	0.0830734	0.023593	-0.0328872	-0.0627674	-0.0526184	0.00124358	0.087409	0.189887	0.29203	0.380638	0.448728	0.498025	0.527509	0.543473	0.550915	0.563837	0.599875	0.654841	0.706777	0.733193	0.729671	0.700789	0.646538	0.562027	0.442351	0.286931	0.121332	-0.0230281	-0.128874	-0.199298	-0.234557	-0.236409	-0.211762	-0.169222	-0.123138	-0.0821395	-0.0620221	-0.0692849	-0.114703	-0.2003	-0.316216	-0.447161	-0.560791	-0.637969	-0.678202	-0.696576	-0.696576	
0.233207	0.183699	0.122879	0.0593593	-0.0023855	-0.0577865	-0.0901255	-0.0854694	-0.0364644	0.0465039	0.150858	0.258195	0.35271	0.428391	0.484648	0.516675	0.53149	0.536268	0.549953	0.589353	0.644966	0.693007	0.714412	0.701157	0.661172	0.602443	0.519787	0.403971	0.25128	0.0900048	-0.053695	-0.166135	-0.24516	-0.283111	-0.282953	-0.253035	-0.197395	-0.134534	-0.0746184	-0.0332241	-0.0199076	-0.0434766	-0.111068	-0.221836	-0.352024	-0.466026	-0.55113	-0.595113	-0.607829	-0.607829	
0.177075	0.130949	0.0706549	0.00735717	-0.0488945	-0.096598	-0.123365	-0.120231	-0.0755952	0.00846287	0.11479	0.224567	0.32775	0.413684	0.478878	0.519083	0.537429	0.541586	0.552022	0.586329	0.633473	0.675107	0.693061	0.673287	0.626796	0.56318	0.474528	0.347094	0.190147	0.030111	-0.119722	-0.238156	-0.321506	-0.364229	-0.367172	-0.332838	-0.266145	-0.185218	-0.101336	-0.0319645	0.0169536	0.0255566	-0.01699	-0.105411	-0.218277	-0.317845	-0.391056	-0.428857	-0.440447	-0.440447	
0.0870588	0.0423292	-0.0156543	-0.0660721	-0.102109	-0.130248	-0.146829	-0.143633	-0.0994233	-0.0183383	0.0839978	0.198158	0.307064	0.398034	0.474004	0.52101	0.544077	0.547957	0.549729	0.568451	0.6003	0.634663	0.652315	0.63673	0.597522	0.533227	0.42992	0.287332	0.117378	-0.049931	-0.200775	-0.318591	-0.39887	-0.448787	-0.463752	-0.434689	-0.368694	-0.272948	-0.159668	-0.0525349	0.0418874	0.0907701	0.0795977	0.0250031	-0.0566457	-0.136335	-0.186209	-0.201494	-0.20831	-0.20831	
-0.0306933	-0.0690965	-0.113316	-0.143813	-0.156542	-0.161831	-0.161937	-0.150759	-0.106188	-0.030465	0.0626771	0.171714	0.278683	0.37275	0.453436	0.505632	0.535187	0.538385	0.5288	0.534957	0.55148	0.574728	0.595107	0.585287	0.556673	0.496097	0.384939	0.231904	0.0545169	-0.117942	-0.271658	-0.385987	-0.469385	-0.530808	-0.556144	-0.533002	-0.470558	-0.370996	-0.234912	-0.0905946	0.0466721	0.14286	0.177932	0.163313	0.11567	0.0645454	0.0414281	0.0486623	0.052532	0.052532	
-0.141049	-0.173813	-0.201619	-0.20864	-0.196141	-0.177729	-0.158298	-0.134963	-0.0913003	-0.03059	0.0449587	0.141716	0.242591	0.331934	0.414511	0.467462	0.49475	0.497522	0.484622	0.482883	0.492204	0.508392	0.519653	0.513869	0.49339	0.435949	0.331934	0.187088	0.011717	-0.160325	-0.310669	-0.429493	-0.52181	-0.591597	-0.624636	-0.612062	-0.56093	-0.458309	-0.305311	-0.136075	0.0314923	0.172975	0.261954	0.289582	0.282457	0.27346	0.276677	0.297436	0.314443	0.314443	
-0.234193	-0.251023	-0.25656	-0.246676	-0.21601	-0.177711	-0.140782	-0.103857	-0.0671736	-0.0246282	0.0314214	0.108768	0.198651	0.28635	0.36219	0.411362	0.435882	0.435243	0.423738	0.423559	0.430002	0.434553	0.438602	0.430849	0.409689	0.358976	0.268335	0.13474	-0.029123	-0.189921	-0.334978	-0.454239	-0.552246	-0.626092	-0.668652	-0.670506	-0.620765	-0.516048	-0.362298	-0.178172	0.0207698	0.20074	0.326464	0.395662	0.432839	0.462272	0.494174	0.531791	0.562882	0.562882	
-0.282178	-0.283158	-0.267565	-0.23771	-0.199273	-0.158789	-0.115043	-0.0771966	-0.0447818	-0.00848207	0.0357817	0.097475	0.171885	0.241779	0.302061	0.341177	0.358008	0.36021	0.35586	0.356356	0.356243	0.349568	0.34093	0.330184	0.313472	0.27161	0.198182	0.0790594	-0.0744421	-0.224345	-0.361901	-0.47874	-0.571123	-0.644637	-0.691794	-0.695619	-0.652906	-0.551988	-0.394274	-0.193125	0.0309969	0.230139	0.382084	0.489426	0.560164	0.616	0.680047	0.745154	0.782575	0.782575	
-0.293365	-0.27261	-0.235065	-0.189805	-0.150669	-0.111624	-0.0724115	-0.0426727	-0.0150536	0.0189648	0.0529277	0.101556	0.155124	0.204925	0.248426	0.269106	0.279795	0.278389	0.269821	0.266943	0.255827	0.237961	0.229356	0.22081	0.211085	0.182571	0.117226	0.00628984	-0.137561	-0.27215	-0.392635	-0.496453	-0.572926	-0.639168	-0.687461	-0.692386	-0.657073	-0.561439	-0.398509	-0.192346	0.039688	0.259458	0.436387	0.569184	0.666743	0.748308	0.838209	0.923448	0.968373	0.968373	
-0.289383	-0.256113	-0.191152	-0.126009	-0.0765038	-0.0385609	-0.00926819	0.00754998	0.0283538	0.0555324	0.076699	0.104135	0.135033	0.163741	0.18999	0.198536	0.197885	0.188929	0.172175	0.159423	0.139587	0.118755	0.109392	0.102238	0.0984392	0.0774054	0.0201463	-0.077713	-0.201979	-0.315382	-0.415554	-0.496275	-0.550884	-0.60311	-0.643839	-0.653157	-0.628496	-0.547273	-0.396458	-0.192597	0.0401346	0.275915	0.476012	0.627016	0.753623	0.86456	0.969781	1.06554	1.11844	1.11844	
-0.275524	-0.236001	-0.158247	-0.0790634	-0.0128031	0.0371109	0.0663187	0.0807693	0.0918082	0.103864	0.105604	0.103454	0.111683	0.121113	0.127885	0.124602	0.110537	0.0920001	0.0704164	0.0498235	0.0271498	0.00465188	-0.0142928	-0.0230844	-0.0264736	-0.0410444	-0.0793241	-0.153608	-0.245637	-0.331506	-0.406779	-0.460733	-0.498541	-0.538577	-0.573376	-0.588086	-0.572864	-0.509668	-0.378624	-0.188831	0.0362337	0.275112	0.48379	0.654772	0.805491	0.939939	1.06458	1.16718	1.2306	1.2306	
-0.266662	-0.22979	-0.146957	-0.0597879	0.023904	0.091342	0.128942	0.148179	0.157759	0.15521	0.138512	0.118084	0.107248	0.103281	0.0922248	0.0746682	0.0419079	0.00677116	-0.0240721	-0.0546678	-0.0767789	-0.0982215	-0.120223	-0.12874	-0.129304	-0.136394	-0.157424	-0.201278	-0.261183	-0.320961	-0.368215	-0.402092	-0.429102	-0.454328	-0.479589	-0.496454	-0.490232	-0.444722	-0.338861	-0.171294	0.0332485	0.252617	0.459141	0.641775	0.805701	0.955664	1.09852	1.21748	1.28747	1.28747	
-0.278941	-0.242571	-0.169431	-0.0754959	0.0219851	0.103804	0.155314	0.182387	0.194531	0.194414	0.181114	0.162308	0.1444	0.126653	0.0970566	0.0564082	0.0098485	-0.0381273	-0.081388	-0.116122	-0.142752	-0.167628	-0.184934	-0.189433	-0.181944	-0.176021	-0.180238	-0.201138	-0.23933	-0.279197	-0.30878	-0.327176	-0.34201	-0.355135	-0.373541	-0.393038	-0.396757	-0.366837	-0.289189	-0.160395	0.0112195	0.201095	0.394601	0.576569	0.745497	0.915666	1.07772	1.20919	1.28226	1.28226	
-0.324092	-0.290306	-0.221334	-0.119925	-0.010885	0.0783569	0.141623	0.181123	0.206768	0.223711	0.228322	0.224081	0.205989	0.17632	0.138337	0.0856842	0.0346843	-0.0172014	-0.0665153	-0.106673	-0.136828	-0.159591	-0.172437	-0.171272	-0.160888	-0.152041	-0.149371	-0.154477	-0.179715	-0.203058	-0.216834	-0.228762	-0.236347	-0.247385	-0.26824	-0.296458	-0.318805	-0.316082	-0.276804	-0.190791	-0.0536855	0.109035	0.283532	0.462557	0.646034	0.833338	1.00574	1.14901	1.22851	1.22851	
-0.402954	-0.369269	-0.294465	-0.186954	-0.0719557	0.0212936	0.0990073	0.154391	0.202265	0.25297	0.292023	0.305683	0.301144	0.270467	0.227117	0.180671	0.13564	0.0921257	0.0490636	0.011217	-0.0220769	-0.0481394	-0.0669436	-0.0754964	-0.0793457	-0.0799843	-0.0754022	-0.0794492	-0.0949681	-0.102706	-0.11312	-0.121519	-0.126762	-0.145369	-0.178612	-0.225607	-0.272153	-0.308557	-0.309412	-0.259036	-0.16415	-0.0303425	0.128422	0.307825	0.504394	0.704376	0.895108	1.05294	1.14071	1.14071	
-0.481596	-0.451397	-0.372904	-0.265023	-0.155551	-0.0563654	0.0344616	0.111636	0.192209	0.277601	0.35379	0.40738	0.43152	0.423323	0.397574	0.363063	0.323087	0.287111	0.248891	0.211154	0.179674	0.154846	0.127928	0.102137	0.0764159	0.0499682	0.0333467	0.0162557	-0.00151941	-0.0114951	-0.0201454	-0.0312133	-0.0468392	-0.076892	-0.131321	-0.196939	-0.26795	-0.33402	-0.361639	-0.349347	-0.296318	-0.19048	-0.04493	0.129122	0.32698	0.53865	0.745097	0.911233	1.00385	1.00385	
-0.544473	-0.503617	-0.425906	-0.334518	-0.238138	-0.137806	-0.0434859	0.0530909	0.164462	0.28514	0.408506	0.519611	0.593212	0.632106	0.634708	0.610324	0.57843	0.539872	0.496645	0.460346	0.428622	0.401556	0.378668	0.335789	0.287497	0.237082	0.183525	0.137425	0.0994375	0.06766	0.0449566	0.0236197	-0.0091687	-0.0494128	-0.116561	-0.196705	-0.27963	-0.365448	-0.429603	-0.458715	-0.439085	-0.368276	-0.246242	-0.0821128	0.122905	0.351771	0.565592	0.738796	0.833006	0.833006	
-0.573093	-0.523596	-0.458214	-0.377311	-0.293022	-0.202523	-0.103988	0.00555732	0.134013	0.286648	0.455213	0.619584	0.752951	0.841839	0.881716	0.876781	0.856162	0.81667	0.768904	0.726967	0.69192	0.664497	0.63844	0.584332	0.517866	0.44242	0.355051	0.27739	0.210344	0.15129	0.101167	0.0631882	0.0152742	-0.0437415	-0.114638	-0.201549	-0.306238	-0.414492	-0.508883	-0.579686	-0.599466	-0.566334	-0.467117	-0.303297	-0.0928184	0.143812	0.368038	0.552529	0.655042	0.655042	
-0.580476	-0.521474	-0.463656	-0.393342	-0.314072	-0.23007	-0.13253	-0.0204945	0.118418	0.291951	0.488645	0.691974	0.878395	1.0125	1.09487	1.12625	1.1244	1.09445	1.04811	0.998583	0.956354	0.922541	0.878667	0.812926	0.729778	0.627316	0.517844	0.412313	0.31109	0.228112	0.156871	0.0982512	0.0403106	-0.0318267	-0.113668	-0.213902	-0.336056	-0.461344	-0.58588	-0.697041	-0.756602	-0.75221	-0.675347	-0.523955	-0.315566	-0.0729324	0.168377	0.363965	0.472199	0.472199	
-0.565334	-0.501402	-0.435161	-0.362205	-0.286186	-0.215433	-0.131226	-0.0288888	0.111229	0.294946	0.504385	0.735451	0.958227	1.1335	1.25964	1.33042	1.35283	1.33917	1.29587	1.24305	1.19203	1.1438	1.0813	1.00043	0.902508	0.780227	0.651219	0.51959	0.389141	0.282597	0.197392	0.124347	0.0614033	-0.0173319	-0.111084	-0.218135	-0.351386	-0.493325	-0.642661	-0.775374	-0.86425	-0.895873	-0.848126	-0.719065	-0.516458	-0.272552	-0.0272271	0.172382	0.278671	0.278671	
-0.514071	-0.433215	-0.358414	-0.282592	-0.216063	-0.16647	-0.110549	-0.0223078	0.108802	0.287413	0.502085	0.747791	0.990027	1.19733	1.35708	1.45591	1.50401	1.50704	1.46784	1.42003	1.36246	1.29655	1.22421	1.12811	1.01885	0.886915	0.74233	0.590512	0.441005	0.316328	0.221167	0.143686	0.0722154	-0.00502525	-0.0984306	-0.206194	-0.336788	-0.484348	-0.645803	-0.804206	-0.927943	-0.989706	-0.969012	-0.85826	-0.667264	-0.4369	-0.201658	-0.0055337	0.102568	0.102568	
-0.427291	-0.335119	-0.247787	-0.172294	-0.127457	-0.102163	-0.0705299	-0.00130535	0.114059	0.279067	0.481927	0.721024	0.96592	1.18695	1.36844	1.49216	1.55916	1.57251	1.54148	1.49565	1.44047	1.37177	1.29344	1.19114	1.07043	0.929482	0.777321	0.617041	0.461113	0.33533	0.236974	0.154299	0.0847499	0.0126802	-0.075357	-0.168542	-0.287079	-0.439681	-0.608711	-0.786292	-0.937199	-1.01795	-1.01976	-0.92961	-0.757999	-0.543139	-0.317085	-0.133855	-0.0303019	-0.0303019	
