1.72288e-12	2.09166e-13	2.30949e-14	2.32716e-15	2.14709e-16	1.81946e-17	1.42029e-18	1.02412e-19	6.83901e-21	4.2399e-22	2.44584e-23	1.31564e-24	6.6123e-26	3.11094e-27	1.37252e-28	5.68789e-30	2.21753e-31	8.14529e-33	2.82269e-34	9.24067e-36	2.86128e-37	8.38949e-39	2.33187e-40	6.15057e-42	1.54096e-43	3.67058e-45	8.32004e-47	1.79606e-48	3.69542e-50	7.25227e-52	1.3585e-53	2.43057e-55	4.15619e-57	6.79644e-59	1.06343e-60	1.59301e-62	2.28572e-64	3.14294e-66	4.14336e-68	5.23915e-70	6.35676e-72	7.40362e-74	8.28022e-76	8.89561e-78	9.18298e-80	9.1116e-82	8.69218e-84	7.9744e-86	7.09705e-88	7.09705e-88	
1.72288e-12	2.09166e-13	2.30949e-14	2.32716e-15	2.14709e-16	1.81946e-17	1.42029e-18	1.02412e-19	6.83901e-21	4.2399e-22	2.44584e-23	1.31564e-24	6.6123e-26	3.11094e-27	1.37252e-28	5.68789e-30	2.21753e-31	8.14529e-33	2.82269e-34	9.24067e-36	2.86128e-37	8.38949e-39	2.33187e-40	6.15057e-42	1.54096e-43	3.67058e-45	8.32004e-47	1.79606e-48	3.69542e-50	7.25227e-52	1.3585e-53	2.43057e-55	4.15619e-57	6.79644e-59	1.06343e-60	1.59301e-62	2.28572e-64	3.14294e-66	4.14336e-68	5.23915e-70	6.35676e-72	7.40362e-74	8.28022e-76	8.89561e-78	9.18298e-80	9.1116e-82	8.69218e-84	7.9744e-86	7.09705e-88	7.09705e-88	
1.75732e-11	2.23848e-12	2.58846e-13	2.72692e-14	2.62618e-15	2.31952e-16	1.8846e-17	1.41263e-18	9.79473e-20	6.29802e-21	3.76433e-22	2.09605e-23	1.08954e-24	5.29737e-26	2.41345e-27	1.0321e-28	4.14959e-30	1.5709e-31	5.60743e-33	1.88989e-34	6.02161e-36	1.81597e-37	5.18937e-39	1.40666e-40	3.62049e-42	8.85653e-44	2.06095e-45	4.5661e-47	9.63938e-49	1.94048e-50	3.7277e-52	6.83817e-54	1.19864e-55	2.00887e-57	3.22097e-59	4.94345e-61	7.26624e-63	1.02339e-64	1.38174e-66	1.7892e-68	2.2229e-70	2.65082e-72	3.0353e-74	3.33839e-76	3.52799e-78	3.58351e-80	3.4995e-82	3.28651e-84	2.99476e-86	2.99476e-86	
1.77542e-10	2.37036e-11	2.86763e-12	3.15525e-13	3.16869e-14	2.91416e-15	2.46209e-16	1.91664e-17	1.37857e-18	9.18544e-20	5.68348e-21	3.27312e-22	1.75821e-23	8.82689e-25	4.14946e-26	1.82972e-27	7.58064e-29	2.95549e-30	1.0859e-31	3.76517e-33	1.2336e-34	3.82381e-36	1.12265e-37	3.12533e-39	8.25839e-41	2.07332e-42	4.95005e-44	1.12487e-45	2.43503e-47	5.02522e-49	9.89406e-51	1.85981e-52	3.33985e-54	5.73355e-56	9.41493e-58	1.47963e-59	2.22673e-61	3.21054e-63	4.43707e-65	5.88055e-67	7.47705e-69	9.12455e-71	1.06912e-72	1.20319e-74	1.301e-76	1.35208e-78	1.35093e-80	1.29806e-82	1.21043e-84	1.21043e-84	
1.63689e-09	2.29567e-10	2.91145e-11	3.35186e-12	3.5159e-13	3.37188e-14	2.96632e-15	2.40111e-16	1.79354e-17	1.23962e-18	7.9477e-20	4.73801e-21	2.63217e-22	1.3655e-23	6.62788e-25	3.01543e-26	1.28812e-27	5.17481e-29	1.958e-30	6.98763e-32	2.35517e-33	7.50652e-35	2.26512e-36	6.47839e-38	1.75803e-39	4.53106e-41	1.1102e-42	2.58833e-44	5.74671e-46	1.21605e-47	2.45441e-49	4.72841e-51	8.70074e-53	1.5302e-54	2.57372e-56	4.14233e-58	6.38323e-60	9.42266e-62	1.33309e-63	1.80844e-65	2.35339e-67	2.93912e-69	3.52406e-71	4.05819e-73	4.48994e-75	4.77429e-77	4.88059e-79	4.79799e-81	4.57845e-83	4.57845e-83	
1.37087e-08	2.02478e-09	2.69812e-10	3.25685e-11	3.57481e-12	3.58106e-13	3.28522e-14	2.76891e-15	2.15058e-16	1.54357e-17	1.02651e-18	6.34063e-20	3.64614e-21	1.95613e-22	9.81059e-24	4.60833e-25	2.031e-26	8.41219e-28	3.27958e-29	1.20523e-30	4.18084e-32	1.37075e-33	4.25291e-35	1.2501e-36	3.48505e-38	9.2241e-40	2.32012e-41	5.55097e-43	1.26438e-44	2.74405e-46	5.67875e-48	1.12145e-49	2.11486e-51	3.81103e-53	6.56656e-55	1.0825e-56	1.70827e-58	2.58201e-60	3.73986e-62	5.19344e-64	6.91761e-66	8.84192e-68	1.08493e-69	1.27847e-71	1.44735e-73	1.57468e-75	1.64699e-77	1.65654e-79	1.61759e-81	1.61759e-81	
1.03832e-07	1.61974e-08	2.27365e-09	2.88405e-10	3.31929e-11	3.47949e-12	3.33413e-13	2.93033e-14	2.36967e-15	1.76838e-16	1.22117e-17	7.82344e-19	4.66103e-20	2.58819e-21	1.34229e-22	6.51445e-24	2.96405e-25	1.26652e-26	5.09044e-28	1.92739e-29	6.88448e-31	2.32295e-32	7.41346e-34	2.24043e-35	6.41881e-37	1.74523e-38	4.50772e-40	1.10708e-41	2.58766e-43	5.76116e-45	1.22274e-46	2.47578e-48	4.78579e-50	8.83807e-52	1.56029e-53	2.63488e-55	4.25873e-57	6.59175e-59	9.77579e-61	1.38979e-62	1.89493e-64	2.47901e-66	3.11308e-68	3.75403e-70	4.34877e-72	4.84114e-74	5.18069e-76	5.33115e-78	5.32711e-80	5.32711e-80	
7.07886e-07	1.17008e-07	1.73509e-08	2.31865e-09	2.80434e-10	3.0823e-11	3.0905e-12	2.83689e-13	2.39201e-14	1.85837e-15	1.33415e-16	8.87451e-18	5.48321e-19	3.15418e-20	1.69295e-21	8.49545e-23	3.99335e-24	1.76144e-25	7.303e-27	2.85045e-28	1.04892e-29	3.64407e-31	1.19677e-32	3.72001e-34	1.09569e-35	3.06139e-37	8.12232e-39	2.04831e-40	4.91432e-42	1.1227e-43	2.44429e-45	5.07541e-47	1.00587e-48	1.904e-50	3.44458e-52	5.95972e-54	9.86719e-56	1.56418e-57	2.37542e-59	3.4576e-61	4.82613e-63	6.46269e-65	8.30627e-67	1.02507e-68	1.21514e-70	1.38414e-72	1.51555e-74	1.59562e-76	1.63157e-78	1.63157e-78	
4.32211e-06	7.59735e-07	1.19391e-07	1.68549e-08	2.14752e-09	2.48026e-10	2.60719e-11	2.50389e-12	2.20471e-13	1.78569e-14	1.33443e-15	9.22669e-17	5.91823e-18	3.53014e-19	1.9626e-20	1.01913e-21	4.95265e-23	2.25664e-24	9.65721e-26	3.88785e-27	1.47466e-28	5.27745e-30	1.78437e-31	5.70721e-33	1.72885e-34	4.96565e-36	1.35375e-37	3.50653e-39	8.63791e-41	2.02544e-42	4.5246e-44	9.63691e-46	1.9585e-47	3.80061e-49	7.04727e-51	1.24943e-52	2.11929e-54	3.44122e-56	5.35202e-58	7.97689e-60	1.13993e-61	1.56262e-63	2.05568e-65	2.59638e-67	3.14966e-69	3.67119e-71	4.11294e-73	4.43043e-75	4.63587e-77	4.63587e-77	
2.35067e-05	4.41205e-06	7.37368e-07	1.1031e-07	1.4846e-08	1.80596e-09	1.99439e-10	2.00762e-11	1.84907e-12	1.56363e-13	1.21792e-14	8.76398e-16	5.8422e-17	3.61705e-18	2.08482e-19	1.12118e-20	5.63733e-22	2.65518e-23	1.1736e-24	4.87614e-26	1.90745e-27	7.0354e-29	2.45013e-30	8.06713e-32	2.51429e-33	7.42644e-35	2.08109e-36	5.53852e-38	1.40125e-39	3.3733e-41	7.7338e-43	1.69001e-44	3.52277e-46	7.00972e-48	1.33243e-49	2.42106e-51	4.20785e-53	6.99952e-55	1.11501e-56	1.70186e-58	2.49016e-60	3.49462e-62	4.70591e-64	6.08338e-66	7.5524e-68	9.00808e-70	1.03263e-71	1.1381e-73	1.21865e-75	1.21865e-75	
0.000113244	2.27996e-05	4.06825e-06	6.47112e-07	9.22626e-08	1.18514e-08	1.37807e-09	1.45691e-10	1.40604e-11	1.24332e-12	1.01082e-13	7.57939e-15	5.25693e-16	3.38171e-17	2.0227e-18	1.12752e-19	5.87014e-21	2.86007e-22	1.30654e-23	5.60589e-25	2.26285e-26	8.60638e-28	3.08863e-29	1.04732e-30	3.3598e-32	1.02092e-33	2.9417e-35	8.04646e-37	2.09144e-38	5.1705e-40	1.21691e-41	2.72896e-43	5.83571e-45	1.19092e-46	2.32104e-48	4.32301e-50	7.69982e-52	1.3123e-53	2.14141e-55	3.34751e-57	5.01565e-59	7.20667e-61	9.93458e-63	1.31452e-64	1.67022e-66	2.03864e-68	2.39132e-70	2.6966e-72	2.95485e-74	2.95485e-74	
0.000480495	0.000104297	1.99553e-05	3.3874e-06	5.1326e-07	6.98096e-08	8.56743e-09	9.53247e-10	9.65758e-11	8.94477e-12	7.60144e-13	5.94709e-14	4.29672e-15	2.87495e-16	1.78618e-17	1.03296e-18	5.57292e-20	2.81084e-21	1.32799e-22	5.88773e-24	2.4538e-25	9.62851e-27	3.56253e-28	1.24465e-29	4.11148e-31	1.28573e-32	3.81076e-34	1.07167e-35	2.86252e-37	7.2695e-39	1.75683e-40	4.04398e-42	8.87365e-44	1.8576e-45	3.71264e-47	7.08928e-49	1.2942e-50	2.26026e-52	3.77863e-54	6.05033e-56	9.28385e-58	1.36586e-59	1.92763e-61	2.61086e-63	3.39529e-65	4.24114e-67	5.09065e-69	5.87366e-71	6.58645e-73	6.58645e-73	
0.00178582	0.000420237	8.66187e-05	1.57532e-05	2.54521e-06	3.67611e-07	4.77355e-08	5.60191e-09	5.96931e-10	5.80059e-11	5.16043e-12	4.21815e-13	3.17841e-14	2.21442e-15	1.43048e-16	8.58987e-18	4.8063e-19	2.51136e-20	1.22792e-21	5.6289e-23	2.42348e-24	9.81615e-26	3.74631e-27	1.34915e-28	4.59095e-30	1.47806e-31	4.5077e-33	1.30372e-34	3.57973e-36	9.34097e-38	2.3186e-39	5.47957e-41	1.23403e-42	2.65045e-44	5.43324e-46	1.06381e-47	1.99082e-49	3.56327e-51	6.10359e-53	1.00115e-54	1.57337e-56	2.37036e-58	3.42503e-60	4.74889e-62	6.3211e-64	8.08076e-66	9.92537e-68	1.17178e-69	1.34467e-71	1.34467e-71	
0.00578594	0.00148475	0.000331309	6.48231e-05	1.12068e-05	1.72394e-06	2.37466e-07	2.94576e-08	3.30787e-09	3.37816e-10	3.15088e-11	2.69448e-12	2.11999e-13	1.53959e-14	1.03507e-15	6.45957e-17	3.75142e-18	2.03212e-19	1.02897e-20	4.87993e-22	2.17167e-23	9.0844e-25	3.57785e-26	1.32871e-27	4.65947e-29	1.54497e-30	4.84987e-32	1.44303e-33	4.07417e-35	1.09264e-36	2.78627e-38	6.76208e-40	1.56327e-41	3.44548e-43	7.24553e-45	1.45487e-46	2.79138e-48	5.12095e-50	8.98867e-52	1.51049e-53	2.43148e-55	3.75137e-57	5.55009e-59	7.878e-61	1.07335e-62	1.40432e-64	1.76512e-66	2.13225e-68	2.50404e-70	2.50404e-70	
0.0162862	0.00458442	0.00111293	0.000235231	4.36667e-05	7.17541e-06	1.0511e-06	1.38127e-07	1.63761e-08	1.76052e-09	1.72409e-10	1.54442e-11	1.27026e-12	9.62564e-14	6.74116e-15	4.37579e-16	2.63962e-17	1.48337e-18	7.78319e-20	3.82098e-21	1.75851e-22	7.60066e-24	3.0905e-25	1.18402e-26	4.28044e-28	1.46222e-29	4.72609e-31	1.44705e-32	4.20202e-34	1.1585e-35	3.03562e-37	7.56705e-39	1.79611e-40	4.06295e-42	8.76612e-44	1.80538e-45	3.55175e-47	6.67933e-49	1.20151e-50	2.06869e-52	3.41112e-54	5.38984e-56	8.16518e-58	1.18655e-59	1.6548e-61	2.21587e-63	2.85016e-65	3.52287e-67	4.23379e-69	4.23379e-69	
0.0397882	0.0123519	0.00327719	0.00075115	0.000150207	2.64378e-05	4.1281e-06	5.75831e-07	7.22029e-08	8.18346e-09	8.42551e-10	7.91539e-11	6.81266e-12	5.3916e-13	3.93661e-14	2.65983e-15	1.66772e-16	9.72853e-18	5.2924e-19	2.69087e-20	1.28129e-21	5.72454e-23	2.40399e-24	9.50473e-26	3.54345e-27	1.24743e-28	4.1524e-30	1.30865e-31	3.90934e-33	1.10823e-34	2.98445e-36	7.64252e-38	1.86277e-39	4.32532e-41	9.57592e-43	2.02299e-44	4.08119e-46	7.86813e-48	1.45058e-49	2.55906e-51	4.32266e-53	6.9953e-55	1.08514e-56	1.61443e-58	2.30471e-60	3.15854e-62	4.15738e-64	5.25779e-66	6.46628e-68	6.46628e-68	
0.0845902	0.0290771	0.00846205	0.00210988	0.000455703	8.61077e-05	1.43593e-05	2.12963e-06	2.82823e-07	3.38366e-08	3.66656e-09	3.61592e-10	3.25947e-11	2.69613e-12	2.0537e-13	1.44524e-14	9.42385e-16	5.70925e-17	3.22161e-18	1.6971e-19	8.36383e-21	3.86389e-22	1.67634e-23	6.84162e-25	2.63093e-26	9.54691e-28	3.27359e-29	1.0621e-30	3.26456e-32	9.51703e-34	2.63435e-35	6.93089e-37	1.73488e-38	4.1354e-40	9.39526e-42	2.03611e-43	4.21246e-45	8.3259e-47	1.57323e-48	2.84386e-50	4.92099e-52	8.15614e-54	1.29554e-55	1.97327e-57	2.88345e-59	4.04426e-61	5.4471e-63	7.04828e-65	8.87012e-67	8.87012e-67	
0.15764	0.0600967	0.0192212	0.00522321	0.00122056	0.000247961	4.42174e-05	6.9802e-06	9.82746e-07	1.24212e-07	1.41762e-08	1.46852e-09	1.38718e-10	1.19986e-11	9.53916e-13	6.99442e-14	4.74471e-15	2.98621e-16	1.74832e-17	9.54459e-19	4.8696e-20	2.32662e-21	1.043e-22	4.39479e-24	1.74346e-25	6.52195e-27	2.30391e-28	7.696e-30	2.43406e-31	7.29771e-33	2.07644e-34	5.61301e-36	1.44294e-37	3.53097e-39	8.23224e-41	1.83017e-42	3.88295e-44	7.86795e-46	1.52371e-47	2.82217e-49	5.00246e-51	8.49125e-53	1.38103e-54	2.15335e-56	3.2206e-58	4.62261e-60	6.37045e-62	8.43301e-64	1.08589e-65	1.08589e-65	
0.260627	0.110014	0.0386565	0.0114502	0.00289578	0.000632708	0.000120692	2.02857e-05	3.02862e-06	4.045e-07	4.86327e-08	5.29276e-09	5.23994e-10	4.74007e-11	3.9336e-12	3.00545e-13	2.12113e-14	1.38697e-15	8.42545e-17	4.767e-18	2.51785e-19	1.24417e-20	5.76311e-22	2.50708e-23	1.02603e-24	3.95667e-26	1.43989e-27	4.9519e-29	1.6115e-30	4.96867e-32	1.45316e-33	4.03572e-35	1.06541e-36	2.67626e-38	6.40253e-40	1.46005e-41	3.17642e-43	6.59782e-45	1.30942e-46	2.48471e-48	4.51113e-50	7.84115e-52	1.30563e-53	2.08379e-55	3.18947e-57	4.68417e-59	6.60407e-61	8.94242e-63	1.17801e-64	1.17801e-64	
0.388317	0.180563	0.0694919	0.0223926	0.00612054	0.00143677	0.000292931	5.23856e-05	8.28871e-06	1.16919e-06	1.48015e-07	1.69166e-08	1.75462e-09	1.65939e-10	1.43694e-11	1.14368e-12	8.39536e-14	5.70172e-15	3.59293e-16	2.10624e-17	1.15143e-18	5.88308e-20	2.81519e-21	1.2641e-22	5.33577e-24	2.1207e-25	7.94885e-27	2.81385e-28	9.42023e-30	2.98636e-31	8.97564e-33	2.56049e-34	6.94028e-36	1.78923e-37	4.39139e-39	1.02701e-40	2.29065e-42	4.87636e-44	9.91568e-46	1.92731e-47	3.58326e-49	6.37658e-51	1.08679e-52	1.77505e-54	2.77985e-56	4.17644e-58	6.0226e-60	8.3399e-62	1.1237e-63	1.1237e-63	
0.53045	0.26951	0.112979	0.0394445	0.0116153	0.00292199	0.000635371	0.000120674	2.0203e-05	3.00559e-06	4.00147e-07	4.79724e-08	5.20766e-09	5.14415e-10	4.64431e-11	3.84761e-12	2.93553e-13	2.06931e-14	1.35179e-15	8.20574e-17	4.6403e-18	2.45019e-19	1.21061e-20	5.60826e-22	2.44044e-23	9.99238e-25	3.85593e-26	1.40442e-27	4.83489e-29	1.57531e-30	4.86378e-32	1.42468e-33	3.9634e-35	1.04829e-36	2.63861e-38	6.32638e-40	1.4461e-41	3.15402e-43	6.5689e-45	1.30739e-46	2.48832e-48	4.53198e-50	7.90358e-52	1.32061e-53	2.11538e-55	3.25013e-57	4.79219e-59	6.78425e-61	9.34634e-63	9.34634e-63	
0.675516	0.37125	0.168241	0.0632674	0.0199759	0.00536362	0.00123961	0.000249292	4.40451e-05	6.8946e-06	9.63288e-07	1.20912e-07	1.37138e-08	1.4127e-09	1.32784e-10	1.14351e-11	9.05651e-13	6.61875e-14	4.47744e-15	2.81158e-16	1.64311e-17	8.95806e-19	4.5662e-20	2.1806e-21	9.77469e-23	4.12005e-24	1.63566e-25	6.12547e-27	2.16706e-28	7.25227e-30	2.2988e-31	6.90987e-33	1.97183e-34	5.34761e-36	1.37967e-37	3.38944e-39	7.93607e-41	1.77245e-42	3.77907e-44	7.69776e-46	1.49909e-47	2.79299e-49	4.98164e-51	8.51145e-53	1.39385e-54	2.18904e-56	3.29868e-58	4.77197e-60	6.71874e-62	6.71874e-62	
0.813832	0.478543	0.232381	0.0934448	0.0314412	0.00896319	0.00219162	0.000464792	8.63488e-05	1.41759e-05	2.07241e-06	2.71624e-07	3.21092e-08	3.44168e-09	3.36091e-10	3.00295e-11	2.46443e-12	1.86416e-13	1.30387e-14	8.45729e-16	5.10077e-17	2.86757e-18	1.5061e-19	7.40568e-21	3.41581e-22	1.48057e-23	6.04093e-25	2.32382e-26	8.44052e-28	2.89869e-29	9.42469e-31	2.90465e-32	8.49539e-34	2.36051e-35	6.23742e-37	1.56892e-38	3.76004e-40	8.59313e-42	1.87429e-43	3.90465e-45	7.77517e-47	1.48089e-48	2.69964e-50	4.71341e-52	7.88622e-54	1.26518e-55	1.94725e-57	2.87673e-59	4.13686e-61	4.13686e-61	
0.938729	0.584268	0.30119	0.128463	0.0457358	0.0137565	0.0035388	0.000787485	0.000153138	2.6259e-05	4.00182e-06	5.45812e-07	6.70362e-08	7.45476e-09	7.54293e-10	6.97484e-11	5.91748e-12	4.6228e-13	3.33624e-14	2.23095e-15	1.38608e-16	8.0213e-18	4.33379e-19	2.19073e-20	1.03818e-21	4.62088e-23	1.93505e-24	7.63617e-26	2.84399e-27	1.00107e-28	3.33473e-30	1.05258e-31	3.15181e-33	8.963e-35	2.4232e-36	6.23439e-38	1.52783e-39	3.56952e-41	7.95729e-43	1.69388e-44	3.44579e-46	6.70333e-48	1.24791e-49	2.22456e-51	3.79959e-53	6.22176e-55	9.77266e-57	1.4732e-58	2.16207e-60	2.16207e-60	
1.04634	0.682486	0.370016	0.16598	0.0620483	0.0195543	0.00525882	0.00122085	0.000247203	4.406e-05	6.96848e-06	9.84972e-07	1.25209e-07	1.43945e-08	1.50412e-09	1.43493e-10	1.25488e-11	1.00967e-12	7.49916e-14	5.15725e-15	3.2931e-16	1.95743e-17	1.08564e-18	5.63055e-20	2.7363e-21	1.24836e-22	5.35602e-24	2.16462e-25	8.25318e-27	2.97295e-28	1.01312e-29	3.27037e-31	1.00117e-32	2.90993e-34	8.03865e-36	2.11272e-37	5.28775e-39	1.26141e-40	2.87059e-42	6.23677e-44	1.29465e-45	2.56962e-47	4.87978e-49	8.87222e-51	1.54537e-52	2.58024e-54	4.13193e-56	6.34959e-58	9.50088e-60	9.50088e-60	
1.13498	0.76881	0.434461	0.203229	0.0791416	0.0259402	0.00724353	0.00174325	0.000365387	6.73239e-05	1.09943e-05	1.60284e-06	2.09947e-07	2.48481e-08	2.67082e-09	2.61901e-10	2.3526e-11	1.94308e-12	1.48057e-13	1.044e-14	6.83174e-16	4.15955e-17	2.36202e-18	1.25373e-19	6.23306e-21	2.90803e-22	1.27547e-23	5.26786e-25	2.05194e-26	7.54907e-28	2.62671e-29	8.65516e-31	2.70401e-32	8.01872e-34	2.2596e-35	6.05655e-37	1.54563e-38	3.75892e-40	8.71912e-42	1.93057e-43	4.08357e-45	8.25753e-47	1.59742e-48	2.95825e-50	5.24771e-52	8.92237e-54	1.45484e-55	2.27618e-57	3.46814e-59	3.46814e-59	
1.2045	0.840344	0.490788	0.237414	0.0955426	0.0323249	0.00930573	0.00230616	0.00049722	9.41485e-05	1.57865e-05	2.36127e-06	3.171e-07	3.84533e-08	4.23233e-09	4.24748e-10	3.90288e-11	3.29585e-12	2.56659e-13	1.84886e-14	1.23551e-15	7.6792e-17	4.45006e-18	2.4097e-19	1.22182e-20	5.81208e-22	2.59846e-23	1.09367e-24	4.34033e-26	1.62653e-27	5.76367e-29	1.93374e-30	6.15018e-32	1.85637e-33	5.32355e-35	1.45191e-36	3.76964e-38	9.32569e-40	2.20018e-41	4.95436e-43	1.06564e-44	2.191e-46	4.30918e-48	8.11248e-50	1.46284e-51	2.52803e-53	4.18951e-55	6.66156e-57	1.03172e-58	1.03172e-58	
1.25586	0.895466	0.536095	0.266005	0.109753	0.0380388	0.011208	0.0028405	0.000625844	0.000121021	2.07116e-05	3.16027e-06	4.32738e-07	5.34839e-08	5.99734e-09	6.12969e-10	5.73417e-11	4.92823e-12	3.90469e-13	2.86098e-14	1.9441e-15	1.22841e-16	7.23501e-18	3.98093e-19	2.0506e-20	9.90765e-22	4.49817e-23	1.92224e-24	7.74405e-26	2.94551e-27	1.05922e-28	3.60585e-30	1.16348e-31	3.56241e-33	1.03618e-34	2.86601e-36	7.54564e-38	1.89274e-39	4.52733e-41	1.03349e-42	2.25336e-44	4.69607e-46	9.3611e-48	1.78608e-49	3.26386e-51	5.71591e-53	9.59873e-55	1.54652e-56	2.4274e-58	2.4274e-58	
1.2903	0.93352	0.568355	0.286959	0.120441	0.0424393	0.0127056	0.00327006	0.000731338	0.000143493	2.49084e-05	3.8538e-06	5.3493e-07	6.70024e-08	7.6123e-09	7.88106e-10	7.46636e-11	6.49723e-12	5.21114e-13	3.86442e-14	2.65721e-15	1.69866e-16	1.012e-17	5.63154e-19	2.93326e-20	1.43283e-21	6.57576e-23	2.84012e-24	1.15625e-25	4.44363e-27	1.61434e-28	5.55129e-30	1.80912e-31	5.59396e-33	1.64296e-34	4.58816e-36	1.21949e-37	3.08781e-39	7.45481e-41	1.7175e-42	3.77898e-44	7.94685e-46	1.59834e-47	3.07673e-49	5.672e-51	1.00202e-52	1.6973e-54	2.75822e-56	4.36685e-58	4.36685e-58	
1.30876	0.954298	0.586312	0.298834	0.126598	0.0450123	0.0135934	0.00352806	0.000795496	0.000157327	2.75232e-05	4.29096e-06	6.00091e-07	7.57202e-08	8.66534e-09	9.03548e-10	8.62029e-11	7.55329e-12	6.09937e-13	4.55332e-14	3.15145e-15	2.02758e-16	1.21559e-17	6.80638e-19	3.56673e-20	1.75264e-21	8.09042e-23	3.51429e-24	1.43873e-25	5.55955e-27	2.0306e-28	7.01944e-30	2.29937e-31	7.14575e-33	2.1091e-34	5.91842e-36	1.58053e-37	4.02057e-39	9.75092e-41	2.25652e-42	4.98667e-44	1.05315e-45	2.12708e-47	4.11139e-49	7.61002e-51	1.34971e-52	2.29514e-54	3.74397e-56	5.95e-58	5.95e-58	
1.3118	0.957765	0.589328	0.300839	0.127643	0.0454511	0.0137455	0.00357246	0.000806587	0.000159728	2.79791e-05	4.36753e-06	6.11557e-07	7.72612e-08	8.85234e-09	9.24144e-10	8.8271e-11	7.74342e-12	6.25999e-13	4.67843e-14	3.24159e-15	2.08781e-16	1.25302e-17	7.02318e-19	3.68405e-20	1.81208e-21	8.37282e-23	3.64038e-24	1.49172e-25	5.76948e-27	2.10912e-28	7.29709e-30	2.3923e-31	7.44058e-33	2.19785e-34	6.17223e-36	1.64954e-37	4.1992e-39	1.01914e-40	2.36008e-42	5.21907e-44	1.10295e-45	2.2291e-47	4.31129e-49	7.98489e-51	1.41704e-52	2.41103e-54	3.93523e-56	6.25745e-58	6.25745e-58	
1.29959	0.943924	0.577296	0.292842	0.123478	0.0437032	0.0131401	0.00339589	0.000762529	0.000150198	2.61722e-05	4.06453e-06	5.66262e-07	7.11843e-08	8.1163e-09	8.43241e-10	8.01637e-11	6.99964e-12	5.63295e-13	4.19102e-14	2.89115e-15	1.85412e-16	1.10809e-17	6.18529e-19	3.23147e-20	1.58321e-21	7.28719e-23	3.15645e-24	1.28867e-25	4.96626e-27	1.80913e-28	6.23775e-30	2.03817e-31	6.31848e-33	1.86045e-34	5.20846e-36	1.38774e-37	3.52227e-39	8.52375e-41	1.96832e-42	4.34071e-44	9.14853e-46	1.84407e-47	3.55743e-49	6.5721e-51	1.16345e-52	1.9748e-54	3.21565e-56	5.10132e-58	5.10132e-58	
1.27165	0.912772	0.550638	0.275373	0.114494	0.0399773	0.0118634	0.00302737	0.000671471	0.000130686	2.25071e-05	3.45546e-06	4.76018e-07	5.91817e-08	6.67484e-09	6.86109e-10	6.45439e-11	5.57782e-12	4.44335e-13	3.27305e-14	2.23581e-15	1.42005e-16	8.40647e-18	4.6488e-19	2.40652e-20	1.16843e-21	5.33048e-23	2.28881e-24	9.26443e-26	3.54027e-27	1.27898e-28	4.3739e-30	1.4177e-31	4.36027e-33	1.27389e-34	3.53903e-36	9.35833e-38	2.35763e-39	5.66361e-41	1.29842e-42	2.84303e-44	5.95001e-46	1.19106e-47	2.28201e-49	4.18749e-51	7.36385e-53	1.24172e-54	2.00886e-56	3.16619e-58	3.16619e-58	
1.22719	0.86443	0.510346	0.249613	0.101541	0.0347129	0.0100934	0.00252545	0.000549561	0.000104994	1.77585e-05	2.67872e-06	3.62698e-07	4.43364e-08	4.91819e-09	4.97372e-10	4.60456e-11	3.91706e-12	3.0724e-13	2.22892e-14	1.49986e-15	9.38612e-17	5.47584e-18	2.98481e-19	1.5233e-20	7.29278e-22	3.2811e-23	1.38962e-24	5.5488e-26	2.09204e-27	7.45776e-29	2.51695e-30	8.05196e-32	2.44448e-33	7.05022e-35	1.93372e-36	5.04873e-38	1.25593e-39	2.97935e-41	6.7454e-43	1.45869e-44	3.01517e-46	5.96152e-48	1.12821e-49	2.04498e-51	3.55235e-53	5.91723e-55	9.45663e-57	1.47212e-58	1.47212e-58	
1.16509	0.799329	0.45812	0.217377	0.0858361	0.0285127	0.00806427	0.00196466	0.000416656	7.76417e-05	1.28179e-05	1.88845e-06	2.49888e-07	2.98687e-08	3.24139e-09	3.20829e-10	2.90823e-11	2.42335e-12	1.86254e-13	1.32447e-14	8.73886e-16	5.36381e-17	3.07002e-18	1.64219e-19	8.22642e-21	3.86668e-22	1.70835e-23	7.10645e-25	2.78765e-26	1.03269e-27	3.61775e-29	1.20007e-30	3.77395e-32	1.12643e-33	3.19448e-35	8.61634e-37	2.21254e-38	5.41378e-40	1.26335e-41	2.81396e-43	5.98712e-45	1.21771e-46	2.36917e-48	4.4123e-50	7.87088e-52	1.34565e-53	2.20616e-55	3.47037e-57	5.31642e-59	5.31642e-59	
1.08417	0.718644	0.396507	0.181019	0.0688331	0.0220484	0.00602213	0.00141881	0.000291352	5.26308e-05	8.43174e-06	1.2066e-06	1.55213e-07	1.80493e-08	1.90695e-09	1.83876e-10	1.62474e-11	1.32042e-12	9.90295e-14	6.87495e-15	4.4304e-16	2.65707e-17	1.48655e-18	7.77554e-20	3.8101e-21	1.75235e-22	7.57794e-24	3.08631e-25	1.18565e-26	4.3026e-28	1.47689e-29	4.80132e-31	1.4801e-32	4.33138e-34	1.20457e-35	3.18673e-37	8.02746e-39	1.92718e-40	4.41311e-42	9.64717e-44	2.01474e-45	4.02271e-47	7.68418e-49	1.40521e-50	2.4616e-52	4.13318e-54	6.65561e-56	1.02839e-57	1.54725e-59	1.54725e-59	
0.984036	0.624734	0.328926	0.143261	0.0520401	0.015954	0.00417871	0.000945853	0.000186924	3.25464e-05	5.03268e-06	6.96e-07	8.66229e-08	9.75597e-09	9.99231e-10	9.34854e-11	8.0212e-12	6.33469e-13	4.6199e-14	3.1208e-15	1.95806e-16	1.14396e-17	6.23787e-19	3.18159e-20	1.52092e-21	6.82701e-23	2.88254e-24	1.14668e-25	4.30421e-27	1.52667e-28	5.12364e-30	1.62906e-31	4.91289e-33	1.40688e-34	3.82965e-36	9.91906e-38	2.4468e-39	5.75347e-41	1.29071e-42	2.76466e-44	5.65843e-46	1.10739e-47	2.07375e-49	3.71826e-51	6.3873e-53	1.05182e-54	1.66132e-56	2.51817e-58	3.71599e-60	3.71599e-60	
0.865724	0.521372	0.259542	0.106925	0.0368138	0.0107241	0.00267585	0.000578376	0.000109387	1.82631e-05	2.71275e-06	3.60953e-07	4.32846e-08	4.70326e-09	4.65307e-10	4.20956e-11	3.49611e-12	2.67501e-13	1.89171e-14	1.24009e-15	7.55606e-17	4.29001e-18	2.27478e-19	1.12891e-20	5.2538e-22	2.29709e-23	9.45173e-25	3.66579e-26	1.34213e-27	4.64514e-29	1.52177e-30	4.7248e-32	1.39188e-33	3.8948e-35	1.03628e-36	2.62422e-38	6.33081e-40	1.45623e-41	3.19648e-43	6.70077e-45	1.34249e-46	2.57238e-48	4.71725e-50	8.28413e-52	1.39403e-53	2.2491e-55	3.48094e-57	5.17082e-59	7.47685e-61	7.47685e-61	
0.732134	0.413886	0.192976	0.0745735	0.024155	0.00664185	0.00156935	0.000322173	5.80273e-05	9.24846e-06	1.31423e-06	1.67617e-07	1.93001e-08	2.01682e-09	1.92163e-10	1.67646e-11	1.34426e-12	9.94116e-14	6.80168e-15	4.31784e-16	2.54994e-17	1.4043e-18	7.22816e-20	3.48444e-21	1.57619e-22	6.70247e-24	2.6837e-25	1.01341e-26	3.61424e-28	1.21906e-29	3.89378e-31	1.17917e-32	3.38946e-34	9.25774e-36	2.40512e-37	5.94893e-39	1.40218e-40	3.15215e-42	6.76386e-44	1.38644e-45	2.71671e-47	5.09237e-49	9.13725e-51	1.57036e-52	2.58659e-54	4.08549e-56	6.19126e-58	9.00644e-60	1.27515e-61	1.27515e-61	
0.588761	0.309011	0.133712	0.0480952	0.0145591	0.00375697	0.000836356	0.000162339	2.77332e-05	4.20432e-06	5.69694e-07	6.94391e-08	7.65651e-09	7.67549e-10	7.02721e-11	5.89958e-12	4.55838e-13	3.25235e-14	2.14931e-15	1.31923e-16	7.54003e-18	4.02229e-19	2.00709e-20	9.387e-22	4.12255e-23	1.7031e-24	6.62907e-26	2.43481e-27	8.45073e-29	2.77535e-30	8.63538e-32	2.54856e-33	7.14235e-35	1.90272e-36	4.82305e-38	1.16437e-39	2.67956e-41	5.88304e-43	1.23325e-44	2.47021e-46	4.73109e-48	8.67013e-50	1.52126e-51	2.55717e-53	4.12044e-55	6.36787e-57	9.44355e-59	1.34457e-60	1.86298e-62	1.86298e-62	
0.444109	0.214115	0.0852787	0.0283637	0.00798075	0.00192386	0.000401914	7.35076e-05	1.18751e-05	1.70776e-06	2.20133e-07	2.55879e-08	2.69657e-09	2.58879e-10	2.27383e-11	1.83435e-12	1.36393e-13	9.37735e-15	5.97876e-16	3.54444e-17	1.95866e-18	1.01119e-19	4.88739e-21	2.21585e-22	9.44082e-24	3.78632e-25	1.43168e-26	5.1114e-28	1.72542e-29	5.51409e-31	1.67035e-32	4.80167e-34	1.31129e-35	3.4054e-37	8.41819e-39	1.98265e-40	4.45267e-42	9.54333e-44	1.95352e-45	3.82199e-47	7.15184e-49	1.28082e-50	2.1967e-52	3.61015e-54	5.68842e-56	8.59815e-58	1.24734e-59	1.73755e-61	2.35512e-63	2.35512e-63	
0.309215	0.135692	0.0494207	0.0151248	0.00394039	0.000884556	0.000172962	2.97405e-05	4.53463e-06	6.17596e-07	7.56197e-08	8.37162e-09	8.42234e-10	7.7353e-11	6.51206e-12	5.04381e-13	3.60625e-14	2.38746e-15	1.46762e-16	8.3985e-18	4.48468e-19	2.23949e-20	1.04793e-21	4.60363e-23	1.902e-24	7.40242e-26	2.718e-27	9.42887e-29	3.09446e-30	9.61988e-32	2.83615e-33	7.93866e-35	2.11192e-36	5.34506e-38	1.28818e-39	2.95894e-41	6.48325e-43	1.3561e-44	2.70993e-46	5.17727e-48	9.46269e-50	1.65568e-51	2.77492e-53	4.45745e-55	6.86632e-57	1.01481e-58	1.43976e-60	1.96172e-62	2.60045e-64	2.60045e-64	
0.1953	0.0774963	0.0257038	0.00721795	0.00173758	0.000362669	6.62922e-05	1.07059e-05	1.53935e-06	1.9841e-07	2.30623e-08	2.43037e-09	2.33314e-10	2.04912e-11	1.65284e-12	1.2287e-13	8.44501e-15	5.38215e-16	3.18913e-17	1.76123e-18	9.08592e-20	4.38778e-21	1.98741e-22	8.45825e-24	3.38812e-25	1.2794e-26	4.56098e-28	1.53716e-29	4.90396e-31	1.48277e-32	4.254e-34	1.15927e-35	3.00384e-37	7.4079e-39	1.74033e-40	3.89817e-42	8.33173e-44	1.70055e-45	3.31697e-47	6.18717e-49	1.1044e-50	1.88761e-52	3.09108e-54	4.85245e-56	7.30632e-58	1.0557e-59	1.46452e-61	1.95148e-63	2.52953e-65	2.52953e-65	
0.110032	0.039359	0.0118721	0.00305725	0.000679914	0.000131943	2.2547e-05	3.42019e-06	4.63813e-07	5.65825e-08	6.24427e-09	6.26466e-10	5.73934e-11	4.82079e-12	3.72601e-13	2.65874e-14	1.75681e-15	1.07793e-16	6.15709e-18	3.28171e-19	1.6357e-20	7.63939e-22	3.34948e-23	1.38106e-24	5.36378e-26	1.96522e-27	6.80217e-29	2.22722e-30	6.90713e-32	2.03126e-33	5.67084e-35	1.50452e-36	3.79704e-38	9.12419e-40	2.08944e-41	4.56365e-43	9.51449e-45	1.89485e-46	3.60736e-48	6.56932e-50	1.1451e-51	1.91173e-53	3.05854e-55	4.69187e-57	6.90472e-59	9.75275e-61	1.32279e-62	1.72359e-64	2.18438e-66	2.18438e-66	
0.05454	0.017596	0.00483294	0.00114292	0.000235139	4.2478e-05	6.79361e-06	9.68928e-07	1.24033e-07	1.43326e-08	1.50275e-09	1.4362e-10	1.25636e-11	1.00975e-12	7.48169e-14	5.12654e-15	3.25782e-16	1.92508e-17	1.06032e-18	5.45585e-20	2.62801e-21	1.18731e-22	5.04021e-24	2.01377e-25	7.58445e-27	2.69666e-28	9.06378e-30	2.8836e-31	8.69413e-33	2.48702e-34	6.75709e-36	1.74545e-37	4.2908e-39	1.00472e-40	2.24284e-42	4.77696e-44	9.71488e-46	1.88787e-47	3.50794e-49	6.23685e-51	1.06164e-52	1.73121e-54	2.70594e-56	4.05618e-58	5.83397e-60	8.05499e-62	1.06811e-63	1.36084e-65	1.68615e-67	1.68615e-67	
0.0235702	0.00688179	0.00172672	0.000376085	7.17583e-05	1.20937e-05	1.81358e-06	2.4359e-07	2.94759e-08	3.23029e-09	3.22131e-10	2.93558e-11	2.45415e-12	1.88878e-13	1.34254e-14	8.8393e-16	5.40533e-17	3.07768e-18	1.63538e-19	8.12707e-21	3.78468e-22	1.65463e-23	6.80297e-25	2.63461e-26	9.62513e-28	3.32185e-29	1.08446e-30	3.35304e-32	9.8304e-34	2.73581e-35	7.23492e-37	1.81988e-38	4.35825e-40	9.94549e-42	2.16443e-43	4.4958e-45	8.91945e-47	1.6914e-48	3.06774e-50	5.32517e-52	8.85221e-54	1.41001e-55	2.15318e-57	3.15391e-59	4.43345e-61	5.98354e-63	7.75694e-65	9.66314e-67	1.17054e-68	1.17054e-68	
0.00884478	0.00234911	0.000540862	0.000108906	1.93334e-05	3.04806e-06	4.29593e-07	5.44478e-08	6.23889e-09	6.49425e-10	6.16787e-11	5.36593e-12	4.29162e-13	3.16587e-14	2.16059e-15	1.36792e-16	8.05512e-18	4.42211e-19	2.26821e-20	1.08923e-21	4.9063e-23	2.07662e-24	8.2726e-26	3.10656e-27	1.10127e-28	3.69044e-30	1.17053e-31	3.51827e-33	1.00325e-34	2.71695e-36	6.99498e-38	1.7137e-39	3.99871e-41	8.89424e-43	1.88734e-44	3.82365e-46	7.40124e-48	1.36971e-49	2.4251e-51	4.11036e-53	6.67315e-55	1.0383e-56	1.54913e-58	2.21739e-60	3.04642e-62	4.01908e-64	5.09376e-66	6.20441e-68	7.34752e-70	7.34752e-70	
0.00288188	0.000700413	0.00014872	2.7801e-05	4.60805e-06	6.81651e-07	9.05237e-08	1.08504e-08	1.17958e-09	1.16822e-10	1.05826e-11	8.80075e-13	6.74178e-14	4.77196e-15	3.12982e-16	1.90713e-17	1.08227e-18	5.73266e-20	2.84021e-21	1.31874e-22	5.74874e-24	2.35679e-25	9.10109e-27	3.31537e-28	1.14088e-29	3.71355e-31	1.14475e-32	3.34584e-34	9.28221e-36	2.44678e-37	6.13422e-39	1.46401e-40	3.32911e-42	7.21887e-44	1.49385e-45	2.95232e-47	5.57625e-49	1.00724e-50	1.74105e-52	2.88162e-54	4.56935e-56	6.94546e-58	1.01251e-59	1.4163e-61	1.90184e-63	2.45269e-65	3.03908e-67	3.61943e-69	4.19039e-71	4.19039e-71	
0.000817592	0.000182941	3.60047e-05	6.27511e-06	9.74629e-07	1.35688e-07	1.70235e-08	1.9341e-09	1.99882e-10	1.88672e-11	1.63268e-12	1.2997e-13	9.54796e-15	6.49172e-16	4.09598e-17	2.40427e-18	1.31594e-19	6.73045e-21	3.2231e-22	1.44787e-23	6.11179e-25	2.42823e-26	9.09408e-28	3.21509e-29	1.07442e-30	3.39821e-32	1.01845e-33	2.89551e-35	7.81748e-37	2.00632e-38	4.89928e-40	1.13934e-41	2.52539e-43	5.33958e-45	1.07775e-46	2.07813e-48	3.83061e-50	6.75436e-52	1.13996e-53	1.84261e-55	2.85404e-57	4.23832e-59	6.03742e-61	8.2535e-63	1.0833e-64	1.36572e-66	1.65447e-68	1.92663e-70	2.18068e-72	2.18068e-72	
0.000202862	4.20327e-05	7.70515e-06	1.25717e-06	1.83607e-07	2.41293e-08	2.86733e-09	3.0948e-10	3.04647e-11	2.74547e-12	2.27304e-13	1.73446e-14	1.22342e-15	7.99901e-17	4.86011e-18	2.75062e-19	1.45326e-20	7.18236e-22	3.32685e-23	1.44681e-24	5.91736e-26	2.2796e-27	8.28396e-29	2.84358e-30	9.23212e-32	2.83841e-33	8.27346e-35	2.28879e-36	6.0156e-38	1.50357e-39	3.57715e-41	8.10772e-43	1.75211e-44	3.61297e-46	7.11423e-48	1.33861e-49	2.40842e-51	4.14604e-53	6.83312e-55	1.07878e-56	1.63233e-58	2.36846e-60	3.29698e-62	4.40512e-64	5.6517e-66	6.96559e-68	8.25016e-70	9.39405e-72	1.03951e-73	1.03951e-73	
