0.207441	0.392239	0.558153	0.667388	0.700773	0.642314	0.477121	0.229153	-0.0592276	-0.332855	-0.545111	-0.67984	-0.71739	-0.666713	-0.550981	-0.392163	-0.18562	0.0386117	0.245287	0.410031	0.509264	0.558391	0.578857	0.60219	0.651355	0.722125	0.792489	0.863106	0.933177	0.974438	0.98073	0.970306	0.966718	0.978116	0.991532	0.983744	0.955608	0.916828	0.870633	0.838958	0.811489	0.776095	0.740227	0.689656	0.645818	0.632021	0.6251	0.604143	0.576564	0.576564	
0.207441	0.392239	0.558153	0.667388	0.700773	0.642314	0.477121	0.229153	-0.0592276	-0.332855	-0.545111	-0.67984	-0.71739	-0.666713	-0.550981	-0.392163	-0.18562	0.0386117	0.245287	0.410031	0.509264	0.558391	0.578857	0.60219	0.651355	0.722125	0.792489	0.863106	0.933177	0.974438	0.98073	0.970306	0.966718	0.978116	0.991532	0.983744	0.955608	0.916828	0.870633	0.838958	0.811489	0.776095	0.740227	0.689656	0.645818	0.632021	0.6251	0.604143	0.576564	0.576564	
0.305397	0.484493	0.645174	0.749674	0.778939	0.714461	0.545488	0.292308	-0.000517388	-0.280608	-0.500408	-0.642836	-0.690601	-0.64912	-0.544794	-0.395388	-0.200083	0.0126183	0.209203	0.362846	0.453582	0.493754	0.506294	0.522247	0.563755	0.628233	0.693728	0.76194	0.830189	0.872169	0.882292	0.875961	0.878568	0.896592	0.916577	0.919475	0.902357	0.874684	0.843024	0.823213	0.805815	0.782778	0.758134	0.71798	0.683052	0.675147	0.673983	0.657871	0.632193	0.632193	
0.476791	0.646986	0.797194	0.892695	0.911334	0.838544	0.660517	0.40094	0.0985836	-0.190828	-0.423194	-0.579984	-0.642656	-0.620541	-0.533169	-0.402707	-0.227088	-0.0344605	0.141591	0.277783	0.35162	0.377634	0.377051	0.380485	0.410175	0.462733	0.52072	0.582192	0.64615	0.687826	0.700724	0.703492	0.714908	0.743609	0.779467	0.798674	0.801492	0.795574	0.783711	0.785733	0.792465	0.790395	0.784306	0.764692	0.748673	0.753972	0.760512	0.751	0.733042	0.733042	
0.695324	0.849367	0.984796	1.06685	1.07399	0.986276	0.798591	0.527683	0.215555	-0.0873077	-0.336215	-0.509569	-0.593988	-0.592163	-0.528849	-0.417828	-0.265854	-0.0972976	0.0577537	0.171288	0.228494	0.236612	0.2204	0.208576	0.220886	0.25854	0.304246	0.358045	0.41539	0.455492	0.474274	0.483887	0.505707	0.546283	0.594087	0.634419	0.660713	0.679258	0.699774	0.728978	0.759826	0.787652	0.809308	0.815985	0.822487	0.842929	0.864027	0.867202	0.855361	0.855361	
0.920056	1.05772	1.17448	1.24073	1.23032	1.12822	0.927958	0.647465	0.324495	0.00971288	-0.255096	-0.446	-0.54962	-0.571579	-0.529614	-0.44023	-0.311599	-0.167201	-0.0356643	0.0582506	0.0974169	0.091272	0.0615918	0.0358822	0.0338251	0.05473	0.0895478	0.132912	0.180192	0.216693	0.235882	0.252216	0.28141	0.33032	0.392312	0.450571	0.499594	0.54391	0.590568	0.647656	0.709274	0.765313	0.812727	0.849627	0.884418	0.924265	0.957231	0.970314	0.969185	0.969185	
1.13452	1.25172	1.34909	1.39728	1.37108	1.25232	1.03998	0.749392	0.417322	0.0911753	-0.189439	-0.396523	-0.519675	-0.562694	-0.542329	-0.469649	-0.362213	-0.238219	-0.124647	-0.0479376	-0.0192825	-0.0368895	-0.0752009	-0.110627	-0.127555	-0.120325	-0.0973077	-0.0637904	-0.0257091	0.00512007	0.0261668	0.0463405	0.0794268	0.133628	0.201101	0.27171	0.337745	0.401457	0.473559	0.552009	0.634439	0.717308	0.79004	0.852213	0.908306	0.961324	1.00671	1.03303	1.04155	1.04155	
1.31414	1.41573	1.49517	1.52763	1.48513	1.35144	1.12969	0.830613	0.493303	0.158574	-0.135064	-0.355049	-0.495193	-0.556935	-0.554688	-0.496955	-0.406177	-0.300477	-0.201964	-0.136875	-0.116699	-0.138371	-0.180244	-0.220994	-0.245406	-0.25029	-0.234451	-0.207474	-0.179877	-0.152544	-0.13079	-0.109723	-0.0742995	-0.0198172	0.0476932	0.125041	0.200933	0.275528	0.362222	0.453541	0.547925	0.642457	0.726673	0.80601	0.878204	0.940677	0.991759	1.02229	1.03561	1.03561	
1.44873	1.53967	1.60698	1.62749	1.57338	1.43107	1.20178	0.900127	0.560743	0.221873	-0.0806577	-0.31255	-0.464841	-0.544833	-0.557982	-0.511693	-0.436638	-0.344354	-0.258574	-0.201923	-0.183979	-0.206689	-0.245983	-0.285829	-0.315849	-0.326952	-0.315398	-0.29445	-0.272553	-0.2487	-0.225772	-0.200531	-0.164903	-0.111541	-0.0457584	0.02937	0.106033	0.1836	0.271496	0.359548	0.452427	0.547894	0.631839	0.713029	0.784953	0.841206	0.886476	0.91966	0.941983	0.941983	
1.52276	1.61212	1.6759	1.69223	1.63454	1.48771	1.25936	0.958414	0.624219	0.286044	-0.0225204	-0.259984	-0.424088	-0.517085	-0.543591	-0.506955	-0.442126	-0.362615	-0.28533	-0.233751	-0.216886	-0.235435	-0.269588	-0.306641	-0.337312	-0.353415	-0.343762	-0.323022	-0.305977	-0.281232	-0.251978	-0.225158	-0.18779	-0.136638	-0.0814067	-0.012504	0.0592014	0.128725	0.210643	0.287013	0.360852	0.436323	0.502416	0.569917	0.628126	0.670747	0.705801	0.729674	0.745106	0.745106	
1.52377	1.62239	1.69155	1.71184	1.65698	1.51703	1.29477	1.0036	0.68065	0.349515	0.042894	-0.198325	-0.367036	-0.472149	-0.508325	-0.478875	-0.424168	-0.353313	-0.284635	-0.236009	-0.216973	-0.228988	-0.253252	-0.282124	-0.310168	-0.326469	-0.315117	-0.295666	-0.280776	-0.255403	-0.223596	-0.192256	-0.154088	-0.106892	-0.0588285	-0.00259313	0.0554366	0.111646	0.172216	0.220622	0.267083	0.314217	0.351779	0.393612	0.426303	0.441147	0.450883	0.463978	0.482852	0.482852	
1.45578	1.56958	1.65273	1.68503	1.64293	1.51606	1.30771	1.03216	0.726442	0.407965	0.106158	-0.133937	-0.306934	-0.42025	-0.464346	-0.440707	-0.391241	-0.326763	-0.261474	-0.212216	-0.187397	-0.188134	-0.199394	-0.217328	-0.240059	-0.254211	-0.240895	-0.21975	-0.204874	-0.177623	-0.140144	-0.107032	-0.0706788	-0.030658	-0.0004451	0.0352464	0.0738869	0.108345	0.14459	0.163376	0.172392	0.179871	0.181543	0.190083	0.191452	0.180126	0.170236	0.167461	0.174716	0.174716	
1.32655	1.46145	1.56312	1.61198	1.58787	1.48092	1.29353	1.03985	0.757096	0.456943	0.165633	-0.0700226	-0.244547	-0.364581	-0.414825	-0.397963	-0.352995	-0.293795	-0.232047	-0.17991	-0.147841	-0.132857	-0.125497	-0.126972	-0.136352	-0.142383	-0.122978	-0.0979994	-0.0833075	-0.05601	-0.0186657	0.0114061	0.0418996	0.0696517	0.0795703	0.0889819	0.100652	0.107612	0.11004	0.0917754	0.0627561	0.032625	0.00185442	-0.0191369	-0.0456855	-0.0825392	-0.113823	-0.128358	-0.124258	-0.124258	
1.16142	1.31561	1.43655	1.50578	1.50328	1.42283	1.25995	1.03467	0.779265	0.500808	0.225117	-0.00616771	-0.181671	-0.308289	-0.367114	-0.35757	-0.319024	-0.264403	-0.204137	-0.149733	-0.106096	-0.0728484	-0.0443548	-0.0236768	-0.0178414	-0.0113993	0.0167443	0.0449575	0.0632763	0.0909561	0.125074	0.151308	0.171013	0.17871	0.161772	0.136266	0.113494	0.0901565	0.0593086	0.00681671	-0.0566052	-0.119364	-0.177679	-0.223348	-0.268748	-0.319959	-0.363782	-0.385627	-0.384802	-0.384802	
0.978178	1.1476	1.28555	1.3723	1.39425	1.34003	1.20823	1.01645	0.792535	0.543969	0.287388	0.0671899	-0.108598	-0.240711	-0.306574	-0.310188	-0.278479	-0.231817	-0.177665	-0.121619	-0.0711364	-0.0200223	0.0313716	0.0726722	0.0991061	0.121126	0.156417	0.191165	0.211295	0.235206	0.264396	0.280361	0.285362	0.272905	0.225706	0.164201	0.109242	0.0549146	-0.00789551	-0.0875381	-0.178423	-0.266678	-0.341245	-0.400023	-0.456917	-0.514216	-0.558566	-0.583119	-0.590747	-0.590747	
0.794232	0.971483	1.11845	1.22004	1.26149	1.2358	1.13617	0.982539	0.796485	0.582063	0.35564	0.150655	-0.0203921	-0.152378	-0.226692	-0.241032	-0.219707	-0.183298	-0.135778	-0.0859097	-0.0303229	0.0340767	0.101134	0.162552	0.20398	0.23725	0.278027	0.310612	0.329629	0.347719	0.363091	0.368733	0.359739	0.324031	0.253145	0.162533	0.0783822	0.00263891	-0.0808231	-0.180259	-0.287617	-0.386468	-0.468686	-0.535246	-0.59289	-0.64965	-0.698313	-0.72287	-0.726322	-0.726322	
0.62205	0.79681	0.944888	1.05243	1.10953	1.10534	1.03786	0.924451	0.778202	0.606418	0.416892	0.237197	0.0792276	-0.0463522	-0.120835	-0.144403	-0.130902	-0.102515	-0.0654593	-0.0223038	0.0324052	0.102109	0.180147	0.24965	0.29851	0.334985	0.366134	0.38898	0.397633	0.398954	0.398511	0.390823	0.367498	0.316491	0.228263	0.117938	0.0193421	-0.0659982	-0.155975	-0.255687	-0.363722	-0.465516	-0.548939	-0.615667	-0.673749	-0.728673	-0.769778	-0.793203	-0.807079	-0.807079	
0.471746	0.637049	0.776139	0.880484	0.941437	0.951006	0.909497	0.832924	0.726036	0.599472	0.454768	0.309889	0.174798	0.0681126	0.00249132	-0.0209176	-0.00828471	0.0150068	0.045544	0.0787328	0.127815	0.196643	0.272937	0.341894	0.386983	0.412756	0.425031	0.42401	0.410636	0.387706	0.360655	0.336061	0.3005	0.237729	0.144567	0.0318831	-0.0658075	-0.144699	-0.225586	-0.315589	-0.414169	-0.504364	-0.579049	-0.642073	-0.693448	-0.741723	-0.783243	-0.808732	-0.821649	-0.821649	
0.349567	0.498481	0.621757	0.716166	0.773046	0.785138	0.761867	0.713638	0.64248	0.558341	0.461259	0.356239	0.251946	0.17371	0.125596	0.113699	0.131999	0.15882	0.187478	0.212889	0.256544	0.317615	0.386067	0.443676	0.473077	0.476302	0.454566	0.418355	0.372088	0.316559	0.261699	0.220615	0.176858	0.109516	0.0192776	-0.0854038	-0.17517	-0.24065	-0.299161	-0.365299	-0.441165	-0.511303	-0.57268	-0.62407	-0.665312	-0.706593	-0.738929	-0.75864	-0.773505	-0.773505	
0.253162	0.384991	0.491081	0.569417	0.613505	0.620216	0.604183	0.576466	0.530586	0.484238	0.431523	0.367646	0.301445	0.256118	0.23695	0.245342	0.278313	0.316867	0.347251	0.368645	0.403251	0.450653	0.503015	0.540045	0.545853	0.518525	0.458444	0.383101	0.301662	0.212475	0.129608	0.0737739	0.0223099	-0.0456941	-0.12661	-0.217323	-0.290136	-0.336461	-0.373972	-0.415578	-0.463778	-0.508979	-0.550859	-0.58269	-0.602418	-0.622962	-0.641695	-0.657475	-0.671354	-0.671354	
0.178171	0.291126	0.377015	0.439911	0.469438	0.464879	0.451269	0.433587	0.408151	0.390794	0.375741	0.351885	0.321253	0.312032	0.322881	0.357003	0.410185	0.462424	0.500579	0.519772	0.544497	0.576868	0.607601	0.620434	0.599663	0.537227	0.4393	0.326818	0.209749	0.0928966	-0.00958798	-0.0762506	-0.127723	-0.190922	-0.26171	-0.335722	-0.397421	-0.432544	-0.447072	-0.464032	-0.487261	-0.504003	-0.51903	-0.525564	-0.522359	-0.521935	-0.521234	-0.521743	-0.525617	-0.525617	
0.124976	0.216557	0.285236	0.329932	0.342038	0.325158	0.307939	0.296213	0.284232	0.288394	0.304092	0.312445	0.316445	0.336843	0.376013	0.436991	0.507529	0.576219	0.621541	0.639612	0.656016	0.669559	0.679196	0.66919	0.622093	0.53153	0.403977	0.262281	0.120105	-0.0172026	-0.132003	-0.202598	-0.254248	-0.312652	-0.371147	-0.429829	-0.480304	-0.504892	-0.505342	-0.502622	-0.498341	-0.490716	-0.486702	-0.468341	-0.436427	-0.411336	-0.394448	-0.385074	-0.381106	-0.381106	
0.107702	0.177307	0.222416	0.247679	0.241036	0.210467	0.186482	0.175926	0.174176	0.194177	0.231093	0.265242	0.29546	0.334602	0.394332	0.470642	0.553377	0.63031	0.678775	0.698432	0.704369	0.705691	0.699911	0.674072	0.614549	0.505897	0.363426	0.207341	0.0471218	-0.100896	-0.219972	-0.294349	-0.345029	-0.396925	-0.445441	-0.491333	-0.531195	-0.546395	-0.534347	-0.513899	-0.488884	-0.462367	-0.438418	-0.401826	-0.358033	-0.321137	-0.292834	-0.275455	-0.26539	-0.26539	
0.137087	0.180862	0.204706	0.207161	0.180539	0.134378	0.100504	0.0890069	0.095066	0.127359	0.177748	0.231028	0.275701	0.321685	0.383823	0.459796	0.538053	0.606782	0.651443	0.665111	0.664869	0.660293	0.64969	0.627656	0.570639	0.46606	0.328906	0.171916	0.00676032	-0.146347	-0.265983	-0.34308	-0.396037	-0.44251	-0.480611	-0.512058	-0.540458	-0.548563	-0.525445	-0.489694	-0.450838	-0.413047	-0.380224	-0.338498	-0.290267	-0.252919	-0.23104	-0.214233	-0.196851	-0.196851	
0.205438	0.234336	0.239083	0.220577	0.1736	0.112285	0.0661295	0.0498252	0.0623974	0.101024	0.160723	0.222866	0.273274	0.310574	0.357989	0.413839	0.466299	0.511133	0.535775	0.538887	0.531777	0.527277	0.526466	0.521208	0.487281	0.406464	0.292735	0.152975	-0.00620513	-0.153909	-0.268605	-0.345882	-0.398677	-0.441365	-0.468989	-0.48881	-0.506316	-0.50368	-0.477535	-0.43605	-0.387264	-0.350097	-0.32246	-0.284162	-0.243274	-0.218042	-0.205785	-0.1919	-0.175383	-0.175383	
0.290923	0.313371	0.307001	0.27375	0.213338	0.139872	0.0797506	0.0591081	0.0732968	0.118185	0.180424	0.247739	0.294578	0.31411	0.334123	0.35039	0.362123	0.363014	0.354926	0.336865	0.319511	0.31987	0.335012	0.360172	0.362604	0.323459	0.249709	0.139148	0.000305427	-0.134779	-0.237959	-0.309199	-0.360348	-0.39213	-0.406589	-0.417032	-0.422787	-0.416506	-0.39532	-0.357912	-0.320345	-0.293528	-0.270322	-0.245706	-0.221126	-0.208502	-0.208589	-0.199403	-0.181166	-0.181166	
0.364272	0.392792	0.389801	0.354194	0.28905	0.208107	0.138741	0.110558	0.1229	0.165619	0.224535	0.287805	0.321352	0.319363	0.302186	0.272838	0.235266	0.186602	0.140485	0.0959718	0.0690271	0.0739122	0.108054	0.164596	0.207663	0.217002	0.189014	0.117815	0.00889477	-0.101583	-0.18381	-0.240672	-0.279547	-0.300268	-0.303396	-0.3045	-0.306819	-0.304817	-0.296094	-0.273334	-0.251361	-0.242695	-0.237035	-0.224448	-0.210714	-0.216506	-0.229586	-0.219467	-0.199792	-0.199792	
0.420741	0.46579	0.472301	0.442195	0.38301	0.303014	0.227972	0.191141	0.194623	0.22631	0.273538	0.319816	0.332502	0.3052	0.250326	0.17729	0.0929877	0.0014371	-0.080967	-0.150681	-0.186692	-0.180105	-0.130266	-0.0477423	0.0331819	0.0928995	0.114821	0.0899083	0.0241227	-0.0517735	-0.108494	-0.144104	-0.169575	-0.181954	-0.178942	-0.181059	-0.183996	-0.186683	-0.196294	-0.196414	-0.194233	-0.199278	-0.206065	-0.20979	-0.210362	-0.227186	-0.248387	-0.242334	-0.225261	-0.225261	
0.469395	0.529151	0.54948	0.53589	0.488365	0.41473	0.338114	0.294593	0.281745	0.294885	0.319663	0.336411	0.318692	0.261129	0.171377	0.0577786	-0.0631664	-0.18732	-0.298677	-0.387148	-0.432262	-0.424542	-0.364356	-0.263527	-0.147805	-0.039329	0.0348747	0.0636294	0.0503681	0.0162614	-0.0109589	-0.0252049	-0.0406432	-0.0511703	-0.0525312	-0.0636283	-0.0750573	-0.089944	-0.114683	-0.132108	-0.149996	-0.168703	-0.180804	-0.189103	-0.201353	-0.233491	-0.261397	-0.256864	-0.243618	-0.243618	
0.515559	0.592807	0.631527	0.631687	0.597968	0.531239	0.458383	0.405614	0.373184	0.362607	0.358938	0.339944	0.284301	0.197647	0.073642	-0.0719852	-0.221651	-0.368962	-0.499833	-0.604782	-0.656303	-0.650957	-0.586743	-0.474084	-0.330674	-0.177456	-0.0512656	0.0358944	0.0813765	0.0952365	0.0998996	0.106117	0.101529	0.0837576	0.0648505	0.0408357	0.0145867	-0.0165575	-0.0549493	-0.0915565	-0.122457	-0.143254	-0.16107	-0.175443	-0.190538	-0.225723	-0.256116	-0.254049	-0.242027	-0.242027	
0.566749	0.66064	0.710903	0.725035	0.699497	0.635986	0.561483	0.496799	0.443514	0.408265	0.381165	0.328824	0.245754	0.134391	-0.0122756	-0.181452	-0.354526	-0.518755	-0.670767	-0.790475	-0.853775	-0.854727	-0.791362	-0.673689	-0.507022	-0.317611	-0.142635	0.000211596	0.102936	0.1647	0.197817	0.225649	0.231407	0.206495	0.174773	0.134882	0.0930785	0.0522323	-0.00111381	-0.0602427	-0.107014	-0.136282	-0.155697	-0.166262	-0.180356	-0.210073	-0.231547	-0.227697	-0.215715	-0.215715	
0.616047	0.721373	0.785122	0.808442	0.782388	0.71345	0.62956	0.54913	0.471465	0.416648	0.371849	0.302737	0.207163	0.0853551	-0.0695937	-0.253209	-0.443295	-0.627131	-0.799258	-0.936344	-1.01237	-1.01862	-0.958047	-0.835077	-0.655162	-0.443607	-0.23641	-0.0548077	0.0901136	0.1869	0.248838	0.300447	0.323641	0.306498	0.270514	0.226916	0.177435	0.120794	0.0537851	-0.0224056	-0.0892872	-0.13016	-0.150739	-0.159526	-0.170959	-0.188299	-0.194999	-0.188425	-0.179558	-0.179558	
0.669436	0.78379	0.854385	0.874957	0.839354	0.754157	0.650975	0.545119	0.441757	0.369567	0.31437	0.246963	0.15892	0.0460371	-0.0979848	-0.279923	-0.47778	-0.678309	-0.869914	-1.02406	-1.11466	-1.12784	-1.07098	-0.948158	-0.76548	-0.551145	-0.33215	-0.129984	0.03566	0.155709	0.241479	0.315783	0.36362	0.362117	0.334431	0.298524	0.250891	0.194616	0.121926	0.0321329	-0.0455388	-0.0973726	-0.128125	-0.140461	-0.149641	-0.16145	-0.167255	-0.160946	-0.146538	-0.146538	
0.730937	0.841794	0.904044	0.913031	0.858035	0.747949	0.617939	0.484236	0.361284	0.274288	0.217783	0.166703	0.10135	0.0137249	-0.105968	-0.269146	-0.463654	-0.675162	-0.879003	-1.05001	-1.15442	-1.17662	-1.12862	-1.00902	-0.836651	-0.635874	-0.420734	-0.218821	-0.0501851	0.0788195	0.178711	0.271703	0.340059	0.360446	0.354754	0.335824	0.303385	0.261776	0.198709	0.113648	0.0307645	-0.0319676	-0.0713138	-0.0961983	-0.114831	-0.126638	-0.1379	-0.147634	-0.147394	-0.147394	
0.804209	0.899861	0.943507	0.925838	0.837597	0.696546	0.534295	0.377412	0.239148	0.144616	0.092412	0.0638466	0.0297916	-0.0272776	-0.110455	-0.240452	-0.41509	-0.619286	-0.823901	-1.0032	-1.12074	-1.16111	-1.12986	-1.02795	-0.881537	-0.705305	-0.509343	-0.317928	-0.155963	-0.0305071	0.0792741	0.18379	0.263148	0.307579	0.328647	0.333042	0.329613	0.314218	0.271895	0.2082	0.134121	0.0640698	0.0118324	-0.0269824	-0.0608075	-0.093116	-0.122217	-0.141975	-0.150652	-0.150652	
0.886414	0.960392	0.971347	0.912729	0.786237	0.607201	0.411379	0.233042	0.0887913	-0.00628941	-0.0502599	-0.0525129	-0.0564123	-0.0769469	-0.119706	-0.204615	-0.340868	-0.519693	-0.708623	-0.888399	-1.02022	-1.08718	-1.08651	-1.01917	-0.910121	-0.76871	-0.598477	-0.420911	-0.272379	-0.151941	-0.0387301	0.0656959	0.151552	0.214461	0.261081	0.296277	0.327042	0.347753	0.342446	0.306875	0.243129	0.169251	0.0993472	0.0391275	-0.0047888	-0.0477778	-0.0946362	-0.126752	-0.140472	-0.140472	
0.957237	1.00551	0.981647	0.885151	0.719058	0.501667	0.273807	0.0784149	-0.0691269	-0.163246	-0.195014	-0.175082	-0.147678	-0.130204	-0.129235	-0.162845	-0.251002	-0.390052	-0.556066	-0.730907	-0.876952	-0.974682	-1.01129	-0.98725	-0.921899	-0.818936	-0.678692	-0.524172	-0.390908	-0.278615	-0.170972	-0.0678256	0.0192893	0.0977308	0.17589	0.241453	0.305326	0.362903	0.390342	0.3816	0.33263	0.257499	0.175513	0.106328	0.0591495	0.00755705	-0.0495027	-0.0872916	-0.105388	-0.105388	
0.989942	1.01443	0.962318	0.836682	0.642238	0.400104	0.149243	-0.0608943	-0.215662	-0.310196	-0.332153	-0.296533	-0.238742	-0.17864	-0.130887	-0.111604	-0.148316	-0.244264	-0.386129	-0.555645	-0.713168	-0.838367	-0.911147	-0.932434	-0.914685	-0.854707	-0.75525	-0.632902	-0.516184	-0.409541	-0.300862	-0.194389	-0.10078	-0.00803876	0.0868425	0.171695	0.25649	0.336601	0.394689	0.416306	0.390733	0.328135	0.247122	0.179588	0.129182	0.067783	0.0119092	-0.0205831	-0.0412882	-0.0412882	
0.974577	0.970253	0.895834	0.753555	0.550649	0.298956	0.0377332	-0.180345	-0.345999	-0.440587	-0.458138	-0.411197	-0.320075	-0.214373	-0.112755	-0.0428042	-0.0298132	-0.0855997	-0.212155	-0.378311	-0.549296	-0.697835	-0.800856	-0.866018	-0.891473	-0.875602	-0.822201	-0.735573	-0.635699	-0.529341	-0.416886	-0.304181	-0.201127	-0.102983	-0.00323632	0.0881677	0.177835	0.273416	0.358563	0.408094	0.412351	0.373127	0.306621	0.252914	0.212193	0.153286	0.0901817	0.0545202	0.0460953	0.0460953	
0.91327	0.881724	0.790173	0.643084	0.442031	0.193143	-0.059346	-0.279525	-0.451075	-0.544339	-0.559802	-0.50176	-0.386373	-0.237644	-0.0893109	0.0236068	0.0830148	0.0582286	-0.0500559	-0.212507	-0.393699	-0.554078	-0.684224	-0.782897	-0.844537	-0.873873	-0.864436	-0.818594	-0.740145	-0.63407	-0.520774	-0.400692	-0.285378	-0.187709	-0.0942259	-0.00524568	0.0801411	0.177242	0.280341	0.36089	0.401382	0.397083	0.362312	0.327661	0.292053	0.241988	0.187491	0.15144	0.143484	0.143484	
0.833863	0.781758	0.677452	0.527653	0.33059	0.094151	-0.145389	-0.363187	-0.532265	-0.618103	-0.625837	-0.559372	-0.428102	-0.252034	-0.0743952	0.0731193	0.167201	0.173245	0.0899301	-0.0659546	-0.248328	-0.421547	-0.575384	-0.696447	-0.787983	-0.846703	-0.86901	-0.85783	-0.798149	-0.704741	-0.602059	-0.483587	-0.369565	-0.277872	-0.195219	-0.117509	-0.0345669	0.0688683	0.18302	0.285966	0.362805	0.399056	0.402893	0.396818	0.372493	0.327328	0.283825	0.261481	0.261864	0.261864	
0.74193	0.676599	0.566807	0.421407	0.231916	0.00673321	-0.220081	-0.428279	-0.580782	-0.651333	-0.643941	-0.565507	-0.426665	-0.245307	-0.0600668	0.104598	0.216811	0.248389	0.189838	0.0470876	-0.132594	-0.318056	-0.486364	-0.620202	-0.723494	-0.792951	-0.831495	-0.837778	-0.802714	-0.737592	-0.655094	-0.555772	-0.455409	-0.371499	-0.301107	-0.232107	-0.152128	-0.0513499	0.0705421	0.194656	0.298148	0.372075	0.421153	0.44788	0.444593	0.419394	0.392096	0.378841	0.382618	0.382618	
0.635335	0.570091	0.467959	0.32932	0.144485	-0.0666156	-0.279707	-0.468096	-0.599639	-0.651315	-0.624595	-0.531915	-0.388711	-0.21813	-0.0353877	0.132549	0.249291	0.295733	0.254382	0.126624	-0.0496993	-0.242372	-0.416614	-0.552773	-0.655597	-0.726877	-0.768592	-0.782389	-0.772339	-0.740106	-0.683731	-0.607453	-0.525681	-0.454531	-0.39682	-0.335449	-0.257682	-0.165048	-0.050838	0.0783813	0.203903	0.319536	0.412158	0.470866	0.500777	0.507831	0.502184	0.503318	0.514299	0.514299	
0.532784	0.4761	0.37941	0.244572	0.0724072	-0.121173	-0.317886	-0.483789	-0.592826	-0.627486	-0.590168	-0.484737	-0.343605	-0.182623	-0.00345797	0.162297	0.279337	0.32676	0.29493	0.17949	0.00986463	-0.177932	-0.347028	-0.477794	-0.577825	-0.654327	-0.701441	-0.722339	-0.737094	-0.732113	-0.694357	-0.638403	-0.572765	-0.512505	-0.467188	-0.417378	-0.349522	-0.263823	-0.157855	-0.0405216	0.091293	0.237442	0.364794	0.460978	0.527805	0.567414	0.605971	0.644143	0.660321	0.660321	
0.450285	0.398706	0.312098	0.189364	0.0341511	-0.145217	-0.325141	-0.466507	-0.557253	-0.588263	-0.552232	-0.44672	-0.310935	-0.155165	0.0189836	0.185602	0.30098	0.347472	0.320937	0.215626	0.0608251	-0.113312	-0.268409	-0.389959	-0.490895	-0.576059	-0.631606	-0.666042	-0.701635	-0.715595	-0.694812	-0.651749	-0.603199	-0.559555	-0.516708	-0.47394	-0.419142	-0.338327	-0.243045	-0.141833	-0.0149319	0.134177	0.276297	0.409824	0.526415	0.617115	0.701455	0.771231	0.803215	0.803215	
0.377917	0.341037	0.27613	0.172401	0.0381443	-0.12436	-0.280246	-0.40582	-0.490986	-0.528305	-0.502384	-0.409754	-0.284813	-0.138073	0.0253509	0.186236	0.301657	0.354105	0.335602	0.248463	0.112414	-0.0435789	-0.183081	-0.300287	-0.402023	-0.49272	-0.558346	-0.609719	-0.662134	-0.692577	-0.687085	-0.652223	-0.614712	-0.580713	-0.545208	-0.512248	-0.466094	-0.400733	-0.323374	-0.231682	-0.111592	0.0368862	0.193703	0.351524	0.504124	0.645333	0.770495	0.864486	0.915993	0.915993	
0.322878	0.304757	0.261379	0.188972	0.0848517	-0.048323	-0.186608	-0.310908	-0.402184	-0.449446	-0.439197	-0.370694	-0.259749	-0.126757	0.0186944	0.167401	0.288787	0.357609	0.360799	0.297705	0.179662	0.0369438	-0.10239	-0.224564	-0.331668	-0.422296	-0.490404	-0.556636	-0.616773	-0.654618	-0.661849	-0.636618	-0.601784	-0.568695	-0.548258	-0.534844	-0.506834	-0.460488	-0.393416	-0.308977	-0.194671	-0.0428225	0.125469	0.302951	0.485495	0.659536	0.804057	0.907586	0.970357	0.970357	
0.297199	0.287238	0.268186	0.234803	0.165994	0.0599281	-0.0663897	-0.193965	-0.295852	-0.354006	-0.368248	-0.326769	-0.234973	-0.119705	0.00582503	0.143729	0.276212	0.369174	0.402981	0.365821	0.266936	0.129735	-0.0170638	-0.153775	-0.273867	-0.363769	-0.436167	-0.5095	-0.572045	-0.612374	-0.624063	-0.60959	-0.572799	-0.534743	-0.524281	-0.527546	-0.529436	-0.509414	-0.448294	-0.365391	-0.254645	-0.106013	0.0689822	0.2655	0.463869	0.64772	0.800057	0.906332	0.968356	0.968356	
0.305916	0.311056	0.3216	0.316817	0.268955	0.184827	0.0695355	-0.0623365	-0.173736	-0.246982	-0.288006	-0.277442	-0.214805	-0.121564	-0.010683	0.127806	0.27309	0.391056	0.455407	0.44424	0.366451	0.237043	0.0849858	-0.0687915	-0.206523	-0.310857	-0.392373	-0.465504	-0.526851	-0.563356	-0.581509	-0.578417	-0.540156	-0.502298	-0.494522	-0.50288	-0.51722	-0.513251	-0.468737	-0.388938	-0.279991	-0.150131	0.0134789	0.218299	0.425493	0.609826	0.761804	0.865916	0.920242	0.920242	
0.353939	0.389961	0.42406	0.429523	0.397912	0.326133	0.211409	0.0730283	-0.0445147	-0.132611	-0.198563	-0.218917	-0.189952	-0.121642	-0.0166748	0.128136	0.281388	0.418701	0.506055	0.520558	0.465536	0.349746	0.202188	0.0397047	-0.11476	-0.243209	-0.340021	-0.413511	-0.472091	-0.509962	-0.539097	-0.550382	-0.521	-0.477187	-0.459676	-0.466138	-0.473851	-0.468607	-0.437652	-0.377508	-0.289405	-0.172576	-0.0214794	0.169938	0.37333	0.547948	0.684997	0.781303	0.827957	0.827957	
