0.980361	0.847614	0.69664	0.540042	0.368451	0.176521	-0.00185265	-0.138929	-0.224922	-0.253784	-0.218193	-0.143057	-0.0574966	0.0230576	0.0900264	0.141676	0.180747	0.199675	0.208475	0.193655	0.140962	0.0576806	-0.0272139	-0.0900481	-0.125723	-0.124488	-0.0783162	0.00857745	0.10444	0.196495	0.280272	0.341025	0.36967	0.36514	0.328179	0.255652	0.157719	0.0519219	-0.0476975	-0.129615	-0.165611	-0.154971	-0.12591	-0.0868626	-0.0372057	0.0286148	0.0924664	0.140979	0.167378	0.167378	
0.847614	0.760958	0.656907	0.531354	0.386307	0.204741	0.0179707	-0.139739	-0.254283	-0.304223	-0.283358	-0.211963	-0.115829	-0.0215954	0.0593185	0.126707	0.18258	0.224443	0.255355	0.265665	0.228703	0.156058	0.0829114	0.022606	-0.0270212	-0.0527009	-0.0419256	0.00572104	0.0703187	0.143019	0.215332	0.267605	0.288006	0.276515	0.242211	0.172555	0.0818902	-0.0148733	-0.110553	-0.18222	-0.212828	-0.202035	-0.168732	-0.121022	-0.0590385	0.0129702	0.0773624	0.125254	0.149943	0.149943	
0.69664	0.656907	0.586792	0.491441	0.373757	0.215107	0.0386736	-0.121292	-0.247504	-0.312214	-0.312964	-0.254219	-0.161903	-0.0592307	0.0361033	0.125604	0.199147	0.255514	0.302138	0.323986	0.308165	0.261781	0.208424	0.151517	0.0888463	0.0369959	0.00896108	0.0138278	0.0425426	0.083383	0.134851	0.170168	0.183515	0.166248	0.12181	0.0548643	-0.0250504	-0.103397	-0.17997	-0.234891	-0.258231	-0.247756	-0.208591	-0.144469	-0.0593225	0.0256135	0.0949867	0.14747	0.173547	0.173547	
0.540042	0.531354	0.491441	0.424407	0.333764	0.20581	0.0541044	-0.0951487	-0.221857	-0.292963	-0.307961	-0.268273	-0.188428	-0.0905472	0.0117409	0.11275	0.197848	0.26822	0.327759	0.362844	0.369731	0.352892	0.319112	0.265659	0.198435	0.132338	0.0717246	0.0353277	0.0247381	0.0268394	0.0438258	0.0588995	0.0627133	0.0385231	-0.0120536	-0.0742132	-0.138156	-0.195264	-0.247073	-0.28556	-0.296134	-0.280615	-0.233412	-0.147834	-0.0456535	0.0534653	0.13228	0.191346	0.226	0.226	
0.368451	0.386307	0.373757	0.333764	0.268828	0.170012	0.044035	-0.0884342	-0.206061	-0.274212	-0.293832	-0.271461	-0.209153	-0.122736	-0.0245934	0.0736507	0.166023	0.258533	0.337454	0.391775	0.424428	0.431055	0.411048	0.361795	0.297114	0.223389	0.137209	0.0629434	0.0109851	-0.0290251	-0.0525228	-0.0650269	-0.0758561	-0.104684	-0.145699	-0.190408	-0.233039	-0.270003	-0.30493	-0.322915	-0.320235	-0.291296	-0.230198	-0.135342	-0.0203893	0.0871974	0.176739	0.247917	0.289805	0.289805	
0.176521	0.204741	0.215107	0.20581	0.170012	0.097959	0.00154366	-0.110906	-0.213485	-0.26995	-0.289663	-0.27597	-0.224119	-0.147596	-0.063723	0.0260863	0.125932	0.238888	0.33992	0.420759	0.477656	0.504926	0.497359	0.452473	0.394077	0.315121	0.208421	0.101337	0.00489115	-0.0827111	-0.150876	-0.200058	-0.235029	-0.265772	-0.28874	-0.30471	-0.322494	-0.343159	-0.357568	-0.353952	-0.327843	-0.276632	-0.199706	-0.095807	0.0219868	0.135735	0.234225	0.311431	0.357063	0.357063	
-0.00185265	0.0179707	0.0386736	0.0541044	0.044035	0.00154366	-0.0657944	-0.150657	-0.236272	-0.287639	-0.305262	-0.293057	-0.244031	-0.174566	-0.0960513	-0.00819132	0.10258	0.232121	0.35464	0.461025	0.541566	0.583174	0.581658	0.541252	0.480071	0.393194	0.271366	0.133683	-0.00941874	-0.143077	-0.255214	-0.338	-0.393337	-0.426684	-0.42978	-0.418107	-0.41028	-0.410312	-0.398432	-0.36746	-0.315424	-0.24238	-0.150104	-0.038746	0.0778053	0.19274	0.291718	0.367343	0.410129	0.410129	
-0.138929	-0.139739	-0.121292	-0.0951487	-0.0884342	-0.110906	-0.150657	-0.211736	-0.280664	-0.325853	-0.337975	-0.320148	-0.273807	-0.205554	-0.124762	-0.0233162	0.104235	0.253132	0.399565	0.529459	0.624122	0.673301	0.671261	0.627072	0.554066	0.45335	0.314879	0.145493	-0.0387759	-0.21738	-0.361278	-0.466208	-0.529316	-0.560349	-0.551078	-0.519048	-0.490447	-0.465339	-0.426777	-0.365467	-0.293779	-0.206026	-0.101849	0.0144437	0.132213	0.242583	0.337402	0.405763	0.44467	0.44467	
-0.224922	-0.254283	-0.247504	-0.221857	-0.206061	-0.213485	-0.236272	-0.280664	-0.338549	-0.371674	-0.37035	-0.34045	-0.292417	-0.22307	-0.134046	-0.0192928	0.124169	0.287525	0.451886	0.595417	0.70055	0.758153	0.759072	0.708103	0.619045	0.495763	0.331722	0.133526	-0.0836506	-0.292704	-0.461144	-0.576226	-0.638844	-0.664375	-0.647403	-0.604579	-0.559284	-0.512811	-0.447803	-0.360212	-0.270854	-0.173802	-0.0623443	0.0569885	0.174649	0.280323	0.365642	0.428458	0.464093	0.464093	
-0.253784	-0.304223	-0.312214	-0.292963	-0.274212	-0.26995	-0.287639	-0.325853	-0.371674	-0.392068	-0.380302	-0.344558	-0.300773	-0.232275	-0.132855	-0.00371087	0.149735	0.318662	0.486931	0.626672	0.738417	0.807628	0.811936	0.757964	0.651177	0.495656	0.298985	0.0755866	-0.156911	-0.380351	-0.559784	-0.67738	-0.732278	-0.742351	-0.713013	-0.656418	-0.597099	-0.533606	-0.44878	-0.3448	-0.24173	-0.138078	-0.0252716	0.0925385	0.20511	0.303691	0.378698	0.434816	0.469033	0.469033	
-0.218193	-0.283358	-0.312964	-0.307961	-0.293832	-0.289663	-0.305262	-0.337975	-0.37035	-0.380302	-0.364889	-0.339818	-0.304134	-0.236503	-0.130675	0.00401849	0.157566	0.322691	0.481347	0.614142	0.730866	0.807064	0.814053	0.755603	0.629219	0.440026	0.210017	-0.0295586	-0.263425	-0.483966	-0.660731	-0.774696	-0.818432	-0.807458	-0.75481	-0.675847	-0.594962	-0.509944	-0.412299	-0.304568	-0.200506	-0.097364	0.0113672	0.121103	0.226343	0.318359	0.38803	0.440466	0.474239	0.474239	
-0.143057	-0.211963	-0.254219	-0.268273	-0.271461	-0.27597	-0.293057	-0.320148	-0.34045	-0.344558	-0.339818	-0.330434	-0.302144	-0.237577	-0.134895	-0.00534548	0.142359	0.296958	0.44479	0.571101	0.684755	0.756288	0.759297	0.691436	0.546966	0.327484	0.0695259	-0.187051	-0.419868	-0.622541	-0.777972	-0.865448	-0.88938	-0.84879	-0.769052	-0.667341	-0.558235	-0.450453	-0.342808	-0.241208	-0.144748	-0.0451814	0.0607776	0.162128	0.257623	0.34125	0.404193	0.450349	0.478919	0.478919	
-0.0574966	-0.115829	-0.161903	-0.188428	-0.209153	-0.224119	-0.244031	-0.273807	-0.292417	-0.300773	-0.304134	-0.302144	-0.273198	-0.220884	-0.135946	-0.0220349	0.107345	0.247891	0.385105	0.502445	0.597564	0.649792	0.63666	0.555266	0.400483	0.170221	-0.100259	-0.365988	-0.601219	-0.783128	-0.904372	-0.959254	-0.948148	-0.87644	-0.769556	-0.639702	-0.499451	-0.365814	-0.248655	-0.157826	-0.0759845	0.0140094	0.111974	0.207038	0.295949	0.37771	0.443051	0.488502	0.512972	0.512972	
0.0230576	-0.0215954	-0.0592307	-0.0905472	-0.122736	-0.147596	-0.174566	-0.205554	-0.22307	-0.232275	-0.236503	-0.237577	-0.220884	-0.190488	-0.129734	-0.0390347	0.0689214	0.192586	0.312991	0.408813	0.470143	0.488204	0.452734	0.357901	0.202562	-0.0151834	-0.274422	-0.539318	-0.768046	-0.931846	-1.02622	-1.04126	-0.992855	-0.88872	-0.755661	-0.602749	-0.437372	-0.286374	-0.162311	-0.0729802	0.00558441	0.0875962	0.1766	0.264319	0.345291	0.425825	0.494354	0.538991	0.560645	0.560645	
0.0900264	0.0593185	0.0361033	0.0117409	-0.0245934	-0.063723	-0.0960513	-0.124762	-0.134046	-0.132855	-0.130675	-0.134895	-0.135946	-0.129734	-0.100247	-0.0413659	0.0393313	0.139011	0.235397	0.3031	0.329327	0.316634	0.254486	0.143355	-0.0103987	-0.209418	-0.445358	-0.687023	-0.89531	-1.04305	-1.11484	-1.10149	-1.01698	-0.886286	-0.732618	-0.561627	-0.386103	-0.232428	-0.108578	-0.00732543	0.0801361	0.16398	0.245088	0.32091	0.396846	0.472063	0.542378	0.58855	0.609717	0.609717	
0.141676	0.126707	0.125604	0.11275	0.0736507	0.0260863	-0.00819132	-0.0233162	-0.0192928	-0.00371087	0.00401849	-0.00534548	-0.0220349	-0.0390347	-0.0413659	-0.0146816	0.0359661	0.10166	0.161071	0.197319	0.196355	0.157932	0.0751266	-0.0459614	-0.196709	-0.380942	-0.590229	-0.797451	-0.978132	-1.10731	-1.16261	-1.12819	-1.01784	-0.867611	-0.697562	-0.516805	-0.343706	-0.203145	-0.0866054	0.0209304	0.12238	0.21142	0.286943	0.357242	0.428937	0.503956	0.573619	0.625032	0.65003	0.65003	
0.180747	0.18258	0.199147	0.197848	0.166023	0.125932	0.10258	0.104235	0.124169	0.149735	0.157566	0.142359	0.107345	0.0689214	0.0393313	0.0359661	0.0512889	0.0707142	0.0850872	0.0889932	0.0639992	0.00212593	-0.0885307	-0.200535	-0.34134	-0.506129	-0.682522	-0.856562	-1.00552	-1.11359	-1.15209	-1.10657	-0.986828	-0.830933	-0.656628	-0.478089	-0.31865	-0.190401	-0.085988	0.0196767	0.12725	0.219895	0.294751	0.365371	0.436328	0.507081	0.571433	0.618343	0.646081	0.646081	
0.199675	0.224443	0.255514	0.26822	0.258533	0.238888	0.232121	0.253132	0.287525	0.318662	0.322691	0.296958	0.247891	0.192586	0.139011	0.10166	0.0707142	0.0365359	0.0111917	-0.0153342	-0.0646582	-0.138923	-0.221725	-0.31532	-0.436479	-0.57428	-0.719818	-0.861324	-0.981453	-1.06373	-1.08094	-1.03507	-0.923834	-0.776173	-0.617348	-0.459762	-0.316454	-0.197934	-0.102626	-0.00558723	0.0902231	0.179483	0.257583	0.331528	0.411076	0.480399	0.534973	0.577038	0.599102	0.599102	
0.208475	0.255355	0.302138	0.327759	0.337454	0.33992	0.35464	0.399565	0.451886	0.486931	0.481347	0.44479	0.385105	0.312991	0.235397	0.161071	0.0850872	0.0111917	-0.0508382	-0.106423	-0.172649	-0.247518	-0.312161	-0.38095	-0.473125	-0.580894	-0.696839	-0.817556	-0.918259	-0.974863	-0.980501	-0.936668	-0.836005	-0.703914	-0.567413	-0.438516	-0.319001	-0.211985	-0.127483	-0.0548639	0.0193608	0.093831	0.17015	0.257056	0.343773	0.416576	0.467504	0.497927	0.515327	0.515327	
0.193655	0.265665	0.323986	0.362844	0.391775	0.420759	0.461025	0.529459	0.595417	0.626672	0.614142	0.571101	0.502445	0.408813	0.3031	0.197319	0.0889932	-0.0153342	-0.106423	-0.180096	-0.245805	-0.308226	-0.352494	-0.394054	-0.456578	-0.536468	-0.63073	-0.731838	-0.812892	-0.855561	-0.854729	-0.816228	-0.730213	-0.615698	-0.504449	-0.405268	-0.3107	-0.22482	-0.161748	-0.115932	-0.0727118	-0.0194869	0.0509696	0.140046	0.233976	0.311988	0.364544	0.398179	0.413327	0.413327	
0.140962	0.228703	0.308165	0.369731	0.424428	0.477656	0.541566	0.624122	0.70055	0.738417	0.730866	0.684755	0.597564	0.470143	0.329327	0.196355	0.0639992	-0.0646582	-0.172649	-0.245805	-0.301476	-0.347037	-0.365226	-0.374216	-0.403683	-0.457487	-0.52618	-0.600398	-0.665192	-0.705067	-0.710431	-0.683512	-0.618342	-0.526223	-0.437051	-0.360629	-0.292727	-0.236202	-0.201251	-0.181093	-0.159206	-0.122194	-0.0635795	0.0169479	0.104557	0.178722	0.2374	0.277471	0.299827	0.299827	
0.0576806	0.156058	0.261781	0.352892	0.431055	0.504926	0.583174	0.673301	0.758153	0.807628	0.807064	0.756288	0.649792	0.488204	0.316634	0.157932	0.00212593	-0.138923	-0.247518	-0.308226	-0.347037	-0.365388	-0.348916	-0.323766	-0.325863	-0.359468	-0.402159	-0.452585	-0.510746	-0.552767	-0.569638	-0.55721	-0.511833	-0.440345	-0.366271	-0.308518	-0.265762	-0.242194	-0.236397	-0.237093	-0.224168	-0.194696	-0.150555	-0.0879195	-0.0179526	0.0490937	0.11159	0.162745	0.194414	0.194414	
-0.0272139	0.0829114	0.208424	0.319112	0.411048	0.497359	0.581658	0.671261	0.759072	0.811936	0.814053	0.759297	0.63666	0.452734	0.254486	0.0751266	-0.0885307	-0.221725	-0.312161	-0.352494	-0.365226	-0.348916	-0.301621	-0.255539	-0.243184	-0.260034	-0.28845	-0.333309	-0.389881	-0.437136	-0.460983	-0.459677	-0.425749	-0.362655	-0.299151	-0.256056	-0.232482	-0.231312	-0.248125	-0.260814	-0.25179	-0.226162	-0.194872	-0.154675	-0.101965	-0.0426023	0.0214135	0.0784612	0.113185	0.113185	
-0.0900481	0.022606	0.151517	0.265659	0.361795	0.452473	0.541252	0.627072	0.708103	0.757964	0.755603	0.691436	0.555266	0.357901	0.143355	-0.0459614	-0.200535	-0.31532	-0.38095	-0.394054	-0.374216	-0.323766	-0.255539	-0.196065	-0.166073	-0.168645	-0.198266	-0.253285	-0.315455	-0.364072	-0.393402	-0.397004	-0.36566	-0.308068	-0.256183	-0.224661	-0.208141	-0.208716	-0.226072	-0.238477	-0.227671	-0.202818	-0.17867	-0.151937	-0.113262	-0.0633227	-0.00481641	0.040986	0.0672011	0.0672011	
-0.125723	-0.0270212	0.0888463	0.198435	0.297114	0.394077	0.480071	0.554066	0.619045	0.651177	0.629219	0.546966	0.400483	0.202562	-0.0103987	-0.196709	-0.34134	-0.436479	-0.473125	-0.456578	-0.403683	-0.325863	-0.243184	-0.166073	-0.114985	-0.11017	-0.148924	-0.218401	-0.28661	-0.334047	-0.3626	-0.363116	-0.331708	-0.281804	-0.240621	-0.211635	-0.184473	-0.166101	-0.161281	-0.159026	-0.145282	-0.120425	-0.0944234	-0.0706888	-0.0405743	-0.00192578	0.0397923	0.0659251	0.0735546	0.0735546	
-0.124488	-0.0527009	0.0369959	0.132338	0.223389	0.315121	0.393194	0.45335	0.495763	0.495656	0.440026	0.327484	0.170221	-0.0151834	-0.209418	-0.380942	-0.506129	-0.57428	-0.580894	-0.536468	-0.457487	-0.359468	-0.260034	-0.168645	-0.11017	-0.10546	-0.153112	-0.23274	-0.30413	-0.34956	-0.370114	-0.361536	-0.328423	-0.282638	-0.239606	-0.196165	-0.14727	-0.0983266	-0.0601024	-0.0348575	-0.0133467	0.0133789	0.0481921	0.0799385	0.106854	0.134766	0.159116	0.165916	0.159662	0.159662	
-0.0783162	-0.0419256	0.00896108	0.0717246	0.137209	0.208421	0.271366	0.314879	0.331722	0.298985	0.210017	0.0695259	-0.100259	-0.274422	-0.445358	-0.590229	-0.682522	-0.719818	-0.696839	-0.63073	-0.52618	-0.402159	-0.28845	-0.198266	-0.148924	-0.153112	-0.204221	-0.286206	-0.357277	-0.399195	-0.414389	-0.398759	-0.365721	-0.31156	-0.252055	-0.181872	-0.103472	-0.0235183	0.0532132	0.111284	0.152721	0.191457	0.239516	0.282114	0.312374	0.333538	0.347164	0.345721	0.336465	0.336465	
0.00857745	0.00572104	0.0138278	0.0353277	0.0629434	0.101337	0.133683	0.145493	0.133526	0.0755866	-0.0295586	-0.187051	-0.365988	-0.539318	-0.687023	-0.797451	-0.856562	-0.861324	-0.817556	-0.731838	-0.600398	-0.452585	-0.333309	-0.253285	-0.218401	-0.23274	-0.286206	-0.363849	-0.434258	-0.475385	-0.493317	-0.478277	-0.434041	-0.36171	-0.273658	-0.171206	-0.0613552	0.0507097	0.165355	0.264458	0.340533	0.403319	0.464851	0.515016	0.548328	0.56681	0.57488	0.573758	0.568088	0.568088	
0.10444	0.0703187	0.0425426	0.0247381	0.0109851	0.00489115	-0.00941874	-0.0387759	-0.0836506	-0.156911	-0.263425	-0.419868	-0.601219	-0.768046	-0.89531	-0.978132	-1.00552	-0.981453	-0.918259	-0.812892	-0.665192	-0.510746	-0.389881	-0.315455	-0.28661	-0.30413	-0.357277	-0.434258	-0.507123	-0.561403	-0.5927	-0.573711	-0.515256	-0.41768	-0.301108	-0.168229	-0.0264745	0.114977	0.262273	0.396985	0.511841	0.60208	0.678852	0.737471	0.775034	0.800446	0.812918	0.818167	0.819293	0.819293	
0.196495	0.143019	0.083383	0.0268394	-0.0290251	-0.0827111	-0.143077	-0.21738	-0.292704	-0.380351	-0.483966	-0.622541	-0.783128	-0.931846	-1.04305	-1.10731	-1.11359	-1.06373	-0.974863	-0.855561	-0.705067	-0.552767	-0.437136	-0.364072	-0.334047	-0.34956	-0.399195	-0.475385	-0.561403	-0.634248	-0.671504	-0.650497	-0.578815	-0.465556	-0.330497	-0.173285	-0.00881961	0.154549	0.322372	0.482227	0.623055	0.742152	0.839749	0.911101	0.963557	1.00062	1.02845	1.04353	1.05057	1.05057	
0.280272	0.215332	0.134851	0.0438258	-0.0525228	-0.150876	-0.255214	-0.361278	-0.461144	-0.559784	-0.660731	-0.777972	-0.904372	-1.02622	-1.11484	-1.16261	-1.15209	-1.08094	-0.980501	-0.854729	-0.710431	-0.569638	-0.460983	-0.393402	-0.3626	-0.370114	-0.414389	-0.493317	-0.5927	-0.671504	-0.708641	-0.68708	-0.617304	-0.50552	-0.35752	-0.191313	-0.0193701	0.150783	0.325954	0.497286	0.65766	0.802651	0.927801	1.02423	1.09459	1.1504	1.19204	1.21819	1.22965	1.22965	
0.341025	0.267605	0.170168	0.0588995	-0.0650269	-0.200058	-0.338	-0.466208	-0.576226	-0.67738	-0.774696	-0.865448	-0.959254	-1.04126	-1.10149	-1.12819	-1.10657	-1.03507	-0.936668	-0.816228	-0.683512	-0.55721	-0.459677	-0.397004	-0.363116	-0.361536	-0.398759	-0.478277	-0.573711	-0.650497	-0.68708	-0.685941	-0.644511	-0.548918	-0.405017	-0.238558	-0.0733554	0.0926551	0.266964	0.444942	0.619799	0.786458	0.937003	1.06133	1.15739	1.232	1.29024	1.32903	1.3495	1.3495	
0.36967	0.288006	0.183515	0.0627133	-0.0758561	-0.235029	-0.393337	-0.529316	-0.638844	-0.732278	-0.818432	-0.88938	-0.948148	-0.992855	-1.01698	-1.01784	-0.986828	-0.923834	-0.836005	-0.730213	-0.618342	-0.511833	-0.425749	-0.36566	-0.331708	-0.328423	-0.365721	-0.434041	-0.515256	-0.578815	-0.617304	-0.644511	-0.638345	-0.578743	-0.45938	-0.315663	-0.17108	-0.0181942	0.149875	0.336168	0.52466	0.709526	0.880592	1.0299	1.15316	1.24399	1.31334	1.36474	1.39404	1.39404	
0.36514	0.276515	0.166248	0.0385231	-0.104684	-0.265772	-0.426684	-0.560349	-0.664375	-0.742351	-0.807458	-0.84879	-0.87644	-0.88872	-0.886286	-0.867611	-0.830933	-0.776173	-0.703914	-0.615698	-0.526223	-0.440345	-0.362655	-0.308068	-0.281804	-0.282638	-0.31156	-0.36171	-0.41768	-0.465556	-0.50552	-0.548918	-0.578743	-0.569074	-0.503577	-0.409396	-0.298658	-0.162551	0.000225188	0.187747	0.385218	0.578548	0.763045	0.937479	1.08514	1.1983	1.28202	1.34567	1.38348	1.38348	
0.328179	0.242211	0.12181	-0.0120536	-0.145699	-0.28874	-0.42978	-0.551078	-0.647403	-0.713013	-0.75481	-0.769052	-0.769556	-0.755661	-0.732618	-0.697562	-0.656628	-0.617348	-0.567413	-0.504449	-0.437051	-0.366271	-0.299151	-0.256183	-0.240621	-0.239606	-0.252055	-0.273658	-0.301108	-0.330497	-0.35752	-0.405017	-0.45938	-0.503577	-0.515246	-0.493352	-0.432216	-0.317197	-0.161999	0.0230012	0.22	0.421576	0.621948	0.817056	0.990508	1.12495	1.22435	1.29531	1.33202	1.33202	
0.255652	0.172555	0.0548643	-0.0742132	-0.190408	-0.30471	-0.418107	-0.519048	-0.604579	-0.656418	-0.675847	-0.667341	-0.639702	-0.602749	-0.561627	-0.516805	-0.478089	-0.459762	-0.438516	-0.405268	-0.360629	-0.308518	-0.256056	-0.224661	-0.211635	-0.196165	-0.181872	-0.171206	-0.168229	-0.173285	-0.191313	-0.238558	-0.315663	-0.409396	-0.493352	-0.548729	-0.542842	-0.457496	-0.316487	-0.141918	0.0548519	0.267406	0.487554	0.705135	0.90025	1.05877	1.17545	1.24912	1.28088	1.28088	
0.157719	0.0818902	-0.0250504	-0.138156	-0.233039	-0.322494	-0.41028	-0.490447	-0.559284	-0.597099	-0.594962	-0.558235	-0.499451	-0.437372	-0.386103	-0.343706	-0.31865	-0.316454	-0.319001	-0.3107	-0.292727	-0.265762	-0.232482	-0.208141	-0.184473	-0.14727	-0.103472	-0.0613552	-0.0264745	-0.00881961	-0.0193701	-0.0733554	-0.17108	-0.298658	-0.432216	-0.542842	-0.588624	-0.545973	-0.433777	-0.27583	-0.0784568	0.148478	0.387716	0.623427	0.834913	1.01188	1.14203	1.22088	1.25065	1.25065	
0.0519219	-0.0148733	-0.103397	-0.195264	-0.270003	-0.343159	-0.410312	-0.465339	-0.512811	-0.533606	-0.509944	-0.450453	-0.365814	-0.286374	-0.232428	-0.203145	-0.190401	-0.197934	-0.211985	-0.22482	-0.236202	-0.242194	-0.231312	-0.208716	-0.166101	-0.0983266	-0.0235183	0.0507097	0.114977	0.154549	0.150783	0.0926551	-0.0181942	-0.162551	-0.317197	-0.457496	-0.545973	-0.55394	-0.483884	-0.347431	-0.151182	0.0865238	0.339504	0.584532	0.803081	0.985434	1.12261	1.20981	1.24606	1.24606	
-0.0476975	-0.110553	-0.17997	-0.247073	-0.30493	-0.357568	-0.398432	-0.426777	-0.447803	-0.44878	-0.412299	-0.342808	-0.248655	-0.162311	-0.108578	-0.0866054	-0.085988	-0.102626	-0.127483	-0.161748	-0.201251	-0.236397	-0.248125	-0.226072	-0.161281	-0.0601024	0.0532132	0.165355	0.262273	0.322372	0.325954	0.266964	0.149875	0.000225188	-0.161999	-0.316487	-0.433777	-0.483884	-0.45151	-0.340091	-0.153749	0.0831109	0.337619	0.583794	0.801528	0.986911	1.13394	1.2361	1.28632	1.28632	
-0.129615	-0.18222	-0.234891	-0.28556	-0.322915	-0.353952	-0.36746	-0.365467	-0.360212	-0.3448	-0.304568	-0.241208	-0.157826	-0.0729802	-0.00732543	0.0209304	0.0196767	-0.00558723	-0.0548639	-0.115932	-0.181093	-0.237093	-0.260814	-0.238477	-0.159026	-0.0348575	0.111284	0.264458	0.396985	0.482227	0.497286	0.444942	0.336168	0.187747	0.0230012	-0.141918	-0.27583	-0.347431	-0.340091	-0.251115	-0.0842195	0.139179	0.383074	0.617936	0.830501	1.0213	1.17973	1.29591	1.35429	1.35429	
-0.165611	-0.212828	-0.258231	-0.296134	-0.320235	-0.327843	-0.315424	-0.293779	-0.270854	-0.24173	-0.200506	-0.144748	-0.0759845	0.00558441	0.0801361	0.12238	0.12725	0.0902231	0.0193608	-0.0727118	-0.159206	-0.224168	-0.25179	-0.227671	-0.145282	-0.0133467	0.152721	0.340533	0.511841	0.623055	0.65766	0.619799	0.52466	0.385218	0.22	0.0548519	-0.0784568	-0.151182	-0.153749	-0.0842195	0.0563407	0.252555	0.468957	0.679589	0.881042	1.07522	1.24277	1.361	1.41919	1.41919	
-0.154971	-0.202035	-0.247756	-0.280615	-0.291296	-0.276632	-0.24238	-0.206026	-0.173802	-0.138078	-0.097364	-0.0451814	0.0140094	0.0875962	0.16398	0.21142	0.219895	0.179483	0.093831	-0.0194869	-0.122194	-0.194696	-0.226162	-0.202818	-0.120425	0.0133789	0.191457	0.403319	0.60208	0.742152	0.802651	0.786458	0.709526	0.578548	0.421576	0.267406	0.148478	0.0865238	0.0831109	0.139179	0.252555	0.413992	0.594351	0.773928	0.954406	1.13583	1.29054	1.39646	1.44604	1.44604	
-0.12591	-0.168732	-0.208591	-0.233412	-0.230198	-0.199706	-0.150104	-0.101849	-0.0623443	-0.0252716	0.0113672	0.0607776	0.111974	0.1766	0.245088	0.286943	0.294751	0.257583	0.17015	0.0509696	-0.0635795	-0.150555	-0.194872	-0.17867	-0.0944234	0.0481921	0.239516	0.464851	0.678852	0.839749	0.927801	0.937003	0.880592	0.763045	0.621948	0.487554	0.387716	0.339504	0.337619	0.383074	0.468957	0.594351	0.74156	0.893772	1.04673	1.19378	1.31356	1.39552	1.43568	1.43568	
-0.0868626	-0.121022	-0.144469	-0.147834	-0.135342	-0.095807	-0.038746	0.0144437	0.0569885	0.0925385	0.121103	0.162128	0.207038	0.264319	0.32091	0.357242	0.365371	0.331528	0.257056	0.140046	0.0169479	-0.0879195	-0.154675	-0.151937	-0.0706888	0.0799385	0.282114	0.515016	0.737471	0.911101	1.02423	1.06133	1.0299	0.937479	0.817056	0.705135	0.623427	0.584532	0.583794	0.617936	0.679589	0.773928	0.893772	1.022	1.14257	1.24288	1.31555	1.3655	1.39355	1.39355	
-0.0372057	-0.0590385	-0.0593225	-0.0456535	-0.0203893	0.0219868	0.0778053	0.132213	0.174649	0.20511	0.226343	0.257623	0.295949	0.345291	0.396846	0.428937	0.436328	0.411076	0.343773	0.233976	0.104557	-0.0179526	-0.101965	-0.113262	-0.0405743	0.106854	0.312374	0.548328	0.775034	0.963557	1.09459	1.15739	1.15316	1.08514	0.990508	0.90025	0.834913	0.803081	0.801528	0.830501	0.881042	0.954406	1.04673	1.14257	1.22352	1.27607	1.29999	1.31091	1.31765	1.31765	
0.0286148	0.0129702	0.0256135	0.0534653	0.0871974	0.135735	0.19274	0.242583	0.280323	0.303691	0.318359	0.34125	0.37771	0.425825	0.472063	0.503956	0.507081	0.480399	0.416576	0.311988	0.178722	0.0490937	-0.0426023	-0.0633227	-0.00192578	0.134766	0.333538	0.56681	0.800446	1.00062	1.1504	1.232	1.24399	1.1983	1.12495	1.05877	1.01188	0.985434	0.986911	1.0213	1.07522	1.13583	1.19378	1.24288	1.27607	1.28246	1.26337	1.23458	1.21612	1.21612	
0.0924664	0.0773624	0.0949867	0.13228	0.176739	0.234225	0.291718	0.337402	0.365642	0.378698	0.38803	0.404193	0.443051	0.494354	0.542378	0.573619	0.571433	0.534973	0.467504	0.364544	0.2374	0.11159	0.0214135	-0.00481641	0.0397923	0.159116	0.347164	0.57488	0.812918	1.02845	1.19204	1.29024	1.31334	1.28202	1.22435	1.17545	1.14203	1.12261	1.13394	1.17973	1.24277	1.29054	1.31356	1.31555	1.29999	1.26337	1.21205	1.15932	1.12873	1.12873	
0.140979	0.125254	0.14747	0.191346	0.247917	0.311431	0.367343	0.405763	0.428458	0.434816	0.440466	0.450349	0.488502	0.538991	0.58855	0.625032	0.618343	0.577038	0.497927	0.398179	0.277471	0.162745	0.0784612	0.040986	0.0659251	0.165916	0.345721	0.573758	0.818167	1.04353	1.21819	1.32903	1.36474	1.34567	1.29531	1.24912	1.22088	1.20981	1.2361	1.29591	1.361	1.39646	1.39552	1.3655	1.31091	1.23458	1.15932	1.10354	1.07852	1.07852	
0.167378	0.149943	0.173547	0.226	0.289805	0.357063	0.410129	0.44467	0.464093	0.469033	0.474239	0.478919	0.512972	0.560645	0.609717	0.65003	0.646081	0.599102	0.515327	0.413327	0.299827	0.194414	0.113185	0.0672011	0.0735546	0.159662	0.336465	0.568088	0.819293	1.05057	1.22965	1.3495	1.39404	1.38348	1.33202	1.28088	1.25065	1.24606	1.28632	1.35429	1.41919	1.44604	1.43568	1.39355	1.31765	1.21612	1.12873	1.07852	1.06563	1.06563	
0.167378	0.149943	0.173547	0.226	0.289805	0.357063	0.410129	0.44467	0.464093	0.469033	0.474239	0.478919	0.512972	0.560645	0.609717	0.65003	0.646081	0.599102	0.515327	0.413327	0.299827	0.194414	0.113185	0.0672011	0.0735546	0.159662	0.336465	0.568088	0.819293	1.05057	1.22965	1.3495	1.39404	1.38348	1.33202	1.28088	1.25065	1.24606	1.28632	1.35429	1.41919	1.44604	1.43568	1.39355	1.31765	1.21612	1.12873	1.07852	1.06563	1.06563	
