1.30429	1.30429	1.29723	1.29425	1.28472	1.25874	1.18098	1.01587	0.764864	0.437885	0.0708158	-0.27636	-0.563139	-0.749189	-0.832609	-0.831418	-0.772689	-0.661007	-0.51618	-0.376329	-0.266188	-0.186494	-0.171519	-0.222446	-0.32769	-0.488745	-0.691829	-0.909649	-1.11297	-1.27532	-1.35306	-1.3336	-1.23731	-1.10573	-0.968385	-0.854332	-0.785623	-0.768515	-0.810126	-0.890534	-0.964921	-1.00755	-1.01306	-0.969993	-0.864258	-0.675829	-0.402525	-0.0557619	0.356368	0.787626	
1.30429	1.30429	1.29723	1.29425	1.28472	1.25874	1.18098	1.01587	0.764864	0.437885	0.0708158	-0.27636	-0.563139	-0.749189	-0.832609	-0.831418	-0.772689	-0.661007	-0.51618	-0.376329	-0.266188	-0.186494	-0.171519	-0.222446	-0.32769	-0.488745	-0.691829	-0.909649	-1.11297	-1.27532	-1.35306	-1.3336	-1.23731	-1.10573	-0.968385	-0.854332	-0.785623	-0.768515	-0.810126	-0.890534	-0.964921	-1.00755	-1.01306	-0.969993	-0.864258	-0.675829	-0.402525	-0.0557619	0.356368	0.787626	
1.29723	1.29723	1.29062	1.28785	1.27646	1.24108	1.15236	0.98125	0.726349	0.397915	0.0363693	-0.30953	-0.594754	-0.779687	-0.865613	-0.869032	-0.803293	-0.692128	-0.548042	-0.400274	-0.280069	-0.200731	-0.172248	-0.20728	-0.301594	-0.448059	-0.628847	-0.828434	-1.01832	-1.16555	-1.23344	-1.21874	-1.13127	-1.00868	-0.887046	-0.792331	-0.741511	-0.749275	-0.807152	-0.899833	-0.988144	-1.04824	-1.06102	-1.01928	-0.913	-0.72361	-0.449672	-0.103826	0.304778	0.728982	
1.29425	1.29425	1.28785	1.28372	1.26538	1.2159	1.11127	0.919564	0.650109	0.325797	-0.0237403	-0.36455	-0.64141	-0.825379	-0.918667	-0.927928	-0.863125	-0.75298	-0.606964	-0.450626	-0.311956	-0.211971	-0.161032	-0.173219	-0.251401	-0.372471	-0.517421	-0.68283	-0.841493	-0.960193	-1.0152	-1.00204	-0.933219	-0.833136	-0.735126	-0.671185	-0.655714	-0.694036	-0.783616	-0.904078	-1.02567	-1.1114	-1.13486	-1.09489	-0.983728	-0.790548	-0.517055	-0.174994	0.219059	0.626177	
1.28472	1.28472	1.27646	1.26538	1.234	1.16463	1.03433	0.819033	0.540021	0.222197	-0.111115	-0.43121	-0.693848	-0.879503	-0.979414	-0.991005	-0.929209	-0.819198	-0.6679	-0.501094	-0.344517	-0.215509	-0.132174	-0.116248	-0.166153	-0.250429	-0.356038	-0.481236	-0.599673	-0.687722	-0.729284	-0.722662	-0.679101	-0.609108	-0.542425	-0.514677	-0.539777	-0.615442	-0.743819	-0.898029	-1.05158	-1.16304	-1.20334	-1.16402	-1.04581	-0.852966	-0.580826	-0.238704	0.136581	0.510728	
1.25874	1.25874	1.24108	1.2159	1.16463	1.06557	0.903874	0.671755	0.393932	0.0883725	-0.217093	-0.501988	-0.743089	-0.922309	-1.0195	-1.04014	-0.984683	-0.870753	-0.710036	-0.53385	-0.355618	-0.201137	-0.0886437	-0.0433175	-0.056013	-0.100774	-0.16268	-0.240283	-0.318802	-0.384911	-0.419379	-0.42214	-0.405046	-0.376095	-0.35017	-0.359218	-0.418438	-0.533788	-0.689766	-0.870941	-1.04742	-1.1832	-1.23956	-1.20662	-1.08365	-0.88742	-0.620717	-0.288926	0.0625514	0.394538	
1.18098	1.18098	1.15236	1.11127	1.03433	0.903874	0.718008	0.474573	0.197342	-0.078898	-0.33599	-0.571647	-0.776948	-0.929283	-1.01944	-1.04486	-0.999478	-0.884003	-0.724222	-0.54467	-0.348237	-0.160085	-0.0253531	0.04391	0.0615056	0.0513373	0.0310326	-0.00391363	-0.0491653	-0.0928873	-0.122854	-0.143873	-0.157213	-0.168565	-0.186379	-0.227239	-0.312345	-0.446763	-0.620197	-0.821204	-1.02086	-1.16494	-1.22823	-1.20466	-1.08701	-0.891681	-0.634965	-0.33111	-0.0127039	0.276111	
1.01587	1.01587	0.98125	0.919564	0.819033	0.671755	0.474573	0.229227	-0.0299498	-0.264031	-0.460228	-0.630403	-0.77857	-0.892078	-0.968928	-0.990694	-0.944188	-0.834545	-0.683396	-0.500768	-0.300961	-0.104783	0.048866	0.145613	0.186756	0.201721	0.214129	0.213199	0.193727	0.162311	0.129033	0.0921343	0.0492574	-0.00154123	-0.0532382	-0.113569	-0.208986	-0.353162	-0.540223	-0.747213	-0.947234	-1.09839	-1.16825	-1.15202	-1.05315	-0.871121	-0.62669	-0.352675	-0.0779879	0.156841	
0.764864	0.764864	0.726349	0.650109	0.540021	0.393932	0.197342	-0.0299498	-0.243796	-0.421903	-0.556838	-0.65203	-0.729299	-0.794335	-0.848644	-0.861597	-0.818436	-0.725453	-0.583731	-0.403509	-0.217528	-0.0278546	0.134793	0.235639	0.290876	0.332652	0.367979	0.386608	0.381743	0.354015	0.319093	0.269935	0.207915	0.136422	0.0637789	-0.0154956	-0.114989	-0.251906	-0.43416	-0.643523	-0.834009	-0.981578	-1.06208	-1.05619	-0.975349	-0.815362	-0.593943	-0.358412	-0.13727	0.037861	
0.437885	0.437885	0.397915	0.325797	0.222197	0.0883725	-0.078898	-0.264031	-0.421903	-0.534832	-0.596207	-0.612912	-0.616484	-0.632161	-0.652068	-0.655885	-0.625703	-0.554227	-0.432759	-0.279415	-0.111078	0.0653082	0.217199	0.318021	0.381757	0.431588	0.473899	0.501385	0.502121	0.472958	0.431771	0.381857	0.312493	0.231116	0.156036	0.074916	-0.0223057	-0.150432	-0.322037	-0.526085	-0.710789	-0.847678	-0.920794	-0.922048	-0.852266	-0.710574	-0.522206	-0.333178	-0.172792	-0.0641275	
0.0708158	0.0708158	0.0363693	-0.0237403	-0.111115	-0.217093	-0.33599	-0.460228	-0.556838	-0.596207	-0.573456	-0.511186	-0.452292	-0.417604	-0.40477	-0.398906	-0.385409	-0.338738	-0.250185	-0.133905	0.00369004	0.154799	0.285072	0.381929	0.448309	0.495487	0.538028	0.564285	0.56407	0.542692	0.501298	0.441578	0.371365	0.297862	0.221256	0.146345	0.0561637	-0.0648762	-0.228998	-0.416058	-0.587251	-0.704834	-0.763126	-0.761836	-0.698189	-0.577088	-0.424477	-0.283368	-0.182357	-0.137959	
-0.27636	-0.27636	-0.30953	-0.36455	-0.43121	-0.501988	-0.571647	-0.630403	-0.65203	-0.612912	-0.511186	-0.385266	-0.267174	-0.180092	-0.13696	-0.132986	-0.132404	-0.112075	-0.0575345	0.0196569	0.121119	0.228029	0.324196	0.406237	0.473643	0.522178	0.564528	0.59404	0.597043	0.576993	0.536238	0.478651	0.415632	0.347528	0.272952	0.196744	0.107955	-0.0128611	-0.159234	-0.319043	-0.464417	-0.565859	-0.607578	-0.595726	-0.531553	-0.424092	-0.306009	-0.213287	-0.173118	-0.188638	
-0.563139	-0.563139	-0.594754	-0.64141	-0.693848	-0.743089	-0.776948	-0.77857	-0.729299	-0.616484	-0.452292	-0.267174	-0.0929996	0.0371262	0.105497	0.120309	0.108687	0.0973432	0.108323	0.142834	0.204106	0.273026	0.336709	0.397233	0.458904	0.51048	0.549808	0.580723	0.596285	0.58711	0.555971	0.50778	0.449669	0.389169	0.320878	0.238559	0.139995	0.025139	-0.106118	-0.244232	-0.364074	-0.439116	-0.459981	-0.43104	-0.359566	-0.270575	-0.188083	-0.13685	-0.141937	-0.204763	
-0.749189	-0.749189	-0.779687	-0.825379	-0.879503	-0.922309	-0.929283	-0.892078	-0.794335	-0.632161	-0.417604	-0.180092	0.0371262	0.198094	0.293861	0.322076	0.30003	0.259022	0.228628	0.226314	0.243954	0.268861	0.309838	0.363786	0.418532	0.470323	0.511537	0.54699	0.578592	0.584825	0.564795	0.52926	0.477238	0.420895	0.361137	0.278634	0.174214	0.0579516	-0.0687782	-0.182729	-0.273897	-0.329126	-0.331736	-0.289533	-0.213391	-0.134364	-0.0798382	-0.0586377	-0.0916599	-0.182374	
-0.832609	-0.832609	-0.865613	-0.918667	-0.979414	-1.0195	-1.01944	-0.968928	-0.848644	-0.652068	-0.40477	-0.13696	0.105497	0.293861	0.407608	0.44398	0.411018	0.34489	0.283335	0.249208	0.225769	0.222865	0.25234	0.298615	0.352781	0.415021	0.466319	0.503164	0.534559	0.550658	0.543376	0.518001	0.483571	0.443647	0.38864	0.303735	0.195217	0.0791983	-0.0368728	-0.13615	-0.207974	-0.243847	-0.236062	-0.186761	-0.112864	-0.0410634	0.0015343	0.00482929	-0.0422032	-0.13792	
-0.831418	-0.831418	-0.869032	-0.927928	-0.991005	-1.04014	-1.04486	-0.990694	-0.861597	-0.655885	-0.398906	-0.132986	0.120309	0.322076	0.44398	0.476741	0.435656	0.352082	0.265589	0.197849	0.151976	0.139288	0.162973	0.217065	0.283255	0.355119	0.411712	0.450597	0.477424	0.49312	0.493008	0.482266	0.468208	0.445304	0.402628	0.326375	0.222007	0.100825	-0.0110391	-0.104409	-0.17343	-0.201419	-0.18783	-0.135795	-0.0668902	0.000116018	0.0406323	0.0399631	-0.00488636	-0.0828572	
-0.772689	-0.772689	-0.803293	-0.863125	-0.929209	-0.984683	-0.999478	-0.944188	-0.818436	-0.625703	-0.385409	-0.132404	0.108687	0.30003	0.411018	0.435656	0.385516	0.293097	0.188665	0.0961656	0.0387786	0.0242021	0.0537273	0.1197	0.19874	0.277178	0.346209	0.392538	0.419565	0.438956	0.445948	0.444495	0.445379	0.440102	0.405482	0.344138	0.253241	0.134253	0.0131	-0.0915652	-0.164299	-0.196105	-0.18971	-0.147297	-0.0836058	-0.0201964	0.0267248	0.0382744	0.0197207	-0.0202686	
-0.661007	-0.661007	-0.692128	-0.75298	-0.819198	-0.870753	-0.884003	-0.834545	-0.725453	-0.554227	-0.338738	-0.112075	0.0973432	0.259022	0.34489	0.352082	0.293097	0.193229	0.0785814	-0.023149	-0.0872577	-0.10568	-0.0767154	-0.00549085	0.0907085	0.182613	0.265005	0.328009	0.360061	0.377221	0.393558	0.410816	0.429464	0.432002	0.40619	0.353003	0.262197	0.143063	0.0175881	-0.100579	-0.187833	-0.23409	-0.23956	-0.208458	-0.149688	-0.0793912	-0.0131037	0.0290706	0.0503959	0.058962	
-0.51618	-0.51618	-0.548042	-0.606964	-0.6679	-0.710036	-0.724222	-0.683396	-0.583731	-0.432759	-0.250185	-0.0575345	0.108323	0.228628	0.283335	0.265589	0.188665	0.0785814	-0.0414121	-0.148185	-0.220517	-0.242755	-0.211116	-0.137326	-0.0361546	0.0631798	0.157763	0.237301	0.280597	0.304071	0.334592	0.374155	0.405072	0.410309	0.390886	0.339135	0.244314	0.121181	-0.0145909	-0.146546	-0.246629	-0.306347	-0.321019	-0.292077	-0.230637	-0.151354	-0.0590071	0.0258405	0.0975355	0.157193	
-0.376329	-0.376329	-0.400274	-0.450626	-0.501094	-0.53385	-0.54467	-0.500768	-0.403509	-0.279415	-0.133905	0.0196569	0.142834	0.226314	0.249208	0.197849	0.0961656	-0.023149	-0.148185	-0.261399	-0.338715	-0.358221	-0.321914	-0.250674	-0.158999	-0.0558411	0.0477782	0.130222	0.183391	0.222417	0.267624	0.320331	0.35773	0.370492	0.353928	0.297867	0.203476	0.0765786	-0.0740327	-0.212868	-0.322416	-0.392492	-0.408809	-0.375764	-0.302076	-0.201105	-0.0834099	0.0412063	0.161245	0.264447	
-0.266188	-0.266188	-0.280069	-0.311956	-0.344517	-0.355618	-0.348237	-0.300961	-0.217528	-0.111078	0.00369004	0.121119	0.204106	0.243954	0.225769	0.151976	0.0387786	-0.0872577	-0.220517	-0.338715	-0.411352	-0.430025	-0.400608	-0.341036	-0.259241	-0.158291	-0.0600914	0.0150783	0.0712892	0.120307	0.175239	0.237625	0.285674	0.309531	0.29691	0.239567	0.144057	0.0135929	-0.137794	-0.278985	-0.391211	-0.4633	-0.475815	-0.435227	-0.351086	-0.231461	-0.0876065	0.0769066	0.241923	0.372418	
-0.186494	-0.186494	-0.200731	-0.211971	-0.215509	-0.201137	-0.160085	-0.104783	-0.0278546	0.0653082	0.154799	0.228029	0.273026	0.268861	0.222865	0.139288	0.0242021	-0.10568	-0.242755	-0.358221	-0.430025	-0.4586	-0.449913	-0.406339	-0.338478	-0.252583	-0.17735	-0.111884	-0.0561202	-0.00563837	0.0543085	0.123312	0.184648	0.221694	0.218857	0.173985	0.0790541	-0.0503457	-0.196243	-0.334923	-0.447625	-0.513315	-0.523349	-0.477897	-0.385239	-0.247767	-0.0816498	0.112243	0.306887	0.464709	
-0.171519	-0.171519	-0.172248	-0.161032	-0.132174	-0.0886437	-0.0253531	0.048866	0.134793	0.217199	0.285072	0.324196	0.336709	0.309838	0.25234	0.162973	0.0537273	-0.0767154	-0.211116	-0.321914	-0.400608	-0.449913	-0.456986	-0.439279	-0.402455	-0.346453	-0.292721	-0.242042	-0.194528	-0.143604	-0.0825947	-0.0142094	0.0549464	0.106623	0.120252	0.0902122	0.0122373	-0.107931	-0.249462	-0.38914	-0.498755	-0.563089	-0.569762	-0.521133	-0.419308	-0.267953	-0.0796337	0.132772	0.339337	0.517508	
-0.222446	-0.222446	-0.20728	-0.173219	-0.116248	-0.0433175	0.04391	0.145613	0.235639	0.318021	0.381929	0.406237	0.397233	0.363786	0.298615	0.217065	0.1197	-0.00549085	-0.137326	-0.250674	-0.341036	-0.406339	-0.439279	-0.45499	-0.452309	-0.431935	-0.402366	-0.373471	-0.341367	-0.291257	-0.232796	-0.167627	-0.0942489	-0.0287042	0.00693438	-0.00384186	-0.0623006	-0.164042	-0.295566	-0.431216	-0.542004	-0.609132	-0.614043	-0.562937	-0.457769	-0.303993	-0.102455	0.119632	0.335577	0.520881	
-0.32769	-0.32769	-0.301594	-0.251401	-0.166153	-0.056013	0.0615056	0.186756	0.290876	0.381757	0.448309	0.473643	0.458904	0.418532	0.352781	0.283255	0.19874	0.0907085	-0.0361546	-0.158999	-0.259241	-0.338478	-0.402455	-0.452309	-0.483338	-0.499127	-0.503549	-0.500902	-0.477871	-0.434085	-0.379742	-0.313427	-0.234272	-0.156887	-0.0980962	-0.084443	-0.119301	-0.198342	-0.313399	-0.440989	-0.551334	-0.615562	-0.624189	-0.580991	-0.484124	-0.336363	-0.133095	0.0884359	0.303715	0.477612	
-0.488745	-0.488745	-0.448059	-0.372471	-0.250429	-0.100774	0.0513373	0.201721	0.332652	0.431588	0.495487	0.522178	0.51048	0.470323	0.415021	0.355119	0.277178	0.182613	0.0631798	-0.0558411	-0.158291	-0.252583	-0.346453	-0.431935	-0.499127	-0.548885	-0.588648	-0.609701	-0.591901	-0.551399	-0.495846	-0.425138	-0.33671	-0.243647	-0.171522	-0.136146	-0.144431	-0.191264	-0.281771	-0.395124	-0.502606	-0.567395	-0.583676	-0.551901	-0.467591	-0.332951	-0.143438	0.0650569	0.262634	0.421451	
-0.691829	-0.691829	-0.628847	-0.517421	-0.356038	-0.16268	0.0310326	0.214129	0.367979	0.473899	0.538028	0.564528	0.549808	0.511537	0.466319	0.411712	0.346209	0.265005	0.157763	0.0477782	-0.0600914	-0.17735	-0.292721	-0.402366	-0.503549	-0.588648	-0.656726	-0.68734	-0.672407	-0.630677	-0.56942	-0.492643	-0.397006	-0.296017	-0.211915	-0.155854	-0.134058	-0.155102	-0.220773	-0.314035	-0.408169	-0.476549	-0.498918	-0.476155	-0.409492	-0.294077	-0.126667	0.0645188	0.244314	0.394054	
-0.909649	-0.909649	-0.828434	-0.68283	-0.481236	-0.240283	-0.00391363	0.213199	0.386608	0.501385	0.564285	0.59404	0.580723	0.54699	0.503164	0.450597	0.392538	0.328009	0.237301	0.130222	0.0150783	-0.111884	-0.242042	-0.373471	-0.500902	-0.609701	-0.68734	-0.72127	-0.714428	-0.673049	-0.606634	-0.518807	-0.414033	-0.310573	-0.220538	-0.148627	-0.107818	-0.108415	-0.153054	-0.231013	-0.307734	-0.370912	-0.394652	-0.382002	-0.327916	-0.223229	-0.0816196	0.0839972	0.247214	0.385981	
-1.11297	-1.11297	-1.01832	-0.841493	-0.599673	-0.318802	-0.0491653	0.193727	0.381743	0.502121	0.56407	0.597043	0.596285	0.578592	0.534559	0.477424	0.419565	0.360061	0.280597	0.183391	0.0712892	-0.0561202	-0.194528	-0.341367	-0.477871	-0.591901	-0.672407	-0.714428	-0.713968	-0.673623	-0.602212	-0.508677	-0.399175	-0.290329	-0.191576	-0.110279	-0.0607554	-0.0523053	-0.0841149	-0.148308	-0.215187	-0.273984	-0.302569	-0.291734	-0.233309	-0.131417	-0.00978647	0.121245	0.256618	0.37929	
-1.27532	-1.27532	-1.16555	-0.960193	-0.687722	-0.384911	-0.0928873	0.162311	0.354015	0.472958	0.542692	0.576993	0.58711	0.584825	0.550658	0.49312	0.438956	0.377221	0.304071	0.222417	0.120307	-0.00563837	-0.143604	-0.291257	-0.434085	-0.551399	-0.630677	-0.673049	-0.673623	-0.634052	-0.563297	-0.469018	-0.359462	-0.249181	-0.145744	-0.0542971	0.00851788	0.0275116	-0.00331024	-0.0575	-0.117572	-0.176338	-0.209722	-0.194614	-0.130394	-0.0360918	0.0716074	0.170204	0.278709	0.383517	
-1.35306	-1.35306	-1.23344	-1.0152	-0.729284	-0.419379	-0.122854	0.129033	0.319093	0.431771	0.501298	0.536238	0.555971	0.564795	0.543376	0.493008	0.445948	0.393558	0.334592	0.267624	0.175239	0.0543085	-0.0825947	-0.232796	-0.379742	-0.495846	-0.56942	-0.606634	-0.602212	-0.563297	-0.49387	-0.40114	-0.29446	-0.187226	-0.0842142	0.0109796	0.0819637	0.113703	0.0931053	0.049836	-0.00657383	-0.0641978	-0.0983298	-0.0854937	-0.0255301	0.0631306	0.160309	0.24021	0.320601	0.395488	
-1.3336	-1.3336	-1.21874	-1.00204	-0.722662	-0.42214	-0.143873	0.0921343	0.269935	0.381857	0.441578	0.478651	0.50778	0.52926	0.518001	0.482266	0.444495	0.410816	0.374155	0.320331	0.237625	0.123312	-0.0142094	-0.167627	-0.313427	-0.425138	-0.492643	-0.518807	-0.508677	-0.469018	-0.40114	-0.311596	-0.21232	-0.114405	-0.0167723	0.0758084	0.148171	0.18568	0.183757	0.152838	0.106249	0.0510005	0.0157212	0.0196305	0.0696293	0.154316	0.241741	0.310908	0.365518	0.4053	
-1.23731	-1.23731	-1.13127	-0.933219	-0.679101	-0.405046	-0.157213	0.0492574	0.207915	0.312493	0.371365	0.415632	0.449669	0.477238	0.483571	0.468208	0.445379	0.429464	0.405072	0.35773	0.285674	0.184648	0.0549464	-0.0942489	-0.234272	-0.33671	-0.397006	-0.414033	-0.399175	-0.359462	-0.29446	-0.21232	-0.123821	-0.0365588	0.049709	0.130612	0.194539	0.231076	0.2359	0.208801	0.168413	0.122783	0.0957822	0.0961745	0.13449	0.210268	0.289402	0.352937	0.393431	0.413351	
-1.10573	-1.10573	-1.00868	-0.833136	-0.609108	-0.376095	-0.168565	-0.00154123	0.136422	0.231116	0.297862	0.347528	0.389169	0.420895	0.443647	0.445304	0.440102	0.432002	0.410309	0.370492	0.309531	0.221694	0.106623	-0.0287042	-0.156887	-0.243647	-0.296017	-0.310573	-0.290329	-0.249181	-0.187226	-0.114405	-0.0365588	0.0392959	0.108565	0.16292	0.203147	0.224651	0.217694	0.188112	0.147429	0.111386	0.100201	0.111586	0.148831	0.214831	0.289173	0.354377	0.392211	0.408094	
-0.968385	-0.968385	-0.887046	-0.735126	-0.542425	-0.35017	-0.186379	-0.0532382	0.0637789	0.156036	0.221256	0.272952	0.320878	0.361137	0.38864	0.402628	0.405482	0.40619	0.390886	0.353928	0.29691	0.218857	0.120252	0.00693438	-0.0980962	-0.171522	-0.211915	-0.220538	-0.191576	-0.145744	-0.0842142	-0.0167723	0.049709	0.108565	0.150242	0.168528	0.168045	0.154359	0.123533	0.0828804	0.0396102	0.0151868	0.0183237	0.0467413	0.10016	0.169042	0.250236	0.321158	0.370718	0.394537	
-0.854332	-0.854332	-0.792331	-0.671185	-0.514677	-0.359218	-0.227239	-0.113569	-0.0154956	0.074916	0.146345	0.196744	0.238559	0.278634	0.303735	0.326375	0.344138	0.353003	0.339135	0.297867	0.239567	0.173985	0.0902122	-0.00384186	-0.084443	-0.136146	-0.155854	-0.148627	-0.110279	-0.0542971	0.0109796	0.0758084	0.130612	0.16292	0.168528	0.141467	0.0925121	0.0393584	-0.0186839	-0.0792946	-0.130869	-0.146333	-0.123262	-0.0715463	-0.00105852	0.0814301	0.17972	0.269973	0.347897	0.389838	
-0.785623	-0.785623	-0.741511	-0.655714	-0.539777	-0.418438	-0.312345	-0.208986	-0.114989	-0.0223057	0.0561637	0.107955	0.139995	0.174214	0.195217	0.222007	0.253241	0.262197	0.244314	0.203476	0.144057	0.0790541	0.0122373	-0.0623006	-0.119301	-0.144431	-0.134058	-0.107818	-0.0607554	0.00851788	0.0819637	0.148171	0.194539	0.203147	0.168045	0.0925121	-0.00140342	-0.09569	-0.186099	-0.268529	-0.322868	-0.335763	-0.296124	-0.221188	-0.129609	-0.0284991	0.0923098	0.211094	0.315642	0.380936	
-0.768515	-0.768515	-0.749275	-0.694036	-0.615442	-0.533788	-0.446763	-0.353162	-0.251906	-0.150432	-0.0648762	-0.0128611	0.025139	0.0579516	0.0791983	0.100825	0.134253	0.143063	0.121181	0.0765786	0.0135929	-0.0503457	-0.107931	-0.164042	-0.198342	-0.191264	-0.155102	-0.108415	-0.0523053	0.0275116	0.113703	0.18568	0.231076	0.224651	0.154359	0.0393584	-0.09569	-0.232448	-0.357535	-0.460564	-0.519098	-0.524538	-0.47641	-0.389766	-0.281412	-0.152025	-0.00764358	0.134037	0.255614	0.346904	
-0.810126	-0.810126	-0.807152	-0.783616	-0.743819	-0.689766	-0.620197	-0.540223	-0.43416	-0.322037	-0.228998	-0.159234	-0.106118	-0.0687782	-0.0368728	-0.0110391	0.0131	0.0175881	-0.0145909	-0.0740327	-0.137794	-0.196243	-0.249462	-0.295566	-0.313399	-0.281771	-0.220773	-0.153054	-0.0841149	-0.00331024	0.0931053	0.183757	0.2359	0.217694	0.123533	-0.0186839	-0.186099	-0.357535	-0.512356	-0.641466	-0.710828	-0.71237	-0.659683	-0.566888	-0.445321	-0.29547	-0.137174	0.025048	0.172367	0.280227	
-0.890534	-0.890534	-0.899833	-0.904078	-0.898029	-0.870941	-0.821204	-0.747213	-0.643523	-0.526085	-0.416058	-0.319043	-0.244232	-0.182729	-0.13615	-0.104409	-0.0915652	-0.100579	-0.146546	-0.212868	-0.278985	-0.334923	-0.38914	-0.431216	-0.440989	-0.395124	-0.314035	-0.231013	-0.148308	-0.0575	0.049836	0.152838	0.208801	0.188112	0.0828804	-0.0792946	-0.268529	-0.460564	-0.641466	-0.783668	-0.866578	-0.879393	-0.832122	-0.736245	-0.605606	-0.445704	-0.277692	-0.101254	0.0660473	0.188812	
-0.964921	-0.964921	-0.988144	-1.02567	-1.05158	-1.04742	-1.02086	-0.947234	-0.834009	-0.710789	-0.587251	-0.464417	-0.364074	-0.273897	-0.207974	-0.17343	-0.164299	-0.187833	-0.246629	-0.322416	-0.391211	-0.447625	-0.498755	-0.542004	-0.551334	-0.502606	-0.408169	-0.307734	-0.215187	-0.117572	-0.00657383	0.106249	0.168413	0.147429	0.0396102	-0.130869	-0.322868	-0.519098	-0.710828	-0.866578	-0.963111	-0.993397	-0.953181	-0.860646	-0.730965	-0.573053	-0.395159	-0.211985	-0.0426923	0.0876535	
-1.00755	-1.00755	-1.04824	-1.1114	-1.16304	-1.1832	-1.16494	-1.09839	-0.981578	-0.847678	-0.704834	-0.565859	-0.439116	-0.329126	-0.243847	-0.201419	-0.196105	-0.23409	-0.306347	-0.392492	-0.4633	-0.513315	-0.563089	-0.609132	-0.615562	-0.567395	-0.476549	-0.370912	-0.273984	-0.176338	-0.0641978	0.0510005	0.122783	0.111386	0.0151868	-0.146333	-0.335763	-0.524538	-0.71237	-0.879393	-0.993397	-1.03256	-0.996977	-0.908017	-0.784186	-0.633331	-0.461641	-0.282848	-0.126887	-0.00314332	
-1.01306	-1.01306	-1.06102	-1.13486	-1.20334	-1.23956	-1.22823	-1.16825	-1.06208	-0.920794	-0.763126	-0.607578	-0.459981	-0.331736	-0.236062	-0.18783	-0.18971	-0.23956	-0.321019	-0.408809	-0.475815	-0.523349	-0.569762	-0.614043	-0.624189	-0.583676	-0.498918	-0.394652	-0.302569	-0.209722	-0.0983298	0.0157212	0.0957822	0.100201	0.0183237	-0.123262	-0.296124	-0.47641	-0.659683	-0.832122	-0.953181	-0.996977	-0.965548	-0.877204	-0.756855	-0.613944	-0.456361	-0.303873	-0.176999	-0.0791838	
-0.969993	-0.969993	-1.01928	-1.09489	-1.16402	-1.20662	-1.20466	-1.15202	-1.05619	-0.922048	-0.761836	-0.595726	-0.43104	-0.289533	-0.186761	-0.135795	-0.147297	-0.208458	-0.292077	-0.375764	-0.435227	-0.477897	-0.521133	-0.562937	-0.580991	-0.551901	-0.476155	-0.382002	-0.291734	-0.194614	-0.0854937	0.0196305	0.0961745	0.111586	0.0467413	-0.0715463	-0.221188	-0.389766	-0.566888	-0.736245	-0.860646	-0.908017	-0.877204	-0.790023	-0.670388	-0.537588	-0.40577	-0.292278	-0.201357	-0.137312	
-0.864258	-0.864258	-0.913	-0.983728	-1.04581	-1.08365	-1.08701	-1.05315	-0.975349	-0.852266	-0.698189	-0.531553	-0.359566	-0.213391	-0.112864	-0.0668902	-0.0836058	-0.149688	-0.230637	-0.302076	-0.351086	-0.385239	-0.419308	-0.457769	-0.484124	-0.467591	-0.409492	-0.327916	-0.233309	-0.130394	-0.0255301	0.0696293	0.13449	0.148831	0.10016	-0.00105852	-0.129609	-0.281412	-0.445321	-0.605606	-0.730965	-0.784186	-0.756855	-0.670388	-0.556109	-0.438697	-0.335162	-0.254536	-0.200361	-0.17173	
-0.675829	-0.675829	-0.72361	-0.790548	-0.852966	-0.88742	-0.891681	-0.871121	-0.815362	-0.710574	-0.577088	-0.424092	-0.270575	-0.134364	-0.0410634	0.000116018	-0.0201964	-0.0793912	-0.151354	-0.201105	-0.231461	-0.247767	-0.267953	-0.303993	-0.336363	-0.332951	-0.294077	-0.223229	-0.131417	-0.0360918	0.0631306	0.154316	0.210268	0.214831	0.169042	0.0814301	-0.0284991	-0.152025	-0.29547	-0.445704	-0.573053	-0.633331	-0.613944	-0.537588	-0.438697	-0.343842	-0.266991	-0.213958	-0.185275	-0.184532	
-0.402525	-0.402525	-0.449672	-0.517055	-0.580826	-0.620717	-0.634965	-0.62669	-0.593943	-0.522206	-0.424477	-0.306009	-0.188083	-0.0798382	0.0015343	0.0406323	0.0267248	-0.0131037	-0.0590071	-0.0834099	-0.0876065	-0.0816498	-0.0796337	-0.102455	-0.133095	-0.143438	-0.126667	-0.0816196	-0.00978647	0.0716074	0.160309	0.241741	0.289402	0.289173	0.250236	0.17972	0.0923098	-0.00764358	-0.137174	-0.277692	-0.395159	-0.461641	-0.456361	-0.40577	-0.335162	-0.266991	-0.210332	-0.171878	-0.158476	-0.176416	
-0.0557619	-0.0557619	-0.103826	-0.174994	-0.238704	-0.288926	-0.33111	-0.352675	-0.358412	-0.333178	-0.283368	-0.213287	-0.13685	-0.0586377	0.00482929	0.0399631	0.0382744	0.0290706	0.0258405	0.0412063	0.0769066	0.112243	0.132772	0.119632	0.0884359	0.0650569	0.0645188	0.0839972	0.121245	0.170204	0.24021	0.310908	0.352937	0.354377	0.321158	0.269973	0.211094	0.134037	0.025048	-0.101254	-0.211985	-0.282848	-0.303873	-0.292278	-0.254536	-0.213958	-0.171878	-0.142635	-0.137909	-0.156845	
0.356368	0.356368	0.304778	0.219059	0.136581	0.0625514	-0.0127039	-0.0779879	-0.13727	-0.172792	-0.182357	-0.173118	-0.141937	-0.0916599	-0.0422032	-0.00488636	0.0197207	0.0503959	0.0975355	0.161245	0.241923	0.306887	0.339337	0.335577	0.303715	0.262634	0.244314	0.247214	0.256618	0.278709	0.320601	0.365518	0.393431	0.392211	0.370718	0.347897	0.315642	0.255614	0.172367	0.0660473	-0.0426923	-0.126887	-0.176999	-0.201357	-0.200361	-0.185275	-0.158476	-0.137909	-0.128952	-0.131067	
0.787626	0.787626	0.728982	0.626177	0.510728	0.394538	0.276111	0.156841	0.037861	-0.0641275	-0.137959	-0.188638	-0.204763	-0.182374	-0.13792	-0.0828572	-0.0202686	0.058962	0.157193	0.264447	0.372418	0.464709	0.517508	0.520881	0.477612	0.421451	0.394054	0.385981	0.37929	0.383517	0.395488	0.4053	0.413351	0.408094	0.394537	0.389838	0.380936	0.346904	0.280227	0.188812	0.0876535	-0.00314332	-0.0791838	-0.137312	-0.17173	-0.184532	-0.176416	-0.156845	-0.131067	-0.109205	
