-0.307233	-0.307233	-0.276847	-0.243696	-0.239	-0.251098	-0.267186	-0.274561	-0.289019	-0.311575	-0.320175	-0.297545	-0.238847	-0.182295	-0.154724	-0.184453	-0.268899	-0.386209	-0.502482	-0.592056	-0.650964	-0.666093	-0.59782	-0.410998	-0.104022	0.290478	0.731706	1.17278	1.53444	1.74778	1.77287	1.61262	1.29504	0.86795	0.400003	-0.0328301	-0.382526	-0.607346	-0.718385	-0.735656	-0.675474	-0.560972	-0.420541	-0.271908	-0.133427	-0.0207046	0.0323377	0.0472813	0.0598572	0.0871276	
-0.307233	-0.307233	-0.276847	-0.243696	-0.239	-0.251098	-0.267186	-0.274561	-0.289019	-0.311575	-0.320175	-0.297545	-0.238847	-0.182295	-0.154724	-0.184453	-0.268899	-0.386209	-0.502482	-0.592056	-0.650964	-0.666093	-0.59782	-0.410998	-0.104022	0.290478	0.731706	1.17278	1.53444	1.74778	1.77287	1.61262	1.29504	0.86795	0.400003	-0.0328301	-0.382526	-0.607346	-0.718385	-0.735656	-0.675474	-0.560972	-0.420541	-0.271908	-0.133427	-0.0207046	0.0323377	0.0472813	0.0598572	0.0871276	
-0.276847	-0.276847	-0.247547	-0.215993	-0.212678	-0.22659	-0.245323	-0.255971	-0.274523	-0.299923	-0.313145	-0.294335	-0.241677	-0.19083	-0.168301	-0.203537	-0.290484	-0.411172	-0.529083	-0.620201	-0.679966	-0.694065	-0.624505	-0.436958	-0.128813	0.266535	0.708561	1.15053	1.51263	1.72797	1.7556	1.59922	1.28458	0.862383	0.398015	-0.0314108	-0.378096	-0.60034	-0.711359	-0.726347	-0.667122	-0.55473	-0.417078	-0.27146	-0.138991	-0.0310455	0.0177373	0.0273866	0.0344183	0.057897	
-0.243696	-0.243696	-0.215993	-0.187012	-0.184805	-0.200962	-0.22186	-0.237302	-0.258668	-0.288258	-0.303475	-0.290052	-0.243219	-0.198699	-0.184146	-0.223081	-0.316245	-0.43877	-0.560685	-0.655232	-0.716496	-0.730572	-0.660069	-0.470765	-0.162541	0.234744	0.679071	1.12113	1.4857	1.70369	1.73709	1.58644	1.28075	0.86541	0.410222	-0.0131347	-0.354962	-0.577791	-0.687037	-0.706602	-0.64998	-0.541905	-0.409508	-0.272345	-0.145022	-0.0476276	-0.00670539	-0.00211581	-0.00090179	0.0147941	
-0.239	-0.239	-0.212678	-0.184805	-0.181381	-0.195778	-0.215866	-0.230902	-0.252974	-0.279235	-0.294905	-0.280345	-0.238039	-0.19814	-0.187262	-0.231816	-0.32465	-0.450132	-0.572616	-0.66937	-0.732306	-0.744789	-0.672722	-0.484317	-0.176252	0.219813	0.663852	1.10565	1.47027	1.69296	1.73344	1.59348	1.29667	0.893441	0.446834	0.0294281	-0.309333	-0.531862	-0.64757	-0.668904	-0.620128	-0.52105	-0.396856	-0.265439	-0.14827	-0.0566042	-0.0189342	-0.0207587	-0.0289167	-0.0222277	
-0.251098	-0.251098	-0.22659	-0.200962	-0.195778	-0.209075	-0.226622	-0.24274	-0.261601	-0.285431	-0.295114	-0.278749	-0.236536	-0.196727	-0.18884	-0.229972	-0.322918	-0.44315	-0.564482	-0.660867	-0.722146	-0.731444	-0.656546	-0.465998	-0.160447	0.235273	0.677574	1.11482	1.47735	1.69912	1.7443	1.60982	1.32236	0.927343	0.490306	0.0779922	-0.257818	-0.486163	-0.604588	-0.635168	-0.59244	-0.499533	-0.380081	-0.255495	-0.138861	-0.0541999	-0.0190008	-0.0208489	-0.034239	-0.0404673	
-0.267186	-0.267186	-0.245323	-0.22186	-0.215866	-0.226622	-0.24336	-0.258671	-0.27752	-0.295844	-0.302723	-0.282725	-0.242133	-0.204191	-0.195758	-0.236498	-0.321864	-0.436457	-0.549784	-0.640827	-0.695724	-0.695993	-0.612817	-0.419631	-0.113418	0.278124	0.716208	1.14437	1.49742	1.71345	1.75585	1.62246	1.33683	0.946013	0.513212	0.102846	-0.232869	-0.462797	-0.586466	-0.616868	-0.575999	-0.484198	-0.364106	-0.235407	-0.119381	-0.0334628	0.00402887	-0.0015363	-0.0250375	-0.0445903	
-0.274561	-0.274561	-0.255971	-0.237302	-0.230902	-0.24274	-0.258671	-0.278122	-0.296738	-0.314148	-0.317861	-0.297114	-0.260023	-0.223582	-0.218338	-0.254476	-0.335189	-0.439257	-0.544283	-0.627376	-0.672933	-0.661463	-0.567531	-0.367297	-0.062103	0.328227	0.758646	1.17518	1.51472	1.7176	1.75222	1.61293	1.32314	0.932377	0.499935	0.0892585	-0.245234	-0.478669	-0.601225	-0.629095	-0.58195	-0.482804	-0.353542	-0.218424	-0.0947033	-0.010127	0.0279413	0.0213234	-0.0125651	-0.0518871	
-0.289019	-0.289019	-0.274523	-0.258668	-0.252974	-0.261601	-0.27752	-0.296738	-0.315611	-0.32918	-0.329293	-0.307798	-0.273593	-0.241793	-0.23861	-0.274497	-0.349333	-0.446857	-0.543633	-0.621508	-0.659499	-0.637996	-0.534254	-0.330307	-0.0254636	0.357705	0.781281	1.18253	1.5063	1.69591	1.72099	1.57509	1.28384	0.891586	0.462187	0.0539089	-0.279083	-0.512042	-0.632265	-0.655072	-0.600154	-0.490851	-0.351658	-0.205768	-0.076934	0.00849465	0.0445612	0.0299011	-0.017259	-0.0717852	
-0.311575	-0.311575	-0.299923	-0.288258	-0.279235	-0.285431	-0.295844	-0.314148	-0.32918	-0.336473	-0.331454	-0.306194	-0.275927	-0.247117	-0.248377	-0.28391	-0.356607	-0.448885	-0.542479	-0.61842	-0.654068	-0.628123	-0.519627	-0.316697	-0.0203357	0.354061	0.762843	1.14903	1.45695	1.63447	1.65571	1.51219	1.22371	0.842362	0.421797	0.0212475	-0.304092	-0.533531	-0.651675	-0.668291	-0.606658	-0.492945	-0.349588	-0.201639	-0.0737449	0.00421328	0.0372225	0.0196578	-0.0366213	-0.105441	
-0.320175	-0.320175	-0.313145	-0.303475	-0.294905	-0.295114	-0.302723	-0.317861	-0.329293	-0.331454	-0.319375	-0.29344	-0.265398	-0.242241	-0.248049	-0.285294	-0.357367	-0.448438	-0.541202	-0.62093	-0.659182	-0.634076	-0.527058	-0.330242	-0.0450729	0.313261	0.708521	1.07679	1.36943	1.53838	1.55962	1.42217	1.15006	0.78594	0.387499	0.00846632	-0.300583	-0.521126	-0.632315	-0.648413	-0.588288	-0.476529	-0.339176	-0.198426	-0.0800485	-0.013102	0.0100021	-0.0134849	-0.0710592	-0.13623	
-0.297545	-0.297545	-0.294335	-0.290052	-0.280345	-0.278749	-0.282725	-0.297114	-0.307798	-0.306194	-0.29344	-0.26875	-0.249324	-0.235807	-0.250397	-0.293613	-0.368337	-0.459685	-0.554089	-0.63636	-0.676926	-0.653004	-0.545351	-0.355403	-0.0834434	0.259142	0.635374	0.98624	1.26394	1.42542	1.45108	1.32935	1.07712	0.741967	0.372378	0.0197265	-0.267125	-0.471325	-0.575896	-0.587365	-0.527466	-0.425051	-0.302915	-0.179163	-0.0810834	-0.0339483	-0.018663	-0.0404554	-0.0922854	-0.150268	
-0.238847	-0.238847	-0.241677	-0.243219	-0.238039	-0.236536	-0.242133	-0.260023	-0.273593	-0.275927	-0.265398	-0.249324	-0.241115	-0.240901	-0.266604	-0.316642	-0.394681	-0.487224	-0.581624	-0.666106	-0.707693	-0.681978	-0.572949	-0.384727	-0.121528	0.208607	0.572188	0.909821	1.17579	1.3329	1.36373	1.25571	1.0271	0.72062	0.383081	0.0631171	-0.196902	-0.384216	-0.478886	-0.490267	-0.437453	-0.346271	-0.240838	-0.136452	-0.0579891	-0.0276542	-0.0247975	-0.0478729	-0.0906349	-0.131637	
-0.182295	-0.182295	-0.19083	-0.198699	-0.19814	-0.196727	-0.204191	-0.223582	-0.241793	-0.247117	-0.242241	-0.235807	-0.240901	-0.25643	-0.293873	-0.352528	-0.434348	-0.526786	-0.619998	-0.701716	-0.739187	-0.707201	-0.589389	-0.39895	-0.138736	0.181884	0.534894	0.862211	1.11996	1.27639	1.31659	1.22808	1.02644	0.750956	0.445302	0.15423	-0.0854736	-0.258786	-0.350408	-0.364493	-0.318629	-0.240395	-0.153914	-0.0676771	-0.00805085	0.00812272	0.00699167	-0.0107571	-0.0433177	-0.0760246	
-0.154724	-0.154724	-0.168301	-0.184146	-0.187262	-0.18884	-0.195758	-0.218338	-0.23861	-0.248377	-0.248049	-0.250397	-0.266604	-0.293873	-0.33918	-0.401623	-0.482467	-0.571083	-0.658413	-0.733709	-0.764043	-0.722675	-0.595682	-0.398316	-0.139545	0.177147	0.523449	0.846466	1.10261	1.26313	1.31621	1.25043	1.07611	0.832961	0.559201	0.294536	0.0737941	-0.0927068	-0.189797	-0.218124	-0.19073	-0.134116	-0.0670046	0.00254174	0.0506246	0.061422	0.0582626	0.0465952	0.0225096	-0.003552	
-0.184453	-0.184453	-0.203537	-0.223081	-0.231816	-0.229972	-0.236498	-0.254476	-0.274497	-0.28391	-0.285294	-0.293613	-0.316642	-0.352528	-0.401623	-0.464717	-0.541604	-0.623125	-0.701518	-0.765219	-0.78455	-0.729625	-0.589486	-0.383822	-0.121088	0.190858	0.532787	0.853948	1.1097	1.27965	1.35022	1.31	1.17032	0.961198	0.717526	0.478141	0.266592	0.0978597	-0.0148406	-0.0668861	-0.0681651	-0.0371191	0.0052531	0.0561514	0.0911823	0.0986771	0.0980511	0.0925812	0.0769368	0.0532755	
-0.268899	-0.268899	-0.290484	-0.316245	-0.32465	-0.322918	-0.321864	-0.335189	-0.349333	-0.356607	-0.357367	-0.368337	-0.394681	-0.434348	-0.482467	-0.541604	-0.610334	-0.68109	-0.746535	-0.795624	-0.799756	-0.729701	-0.575862	-0.358036	-0.0921907	0.22021	0.559996	0.881213	1.14443	1.32567	1.41557	1.40488	1.29624	1.11821	0.903772	0.678915	0.471937	0.29334	0.156085	0.069962	0.0356309	0.0321126	0.04734	0.0764232	0.0982762	0.0994915	0.0947717	0.0939114	0.0836625	0.0615168	
-0.386209	-0.386209	-0.411172	-0.43877	-0.450132	-0.44315	-0.436457	-0.439257	-0.446857	-0.448885	-0.448438	-0.459685	-0.487224	-0.526786	-0.571083	-0.623125	-0.68109	-0.7387	-0.789485	-0.819691	-0.807481	-0.719095	-0.549852	-0.320247	-0.0457341	0.267546	0.607206	0.934001	1.20342	1.39978	1.50945	1.52244	1.44237	1.29018	1.09173	0.876608	0.662788	0.464819	0.296466	0.174518	0.10021	0.0641905	0.0534389	0.060836	0.06609	0.058213	0.0481392	0.0420234	0.0328631	0.0156288	
-0.502482	-0.502482	-0.529083	-0.560685	-0.572616	-0.564482	-0.549784	-0.544283	-0.543633	-0.542479	-0.541202	-0.554089	-0.581624	-0.619998	-0.658413	-0.701518	-0.746535	-0.789485	-0.82151	-0.831143	-0.796826	-0.687512	-0.501593	-0.255583	0.0269753	0.343914	0.685202	1.01304	1.29159	1.49871	1.62216	1.65461	1.59322	1.45359	1.26435	1.04231	0.81229	0.587873	0.385409	0.225052	0.117402	0.052346	0.0192546	0.00568229	-0.00482404	-0.0237758	-0.0452414	-0.0515992	-0.0534249	-0.0612652	
-0.592056	-0.592056	-0.620201	-0.655232	-0.66937	-0.660867	-0.640827	-0.627376	-0.621508	-0.61842	-0.62093	-0.63636	-0.666106	-0.701716	-0.733709	-0.765219	-0.795624	-0.819691	-0.831143	-0.814675	-0.755412	-0.622638	-0.417158	-0.156367	0.137369	0.458794	0.799955	1.13045	1.41273	1.62505	1.75402	1.78986	1.7311	1.5899	1.3915	1.15412	0.902298	0.649758	0.415996	0.223536	0.0845429	-0.00737144	-0.0594056	-0.0907298	-0.114192	-0.142095	-0.164527	-0.170283	-0.16493	-0.156787	
-0.650964	-0.650964	-0.679966	-0.716496	-0.732306	-0.722146	-0.695724	-0.672933	-0.659499	-0.654068	-0.659182	-0.676926	-0.707693	-0.739187	-0.764043	-0.78455	-0.799756	-0.807481	-0.796826	-0.755412	-0.669214	-0.510578	-0.28597	-0.00758103	0.297227	0.622985	0.962605	1.28828	1.56624	1.77319	1.89228	1.91772	1.84609	1.6892	1.47177	1.21097	0.933025	0.652992	0.391718	0.174532	0.0113208	-0.0981672	-0.163128	-0.208841	-0.243573	-0.275064	-0.296812	-0.292571	-0.266107	-0.234471	
-0.666093	-0.666093	-0.694065	-0.730572	-0.744789	-0.731444	-0.695993	-0.661463	-0.637996	-0.628123	-0.634076	-0.653004	-0.681978	-0.707201	-0.722675	-0.729625	-0.729701	-0.719095	-0.687512	-0.622638	-0.510578	-0.332042	-0.092356	0.195109	0.504612	0.828728	1.16087	1.474	1.74149	1.93234	2.03194	2.0322	1.93476	1.74889	1.50557	1.21815	0.918449	0.618373	0.341527	0.106324	-0.0735595	-0.19888	-0.275944	-0.330213	-0.365683	-0.392543	-0.400164	-0.378298	-0.336013	-0.287466	
-0.59782	-0.59782	-0.624505	-0.660069	-0.672722	-0.656546	-0.612817	-0.567531	-0.534254	-0.519627	-0.527058	-0.545351	-0.572949	-0.589389	-0.595682	-0.589486	-0.575862	-0.549852	-0.501593	-0.417158	-0.28597	-0.092356	0.154557	0.442695	0.747959	1.06218	1.37397	1.66422	1.9041	2.06622	2.13291	2.09923	1.96863	1.75798	1.49156	1.18832	0.876778	0.566088	0.278237	0.0337504	-0.159563	-0.295339	-0.374142	-0.426393	-0.455002	-0.468598	-0.455525	-0.416026	-0.354531	-0.287252	
-0.410998	-0.410998	-0.436958	-0.470765	-0.484317	-0.465998	-0.419631	-0.367297	-0.330307	-0.316697	-0.330242	-0.355403	-0.384727	-0.39895	-0.398316	-0.383822	-0.358036	-0.320247	-0.255583	-0.156367	-0.00758103	0.195109	0.442695	0.721409	1.01184	1.30187	1.58368	1.83386	2.03453	2.15595	2.18103	2.10759	1.94563	1.7109	1.43271	1.12627	0.816021	0.509481	0.225606	-0.020038	-0.219693	-0.358254	-0.438821	-0.483366	-0.49819	-0.491451	-0.456772	-0.396645	-0.320894	-0.243685	
-0.104022	-0.104022	-0.128813	-0.162541	-0.176252	-0.160447	-0.113418	-0.062103	-0.0254636	-0.0203357	-0.0450729	-0.0834434	-0.121528	-0.138736	-0.139545	-0.121088	-0.0921907	-0.0457341	0.0269753	0.137369	0.297227	0.504612	0.747959	1.01184	1.27889	1.54113	1.78135	1.98512	2.13489	2.20575	2.18417	2.0692	1.87612	1.62816	1.3486	1.05211	0.759017	0.467872	0.197387	-0.039996	-0.234344	-0.370286	-0.441423	-0.471021	-0.470258	-0.451236	-0.40157	-0.331381	-0.250065	-0.162113	
0.290478	0.290478	0.266535	0.234744	0.219813	0.235273	0.278124	0.328227	0.357705	0.354061	0.313261	0.259142	0.208607	0.181884	0.177147	0.190858	0.22021	0.267546	0.343914	0.458794	0.622985	0.828728	1.06218	1.30187	1.54113	1.76508	1.96172	2.1136	2.20919	2.23205	2.16684	2.01787	1.80436	1.55073	1.27824	1.00084	0.727398	0.460018	0.209638	-0.00733398	-0.18558	-0.304286	-0.360578	-0.37278	-0.362938	-0.337404	-0.284622	-0.215767	-0.132347	-0.0390317	
0.731706	0.731706	0.708561	0.679071	0.663852	0.677574	0.716208	0.758646	0.781281	0.762843	0.708521	0.635374	0.572188	0.534894	0.523449	0.532787	0.559996	0.607206	0.685202	0.799955	0.962605	1.16087	1.37397	1.58368	1.78135	1.96172	2.10805	2.20692	2.25175	2.23227	2.13614	1.96751	1.74631	1.49914	1.2424	0.987512	0.740244	0.497811	0.27399	0.0824502	-0.0718819	-0.169225	-0.208682	-0.20584	-0.188716	-0.162342	-0.115909	-0.0490546	0.0288572	0.120752	
1.17278	1.17278	1.15053	1.12113	1.10565	1.11482	1.14437	1.17518	1.18253	1.14903	1.07679	0.98624	0.909821	0.862211	0.846466	0.853948	0.881213	0.934001	1.01304	1.13045	1.28828	1.474	1.66422	1.83386	1.98512	2.1136	2.20692	2.25383	2.25124	2.1976	2.08206	1.9066	1.69174	1.46001	1.22813	1.00248	0.784556	0.574348	0.380513	0.216092	0.0893196	0.00749459	-0.0227706	-0.0139083	0.00208372	0.0219135	0.0661221	0.128149	0.203239	0.293792	
1.53444	1.53444	1.51263	1.4857	1.47027	1.47735	1.49742	1.51472	1.5063	1.45695	1.36943	1.26394	1.17579	1.11996	1.10261	1.1097	1.14443	1.20342	1.29159	1.41273	1.56624	1.74149	1.9041	2.03453	2.13489	2.20919	2.25175	2.25124	2.20879	2.13099	2.0051	1.8331	1.62947	1.41805	1.21185	1.01843	0.837087	0.665537	0.507829	0.377863	0.271578	0.198293	0.164736	0.162764	0.165557	0.17878	0.212178	0.270943	0.34618	0.43421	
1.74778	1.74778	1.72797	1.70369	1.69296	1.69912	1.71345	1.7176	1.69591	1.63447	1.53838	1.42542	1.3329	1.27639	1.26313	1.27965	1.32567	1.39978	1.49871	1.62505	1.77319	1.93234	2.06622	2.15595	2.20575	2.23205	2.23227	2.1976	2.13099	2.03901	1.9125	1.74716	1.55629	1.36066	1.17998	1.01814	0.875777	0.7466	0.629551	0.527103	0.440008	0.366391	0.318225	0.296483	0.2826	0.276457	0.294112	0.343629	0.410347	0.494491	
1.77287	1.77287	1.7556	1.73709	1.73344	1.7443	1.75585	1.75222	1.72099	1.65571	1.55962	1.45108	1.36373	1.31659	1.31621	1.35022	1.41557	1.50945	1.62216	1.75402	1.89228	2.03194	2.13291	2.18103	2.18417	2.16684	2.13614	2.08206	2.0051	1.9125	1.7931	1.63969	1.46319	1.28362	1.12666	0.99487	0.890387	0.799781	0.714512	0.634141	0.555832	0.474418	0.413013	0.368961	0.333928	0.307841	0.304172	0.332258	0.389598	0.472697	
1.61262	1.61262	1.59922	1.58644	1.59348	1.60982	1.62246	1.61293	1.57509	1.51219	1.42217	1.32935	1.25571	1.22808	1.25043	1.31	1.40488	1.52244	1.65461	1.78986	1.91772	2.0322	2.09923	2.10759	2.0692	2.01787	1.96751	1.9066	1.8331	1.74716	1.63969	1.50272	1.34198	1.18307	1.05174	0.950776	0.880101	0.820046	0.754767	0.684279	0.602547	0.511766	0.431726	0.363185	0.307345	0.259534	0.23204	0.244669	0.294235	0.373622	
1.29504	1.29504	1.28458	1.28075	1.29667	1.32236	1.33683	1.32314	1.28384	1.22371	1.15006	1.07712	1.0271	1.02644	1.07611	1.17032	1.29624	1.44237	1.59322	1.7311	1.84609	1.93476	1.96863	1.94563	1.87612	1.80436	1.74631	1.69174	1.62947	1.55629	1.46319	1.34198	1.20216	1.06569	0.961461	0.890932	0.849296	0.809903	0.75815	0.687127	0.596584	0.491198	0.389563	0.292883	0.211453	0.139574	0.0938779	0.0948045	0.139867	0.223736	
0.86795	0.86795	0.862383	0.86541	0.893441	0.927343	0.946013	0.932377	0.891586	0.842362	0.78594	0.741967	0.72062	0.750956	0.832961	0.961198	1.11821	1.29018	1.45359	1.5899	1.6892	1.74889	1.75798	1.7109	1.62816	1.55073	1.49914	1.46001	1.41805	1.36066	1.28362	1.18307	1.06569	0.955198	0.878336	0.830808	0.808191	0.782909	0.735105	0.663523	0.566143	0.446766	0.322736	0.195227	0.0826953	-0.0149381	-0.0736081	-0.0811633	-0.0360116	0.0459511	
0.400003	0.400003	0.398015	0.410222	0.446834	0.490306	0.513212	0.499935	0.462187	0.421797	0.387499	0.372378	0.383081	0.445302	0.559201	0.717526	0.903772	1.09173	1.26435	1.3915	1.47177	1.50557	1.49156	1.43271	1.3486	1.27824	1.2424	1.22813	1.21185	1.17998	1.12666	1.05174	0.961461	0.878336	0.818498	0.78664	0.773762	0.753407	0.711328	0.643736	0.537193	0.408676	0.262471	0.107246	-0.0334386	-0.147578	-0.219894	-0.237133	-0.204863	-0.132254	
-0.0328301	-0.0328301	-0.0314108	-0.0131347	0.0294281	0.0779922	0.102846	0.0892585	0.0539089	0.0212475	0.00846632	0.0197265	0.0631171	0.15423	0.294536	0.478141	0.678915	0.876608	1.04231	1.15412	1.21097	1.21815	1.18832	1.12627	1.05211	1.00084	0.987512	1.00248	1.01843	1.01814	0.99487	0.950776	0.890932	0.830808	0.78664	0.763159	0.752878	0.737804	0.702397	0.634928	0.527877	0.390849	0.228044	0.0579153	-0.0987763	-0.228865	-0.310317	-0.3429	-0.331891	-0.279353	
-0.382526	-0.382526	-0.378096	-0.354962	-0.309333	-0.257818	-0.232869	-0.245234	-0.279083	-0.304092	-0.300583	-0.267125	-0.196902	-0.0854736	0.0737941	0.266592	0.471937	0.662788	0.81229	0.902298	0.933025	0.918449	0.876778	0.816021	0.759017	0.727398	0.740244	0.784556	0.837087	0.875777	0.890387	0.880101	0.849296	0.808191	0.773762	0.752878	0.747381	0.738547	0.7113	0.652285	0.546956	0.406237	0.24194	0.0701243	-0.0970945	-0.23495	-0.330267	-0.3861	-0.400512	-0.368396	
-0.607346	-0.607346	-0.60034	-0.577791	-0.531862	-0.486163	-0.462797	-0.478669	-0.512042	-0.533531	-0.521126	-0.471325	-0.384216	-0.258786	-0.0927068	0.0978597	0.29334	0.464819	0.587873	0.649758	0.652992	0.618373	0.566088	0.509481	0.467872	0.460018	0.497811	0.574348	0.665537	0.7466	0.799781	0.820046	0.809903	0.782909	0.753407	0.737804	0.738547	0.738679	0.724231	0.67597	0.581734	0.451994	0.298693	0.134421	-0.033678	-0.18429	-0.298173	-0.373017	-0.40878	-0.398452	
-0.718385	-0.718385	-0.711359	-0.687037	-0.64757	-0.604588	-0.586466	-0.601225	-0.632265	-0.651675	-0.632315	-0.575896	-0.478886	-0.350408	-0.189797	-0.0148406	0.156085	0.296466	0.385409	0.415996	0.391718	0.341527	0.278237	0.225606	0.197387	0.209638	0.27399	0.380513	0.507829	0.629551	0.714512	0.754767	0.75815	0.735105	0.711328	0.702397	0.7113	0.724231	0.725298	0.694894	0.625599	0.518815	0.388994	0.242242	0.0745219	-0.0880261	-0.219265	-0.313321	-0.367989	-0.374556	
-0.735656	-0.735656	-0.726347	-0.706602	-0.668904	-0.635168	-0.616868	-0.629095	-0.655072	-0.668291	-0.648413	-0.587365	-0.490267	-0.364493	-0.218124	-0.0668861	0.069962	0.174518	0.225052	0.223536	0.174532	0.106324	0.0337504	-0.020038	-0.039996	-0.00733398	0.0824502	0.216092	0.377863	0.527103	0.634141	0.684279	0.687127	0.663523	0.643736	0.634928	0.652285	0.67597	0.694894	0.694778	0.66726	0.596001	0.499864	0.367913	0.202743	0.0275016	-0.118299	-0.223024	-0.286241	-0.308073	
-0.675474	-0.675474	-0.667122	-0.64998	-0.620128	-0.59244	-0.575999	-0.58195	-0.600154	-0.606658	-0.588288	-0.527466	-0.437453	-0.318629	-0.19073	-0.0681651	0.0356309	0.10021	0.117402	0.0845429	0.0113208	-0.0735595	-0.159563	-0.219693	-0.234344	-0.18558	-0.0718819	0.0893196	0.271578	0.440008	0.555832	0.602547	0.596584	0.566143	0.537193	0.527877	0.546956	0.581734	0.625599	0.66726	0.682855	0.655199	0.590123	0.476564	0.322755	0.148893	-0.00386778	-0.116794	-0.189364	-0.21944	
-0.560972	-0.560972	-0.55473	-0.541905	-0.52105	-0.499533	-0.484198	-0.482804	-0.490851	-0.492945	-0.476529	-0.425051	-0.346271	-0.240395	-0.134116	-0.0371191	0.0321126	0.0641905	0.052346	-0.00737144	-0.0981672	-0.19888	-0.295339	-0.358254	-0.370286	-0.304286	-0.169225	0.00749459	0.198293	0.366391	0.474418	0.511766	0.491198	0.446766	0.408676	0.390849	0.406237	0.451994	0.518815	0.596001	0.655199	0.669815	0.635173	0.546842	0.414712	0.246579	0.0904112	-0.0232075	-0.0932516	-0.121158	
-0.420541	-0.420541	-0.417078	-0.409508	-0.396856	-0.380081	-0.364106	-0.353542	-0.351658	-0.349588	-0.339176	-0.302915	-0.240838	-0.153914	-0.0670046	0.0052531	0.04734	0.0534389	0.0192546	-0.0594056	-0.163128	-0.275944	-0.374142	-0.438821	-0.441423	-0.360578	-0.208682	-0.0227706	0.164736	0.318225	0.413013	0.431726	0.389563	0.322736	0.262471	0.228044	0.24194	0.298693	0.388994	0.499864	0.590123	0.635173	0.62438	0.560551	0.448603	0.2969	0.150927	0.045131	-0.0180582	-0.0361555	
-0.271908	-0.271908	-0.27146	-0.272345	-0.265439	-0.255495	-0.235407	-0.218424	-0.205768	-0.201639	-0.198426	-0.179163	-0.136452	-0.0676771	0.00254174	0.0561514	0.0764232	0.060836	0.00568229	-0.0907298	-0.208841	-0.330213	-0.426393	-0.483366	-0.471021	-0.37278	-0.20584	-0.0139083	0.162764	0.296483	0.368961	0.363185	0.292883	0.195227	0.107246	0.0579153	0.0701243	0.134421	0.242242	0.367913	0.476564	0.546842	0.560551	0.519595	0.430776	0.296408	0.160652	0.0650535	0.0165656	0.0126031	
-0.133427	-0.133427	-0.138991	-0.145022	-0.14827	-0.138861	-0.119381	-0.0947033	-0.076934	-0.0737449	-0.0800485	-0.0810834	-0.0579891	-0.00805085	0.0506246	0.0911823	0.0982762	0.06609	-0.00482404	-0.114192	-0.243573	-0.365683	-0.455002	-0.49819	-0.470258	-0.362938	-0.188716	0.00208372	0.165557	0.2826	0.333928	0.307345	0.211453	0.0826953	-0.0334386	-0.0987763	-0.0970945	-0.033678	0.0745219	0.202743	0.322755	0.414712	0.448603	0.430776	0.358641	0.240615	0.120451	0.0334559	-0.00955207	-0.00971183	
-0.0207046	-0.0207046	-0.0310455	-0.0476276	-0.0566042	-0.0541999	-0.0334628	-0.010127	0.00849465	0.00421328	-0.013102	-0.0339483	-0.0276542	0.00812272	0.061422	0.0986771	0.0994915	0.058213	-0.0237758	-0.142095	-0.275064	-0.392543	-0.468598	-0.491451	-0.451236	-0.337404	-0.162342	0.0219135	0.17878	0.276457	0.307841	0.259534	0.139574	-0.0149381	-0.147578	-0.228865	-0.23495	-0.18429	-0.0880261	0.0275016	0.148893	0.246579	0.2969	0.296408	0.240615	0.143573	0.0363585	-0.0523639	-0.104342	-0.107061	
0.0323377	0.0323377	0.0177373	-0.00670539	-0.0189342	-0.0190008	0.00402887	0.0279413	0.0445612	0.0372225	0.0100021	-0.018663	-0.0247975	0.00699167	0.0582626	0.0980511	0.0947717	0.0481392	-0.0452414	-0.164527	-0.296812	-0.400164	-0.455525	-0.456772	-0.40157	-0.284622	-0.115909	0.0661221	0.212178	0.294112	0.304172	0.23204	0.0938779	-0.0736081	-0.219894	-0.310317	-0.330267	-0.298173	-0.219265	-0.118299	-0.00386778	0.0904112	0.150927	0.160652	0.120451	0.0363585	-0.06583	-0.169176	-0.236016	-0.248972	
0.0472813	0.0472813	0.0273866	-0.00211581	-0.0207587	-0.0208489	-0.0015363	0.0213234	0.0299011	0.0196578	-0.0134849	-0.0404554	-0.0478729	-0.0107571	0.0465952	0.0925812	0.0939114	0.0420234	-0.0515992	-0.170283	-0.292571	-0.378298	-0.416026	-0.396645	-0.331381	-0.215767	-0.0490546	0.128149	0.270943	0.343629	0.332258	0.244669	0.0948045	-0.0811633	-0.237133	-0.3429	-0.3861	-0.373017	-0.313321	-0.223024	-0.116794	-0.0232075	0.045131	0.0650535	0.0334559	-0.0523639	-0.169176	-0.290122	-0.36944	-0.393846	
0.0598572	0.0598572	0.0344183	-0.00090179	-0.0289167	-0.034239	-0.0250375	-0.0125651	-0.017259	-0.0366213	-0.0710592	-0.0922854	-0.0906349	-0.0433177	0.0225096	0.0769368	0.0836625	0.0328631	-0.0534249	-0.16493	-0.266107	-0.336013	-0.354531	-0.320894	-0.250065	-0.132347	0.0288572	0.203239	0.34618	0.410347	0.389598	0.294235	0.139867	-0.0360116	-0.204863	-0.331891	-0.400512	-0.40878	-0.367989	-0.286241	-0.189364	-0.0932516	-0.0180582	0.0165656	-0.00955207	-0.104342	-0.236016	-0.36944	-0.47128	-0.518933	
0.0871276	0.0871276	0.057897	0.0147941	-0.0222277	-0.0404673	-0.0445903	-0.0518871	-0.0717852	-0.105441	-0.13623	-0.150268	-0.131637	-0.0760246	-0.003552	0.0532755	0.0615168	0.0156288	-0.0612652	-0.156787	-0.234471	-0.287466	-0.287252	-0.243685	-0.162113	-0.0390317	0.120752	0.293792	0.43421	0.494491	0.472697	0.373622	0.223736	0.0459511	-0.132254	-0.279353	-0.368396	-0.398452	-0.374556	-0.308073	-0.21944	-0.121158	-0.0361555	0.0126031	-0.00971183	-0.107061	-0.248972	-0.393846	-0.518933	-0.59137	
