-2.05717	-2.05717	-1.89362	-1.56135	-1.10437	-0.578092	-0.007593	0.555279	1.02886	1.37163	1.58119	1.65575	1.58044	1.34747	0.996174	0.60635	0.255239	-0.0135079	-0.190415	-0.291103	-0.34056	-0.358644	-0.36115	-0.356523	-0.349112	-0.342004	-0.335305	-0.330288	-0.326709	-0.324603	-0.324535	-0.325484	-0.328879	-0.332894	-0.339451	-0.346383	-0.355154	-0.364185	-0.373278	-0.381792	-0.38868	-0.392278	-0.394072	-0.391462	-0.388133	-0.38798	-0.395404	-0.420289	-0.470353	-0.550465	
-2.05717	-2.05717	-1.89362	-1.56135	-1.10437	-0.578092	-0.007593	0.555279	1.02886	1.37163	1.58119	1.65575	1.58044	1.34747	0.996174	0.60635	0.255239	-0.0135079	-0.190415	-0.291103	-0.34056	-0.358644	-0.36115	-0.356523	-0.349112	-0.342004	-0.335305	-0.330288	-0.326709	-0.324603	-0.324535	-0.325484	-0.328879	-0.332894	-0.339451	-0.346383	-0.355154	-0.364185	-0.373278	-0.381792	-0.38868	-0.392278	-0.394072	-0.391462	-0.388133	-0.38798	-0.395404	-0.420289	-0.470353	-0.550465	
-1.89362	-1.89362	-1.72675	-1.41756	-1.00092	-0.508183	0.0148503	0.512536	0.942246	1.26442	1.45567	1.51335	1.43312	1.22654	0.928864	0.594184	0.282742	0.0357949	-0.133528	-0.235975	-0.289327	-0.313855	-0.322712	-0.324186	-0.323427	-0.3214	-0.319712	-0.318358	-0.317131	-0.316843	-0.316425	-0.317108	-0.317621	-0.319346	-0.32079	-0.32373	-0.326417	-0.330586	-0.335472	-0.341218	-0.34906	-0.358613	-0.369848	-0.385874	-0.404479	-0.427971	-0.458631	-0.498262	-0.550553	-0.623326	
-1.56135	-1.56135	-1.41756	-1.16641	-0.810921	-0.374885	0.059093	0.448955	0.792722	1.0577	1.21341	1.25098	1.18316	1.0359	0.824901	0.575684	0.322544	0.102495	-0.0642795	-0.175741	-0.241265	-0.276935	-0.29398	-0.302535	-0.306778	-0.308784	-0.310739	-0.311336	-0.312273	-0.312607	-0.31243	-0.312738	-0.311485	-0.311675	-0.309746	-0.309611	-0.308278	-0.308453	-0.309991	-0.314274	-0.322011	-0.337592	-0.358564	-0.39102	-0.433828	-0.486605	-0.547854	-0.614903	-0.684024	-0.752461	
-1.10437	-1.10437	-1.00092	-0.810921	-0.534666	-0.214231	0.0893635	0.365313	0.609331	0.804777	0.923578	0.945222	0.900044	0.811968	0.685631	0.521564	0.326772	0.132824	-0.0345211	-0.156297	-0.234397	-0.276157	-0.296548	-0.304326	-0.30611	-0.306265	-0.305588	-0.304652	-0.304735	-0.303921	-0.304446	-0.30426	-0.304965	-0.305491	-0.30702	-0.308429	-0.311965	-0.316205	-0.323307	-0.334969	-0.350477	-0.374544	-0.408244	-0.451305	-0.507703	-0.575782	-0.65257	-0.729986	-0.805171	-0.863573	
-0.578092	-0.578092	-0.508183	-0.374885	-0.214231	-0.0550235	0.113444	0.278512	0.421152	0.549866	0.633862	0.656363	0.638555	0.594838	0.534534	0.432256	0.284913	0.110431	-0.0583437	-0.19092	-0.277792	-0.323346	-0.342022	-0.34256	-0.337433	-0.329987	-0.322126	-0.317535	-0.312776	-0.311316	-0.310818	-0.311801	-0.315895	-0.319681	-0.328811	-0.337262	-0.351772	-0.367874	-0.389046	-0.414118	-0.445776	-0.479759	-0.523437	-0.570568	-0.625153	-0.683563	-0.749854	-0.813289	-0.870532	-0.912644	
-0.007593	-0.007593	0.0148503	0.059093	0.0893635	0.113444	0.16131	0.210044	0.259743	0.319868	0.373421	0.413919	0.422513	0.415184	0.39487	0.335228	0.22773	0.069634	-0.0976425	-0.243505	-0.343512	-0.402206	-0.422087	-0.42336	-0.413387	-0.400347	-0.387976	-0.378979	-0.37099	-0.368648	-0.36691	-0.370035	-0.375595	-0.384451	-0.397598	-0.414443	-0.435768	-0.462218	-0.494046	-0.529121	-0.571431	-0.614214	-0.659759	-0.70506	-0.748738	-0.787233	-0.820152	-0.852479	-0.872636	-0.888097	
0.555279	0.555279	0.512536	0.448955	0.365313	0.278512	0.210044	0.168344	0.154946	0.156674	0.186935	0.229355	0.254154	0.275786	0.282899	0.267568	0.194645	0.0607942	-0.105442	-0.269174	-0.397331	-0.479475	-0.517741	-0.531693	-0.525871	-0.51554	-0.504533	-0.492706	-0.487205	-0.481475	-0.481969	-0.484376	-0.490434	-0.501754	-0.513728	-0.53389	-0.553757	-0.581371	-0.610977	-0.645961	-0.682555	-0.724811	-0.763394	-0.803348	-0.833191	-0.857993	-0.861571	-0.853001	-0.823839	-0.7819	
1.02886	1.02886	0.942246	0.792722	0.609331	0.421152	0.259743	0.154946	0.0936057	0.0604616	0.0715889	0.111121	0.167614	0.220995	0.25821	0.268416	0.21475	0.0972672	-0.0805632	-0.269028	-0.435217	-0.548863	-0.620482	-0.649229	-0.657623	-0.652358	-0.644185	-0.633415	-0.628541	-0.622096	-0.623398	-0.625268	-0.631717	-0.642578	-0.654445	-0.671997	-0.690073	-0.711766	-0.733598	-0.758419	-0.779461	-0.803387	-0.820725	-0.837037	-0.843233	-0.838835	-0.820579	-0.778753	-0.715828	-0.621115	
1.37163	1.37163	1.26442	1.0577	0.804777	0.549866	0.319868	0.156674	0.0604616	0.012171	0.0179251	0.0830226	0.185112	0.271884	0.327091	0.338614	0.296331	0.178968	-0.00726425	-0.220139	-0.420342	-0.574395	-0.677039	-0.729617	-0.754875	-0.758929	-0.755343	-0.750701	-0.743781	-0.742361	-0.74047	-0.74394	-0.749012	-0.756506	-0.76823	-0.778304	-0.793567	-0.804906	-0.817913	-0.82649	-0.831591	-0.82914	-0.82055	-0.798535	-0.772563	-0.728951	-0.676393	-0.608659	-0.527543	-0.418583	
1.58119	1.58119	1.45567	1.21341	0.923578	0.633862	0.373421	0.186935	0.0715889	0.0179251	0.039415	0.137431	0.274284	0.385335	0.449055	0.46874	0.436331	0.327698	0.148327	-0.0790847	-0.307606	-0.501027	-0.637479	-0.725519	-0.771552	-0.794689	-0.802411	-0.805974	-0.804107	-0.805383	-0.803841	-0.805487	-0.80711	-0.808561	-0.812381	-0.813018	-0.815506	-0.81345	-0.810106	-0.80073	-0.786312	-0.761979	-0.731033	-0.683215	-0.625331	-0.556291	-0.471638	-0.37781	-0.280856	-0.170719	
1.65575	1.65575	1.51335	1.25098	0.945222	0.656363	0.413919	0.229355	0.111121	0.0830226	0.137431	0.260744	0.410548	0.5283	0.608116	0.644038	0.629028	0.542698	0.378382	0.149039	-0.101991	-0.328809	-0.506062	-0.627817	-0.702179	-0.745552	-0.768181	-0.780331	-0.786205	-0.789042	-0.789301	-0.788523	-0.785394	-0.78094	-0.773953	-0.764136	-0.750863	-0.734078	-0.710556	-0.683884	-0.648418	-0.604871	-0.555372	-0.493704	-0.41813	-0.332882	-0.232845	-0.112741	0.00705983	0.118887	
1.58044	1.58044	1.43312	1.18316	0.900044	0.638555	0.422513	0.254154	0.167614	0.185112	0.274284	0.410548	0.555801	0.696104	0.811473	0.871518	0.87455	0.80587	0.66101	0.43046	0.166765	-0.0898226	-0.299209	-0.453207	-0.551064	-0.614257	-0.647539	-0.66977	-0.679443	-0.685763	-0.686839	-0.683747	-0.679321	-0.66768	-0.655775	-0.636203	-0.611899	-0.583386	-0.544683	-0.499845	-0.449585	-0.384012	-0.315483	-0.23839	-0.148076	-0.0531642	0.0443765	0.160573	0.295653	0.413313	
1.34747	1.34747	1.22654	1.0359	0.811968	0.594838	0.415184	0.275786	0.220995	0.271884	0.385335	0.5283	0.696104	0.887678	1.03886	1.11833	1.13551	1.09673	0.970124	0.753092	0.492398	0.219489	-0.0160052	-0.194295	-0.316858	-0.396069	-0.442504	-0.471504	-0.487754	-0.494327	-0.498258	-0.491768	-0.485214	-0.469873	-0.449504	-0.426535	-0.391494	-0.354842	-0.30948	-0.251274	-0.192139	-0.119341	-0.0333908	0.0499295	0.147888	0.255234	0.351979	0.439906	0.545082	0.651921	
0.996174	0.996174	0.928864	0.824901	0.685631	0.534534	0.39487	0.282899	0.25821	0.327091	0.449055	0.608116	0.811473	1.03886	1.21454	1.32644	1.38967	1.391	1.2941	1.11643	0.867198	0.586936	0.333332	0.134381	-0.0156884	-0.105528	-0.169758	-0.20306	-0.225894	-0.235523	-0.237712	-0.234186	-0.219826	-0.205439	-0.175842	-0.147266	-0.107412	-0.0591911	-0.0111323	0.0516712	0.117785	0.183758	0.266599	0.348495	0.425354	0.518337	0.613851	0.685165	0.752281	0.82372	
0.60635	0.60635	0.594184	0.575684	0.521564	0.432256	0.335228	0.267568	0.268416	0.338614	0.46874	0.644038	0.871518	1.11833	1.32644	1.49611	1.60819	1.64472	1.59279	1.45795	1.22432	0.95269	0.694871	0.47605	0.314914	0.212642	0.138879	0.102822	0.0764865	0.0646785	0.0646475	0.064909	0.0827066	0.0962739	0.125919	0.157617	0.195131	0.24424	0.294408	0.349088	0.417285	0.474859	0.541773	0.613529	0.675541	0.730203	0.80298	0.859321	0.899067	0.936668	
0.255239	0.255239	0.282742	0.322544	0.326772	0.284913	0.22773	0.194645	0.21475	0.296331	0.436331	0.629028	0.87455	1.13551	1.38967	1.60819	1.75604	1.8272	1.82556	1.73093	1.52739	1.28202	1.02441	0.799748	0.636725	0.52216	0.449314	0.409933	0.382808	0.372751	0.370297	0.372387	0.385992	0.400519	0.423494	0.452451	0.484271	0.520499	0.568313	0.604503	0.661935	0.710484	0.758209	0.811595	0.86385	0.896134	0.931147	0.966965	0.979825	0.984909	
-0.0135079	-0.0135079	0.0357949	0.102495	0.132824	0.110431	0.069634	0.0607942	0.0972672	0.178968	0.327698	0.542698	0.80587	1.09673	1.391	1.64472	1.8272	1.94273	1.99507	1.93584	1.77839	1.55553	1.3048	1.07981	0.913917	0.786955	0.719694	0.670409	0.648358	0.636906	0.6309	0.638777	0.641181	0.662363	0.673723	0.701247	0.72664	0.752524	0.789272	0.818718	0.849327	0.888266	0.914986	0.942918	0.973688	0.993341	0.998326	0.999338	0.978108	0.944639	
-0.190415	-0.190415	-0.133528	-0.0642795	-0.0345211	-0.0583437	-0.0976425	-0.105442	-0.0805632	-0.00726425	0.148327	0.378382	0.66101	0.970124	1.2941	1.59279	1.82556	1.99507	2.08478	2.07065	1.95515	1.75477	1.51488	1.29619	1.11999	0.995279	0.922238	0.874139	0.852604	0.841356	0.835547	0.841453	0.842786	0.856655	0.86689	0.883069	0.901817	0.920678	0.940147	0.96361	0.978614	0.996234	1.00637	1.00894	1.00385	0.991027	0.96704	0.94159	0.8891	0.818432	
-0.291103	-0.291103	-0.235975	-0.175741	-0.156297	-0.19092	-0.243505	-0.269174	-0.269028	-0.220139	-0.0790847	0.149039	0.43046	0.753092	1.11643	1.45795	1.73093	1.93584	2.07065	2.10416	2.0302	1.86269	1.64506	1.4333	1.25922	1.13607	1.06092	1.01553	0.994767	0.983016	0.979547	0.980159	0.981457	0.987648	0.991085	0.999106	1.0038	1.00963	1.01325	1.0149	1.0106	1.00822	0.992109	0.97284	0.946756	0.904907	0.842184	0.784648	0.716018	0.628516	
-0.34056	-0.34056	-0.289327	-0.241265	-0.234397	-0.277792	-0.343512	-0.397331	-0.435217	-0.420342	-0.307606	-0.101991	0.166765	0.492398	0.867198	1.22432	1.52739	1.77839	1.95515	2.0302	2.0022	1.86939	1.67187	1.47185	1.30061	1.17744	1.10358	1.05903	1.03928	1.02977	1.02399	1.02518	1.02051	1.02242	1.01831	1.01479	1.01043	1.00027	0.98705	0.973515	0.943933	0.91823	0.881274	0.832365	0.781162	0.730178	0.65588	0.582473	0.505771	0.419399	
-0.358644	-0.358644	-0.313855	-0.276935	-0.276157	-0.323346	-0.402206	-0.479475	-0.548863	-0.574395	-0.501027	-0.328809	-0.0898226	0.219489	0.586936	0.95269	1.28202	1.55553	1.75477	1.86269	1.86939	1.76069	1.58382	1.39498	1.22433	1.10592	1.03106	0.989081	0.971525	0.961767	0.95762	0.954342	0.94834	0.94153	0.931346	0.917764	0.89999	0.881544	0.850316	0.826264	0.784067	0.743785	0.695473	0.640159	0.574641	0.514024	0.442051	0.370465	0.306535	0.233727	
-0.36115	-0.36115	-0.322712	-0.29398	-0.296548	-0.342022	-0.422087	-0.517741	-0.620482	-0.677039	-0.637479	-0.506062	-0.299209	-0.0160052	0.333332	0.694871	1.02441	1.3048	1.51488	1.64506	1.67187	1.58382	1.42356	1.23868	1.06875	0.950791	0.871442	0.831574	0.81306	0.802783	0.800632	0.792292	0.78777	0.773129	0.760765	0.739343	0.715093	0.688581	0.651391	0.616584	0.573031	0.525372	0.478127	0.424172	0.368189	0.31368	0.252996	0.194712	0.146966	0.097323	
-0.356523	-0.356523	-0.324186	-0.302535	-0.304326	-0.34256	-0.42336	-0.531693	-0.649229	-0.729617	-0.725519	-0.627817	-0.453207	-0.194295	0.134381	0.47605	0.799748	1.07981	1.29619	1.4333	1.47185	1.39498	1.23868	1.051	0.877826	0.750025	0.666886	0.622225	0.601187	0.59061	0.586568	0.579042	0.572217	0.558938	0.543946	0.523789	0.499555	0.472775	0.439231	0.406234	0.36519	0.324269	0.282016	0.236861	0.190814	0.156546	0.113164	0.0679393	0.0376618	0.00611313	
-0.349112	-0.349112	-0.323427	-0.306778	-0.30611	-0.337433	-0.413387	-0.525871	-0.657623	-0.754875	-0.771552	-0.702179	-0.551064	-0.316858	-0.0156884	0.314914	0.636725	0.913917	1.11999	1.25922	1.30061	1.22433	1.06875	0.877826	0.69309	0.560142	0.466747	0.418131	0.393354	0.380861	0.376618	0.368247	0.363456	0.348976	0.338236	0.318257	0.297621	0.277427	0.246681	0.223949	0.195209	0.16213	0.136403	0.106388	0.0697686	0.0420358	0.0192104	-0.00929324	-0.0261489	-0.0438829	
-0.342004	-0.342004	-0.3214	-0.308784	-0.306265	-0.329987	-0.400347	-0.51554	-0.652358	-0.758929	-0.794689	-0.745552	-0.614257	-0.396069	-0.105528	0.212642	0.52216	0.786955	0.995279	1.13607	1.17744	1.10592	0.950791	0.750025	0.560142	0.414559	0.312618	0.257719	0.227766	0.212403	0.208656	0.198785	0.197328	0.185395	0.177175	0.164507	0.148231	0.133038	0.114248	0.0925417	0.0743444	0.0514011	0.0318363	0.0140528	-0.00293725	-0.0162223	-0.0325027	-0.0541557	-0.0627521	-0.0702624	
-0.335305	-0.335305	-0.319712	-0.310739	-0.305588	-0.322126	-0.387976	-0.504533	-0.644185	-0.755343	-0.802411	-0.768181	-0.647539	-0.442504	-0.169758	0.138879	0.449314	0.719694	0.922238	1.06092	1.10358	1.03106	0.871442	0.666886	0.466747	0.312618	0.203128	0.141958	0.107664	0.0918521	0.0847732	0.0786258	0.0760046	0.0679362	0.0637971	0.053313	0.0449879	0.0358139	0.0227393	0.013919	0.00353509	-0.0117191	-0.0196456	-0.0315296	-0.0495667	-0.0569	-0.0602973	-0.0734914	-0.0780198	-0.082208	
-0.330288	-0.330288	-0.318358	-0.311336	-0.304652	-0.317535	-0.378979	-0.492706	-0.633415	-0.750701	-0.805974	-0.780331	-0.66977	-0.471504	-0.20306	0.102822	0.409933	0.670409	0.874139	1.01553	1.05903	0.989081	0.831574	0.622225	0.418131	0.257719	0.141958	0.0766147	0.03953	0.0204954	0.0151169	0.00650379	0.00750269	0.000286257	-0.00199949	-0.00679202	-0.0145417	-0.0185946	-0.0265392	-0.0353854	-0.0393622	-0.0490942	-0.0545764	-0.0576978	-0.0641295	-0.0698356	-0.0718458	-0.0844201	-0.0864351	-0.0871016	
-0.326709	-0.326709	-0.317131	-0.312273	-0.304735	-0.312776	-0.37099	-0.487205	-0.628541	-0.743781	-0.804107	-0.786205	-0.679443	-0.487754	-0.225894	0.0764865	0.382808	0.648358	0.852604	0.994767	1.03928	0.971525	0.81306	0.601187	0.393354	0.227766	0.107664	0.03953	-0.000893637	-0.0195661	-0.0270686	-0.0336024	-0.03288	-0.0383875	-0.0376689	-0.0424623	-0.0444614	-0.0477144	-0.0511147	-0.0558725	-0.056316	-0.0646055	-0.0662665	-0.069652	-0.0768616	-0.0790198	-0.0784617	-0.0869093	-0.0888376	-0.0885079	
-0.324603	-0.324603	-0.316843	-0.312607	-0.303921	-0.311316	-0.368648	-0.481475	-0.622096	-0.742361	-0.805383	-0.789042	-0.685763	-0.494327	-0.235523	0.0646785	0.372751	0.636906	0.841356	0.983016	1.02977	0.961767	0.802783	0.59061	0.380861	0.212403	0.0918521	0.0204954	-0.0195661	-0.0398608	-0.0472454	-0.0535736	-0.0532991	-0.0568353	-0.0571994	-0.0586649	-0.0616144	-0.0617659	-0.0649276	-0.0670874	-0.0673406	-0.0716536	-0.0722811	-0.0732924	-0.0797376	-0.0821082	-0.0783429	-0.0885295	-0.089984	-0.0898588	
-0.324535	-0.324535	-0.316425	-0.31243	-0.304446	-0.310818	-0.36691	-0.481969	-0.623398	-0.74047	-0.803841	-0.789301	-0.686839	-0.498258	-0.237712	0.0646475	0.370297	0.6309	0.835547	0.979547	1.02399	0.95762	0.800632	0.586568	0.376618	0.208656	0.0847732	0.0151169	-0.0270686	-0.0472454	-0.053721	-0.0617882	-0.0585167	-0.0643328	-0.061667	-0.0643925	-0.0657238	-0.0664876	-0.0678223	-0.0727952	-0.0697948	-0.0766521	-0.0773731	-0.0765058	-0.0785637	-0.0815585	-0.0815109	-0.0895991	-0.0907953	-0.0890351	
-0.325484	-0.325484	-0.317108	-0.312738	-0.30426	-0.311801	-0.370035	-0.484376	-0.625268	-0.74394	-0.805487	-0.788523	-0.683747	-0.491768	-0.234186	0.064909	0.372387	0.638777	0.841453	0.980159	1.02518	0.954342	0.792292	0.579042	0.368247	0.198785	0.0786258	0.00650379	-0.0336024	-0.0535736	-0.0617882	-0.0667706	-0.0671635	-0.0695191	-0.0689121	-0.070392	-0.0707822	-0.070529	-0.0723072	-0.071612	-0.0715564	-0.0748202	-0.0735603	-0.0759976	-0.0844527	-0.0851059	-0.0797614	-0.0886184	-0.0900928	-0.0901737	
-0.328879	-0.328879	-0.317621	-0.311485	-0.304965	-0.315895	-0.375595	-0.490434	-0.631717	-0.749012	-0.80711	-0.785394	-0.679321	-0.485214	-0.219826	0.0827066	0.385992	0.641181	0.842786	0.981457	1.02051	0.94834	0.78777	0.572217	0.363456	0.197328	0.0760046	0.00750269	-0.03288	-0.0532991	-0.0585167	-0.0671635	-0.0631439	-0.0687027	-0.066351	-0.0675998	-0.0699194	-0.0694475	-0.0709694	-0.0758448	-0.0731386	-0.0789009	-0.0801026	-0.0783663	-0.0784849	-0.080873	-0.0812993	-0.0909492	-0.0915588	-0.0896085	
-0.332894	-0.332894	-0.319346	-0.311675	-0.305491	-0.319681	-0.384451	-0.501754	-0.642578	-0.756506	-0.808561	-0.78094	-0.66768	-0.469873	-0.205439	0.0962739	0.400519	0.662363	0.856655	0.987648	1.02242	0.94153	0.773129	0.558938	0.348976	0.185395	0.0679362	0.000286257	-0.0383875	-0.0568353	-0.0643328	-0.0695191	-0.0687027	-0.0724828	-0.0699458	-0.0729835	-0.0724616	-0.0718129	-0.0746232	-0.0728007	-0.0723094	-0.0764289	-0.0740251	-0.075941	-0.0851869	-0.0859759	-0.0823607	-0.0900646	-0.0898615	-0.0903951	
-0.339451	-0.339451	-0.32079	-0.309746	-0.30702	-0.328811	-0.397598	-0.513728	-0.654445	-0.76823	-0.812381	-0.773953	-0.655775	-0.449504	-0.175842	0.125919	0.423494	0.673723	0.86689	0.991085	1.01831	0.931346	0.760765	0.543946	0.338236	0.177175	0.0637971	-0.00199949	-0.0376689	-0.0571994	-0.061667	-0.0689121	-0.066351	-0.0699458	-0.0690221	-0.0692475	-0.0714242	-0.0706304	-0.0726048	-0.0746927	-0.0749154	-0.0787877	-0.0794529	-0.0803541	-0.0820679	-0.0812441	-0.0810377	-0.0915776	-0.0918111	-0.0910024	
-0.346383	-0.346383	-0.32373	-0.309611	-0.308429	-0.337262	-0.414443	-0.53389	-0.671997	-0.778304	-0.813018	-0.764136	-0.636203	-0.426535	-0.147266	0.157617	0.452451	0.701247	0.883069	0.999106	1.01479	0.917764	0.739343	0.523789	0.318257	0.164507	0.053313	-0.00679202	-0.0424623	-0.0586649	-0.0643925	-0.070392	-0.0675998	-0.0729835	-0.0692475	-0.0725333	-0.0731172	-0.0714311	-0.0757671	-0.0747175	-0.0742933	-0.0785309	-0.0773608	-0.0776231	-0.0838677	-0.0840227	-0.0855318	-0.0934327	-0.0904411	-0.0915058	
-0.355154	-0.355154	-0.326417	-0.308278	-0.311965	-0.351772	-0.435768	-0.553757	-0.690073	-0.793567	-0.815506	-0.750863	-0.611899	-0.391494	-0.107412	0.195131	0.484271	0.72664	0.901817	1.0038	1.01043	0.89999	0.715093	0.499555	0.297621	0.148231	0.0449879	-0.0145417	-0.0444614	-0.0616144	-0.0657238	-0.0707822	-0.0699194	-0.0724616	-0.0714242	-0.0731172	-0.0736834	-0.0726466	-0.0768388	-0.0733314	-0.0766772	-0.0791607	-0.0771148	-0.0798041	-0.0864216	-0.0842745	-0.0843649	-0.0921976	-0.0908817	-0.0933776	
-0.364185	-0.364185	-0.330586	-0.308453	-0.316205	-0.367874	-0.462218	-0.581371	-0.711766	-0.804906	-0.81345	-0.734078	-0.583386	-0.354842	-0.0591911	0.24424	0.520499	0.752524	0.920678	1.00963	1.00027	0.881544	0.688581	0.472775	0.277427	0.133038	0.0358139	-0.0185946	-0.0477144	-0.0617659	-0.0664876	-0.070529	-0.0694475	-0.0718129	-0.0706304	-0.0714311	-0.0726466	-0.0716695	-0.0748675	-0.0744624	-0.0778467	-0.0789698	-0.0808894	-0.0842297	-0.0859283	-0.0807192	-0.0874632	-0.0953664	-0.0923203	-0.0946609	
-0.373278	-0.373278	-0.335472	-0.309991	-0.323307	-0.389046	-0.494046	-0.610977	-0.733598	-0.817913	-0.810106	-0.710556	-0.544683	-0.30948	-0.0111323	0.294408	0.568313	0.789272	0.940147	1.01325	0.98705	0.850316	0.651391	0.439231	0.246681	0.114248	0.0227393	-0.0265392	-0.0511147	-0.0649276	-0.0678223	-0.0723072	-0.0709694	-0.0746232	-0.0726048	-0.0757671	-0.0768388	-0.0748675	-0.0817139	-0.076392	-0.0798711	-0.081298	-0.079027	-0.0787421	-0.0846618	-0.0862615	-0.0919863	-0.0950628	-0.0909068	-0.0966141	
-0.381792	-0.381792	-0.341218	-0.314274	-0.334969	-0.414118	-0.529121	-0.645961	-0.758419	-0.82649	-0.80073	-0.683884	-0.499845	-0.251274	0.0516712	0.349088	0.604503	0.818718	0.96361	1.0149	0.973515	0.826264	0.616584	0.406234	0.223949	0.0925417	0.013919	-0.0353854	-0.0558725	-0.0670874	-0.0727952	-0.071612	-0.0758448	-0.0728007	-0.0746927	-0.0747175	-0.0733314	-0.0744624	-0.076392	-0.071898	-0.0807964	-0.07815	-0.0802776	-0.0884042	-0.0926231	-0.0840936	-0.0913466	-0.0933729	-0.0933497	-0.100512	
-0.38868	-0.38868	-0.34906	-0.322011	-0.350477	-0.445776	-0.571431	-0.682555	-0.779461	-0.831591	-0.786312	-0.648418	-0.449585	-0.192139	0.117785	0.417285	0.661935	0.849327	0.978614	1.0106	0.943933	0.784067	0.573031	0.36519	0.195209	0.0743444	0.00353509	-0.0393622	-0.056316	-0.0673406	-0.0697948	-0.0715564	-0.0731386	-0.0723094	-0.0749154	-0.0742933	-0.0766772	-0.0778467	-0.0798711	-0.0807964	-0.0850117	-0.0826475	-0.085825	-0.0869063	-0.0824546	-0.0841095	-0.0966528	-0.096915	-0.0965044	-0.102153	
-0.392278	-0.392278	-0.358613	-0.337592	-0.374544	-0.479759	-0.614214	-0.724811	-0.803387	-0.82914	-0.761979	-0.604871	-0.384012	-0.119341	0.183758	0.474859	0.710484	0.888266	0.996234	1.00822	0.91823	0.743785	0.525372	0.324269	0.16213	0.0514011	-0.0117191	-0.0490942	-0.0646055	-0.0716536	-0.0766521	-0.0748202	-0.0789009	-0.0764289	-0.0787877	-0.0785309	-0.0791607	-0.0789698	-0.081298	-0.07815	-0.0826475	-0.0800569	-0.0833226	-0.0855497	-0.0896861	-0.0934535	-0.100344	-0.0944358	-0.0955593	-0.106011	
-0.394072	-0.394072	-0.369848	-0.358564	-0.408244	-0.523437	-0.659759	-0.763394	-0.820725	-0.82055	-0.731033	-0.555372	-0.315483	-0.0333908	0.266599	0.541773	0.758209	0.914986	1.00637	0.992109	0.881274	0.695473	0.478127	0.282016	0.136403	0.0318363	-0.0196456	-0.0545764	-0.0662665	-0.0722811	-0.0773731	-0.0735603	-0.0801026	-0.0740251	-0.0794529	-0.0773608	-0.0771148	-0.0808894	-0.079027	-0.0802776	-0.085825	-0.0833226	-0.0881024	-0.092463	-0.0918629	-0.0922303	-0.0968593	-0.0934483	-0.102895	-0.111493	
-0.391462	-0.391462	-0.385874	-0.39102	-0.451305	-0.570568	-0.70506	-0.803348	-0.837037	-0.798535	-0.683215	-0.493704	-0.23839	0.0499295	0.348495	0.613529	0.811595	0.942918	1.00894	0.97284	0.832365	0.640159	0.424172	0.236861	0.106388	0.0140528	-0.0315296	-0.0576978	-0.069652	-0.0732924	-0.0765058	-0.0759976	-0.0783663	-0.075941	-0.0803541	-0.0776231	-0.0798041	-0.0842297	-0.0787421	-0.0884042	-0.0869063	-0.0855497	-0.092463	-0.0931933	-0.0874862	-0.0940702	-0.101416	-0.0995023	-0.108015	-0.111976	
-0.388133	-0.388133	-0.404479	-0.433828	-0.507703	-0.625153	-0.748738	-0.833191	-0.843233	-0.772563	-0.625331	-0.41813	-0.148076	0.147888	0.425354	0.675541	0.86385	0.973688	1.00385	0.946756	0.781162	0.574641	0.368189	0.190814	0.0697686	-0.00293725	-0.0495667	-0.0641295	-0.0768616	-0.0797376	-0.0785637	-0.0844527	-0.0784849	-0.0851869	-0.0820679	-0.0838677	-0.0864216	-0.0859283	-0.0846618	-0.0926231	-0.0824546	-0.0896861	-0.0918629	-0.0874862	-0.0893511	-0.106764	-0.103125	-0.0998844	-0.110213	-0.113506	
-0.38798	-0.38798	-0.427971	-0.486605	-0.575782	-0.683563	-0.787233	-0.857993	-0.838835	-0.728951	-0.556291	-0.332882	-0.0531642	0.255234	0.518337	0.730203	0.896134	0.993341	0.991027	0.904907	0.730178	0.514024	0.31368	0.156546	0.0420358	-0.0162223	-0.0569	-0.0698356	-0.0790198	-0.0821082	-0.0815585	-0.0851059	-0.080873	-0.0859759	-0.0812441	-0.0840227	-0.0842745	-0.0807192	-0.0862615	-0.0840936	-0.0841095	-0.0934535	-0.0922303	-0.0940702	-0.106764	-0.108469	-0.0949596	-0.104029	-0.11601	-0.117091	
-0.395404	-0.395404	-0.458631	-0.547854	-0.65257	-0.749854	-0.820152	-0.861571	-0.820579	-0.676393	-0.471638	-0.232845	0.0443765	0.351979	0.613851	0.80298	0.931147	0.998326	0.96704	0.842184	0.65588	0.442051	0.252996	0.113164	0.0192104	-0.0325027	-0.0602973	-0.0718458	-0.0784617	-0.0783429	-0.0815109	-0.0797614	-0.0812993	-0.0823607	-0.0810377	-0.0855318	-0.0843649	-0.0874632	-0.0919863	-0.0913466	-0.0966528	-0.100344	-0.0968593	-0.101416	-0.103125	-0.0949596	-0.0983792	-0.117152	-0.122343	-0.115602	
-0.420289	-0.420289	-0.498262	-0.614903	-0.729986	-0.813289	-0.852479	-0.853001	-0.778753	-0.608659	-0.37781	-0.112741	0.160573	0.439906	0.685165	0.859321	0.966965	0.999338	0.94159	0.784648	0.582473	0.370465	0.194712	0.0679393	-0.00929324	-0.0541557	-0.0734914	-0.0844201	-0.0869093	-0.0885295	-0.0895991	-0.0886184	-0.0909492	-0.0900646	-0.0915776	-0.0934327	-0.0921976	-0.0953664	-0.0950628	-0.0933729	-0.096915	-0.0944358	-0.0934483	-0.0995023	-0.0998844	-0.104029	-0.117152	-0.126827	-0.116316	-0.114159	
-0.470353	-0.470353	-0.550553	-0.684024	-0.805171	-0.870532	-0.872636	-0.823839	-0.715828	-0.527543	-0.280856	0.00705983	0.295653	0.545082	0.752281	0.899067	0.979825	0.978108	0.8891	0.716018	0.505771	0.306535	0.146966	0.0376618	-0.0261489	-0.0627521	-0.0780198	-0.0864351	-0.0888376	-0.089984	-0.0907953	-0.0900928	-0.0915588	-0.0898615	-0.0918111	-0.0904411	-0.0908817	-0.0923203	-0.0909068	-0.0933497	-0.0965044	-0.0955593	-0.102895	-0.108015	-0.110213	-0.11601	-0.122343	-0.116316	-0.110559	-0.127124	
-0.550465	-0.550465	-0.623326	-0.752461	-0.863573	-0.912644	-0.888097	-0.7819	-0.621115	-0.418583	-0.170719	0.118887	0.413313	0.651921	0.82372	0.936668	0.984909	0.944639	0.818432	0.628516	0.419399	0.233727	0.097323	0.00611313	-0.0438829	-0.0702624	-0.082208	-0.0871016	-0.0885079	-0.0898588	-0.0890351	-0.0901737	-0.0896085	-0.0903951	-0.0910024	-0.0915058	-0.0933776	-0.0946609	-0.0966141	-0.100512	-0.102153	-0.106011	-0.111493	-0.111976	-0.113506	-0.117091	-0.115602	-0.114159	-0.127124	-0.146105	
