-0.346053	-0.614445	-0.809299	-0.915935	-0.924674	-0.849468	-0.700873	-0.526604	-0.366536	-0.248474	-0.197141	-0.199898	-0.233809	-0.261708	-0.275084	-0.272218	-0.249617	-0.221052	-0.210666	-0.210861	-0.208048	-0.214676	-0.23185	-0.2617	-0.27963	-0.272286	-0.255645	-0.222422	-0.196081	-0.215908	-0.294497	-0.430947	-0.602765	-0.773121	-0.895123	-0.938571	-0.893291	-0.747594	-0.519823	-0.232874	0.114941	0.499079	0.865765	1.15967	1.34396	1.42434	1.42817	1.38919	1.35329	1.35329	
-0.346053	-0.614445	-0.809299	-0.915935	-0.924674	-0.849468	-0.700873	-0.526604	-0.366536	-0.248474	-0.197141	-0.199898	-0.233809	-0.261708	-0.275084	-0.272218	-0.249617	-0.221052	-0.210666	-0.210861	-0.208048	-0.214676	-0.23185	-0.2617	-0.27963	-0.272286	-0.255645	-0.222422	-0.196081	-0.215908	-0.294497	-0.430947	-0.602765	-0.773121	-0.895123	-0.938571	-0.893291	-0.747594	-0.519823	-0.232874	0.114941	0.499079	0.865765	1.15967	1.34396	1.42434	1.42817	1.38919	1.35329	1.35329	
-0.340198	-0.60742	-0.800532	-0.908701	-0.918047	-0.845703	-0.700823	-0.528527	-0.371796	-0.25504	-0.202178	-0.203939	-0.233327	-0.25923	-0.273807	-0.269162	-0.248144	-0.223062	-0.210924	-0.212239	-0.211652	-0.215505	-0.232131	-0.260797	-0.276167	-0.269762	-0.255883	-0.226204	-0.199812	-0.217869	-0.298443	-0.435451	-0.603908	-0.77121	-0.891792	-0.933047	-0.88549	-0.740862	-0.514453	-0.226858	0.11967	0.50051	0.863944	1.15506	1.33832	1.41903	1.4236	1.38622	1.35181	1.35181	
-0.330807	-0.596117	-0.790024	-0.89564	-0.910802	-0.839864	-0.699656	-0.533114	-0.376914	-0.26322	-0.209366	-0.205421	-0.232092	-0.258139	-0.27181	-0.271437	-0.251224	-0.22469	-0.212926	-0.209814	-0.208166	-0.216407	-0.235638	-0.26204	-0.277016	-0.270749	-0.250596	-0.221077	-0.205881	-0.231565	-0.309256	-0.440709	-0.606214	-0.767925	-0.882661	-0.921516	-0.871992	-0.727986	-0.503032	-0.214873	0.129063	0.503565	0.85993	1.14544	1.32726	1.40872	1.41453	1.38027	1.34891	1.34891	
-0.313827	-0.57596	-0.767165	-0.874133	-0.894111	-0.828039	-0.698692	-0.538761	-0.389846	-0.281271	-0.222754	-0.214899	-0.231635	-0.253129	-0.26825	-0.26531	-0.248642	-0.228355	-0.214929	-0.212825	-0.214241	-0.220159	-0.237449	-0.258549	-0.270184	-0.265628	-0.24877	-0.228633	-0.217586	-0.241373	-0.3213	-0.451108	-0.608649	-0.763146	-0.872479	-0.904123	-0.849111	-0.708285	-0.486842	-0.197617	0.142619	0.507808	0.853813	1.13118	1.31079	1.39323	1.40115	1.37168	1.34464	1.34464	
-0.293361	-0.55229	-0.741172	-0.849794	-0.874333	-0.815368	-0.695465	-0.545323	-0.404283	-0.298567	-0.238698	-0.221626	-0.23069	-0.250845	-0.264571	-0.264154	-0.249861	-0.232743	-0.217937	-0.212006	-0.21489	-0.221552	-0.240568	-0.259311	-0.267625	-0.264347	-0.245258	-0.226973	-0.22757	-0.261675	-0.341545	-0.464361	-0.61264	-0.753862	-0.853432	-0.882105	-0.824	-0.682204	-0.462372	-0.175296	0.158669	0.513164	0.845529	1.11185	1.28901	1.37304	1.38385	1.36064	1.33906	1.33906	
-0.266794	-0.520232	-0.708871	-0.816897	-0.850164	-0.796919	-0.690979	-0.554038	-0.421772	-0.323445	-0.258185	-0.232188	-0.231679	-0.247623	-0.259541	-0.258574	-0.248872	-0.235678	-0.222672	-0.216269	-0.21788	-0.227302	-0.244127	-0.253321	-0.261565	-0.260989	-0.241563	-0.232771	-0.24499	-0.284169	-0.362886	-0.476697	-0.613821	-0.745563	-0.835325	-0.852885	-0.788175	-0.649676	-0.434637	-0.149322	0.178575	0.519515	0.833986	1.08744	1.26242	1.34833	1.36293	1.34751	1.33232	1.33232	
-0.234654	-0.483771	-0.667536	-0.780542	-0.817105	-0.773911	-0.683365	-0.560328	-0.443935	-0.350461	-0.282039	-0.246291	-0.23547	-0.246291	-0.254896	-0.251709	-0.244575	-0.239631	-0.227447	-0.219931	-0.224995	-0.232317	-0.244431	-0.249665	-0.255211	-0.256458	-0.24243	-0.240594	-0.260648	-0.307597	-0.388654	-0.495703	-0.617673	-0.729967	-0.806394	-0.819589	-0.752482	-0.611571	-0.39733	-0.118573	0.198401	0.524679	0.820106	1.05897	1.23071	1.31899	1.33914	1.33288	1.32441	1.32441	
-0.198385	-0.441328	-0.62421	-0.740541	-0.781905	-0.749965	-0.673451	-0.568857	-0.467092	-0.378317	-0.307091	-0.259013	-0.239833	-0.246738	-0.249474	-0.245374	-0.242761	-0.242769	-0.234472	-0.226587	-0.229379	-0.236926	-0.244872	-0.243478	-0.249023	-0.254543	-0.244646	-0.248025	-0.279418	-0.338466	-0.418002	-0.510903	-0.616506	-0.713624	-0.777007	-0.780631	-0.707971	-0.566258	-0.356766	-0.0865427	0.220097	0.529859	0.802599	1.02553	1.19425	1.28588	1.31322	1.317	1.31546	1.31546	
-0.158621	-0.392584	-0.574776	-0.692091	-0.738834	-0.717484	-0.657314	-0.575238	-0.489539	-0.410772	-0.335663	-0.277984	-0.251614	-0.249714	-0.24544	-0.235957	-0.235962	-0.242827	-0.241014	-0.236032	-0.237672	-0.244425	-0.24419	-0.234342	-0.241266	-0.25223	-0.249643	-0.261677	-0.30235	-0.368212	-0.446796	-0.528699	-0.615135	-0.692376	-0.740608	-0.735652	-0.660169	-0.517373	-0.310595	-0.0501283	0.241618	0.53099	0.781289	0.989259	1.15347	1.24866	1.28565	1.3005	1.30568	1.30568	
-0.113288	-0.341455	-0.519611	-0.642182	-0.690976	-0.68278	-0.640518	-0.57914	-0.514752	-0.441641	-0.365357	-0.299021	-0.264499	-0.25476	-0.240914	-0.227333	-0.228392	-0.243727	-0.250013	-0.245235	-0.248924	-0.250159	-0.238019	-0.227755	-0.234284	-0.249287	-0.260703	-0.279231	-0.325576	-0.399491	-0.476058	-0.545846	-0.612464	-0.666083	-0.696918	-0.68655	-0.609653	-0.462812	-0.259071	-0.0125038	0.260981	0.528527	0.757032	0.949823	1.10791	1.20808	1.25758	1.28378	1.29505	1.29505	
-0.0685441	-0.285293	-0.463839	-0.585583	-0.639079	-0.644203	-0.617144	-0.582849	-0.534397	-0.472519	-0.395429	-0.322415	-0.282772	-0.261824	-0.238995	-0.218727	-0.22217	-0.243281	-0.257317	-0.258864	-0.25832	-0.253124	-0.234664	-0.218574	-0.226554	-0.252559	-0.273759	-0.297742	-0.35316	-0.433068	-0.505697	-0.559629	-0.601788	-0.635794	-0.653683	-0.632824	-0.549869	-0.403618	-0.208089	0.0256553	0.280153	0.521471	0.727971	0.907413	1.05895	1.16508	1.22912	1.26694	1.28409	1.28409	
-0.0226238	-0.227646	-0.402701	-0.522083	-0.580314	-0.597205	-0.589171	-0.579486	-0.55136	-0.502041	-0.428089	-0.354066	-0.307178	-0.27403	-0.238391	-0.210441	-0.212532	-0.238545	-0.264147	-0.271242	-0.271369	-0.259191	-0.228965	-0.211006	-0.220094	-0.253687	-0.290029	-0.324219	-0.385222	-0.464121	-0.528928	-0.570574	-0.593	-0.602232	-0.59953	-0.571408	-0.489905	-0.344805	-0.153505	0.0668903	0.295374	0.506702	0.695062	0.863621	1.0071	1.11982	1.2006	1.25043	1.27316	1.27316	
0.0254878	-0.169917	-0.338185	-0.455631	-0.520917	-0.548634	-0.562363	-0.574125	-0.565073	-0.528903	-0.458882	-0.386337	-0.331807	-0.284225	-0.238514	-0.205517	-0.20575	-0.238086	-0.272776	-0.284079	-0.283408	-0.260205	-0.221174	-0.204568	-0.216806	-0.259555	-0.308844	-0.354309	-0.420671	-0.493914	-0.549746	-0.577306	-0.575237	-0.561737	-0.545839	-0.509458	-0.422203	-0.279651	-0.10022	0.103648	0.306329	0.487987	0.65858	0.816376	0.952898	1.0742	1.17246	1.23416	1.26258	1.26258	
0.0653487	-0.113716	-0.271984	-0.384977	-0.453186	-0.49495	-0.525477	-0.559269	-0.569797	-0.548198	-0.491444	-0.424794	-0.362232	-0.30169	-0.244754	-0.202906	-0.201916	-0.234782	-0.274289	-0.296702	-0.29292	-0.258884	-0.219156	-0.201238	-0.214793	-0.269646	-0.331963	-0.387191	-0.455148	-0.521366	-0.56728	-0.577443	-0.552835	-0.519825	-0.486977	-0.438506	-0.350335	-0.217581	-0.0497925	0.139898	0.313962	0.46286	0.616393	0.766495	0.899048	1.02916	1.14386	1.218	1.25321	1.25321	
0.104415	-0.0575631	-0.201507	-0.308536	-0.383657	-0.436368	-0.488162	-0.539275	-0.569451	-0.565406	-0.524333	-0.466014	-0.394315	-0.319803	-0.250982	-0.204932	-0.19953	-0.230449	-0.278079	-0.30493	-0.299494	-0.262684	-0.217714	-0.199999	-0.220422	-0.278746	-0.350241	-0.424435	-0.498632	-0.550057	-0.574075	-0.566241	-0.526031	-0.47397	-0.42355	-0.365888	-0.277215	-0.152918	0.0004531	0.169674	0.313593	0.4335	0.571078	0.713815	0.845531	0.985374	1.11532	1.20234	1.2451	1.2451	
0.135945	-0.00548672	-0.131111	-0.232051	-0.311566	-0.377603	-0.445693	-0.513195	-0.56071	-0.574663	-0.55549	-0.504324	-0.426084	-0.338285	-0.260958	-0.213036	-0.203565	-0.232723	-0.280956	-0.31103	-0.302761	-0.259631	-0.215586	-0.202466	-0.229706	-0.29546	-0.379301	-0.465568	-0.533816	-0.567821	-0.576516	-0.55264	-0.492805	-0.422404	-0.357947	-0.289544	-0.199851	-0.0888739	0.0446903	0.191076	0.307858	0.401882	0.521262	0.657347	0.793872	0.944361	1.087	1.18704	1.23841	1.23841	
0.156924	0.0411446	-0.06027	-0.155228	-0.234129	-0.312807	-0.395001	-0.474484	-0.541046	-0.576583	-0.582326	-0.544952	-0.461409	-0.363677	-0.281754	-0.227648	-0.212501	-0.233519	-0.275088	-0.30688	-0.299213	-0.260784	-0.223751	-0.216691	-0.247782	-0.310834	-0.402329	-0.501515	-0.568904	-0.590602	-0.575191	-0.524707	-0.449686	-0.368174	-0.289231	-0.210739	-0.124117	-0.0269478	0.0855626	0.204204	0.294464	0.36661	0.467888	0.599224	0.744933	0.905876	1.0591	1.17248	1.23314	1.23314	
0.172776	0.089361	0.00820011	-0.0747962	-0.15623	-0.247724	-0.339938	-0.435805	-0.517579	-0.576044	-0.608892	-0.578615	-0.492692	-0.388255	-0.29837	-0.245757	-0.227144	-0.237584	-0.276445	-0.303351	-0.293035	-0.263158	-0.231101	-0.229777	-0.267456	-0.333984	-0.433427	-0.536939	-0.601491	-0.606767	-0.559118	-0.487189	-0.404867	-0.310676	-0.216584	-0.131645	-0.049254	0.0338611	0.119858	0.205945	0.273345	0.328834	0.412961	0.540728	0.697731	0.8696	1.03319	1.15944	1.22845	1.22845	
0.177129	0.125711	0.0684233	-1.06492e-05	-0.0805043	-0.177518	-0.278311	-0.385464	-0.480972	-0.565813	-0.621217	-0.604255	-0.52457	-0.416463	-0.329124	-0.275934	-0.248126	-0.249319	-0.271369	-0.286211	-0.281967	-0.263252	-0.243969	-0.256624	-0.296954	-0.361074	-0.463519	-0.568705	-0.625117	-0.609025	-0.538876	-0.451266	-0.351876	-0.243235	-0.14169	-0.0535362	0.0228093	0.0882821	0.145605	0.199588	0.245675	0.286564	0.357158	0.483971	0.652153	0.835439	1.01029	1.14815	1.22377	1.22377	
0.177175	0.155999	0.125139	0.0741675	-0.00344698	-0.100536	-0.211974	-0.329144	-0.441259	-0.552371	-0.625834	-0.625042	-0.553397	-0.44735	-0.363394	-0.30741	-0.273751	-0.262551	-0.265422	-0.269238	-0.269007	-0.26521	-0.264462	-0.288664	-0.32998	-0.394322	-0.494526	-0.589222	-0.636562	-0.610774	-0.518019	-0.402559	-0.287392	-0.173228	-0.0656961	0.0223918	0.0876455	0.136003	0.16523	0.185089	0.209004	0.239113	0.303343	0.431203	0.607582	0.802865	0.990994	1.13886	1.21892	1.21892	
0.168126	0.176475	0.173151	0.139288	0.0742789	-0.0229788	-0.141311	-0.266416	-0.39984	-0.528125	-0.61829	-0.636318	-0.574823	-0.481374	-0.402086	-0.341982	-0.305732	-0.279244	-0.259918	-0.254147	-0.257263	-0.269193	-0.289968	-0.322569	-0.363748	-0.430838	-0.525703	-0.608805	-0.64452	-0.597495	-0.480123	-0.348846	-0.222777	-0.100039	0.0105244	0.095464	0.149928	0.174773	0.171121	0.162659	0.167975	0.187661	0.251148	0.382871	0.56457	0.772184	0.975344	1.13146	1.21383	1.21383	
0.150381	0.184658	0.207125	0.196277	0.147818	0.0547592	-0.0649301	-0.202196	-0.350997	-0.491984	-0.597677	-0.631154	-0.591937	-0.516801	-0.443018	-0.386635	-0.344064	-0.299246	-0.260182	-0.238593	-0.241363	-0.273293	-0.316288	-0.360029	-0.410013	-0.476804	-0.553928	-0.617418	-0.633319	-0.566793	-0.440779	-0.299712	-0.154864	-0.0191499	0.0920443	0.166844	0.198834	0.195576	0.169312	0.139613	0.120628	0.129807	0.201903	0.34033	0.524134	0.743799	0.962391	1.12532	1.2091	1.2091	
0.123153	0.182548	0.229686	0.248426	0.220013	0.137231	0.0159671	-0.13386	-0.296436	-0.448497	-0.565617	-0.62055	-0.606755	-0.552207	-0.487032	-0.430273	-0.379357	-0.317265	-0.261252	-0.229184	-0.236217	-0.287341	-0.346823	-0.401065	-0.456286	-0.512988	-0.576106	-0.623636	-0.611388	-0.528199	-0.399066	-0.24043	-0.074969	0.0631472	0.165877	0.227686	0.238588	0.209396	0.159205	0.105948	0.0670957	0.0739772	0.156432	0.299979	0.487705	0.719682	0.950489	1.11923	1.20587	1.20587	
0.0907124	0.166566	0.240344	0.288899	0.28354	0.2157	0.0928659	-0.0656938	-0.237726	-0.393886	-0.520936	-0.595964	-0.611508	-0.579786	-0.527235	-0.476784	-0.415794	-0.342383	-0.273095	-0.229634	-0.24115	-0.30018	-0.372472	-0.443411	-0.501331	-0.550459	-0.600592	-0.619096	-0.576236	-0.47976	-0.340993	-0.172354	-0.00383585	0.137877	0.241028	0.287537	0.26875	0.207059	0.133438	0.0659492	0.0172986	0.0215883	0.108924	0.261059	0.459327	0.700384	0.937515	1.11272	1.20484	1.20484	
0.048372	0.138192	0.238888	0.317488	0.340624	0.28921	0.169686	0.00607004	-0.170454	-0.328113	-0.466582	-0.564451	-0.609025	-0.601307	-0.566816	-0.519154	-0.451438	-0.368736	-0.288058	-0.245249	-0.257185	-0.318154	-0.403507	-0.483089	-0.542491	-0.584644	-0.614203	-0.603756	-0.534061	-0.420278	-0.273748	-0.104352	0.0669196	0.215162	0.313079	0.335342	0.28255	0.191587	0.10062	0.022366	-0.0328893	-0.0292475	0.0626727	0.226304	0.437679	0.684093	0.924212	1.10674	1.20502	1.20502	
-0.00222372	0.0994656	0.225762	0.333816	0.386985	0.354273	0.243923	0.0797268	-0.0931	-0.254357	-0.405156	-0.524918	-0.597147	-0.612633	-0.598813	-0.556969	-0.486263	-0.396658	-0.314198	-0.275416	-0.283929	-0.34479	-0.434499	-0.51918	-0.580279	-0.609579	-0.615429	-0.578453	-0.48599	-0.354094	-0.197349	-0.031512	0.137937	0.289981	0.374585	0.36562	0.284229	0.172146	0.060009	-0.0321495	-0.0832178	-0.0718255	0.0208886	0.193141	0.419626	0.671395	0.912691	1.10143	1.2051	1.2051	
-0.0555849	0.0582445	0.204081	0.340466	0.419683	0.409518	0.310355	0.155896	-0.0114068	-0.177981	-0.340374	-0.48231	-0.572231	-0.611385	-0.616861	-0.583706	-0.516964	-0.426202	-0.353944	-0.321184	-0.327637	-0.384197	-0.464891	-0.549313	-0.606864	-0.618913	-0.603824	-0.546238	-0.43443	-0.282842	-0.115553	0.0486093	0.214666	0.353686	0.414156	0.384959	0.283277	0.141849	0.00440727	-0.0897372	-0.126395	-0.109558	-0.0186504	0.163802	0.404842	0.660999	0.903847	1.09735	1.20408	1.20408	
-0.111918	0.00908371	0.170131	0.328692	0.433787	0.447769	0.369515	0.234903	0.0753937	-0.0945873	-0.27208	-0.428238	-0.533652	-0.594654	-0.619055	-0.603761	-0.545499	-0.46587	-0.40653	-0.379501	-0.385999	-0.427492	-0.496806	-0.574775	-0.617873	-0.616176	-0.58162	-0.503752	-0.376603	-0.207218	-0.0297655	0.133631	0.287694	0.402785	0.443599	0.395913	0.26381	0.0957715	-0.049622	-0.140529	-0.172437	-0.149571	-0.048507	0.143329	0.388678	0.649951	0.899942	1.09578	1.20045	1.20045	
-0.166048	-0.0417581	0.129258	0.305072	0.433533	0.47442	0.424999	0.316033	0.164759	-0.011304	-0.202439	-0.368583	-0.486	-0.563307	-0.607012	-0.611683	-0.571041	-0.511089	-0.466809	-0.448776	-0.45247	-0.481494	-0.535062	-0.591812	-0.618809	-0.598093	-0.540105	-0.450075	-0.312189	-0.132268	0.0531134	0.22135	0.35734	0.441752	0.460308	0.386257	0.227182	0.0489276	-0.0988104	-0.194091	-0.223393	-0.183889	-0.065931	0.126824	0.36951	0.640716	0.900722	1.09499	1.19506	1.19506	
-0.212774	-0.0904719	0.0834033	0.269635	0.418581	0.486397	0.473551	0.389918	0.248662	0.0669052	-0.133003	-0.302512	-0.427916	-0.514505	-0.575471	-0.603194	-0.591246	-0.56001	-0.534915	-0.528283	-0.530295	-0.547605	-0.578281	-0.603544	-0.601248	-0.55591	-0.484918	-0.387232	-0.242435	-0.0599475	0.133505	0.302837	0.41951	0.477369	0.46172	0.353287	0.180616	0.000616733	-0.150219	-0.245649	-0.268349	-0.213392	-0.0807849	0.112975	0.354976	0.634832	0.900365	1.09256	1.19141	1.19141	
-0.252895	-0.139862	0.0295244	0.220718	0.384686	0.484412	0.507713	0.452858	0.324114	0.142779	-0.0542401	-0.225313	-0.35295	-0.446811	-0.526178	-0.583721	-0.612285	-0.616667	-0.614412	-0.613747	-0.612322	-0.617274	-0.616621	-0.605273	-0.56938	-0.499872	-0.419306	-0.315837	-0.170117	0.0129584	0.211824	0.377227	0.475896	0.498651	0.439185	0.307995	0.131019	-0.0537159	-0.202608	-0.290019	-0.306696	-0.241023	-0.0956127	0.103777	0.348245	0.630415	0.895949	1.08892	1.19048	1.19048	
-0.289927	-0.188692	-0.0268138	0.165951	0.346489	0.476828	0.536059	0.506838	0.39217	0.220781	0.0286637	-0.14163	-0.271104	-0.372559	-0.468067	-0.557974	-0.629762	-0.670656	-0.688692	-0.695577	-0.692965	-0.68369	-0.657357	-0.606555	-0.527257	-0.434419	-0.343735	-0.233563	-0.0869977	0.0945785	0.282663	0.430603	0.510752	0.50285	0.411218	0.261055	0.0708296	-0.11685	-0.254026	-0.327972	-0.334647	-0.263079	-0.113815	0.0961914	0.350082	0.628063	0.887798	1.08443	1.19125	1.19125	
-0.311158	-0.226089	-0.0751707	0.114701	0.306304	0.461993	0.545677	0.53866	0.443646	0.29142	0.113349	-0.0514208	-0.179657	-0.285178	-0.397141	-0.52173	-0.636304	-0.71571	-0.759202	-0.775263	-0.771786	-0.750923	-0.694856	-0.600559	-0.480896	-0.357902	-0.250134	-0.139846	-5.20576e-05	0.169679	0.337798	0.467612	0.52872	0.496189	0.379362	0.203095	-0.00130856	-0.180367	-0.30107	-0.358573	-0.352754	-0.283433	-0.134538	0.0931558	0.357552	0.625556	0.87883	1.08063	1.19132	1.19132	
-0.324988	-0.256336	-0.119154	0.0656754	0.266599	0.436475	0.538949	0.552567	0.48622	0.364408	0.205206	0.0508166	-0.0758606	-0.189052	-0.321448	-0.480066	-0.635486	-0.751872	-0.820881	-0.850578	-0.844447	-0.804646	-0.718064	-0.584358	-0.425177	-0.274906	-0.158577	-0.0497406	0.087116	0.245067	0.390242	0.491732	0.525063	0.470736	0.331918	0.136121	-0.0685675	-0.235458	-0.344808	-0.38807	-0.371451	-0.299365	-0.143157	0.0935505	0.357026	0.622331	0.878037	1.0794	1.18564	1.18564	
-0.323622	-0.271551	-0.146853	0.033051	0.234806	0.410163	0.521067	0.557352	0.526598	0.438049	0.303997	0.161315	0.033575	-0.0919716	-0.24969	-0.43966	-0.625379	-0.77128	-0.864875	-0.904379	-0.89354	-0.836377	-0.722626	-0.562989	-0.379499	-0.204309	-0.0684618	0.0499286	0.181079	0.319359	0.435222	0.497076	0.493459	0.419662	0.273893	0.0775337	-0.124061	-0.287921	-0.390302	-0.421353	-0.389594	-0.299858	-0.138038	0.0859428	0.345621	0.625673	0.886838	1.07717	1.17459	1.17459	
-0.299622	-0.260362	-0.147258	0.0242426	0.218816	0.385135	0.500213	0.558398	0.561576	0.50799	0.399562	0.271247	0.143822	0.00214328	-0.177936	-0.387075	-0.592725	-0.760723	-0.87709	-0.93475	-0.924584	-0.850864	-0.71758	-0.538	-0.330933	-0.132532	0.022792	0.149063	0.27021	0.384269	0.462547	0.480983	0.445329	0.35727	0.212116	0.0221767	-0.178157	-0.340548	-0.432337	-0.448296	-0.399421	-0.295438	-0.136395	0.0766299	0.341313	0.633315	0.890896	1.07108	1.16645	1.16645	
-0.247801	-0.222298	-0.121472	0.0355947	0.209576	0.36168	0.478521	0.558985	0.596063	0.576433	0.499291	0.390279	0.261413	0.102765	-0.0980072	-0.324133	-0.542479	-0.728037	-0.866858	-0.936593	-0.923964	-0.83686	-0.685532	-0.494218	-0.280791	-0.0702117	0.103245	0.237731	0.345938	0.431121	0.47531	0.459898	0.392381	0.284179	0.138937	-0.041321	-0.231785	-0.381311	-0.4592	-0.465504	-0.411164	-0.303276	-0.136937	0.0851393	0.348974	0.630901	0.883827	1.0665	1.16329	1.16329	
-0.175965	-0.159572	-0.0708149	0.0659474	0.217732	0.355388	0.478011	0.577797	0.639966	0.650461	0.600901	0.506942	0.375181	0.199795	-0.0161996	-0.247959	-0.471061	-0.664802	-0.81324	-0.891956	-0.88075	-0.78724	-0.631314	-0.440188	-0.227476	-0.0137627	0.167138	0.305613	0.405767	0.467843	0.478467	0.428848	0.331783	0.203091	0.0546871	-0.108805	-0.273718	-0.406597	-0.479458	-0.482496	-0.42597	-0.313757	-0.131226	0.104175	0.357195	0.621484	0.874855	1.06429	1.15966	1.15966	
-0.0793942	-0.0712801	0.00229917	0.115446	0.243365	0.372443	0.499207	0.609186	0.68872	0.721489	0.695506	0.61625	0.483397	0.301621	0.0827753	-0.149567	-0.370751	-0.564447	-0.715885	-0.795467	-0.787944	-0.701701	-0.552576	-0.371053	-0.169843	0.0363958	0.217895	0.359338	0.449042	0.483247	0.461985	0.385393	0.266591	0.125071	-0.0226624	-0.17147	-0.314466	-0.431325	-0.497044	-0.49467	-0.433279	-0.316323	-0.126417	0.114257	0.364889	0.621803	0.868758	1.05668	1.15397	1.15397	
0.0226361	0.0232738	0.079526	0.169459	0.284082	0.410285	0.539589	0.653489	0.740954	0.788881	0.779608	0.710647	0.585254	0.410897	0.200209	-0.0218902	-0.236153	-0.42344	-0.566033	-0.644463	-0.647437	-0.578201	-0.448551	-0.283096	-0.0948814	0.0962659	0.26197	0.386871	0.458379	0.473001	0.429199	0.333976	0.207852	0.0628165	-0.0900673	-0.235008	-0.359722	-0.456398	-0.509637	-0.4989	-0.430508	-0.312192	-0.127146	0.113549	0.374005	0.633455	0.866677	1.04412	1.14378	1.14378	
0.109759	0.101043	0.139997	0.217171	0.328182	0.456683	0.586092	0.697903	0.788996	0.844247	0.843925	0.788708	0.681165	0.528527	0.340014	0.132429	-0.0697396	-0.242201	-0.371231	-0.44192	-0.453055	-0.407166	-0.304052	-0.163676	-0.00146865	0.159152	0.292609	0.390369	0.441168	0.439236	0.383807	0.28299	0.154971	0.0101011	-0.14285	-0.288701	-0.406987	-0.485247	-0.517848	-0.495044	-0.423086	-0.305914	-0.125564	0.112311	0.378213	0.644315	0.872833	1.03569	1.12348	1.12348	
0.15148	0.133875	0.165128	0.242758	0.361714	0.495011	0.623253	0.732735	0.821409	0.873896	0.877663	0.837026	0.758013	0.641424	0.485288	0.306793	0.130214	-0.0186529	-0.12513	-0.18608	-0.207969	-0.188412	-0.12048	-0.0158495	0.110901	0.23168	0.322481	0.378435	0.398492	0.385412	0.330324	0.232305	0.109829	-0.0288769	-0.181553	-0.331095	-0.446534	-0.511547	-0.526503	-0.490529	-0.414374	-0.297338	-0.117193	0.117688	0.379701	0.647889	0.878663	1.03033	1.10085	1.10085	
0.130166	0.1089	0.143781	0.233599	0.362377	0.498861	0.626445	0.730968	0.810864	0.855182	0.861206	0.84388	0.804971	0.734679	0.627667	0.494039	0.356885	0.241806	0.157742	0.106269	0.0773452	0.073678	0.1067	0.167362	0.244536	0.312425	0.350218	0.360281	0.348978	0.322458	0.271161	0.185207	0.0711827	-0.0615226	-0.205962	-0.350429	-0.467423	-0.533094	-0.539462	-0.490322	-0.406889	-0.286688	-0.101496	0.134822	0.387933	0.643056	0.867352	1.01967	1.09182	1.09182	
0.0370367	0.0198611	0.0683719	0.171063	0.3061	0.445049	0.571461	0.668719	0.736108	0.769738	0.784846	0.797635	0.803954	0.790511	0.74535	0.676008	0.596582	0.521841	0.461846	0.419345	0.385427	0.364848	0.365164	0.378803	0.398657	0.405733	0.389924	0.352753	0.301959	0.256124	0.208159	0.13782	0.0417647	-0.0763005	-0.211807	-0.351282	-0.468086	-0.541543	-0.554948	-0.499664	-0.40025	-0.266657	-0.0766509	0.15679	0.39866	0.634918	0.846142	1.00426	1.09027	1.09027	
-0.118776	-0.124316	-0.0635749	0.0448396	0.180811	0.320048	0.443721	0.530966	0.584184	0.614889	0.646039	0.692578	0.747081	0.792384	0.820767	0.830387	0.817945	0.789141	0.753645	0.722402	0.69231	0.667486	0.647587	0.617342	0.573865	0.512707	0.436059	0.350207	0.264994	0.200016	0.152509	0.10185	0.0293553	-0.0738944	-0.201713	-0.336738	-0.455063	-0.538082	-0.560287	-0.501895	-0.388305	-0.242005	-0.0516545	0.173516	0.407513	0.635713	0.837365	0.989239	1.07375	1.07375	
-0.30791	-0.302022	-0.237231	-0.131349	0.000748787	0.137255	0.252933	0.325336	0.36867	0.400434	0.449102	0.525385	0.619002	0.722632	0.828926	0.924137	0.988111	1.0127	1.01027	0.99978	0.983335	0.962974	0.926892	0.855848	0.74916	0.61594	0.482175	0.359584	0.249619	0.170258	0.122041	0.0839645	0.0307061	-0.0575592	-0.182118	-0.318535	-0.432101	-0.508648	-0.532979	-0.483949	-0.375748	-0.226661	-0.0335553	0.19061	0.424151	0.650416	0.841261	0.972847	1.03949	1.03949	
-0.487533	-0.479982	-0.423747	-0.330161	-0.209798	-0.086462	0.010355	0.0673011	0.102408	0.138524	0.202119	0.298763	0.427631	0.58651	0.769437	0.951133	1.09178	1.17382	1.2114	1.22791	1.22695	1.21068	1.16311	1.05867	0.898797	0.709449	0.531967	0.382289	0.26049	0.175276	0.121687	0.0832321	0.0360264	-0.0427345	-0.156594	-0.281572	-0.38391	-0.453119	-0.479926	-0.446637	-0.357749	-0.215767	-0.0159106	0.218312	0.454261	0.66986	0.841189	0.952631	1.00578	1.00578	
-0.639389	-0.643725	-0.606811	-0.533292	-0.435055	-0.336097	-0.259622	-0.215157	-0.180636	-0.138272	-0.0650267	0.0492198	0.206938	0.413012	0.660917	0.912584	1.11785	1.25354	1.33295	1.37752	1.39269	1.3813	1.32374	1.19929	1.0104	0.785275	0.579164	0.415262	0.287921	0.197211	0.135946	0.0914041	0.0462016	-0.0187138	-0.113735	-0.224265	-0.318775	-0.384876	-0.413847	-0.390913	-0.316054	-0.18285	0.0153481	0.251542	0.484742	0.685319	0.836351	0.934416	0.982653	0.982653	
-0.762215	-0.786547	-0.773153	-0.726248	-0.658237	-0.583025	-0.521796	-0.477586	-0.437957	-0.390411	-0.307938	-0.182293	-0.00440228	0.231926	0.517583	0.812658	1.06399	1.2447	1.36519	1.44204	1.4743	1.46466	1.4015	1.26751	1.06315	0.823647	0.607555	0.435016	0.303911	0.215057	0.158012	0.117206	0.0738965	0.0134531	-0.06983	-0.164766	-0.248738	-0.310933	-0.336589	-0.310076	-0.235508	-0.111801	0.0669079	0.284551	0.506967	0.697646	0.836727	0.92535	0.968706	0.968706	
