0.265813	0.265813	0.279609	0.330854	0.426859	0.548739	0.68063	0.808507	0.918089	0.993074	1.02699	1.00651	0.926179	0.7911	0.620988	0.447882	0.287475	0.142074	0.00781441	-0.0962183	-0.159764	-0.166677	-0.105792	0.00923656	0.168905	0.347945	0.50911	0.601881	0.622697	0.573941	0.472631	0.351851	0.226703	0.109311	0.0149592	-0.041903	-0.0473834	-0.00211941	0.078237	0.161876	0.241646	0.305911	0.358709	0.409272	0.475074	0.581048	0.728103	0.892022	1.05715	1.20745	
0.632639	0.632639	0.649995	0.695738	0.772777	0.869316	0.958132	1.02696	1.06798	1.08701	1.06932	1.01234	0.905818	0.766548	0.60021	0.439756	0.293865	0.165516	0.050353	-0.0377527	-0.086788	-0.0861826	-0.0230028	0.0892371	0.239383	0.409252	0.552541	0.63343	0.646902	0.601447	0.507733	0.402607	0.302536	0.207552	0.136316	0.0986196	0.0967253	0.136117	0.196241	0.252466	0.296151	0.319768	0.332301	0.347893	0.396098	0.497682	0.649065	0.829919	1.0239	1.20946	
0.972279	0.972279	0.982668	1.00527	1.05058	1.11211	1.15513	1.15567	1.12408	1.07899	1.01514	0.924742	0.806385	0.668556	0.519656	0.377607	0.255368	0.147028	0.0523827	-0.016974	-0.0462403	-0.0270453	0.0422199	0.153756	0.290624	0.439541	0.556528	0.620502	0.630471	0.592183	0.511007	0.422629	0.340383	0.273261	0.232118	0.222595	0.231373	0.266674	0.311008	0.339575	0.346632	0.334936	0.310851	0.300145	0.323594	0.406297	0.543861	0.722095	0.931005	1.1481	
1.28319	1.28319	1.27477	1.26144	1.26335	1.28303	1.27166	1.20069	1.09193	0.983403	0.877235	0.764537	0.643392	0.513211	0.384647	0.264555	0.168887	0.0824768	0.00838074	-0.0420366	-0.0477365	-0.00614698	0.0737771	0.185555	0.309511	0.431591	0.522418	0.570248	0.579047	0.546814	0.478708	0.4009	0.334783	0.29737	0.291494	0.310266	0.334701	0.369493	0.39681	0.397592	0.374114	0.339909	0.295945	0.261315	0.253797	0.304863	0.422093	0.593484	0.803377	1.02969	
1.53792	1.53792	1.5093	1.45903	1.4153	1.38235	1.3097	1.16783	0.992523	0.828201	0.688268	0.561897	0.444854	0.328671	0.219371	0.123565	0.0492858	-0.0152063	-0.0718522	-0.104163	-0.0885843	-0.0331384	0.0555035	0.163011	0.278401	0.378783	0.453194	0.493735	0.499675	0.473468	0.416667	0.349246	0.302681	0.290516	0.317358	0.357094	0.397692	0.429244	0.439824	0.426507	0.388196	0.337571	0.273648	0.211195	0.179616	0.200963	0.297476	0.451871	0.649788	0.877731	
1.71638	1.71638	1.67544	1.59773	1.51283	1.41798	1.27994	1.07556	0.852499	0.647664	0.481748	0.347388	0.238476	0.14041	0.0514214	-0.0223609	-0.0782677	-0.12424	-0.16354	-0.178684	-0.152464	-0.0946153	-0.0125072	0.0884658	0.192594	0.283249	0.350551	0.390187	0.394752	0.375461	0.334244	0.284218	0.259486	0.271777	0.317917	0.373696	0.424012	0.459635	0.466387	0.448868	0.397088	0.323391	0.235862	0.148471	0.0921204	0.0944245	0.168887	0.308334	0.490113	0.709658	
1.82815	1.82815	1.78203	1.68798	1.5689	1.41328	1.21276	0.958269	0.70482	0.474169	0.289811	0.149174	0.04739	-0.0349193	-0.105893	-0.160639	-0.200332	-0.230943	-0.253952	-0.256271	-0.228526	-0.180245	-0.114203	-0.0281219	0.0620659	0.14711	0.216015	0.259916	0.271777	0.264939	0.243987	0.217312	0.213665	0.244997	0.297985	0.364088	0.426142	0.47237	0.487699	0.46449	0.398815	0.301502	0.189138	0.0815286	4.74696e-05	-0.0156628	0.0404759	0.165834	0.331623	0.534323	
1.88137	1.88137	1.82963	1.72781	1.58019	1.38353	1.13018	0.846125	0.570991	0.33174	0.134826	-0.00863703	-0.10932	-0.18264	-0.240891	-0.279686	-0.306482	-0.326853	-0.340274	-0.335624	-0.311776	-0.278028	-0.232388	-0.173206	-0.102348	-0.0238685	0.0536073	0.112462	0.141721	0.15768	0.156633	0.158845	0.175578	0.219915	0.276772	0.347113	0.417586	0.468847	0.487131	0.460567	0.383822	0.270095	0.134109	0.0106289	-0.0845659	-0.115693	-0.0743869	0.0301721	0.18229	0.367429	
1.86882	1.86882	1.81111	1.701	1.53829	1.31873	1.04105	0.743371	0.464513	0.225923	0.028691	-0.116614	-0.217128	-0.286505	-0.335384	-0.36247	-0.382122	-0.398583	-0.409313	-0.401736	-0.384404	-0.365698	-0.346579	-0.322796	-0.278693	-0.207906	-0.121207	-0.0444608	0.00772432	0.0481274	0.070773	0.104347	0.148266	0.207089	0.272839	0.3401	0.409769	0.458269	0.477445	0.443915	0.35481	0.228438	0.0801891	-0.0564576	-0.160654	-0.205005	-0.170724	-0.0791343	0.0609808	0.234578	
1.79035	1.79035	1.72951	1.61247	1.44388	1.21706	0.942664	0.652665	0.388712	0.159824	-0.0302317	-0.173542	-0.270624	-0.333928	-0.376608	-0.39856	-0.418037	-0.433887	-0.444303	-0.437834	-0.431602	-0.430609	-0.442787	-0.452874	-0.438446	-0.378374	-0.294921	-0.21195	-0.14138	-0.0806137	-0.025949	0.0397083	0.117425	0.196135	0.274242	0.345214	0.411531	0.460178	0.476069	0.429487	0.331785	0.190648	0.0342889	-0.112486	-0.22199	-0.273207	-0.243655	-0.154317	-0.0242338	0.124773	
1.6539	1.6539	1.59617	1.47961	1.3094	1.08831	0.835596	0.576918	0.343744	0.134777	-0.0425874	-0.179181	-0.267033	-0.324029	-0.363328	-0.390039	-0.413237	-0.432618	-0.446013	-0.453373	-0.465037	-0.489478	-0.525005	-0.563839	-0.569605	-0.532066	-0.464798	-0.390947	-0.308838	-0.224287	-0.136551	-0.0390494	0.0674828	0.16981	0.268764	0.353694	0.424876	0.474358	0.479557	0.421153	0.313122	0.166036	0.00136728	-0.149177	-0.25943	-0.309102	-0.289506	-0.216701	-0.111647	0.0192981	
1.48588	1.48588	1.4364	1.32743	1.16122	0.954228	0.731663	0.516758	0.322902	0.144772	-0.0145896	-0.139233	-0.21995	-0.272532	-0.311178	-0.34366	-0.37221	-0.398991	-0.427392	-0.458253	-0.497429	-0.542288	-0.598967	-0.653477	-0.681735	-0.671797	-0.632505	-0.57477	-0.487656	-0.3808	-0.265429	-0.140845	-0.00989765	0.129315	0.259267	0.370008	0.448269	0.495616	0.488263	0.415508	0.292898	0.142443	-0.0203134	-0.167596	-0.280591	-0.336599	-0.329505	-0.27328	-0.187077	-0.0690718	
1.29275	1.29275	1.25191	1.15604	1.00407	0.820935	0.632066	0.462514	0.313151	0.177596	0.0465129	-0.0614316	-0.139377	-0.187267	-0.222198	-0.252865	-0.287807	-0.329629	-0.382268	-0.443107	-0.506037	-0.57212	-0.64699	-0.718152	-0.76812	-0.784049	-0.771309	-0.730261	-0.648168	-0.530669	-0.393142	-0.247724	-0.0827216	0.0964609	0.261414	0.395071	0.478048	0.518573	0.496183	0.412119	0.285434	0.13324	-0.0261235	-0.173803	-0.284104	-0.345306	-0.356056	-0.313965	-0.23453	-0.127628	
1.08594	1.08594	1.05145	0.970533	0.84353	0.691144	0.538416	0.407812	0.304438	0.212567	0.118585	0.0270393	-0.0442633	-0.0874044	-0.111384	-0.136898	-0.177685	-0.234865	-0.309701	-0.391687	-0.473787	-0.561336	-0.656833	-0.747203	-0.8125	-0.850564	-0.857872	-0.84089	-0.778787	-0.664132	-0.513749	-0.343141	-0.14252	0.0741773	0.265316	0.409857	0.497143	0.528139	0.499725	0.409609	0.279941	0.128903	-0.0251618	-0.165804	-0.271372	-0.330786	-0.346621	-0.31705	-0.249094	-0.155821	
0.865626	0.865626	0.836193	0.771915	0.674542	0.559358	0.444563	0.35268	0.287221	0.234466	0.173725	0.107487	0.0497978	0.0169384	0.000310181	-0.0214678	-0.0634931	-0.125143	-0.207322	-0.30115	-0.401008	-0.510643	-0.628053	-0.732981	-0.81415	-0.870782	-0.903337	-0.915438	-0.883802	-0.781147	-0.623109	-0.427156	-0.194754	0.0498521	0.255522	0.404458	0.49329	0.517502	0.484564	0.390864	0.254856	0.109878	-0.0309854	-0.151823	-0.242047	-0.294898	-0.308714	-0.283346	-0.222706	-0.146078	
0.625543	0.625543	0.602913	0.556392	0.49231	0.418177	0.349523	0.296226	0.26301	0.236886	0.208468	0.175025	0.14198	0.11791	0.100131	0.0789112	0.0437241	-0.00718028	-0.0844352	-0.184585	-0.30185	-0.430088	-0.563038	-0.68097	-0.781803	-0.862474	-0.924467	-0.964581	-0.962447	-0.877279	-0.717839	-0.502083	-0.243143	0.0180805	0.232919	0.383322	0.472375	0.487543	0.443165	0.344473	0.212248	0.0795838	-0.0456898	-0.149542	-0.216587	-0.25133	-0.252753	-0.223953	-0.172131	-0.118828	
0.39499	0.39499	0.379082	0.351628	0.321309	0.291264	0.268391	0.249793	0.240124	0.232467	0.232789	0.230288	0.220326	0.198919	0.17558	0.155853	0.133437	0.101343	0.0377254	-0.0605286	-0.186425	-0.325608	-0.466599	-0.601509	-0.725967	-0.838499	-0.930475	-0.997964	-1.02101	-0.959505	-0.804412	-0.57462	-0.294084	-0.0206356	0.203173	0.355971	0.441566	0.446973	0.392019	0.288209	0.161338	0.0330167	-0.0796954	-0.16805	-0.213261	-0.220907	-0.194875	-0.15233	-0.107245	-0.0769528	
0.191943	0.191943	0.181971	0.17506	0.180437	0.19397	0.208173	0.217531	0.226661	0.239173	0.2594	0.274293	0.272895	0.249829	0.223706	0.204538	0.192893	0.176461	0.135087	0.051529	-0.0707246	-0.211244	-0.356622	-0.504118	-0.649803	-0.791178	-0.911965	-1.00496	-1.04881	-1.00996	-0.863225	-0.623649	-0.335279	-0.0567272	0.170134	0.326582	0.409192	0.407924	0.341842	0.23326	0.105609	-0.0222541	-0.134044	-0.210099	-0.232833	-0.207844	-0.151489	-0.091204	-0.047893	-0.0257724	
0.0067319	0.0067319	0.00450317	0.0210924	0.062939	0.114675	0.157014	0.191462	0.222905	0.259719	0.289344	0.306695	0.299748	0.276806	0.24891	0.229885	0.221648	0.219626	0.205425	0.146585	0.0365199	-0.0971395	-0.240907	-0.388829	-0.548158	-0.709061	-0.857051	-0.969481	-1.02518	-1.00148	-0.861584	-0.624267	-0.344317	-0.0738726	0.147673	0.308799	0.387704	0.380295	0.299524	0.181478	0.0524007	-0.0802726	-0.19567	-0.26277	-0.26285	-0.209425	-0.130698	-0.0528949	0.000544759	0.0240948	
-0.16423	-0.16423	-0.154769	-0.111951	-0.0413484	0.0401568	0.105165	0.166814	0.22338	0.278568	0.312	0.32068	0.306076	0.277222	0.247865	0.228195	0.225765	0.240426	0.252057	0.219522	0.130105	0.0109719	-0.116943	-0.260631	-0.420956	-0.599439	-0.765677	-0.891433	-0.95161	-0.934645	-0.805077	-0.583365	-0.323369	-0.0719581	0.143776	0.303553	0.377892	0.363295	0.269552	0.139855	0.00154383	-0.143117	-0.257736	-0.317624	-0.305166	-0.233733	-0.135825	-0.0377078	0.0334692	0.07002	
-0.332112	-0.332112	-0.306039	-0.240639	-0.147758	-0.0456971	0.0475967	0.139327	0.21972	0.286539	0.322486	0.326811	0.301222	0.260576	0.22536	0.209007	0.217844	0.245444	0.272864	0.260732	0.195545	0.101996	-0.0069761	-0.136884	-0.29508	-0.476767	-0.648356	-0.775169	-0.833037	-0.818239	-0.701299	-0.501941	-0.271109	-0.0437556	0.15439	0.30313	0.370149	0.345576	0.242317	0.101675	-0.0476654	-0.197277	-0.312915	-0.367947	-0.349624	-0.273081	-0.165204	-0.0496791	0.0438675	0.0972504	
-0.479757	-0.479757	-0.439395	-0.357891	-0.250192	-0.1306	-0.00777028	0.112289	0.210557	0.284651	0.324723	0.327021	0.287149	0.231917	0.190601	0.180766	0.19895	0.23218	0.264931	0.265688	0.226042	0.158079	0.0699847	-0.0442751	-0.193446	-0.364396	-0.527204	-0.642987	-0.696254	-0.679267	-0.57301	-0.397554	-0.193876	0.00530596	0.17812	0.306346	0.360866	0.326913	0.215181	0.0657524	-0.0949937	-0.246468	-0.362608	-0.415066	-0.396699	-0.320964	-0.210442	-0.0832645	0.0305897	0.100937	
-0.590355	-0.590355	-0.542835	-0.452683	-0.333763	-0.199734	-0.0529223	0.0872176	0.202555	0.281699	0.326732	0.320022	0.270307	0.204994	0.164271	0.155497	0.174278	0.20689	0.237331	0.245514	0.223138	0.175404	0.105413	0.00562615	-0.125928	-0.277612	-0.416915	-0.515272	-0.560064	-0.535975	-0.436091	-0.278107	-0.0954959	0.0776855	0.224498	0.323584	0.361606	0.315714	0.198875	0.0413764	-0.131089	-0.286974	-0.398826	-0.452247	-0.439406	-0.367388	-0.252982	-0.117475	0.00517004	0.0854476	
-0.667337	-0.667337	-0.617347	-0.522037	-0.394968	-0.251633	-0.0917349	0.0652189	0.197753	0.285543	0.326831	0.311304	0.257211	0.197876	0.159047	0.144718	0.152947	0.177717	0.201416	0.208144	0.194764	0.158122	0.100231	0.0163823	-0.0920633	-0.211716	-0.32038	-0.394657	-0.425457	-0.390437	-0.288695	-0.141817	0.0260653	0.177101	0.296578	0.366183	0.383366	0.32429	0.202291	0.0396773	-0.136357	-0.293969	-0.408445	-0.468391	-0.457607	-0.389417	-0.278812	-0.150119	-0.023127	0.0653202	
-0.705518	-0.705518	-0.651974	-0.552607	-0.425884	-0.283895	-0.122059	0.0487457	0.194248	0.287046	0.318677	0.297757	0.250283	0.205514	0.173729	0.149635	0.14375	0.152126	0.165798	0.167808	0.155805	0.122304	0.0681693	0.0010381	-0.0802618	-0.165277	-0.243979	-0.294785	-0.306794	-0.255817	-0.149351	-0.00429015	0.151379	0.291195	0.390352	0.438325	0.433154	0.363264	0.237426	0.0769595	-0.103221	-0.26265	-0.385683	-0.448792	-0.44368	-0.380433	-0.281032	-0.162829	-0.0419485	0.0522932	
-0.720603	-0.720603	-0.659089	-0.556743	-0.438219	-0.307286	-0.146572	0.0316223	0.184208	0.275399	0.303459	0.285993	0.253242	0.227201	0.205353	0.176731	0.151044	0.136933	0.13418	0.128816	0.111529	0.0732327	0.022858	-0.0285183	-0.0808355	-0.135131	-0.18519	-0.211347	-0.197359	-0.130546	-0.0165341	0.126677	0.276098	0.408732	0.497729	0.531413	0.506631	0.429839	0.307121	0.15253	-0.0216461	-0.18689	-0.31654	-0.386071	-0.389592	-0.33573	-0.254177	-0.157084	-0.0537994	0.0355259	
-0.711906	-0.711906	-0.643653	-0.54077	-0.436252	-0.317788	-0.164762	0.0116637	0.158723	0.248706	0.281918	0.278684	0.264793	0.25895	0.2512	0.222555	0.178296	0.137986	0.113747	0.0941701	0.0664775	0.0236909	-0.0206451	-0.0602545	-0.0913101	-0.119131	-0.141894	-0.141337	-0.101547	-0.0199312	0.101324	0.245542	0.392977	0.518834	0.603971	0.630648	0.595066	0.520256	0.404106	0.259642	0.0950991	-0.0727117	-0.205882	-0.281589	-0.291195	-0.253869	-0.199522	-0.130235	-0.0498196	0.0215595	
-0.672014	-0.672014	-0.604513	-0.508269	-0.414174	-0.309348	-0.171688	-0.0135036	0.119998	0.210696	0.255797	0.273904	0.282738	0.298518	0.305629	0.279323	0.224291	0.158389	0.108293	0.0681034	0.0300953	-0.0100771	-0.0499984	-0.0809813	-0.0994955	-0.103362	-0.102825	-0.0811434	-0.0197078	0.0753797	0.201599	0.348609	0.487684	0.606687	0.689018	0.719002	0.688013	0.622715	0.519266	0.386281	0.226283	0.0656719	-0.0649895	-0.136972	-0.15851	-0.147617	-0.121281	-0.0773575	-0.0246141	0.0281847	
-0.604124	-0.604124	-0.547459	-0.462449	-0.374284	-0.282541	-0.169307	-0.0421784	0.0772182	0.167566	0.230253	0.271779	0.311269	0.348433	0.367083	0.346329	0.284896	0.199558	0.11919	0.0578215	0.0121919	-0.027135	-0.0586182	-0.0834421	-0.0871608	-0.0773136	-0.0599474	-0.0203592	0.0608707	0.169017	0.295367	0.433921	0.559451	0.662363	0.742824	0.78066	0.764915	0.71234	0.621543	0.49892	0.357211	0.215317	0.0999258	0.0316264	-0.00383048	-0.012968	-0.0068577	0.010306	0.032922	0.0560758	
-0.510916	-0.510916	-0.469089	-0.398533	-0.316023	-0.240299	-0.156633	-0.0638058	0.039705	0.12905	0.207823	0.278364	0.351392	0.410831	0.438313	0.423655	0.359651	0.260515	0.155222	0.0753668	0.0174756	-0.0214284	-0.0434821	-0.0531289	-0.0516117	-0.0385765	-0.0109239	0.049321	0.147064	0.260113	0.376941	0.496791	0.603374	0.68709	0.760559	0.802843	0.804769	0.766723	0.693211	0.586928	0.471038	0.356504	0.26799	0.209015	0.171777	0.149848	0.143712	0.145482	0.144697	0.131868	
-0.391497	-0.391497	-0.362174	-0.306236	-0.239088	-0.180988	-0.128066	-0.0637268	0.0176002	0.105073	0.196438	0.29954	0.403225	0.484784	0.520354	0.510444	0.445629	0.340114	0.22	0.121997	0.0500765	0.0120984	0.00283829	0.00525317	0.00309754	0.0137023	0.0525738	0.129945	0.230091	0.337584	0.43733	0.535733	0.616491	0.678873	0.736634	0.780408	0.801685	0.782221	0.731385	0.649139	0.558774	0.47869	0.42176	0.385407	0.359108	0.338607	0.335101	0.324164	0.302932	0.266204	
-0.24241	-0.24241	-0.220605	-0.181071	-0.139945	-0.100915	-0.0726849	-0.0322807	0.0237581	0.106083	0.210475	0.340626	0.470534	0.569336	0.614875	0.606398	0.542432	0.435072	0.305551	0.190929	0.110051	0.0721844	0.0687865	0.0707641	0.0705343	0.0827683	0.132301	0.212512	0.304881	0.405129	0.487427	0.55939	0.605858	0.642118	0.67981	0.724273	0.761237	0.761269	0.73049	0.680228	0.626925	0.590185	0.568151	0.562514	0.55661	0.555116	0.556534	0.539924	0.504322	0.445993	
-0.0587073	-0.0587073	-0.0415639	-0.0268858	-0.0121005	0.00156769	0.0172284	0.0286367	0.063642	0.134805	0.250272	0.395751	0.54067	0.651953	0.704192	0.697892	0.634474	0.526046	0.391559	0.269284	0.188196	0.146842	0.134006	0.137988	0.148385	0.170218	0.218049	0.29115	0.378968	0.466934	0.532369	0.565338	0.577728	0.591005	0.612981	0.654358	0.693677	0.709825	0.708775	0.694968	0.684313	0.685219	0.700896	0.727724	0.748854	0.771084	0.783029	0.775199	0.733628	0.659714	
0.140392	0.140392	0.146107	0.13466	0.121107	0.116985	0.118515	0.107445	0.123114	0.186238	0.306143	0.455533	0.607831	0.724787	0.78474	0.78176	0.720844	0.613127	0.479835	0.362133	0.281331	0.22993	0.204189	0.213518	0.23849	0.265992	0.309882	0.38019	0.462119	0.534301	0.576277	0.57657	0.563254	0.556717	0.565708	0.592679	0.623336	0.653521	0.682853	0.710987	0.735438	0.764994	0.813353	0.871743	0.93035	0.980093	1.00639	1.003	0.954669	0.874767	
0.329527	0.329527	0.315547	0.277951	0.239263	0.223052	0.207383	0.181745	0.18139	0.239158	0.351932	0.496989	0.646225	0.764388	0.828744	0.83152	0.77672	0.676589	0.555515	0.447567	0.367938	0.309789	0.283214	0.296544	0.332225	0.368412	0.419714	0.487047	0.553483	0.605	0.624167	0.601454	0.566063	0.536378	0.527496	0.533646	0.5579	0.599272	0.652731	0.714228	0.767679	0.826413	0.900008	0.984389	1.07559	1.14425	1.18292	1.18181	1.13431	1.05537	
0.467825	0.467825	0.431578	0.368947	0.312652	0.283827	0.255378	0.221083	0.213768	0.262882	0.362887	0.495518	0.636049	0.749807	0.816318	0.82663	0.786134	0.704757	0.603986	0.507288	0.431646	0.380801	0.361031	0.37636	0.419078	0.474683	0.537833	0.592985	0.642029	0.675032	0.675755	0.630551	0.571226	0.520722	0.488395	0.475666	0.487384	0.530131	0.603211	0.681064	0.758627	0.844976	0.943836	1.04941	1.15179	1.23217	1.28578	1.29215	1.25124	1.16838	
0.516622	0.516622	0.461577	0.381056	0.31113	0.272539	0.23653	0.205957	0.197336	0.239093	0.32358	0.441881	0.570591	0.676196	0.745171	0.765617	0.750406	0.69693	0.620496	0.537292	0.470696	0.436468	0.42526	0.445918	0.496639	0.57019	0.63709	0.681471	0.718325	0.735594	0.71089	0.646054	0.566939	0.496897	0.437903	0.405919	0.398244	0.434435	0.51336	0.60658	0.703375	0.81051	0.925416	1.04377	1.15537	1.25026	1.30746	1.31611	1.27765	1.19804	
0.47957	0.47957	0.41403	0.322184	0.243276	0.193328	0.157064	0.134221	0.128412	0.160298	0.226597	0.328457	0.436539	0.533874	0.598943	0.638406	0.650484	0.633315	0.584018	0.52003	0.471969	0.453774	0.46123	0.49328	0.551768	0.628343	0.692811	0.735834	0.75916	0.749874	0.69828	0.616456	0.526753	0.431292	0.344395	0.289277	0.270997	0.303181	0.377707	0.472971	0.586825	0.712944	0.844317	0.967736	1.08388	1.18085	1.24061	1.24982	1.21164	1.13721	
0.359955	0.359955	0.291703	0.198046	0.114971	0.0577969	0.0245179	0.0123225	0.0124809	0.0341561	0.084335	0.163249	0.249486	0.330771	0.39533	0.452575	0.493608	0.511164	0.49084	0.453343	0.424338	0.425407	0.456525	0.504844	0.566358	0.634645	0.702192	0.744211	0.74984	0.713	0.643253	0.548915	0.440304	0.320933	0.207993	0.130434	0.105843	0.13277	0.196503	0.285944	0.414793	0.56505	0.717349	0.846241	0.956763	1.04567	1.10247	1.11183	1.07505	1.00206	
0.179896	0.179896	0.11448	0.0273588	-0.0527394	-0.111696	-0.143061	-0.145785	-0.139827	-0.125896	-0.0925897	-0.0405848	0.0211222	0.0818063	0.149367	0.220591	0.290148	0.336059	0.350265	0.341801	0.336264	0.360333	0.415662	0.47774	0.538235	0.598381	0.664985	0.698313	0.686332	0.631765	0.550624	0.44161	0.310648	0.174393	0.0466491	-0.0451113	-0.0776181	-0.0645849	-0.0144085	0.0813709	0.222723	0.389304	0.552316	0.690501	0.801233	0.882666	0.929314	0.934792	0.896168	0.829847	
-0.0358552	-0.0358552	-0.0940146	-0.168967	-0.236962	-0.294182	-0.324285	-0.324318	-0.313722	-0.306848	-0.291944	-0.268091	-0.235891	-0.19403	-0.127516	-0.0425992	0.04682	0.119383	0.168136	0.192274	0.216949	0.26931	0.344073	0.416044	0.475622	0.535418	0.587289	0.610166	0.586567	0.52255	0.428837	0.30309	0.159014	0.0118957	-0.125745	-0.227574	-0.2708	-0.266005	-0.222245	-0.12201	0.0307915	0.209516	0.385175	0.534292	0.64656	0.719196	0.753848	0.75047	0.710788	0.642976	
-0.270235	-0.270235	-0.316868	-0.374176	-0.42451	-0.474742	-0.504597	-0.506862	-0.497122	-0.496869	-0.501298	-0.505124	-0.503653	-0.480349	-0.418814	-0.325937	-0.223525	-0.128088	-0.0472918	0.0134931	0.0758522	0.160382	0.249058	0.326731	0.392331	0.454363	0.4884	0.499149	0.469228	0.400648	0.293359	0.156854	0.000633304	-0.153024	-0.293652	-0.406164	-0.461607	-0.457056	-0.409311	-0.30715	-0.149345	0.0471689	0.239174	0.400273	0.514585	0.579412	0.59693	0.58471	0.546958	0.481295	
-0.506249	-0.506249	-0.536428	-0.571765	-0.603013	-0.641849	-0.669688	-0.678048	-0.675136	-0.683582	-0.704442	-0.733079	-0.757972	-0.751647	-0.698579	-0.603271	-0.492873	-0.378405	-0.267824	-0.167828	-0.0614139	0.0490429	0.149029	0.225541	0.301323	0.359893	0.380019	0.375513	0.340692	0.269555	0.15647	0.0136479	-0.150993	-0.308512	-0.442413	-0.560184	-0.626817	-0.629109	-0.573485	-0.458909	-0.293097	-0.0877544	0.119125	0.300917	0.424381	0.48355	0.49441	0.480588	0.440327	0.375011	
-0.7171	-0.7171	-0.72666	-0.737714	-0.75148	-0.776307	-0.800114	-0.816874	-0.827846	-0.849082	-0.884285	-0.93475	-0.97952	-0.991204	-0.949737	-0.861503	-0.747548	-0.619128	-0.481396	-0.338001	-0.19227	-0.0585307	0.0463312	0.127859	0.205236	0.259217	0.268984	0.250892	0.209379	0.133515	0.0173127	-0.130688	-0.296769	-0.451864	-0.586181	-0.701403	-0.773094	-0.77792	-0.713652	-0.580021	-0.395715	-0.182965	0.0394088	0.239104	0.375951	0.444282	0.456717	0.437412	0.395874	0.334374	
-0.876984	-0.876984	-0.864536	-0.852323	-0.849724	-0.861426	-0.880084	-0.907318	-0.937388	-0.975787	-1.02668	-1.09446	-1.15485	-1.18368	-1.15927	-1.0875	-0.975604	-0.838714	-0.673317	-0.491027	-0.312271	-0.163578	-0.0524567	0.0345345	0.105729	0.151852	0.156879	0.127828	0.0742876	-0.00736602	-0.125746	-0.277224	-0.43949	-0.589051	-0.723365	-0.838033	-0.909351	-0.908136	-0.827259	-0.674099	-0.476428	-0.242952	0.0016557	0.21714	0.369655	0.455746	0.477357	0.457495	0.416721	0.364695	
-0.979654	-0.979654	-0.948441	-0.914685	-0.89641	-0.895328	-0.910288	-0.946781	-0.995917	-1.05261	-1.11987	-1.19877	-1.26966	-1.31072	-1.30838	-1.25689	-1.15543	-1.00979	-0.820809	-0.60814	-0.408187	-0.252752	-0.135937	-0.0489084	0.0106107	0.0449688	0.0466627	0.0105834	-0.0574521	-0.145575	-0.264163	-0.41319	-0.567597	-0.712578	-0.843387	-0.954544	-1.02233	-1.01405	-0.91599	-0.743541	-0.524895	-0.267767	-0.0023755	0.230987	0.4052	0.511607	0.552914	0.543677	0.503947	0.448419	
-1.01939	-1.01939	-0.975934	-0.924596	-0.892058	-0.880622	-0.896618	-0.941462	-1.00796	-1.08344	-1.1688	-1.25661	-1.3341	-1.38591	-1.40627	-1.3791	-1.29194	-1.1377	-0.929875	-0.695689	-0.485841	-0.324249	-0.205644	-0.119135	-0.0714551	-0.0507787	-0.0547294	-0.09414	-0.171485	-0.273396	-0.398044	-0.536888	-0.679159	-0.82252	-0.957366	-1.05827	-1.1102	-1.09322	-0.988145	-0.796728	-0.541305	-0.262295	0.0105286	0.258478	0.459394	0.589949	0.651546	0.654314	0.614835	0.55596	
-1.02059	-1.02059	-0.970894	-0.907708	-0.862381	-0.844623	-0.863202	-0.915409	-0.993037	-1.08493	-1.1853	-1.28038	-1.36059	-1.42108	-1.45966	-1.45583	-1.38123	-1.22147	-0.998892	-0.755742	-0.540284	-0.376914	-0.256391	-0.174555	-0.132285	-0.125863	-0.134749	-0.174627	-0.254525	-0.372653	-0.503686	-0.629703	-0.760175	-0.907153	-1.04438	-1.1372	-1.17459	-1.15118	-1.0378	-0.829931	-0.549314	-0.249953	0.0347644	0.295984	0.514223	0.663175	0.743009	0.755814	0.71642	0.657231	
-1.01347	-1.01347	-0.961853	-0.89209	-0.839632	-0.817818	-0.839314	-0.894489	-0.977821	-1.07804	-1.18715	-1.28544	-1.36599	-1.43066	-1.47896	-1.48878	-1.42151	-1.25785	-1.02837	-0.781336	-0.565992	-0.399675	-0.282007	-0.20176	-0.16524	-0.164954	-0.179256	-0.218314	-0.300079	-0.428216	-0.559684	-0.677187	-0.804376	-0.952729	-1.08628	-1.17019	-1.20888	-1.18091	-1.05622	-0.840307	-0.552905	-0.242499	0.0575987	0.319381	0.541642	0.711372	0.804334	0.815306	0.781439	0.725271	
-1.01347	-1.01347	-0.961853	-0.89209	-0.839632	-0.817818	-0.839314	-0.894489	-0.977821	-1.07804	-1.18715	-1.28544	-1.36599	-1.43066	-1.47896	-1.48878	-1.42151	-1.25785	-1.02837	-0.781336	-0.565992	-0.399675	-0.282007	-0.20176	-0.16524	-0.164954	-0.179256	-0.218314	-0.300079	-0.428216	-0.559684	-0.677187	-0.804376	-0.952729	-1.08628	-1.17019	-1.20888	-1.18091	-1.05622	-0.840307	-0.552905	-0.242499	0.0575987	0.319381	0.541642	0.711372	0.804334	0.815306	0.781439	0.725271	
