0.0308631	0.105644	0.173638	0.242958	0.333415	0.433697	0.533615	0.630876	0.710747	0.762135	0.767569	0.729343	0.676875	0.613951	0.537813	0.443454	0.343676	0.260866	0.202373	0.180367	0.20325	0.265817	0.345244	0.41335	0.455216	0.463026	0.453521	0.433853	0.404072	0.363933	0.300978	0.229236	0.161218	0.125099	0.132649	0.169937	0.22708	0.282143	0.317774	0.32118	0.283076	0.200221	0.0932805	-0.0207193	-0.139912	-0.257218	-0.373104	-0.473427	-0.529542	-0.529542	
0.105644	0.18419	0.254601	0.318188	0.385827	0.455999	0.52513	0.593721	0.649347	0.685608	0.689812	0.666422	0.634582	0.5947	0.539262	0.467126	0.395713	0.333252	0.288574	0.273277	0.294927	0.347879	0.419676	0.475444	0.501137	0.493505	0.462011	0.423124	0.379274	0.332376	0.264682	0.18665	0.11696	0.0820557	0.0995125	0.152554	0.22489	0.301862	0.362247	0.390917	0.374852	0.30814	0.212729	0.103365	-0.0108764	-0.119346	-0.224817	-0.316011	-0.366066	-0.366066	
0.173638	0.254601	0.318055	0.37192	0.419372	0.466355	0.509782	0.545212	0.570334	0.586157	0.58864	0.57883	0.57524	0.560628	0.531829	0.491251	0.450242	0.410429	0.379623	0.368183	0.385581	0.4308	0.489409	0.532273	0.540037	0.512515	0.459603	0.397805	0.343228	0.293819	0.229433	0.159523	0.0979277	0.0678946	0.0844833	0.136963	0.212738	0.301257	0.383593	0.440261	0.454712	0.415678	0.340965	0.251063	0.157904	0.0688176	-0.0182263	-0.0941993	-0.135797	-0.135797	
0.242958	0.318188	0.37192	0.410113	0.438149	0.461223	0.473952	0.480634	0.480691	0.476499	0.474945	0.47562	0.491365	0.505257	0.50523	0.500561	0.497953	0.486898	0.474258	0.470408	0.480571	0.509816	0.548544	0.568739	0.554685	0.512021	0.440674	0.362041	0.30293	0.248581	0.193682	0.13947	0.0879369	0.0666191	0.0836199	0.133583	0.207011	0.29959	0.395819	0.477597	0.526153	0.525565	0.490876	0.432342	0.362728	0.290605	0.224134	0.175096	0.143923	0.143923	
0.333415	0.385827	0.419372	0.438149	0.443902	0.437305	0.421939	0.39914	0.378468	0.353782	0.341365	0.352796	0.386535	0.428091	0.459682	0.491255	0.522922	0.543106	0.549903	0.55291	0.557328	0.567145	0.581772	0.576073	0.544787	0.489137	0.407154	0.31944	0.251195	0.196881	0.149676	0.110744	0.0757736	0.0662242	0.0887224	0.135433	0.207426	0.305019	0.418318	0.526905	0.607745	0.6464	0.646993	0.621345	0.587364	0.549875	0.511097	0.481092	0.462652	0.462652	
0.433697	0.455999	0.466355	0.461223	0.437305	0.399844	0.353172	0.308411	0.260122	0.212498	0.188154	0.201182	0.252583	0.32306	0.388486	0.455319	0.519668	0.563605	0.590213	0.599	0.597609	0.591312	0.577989	0.548812	0.497928	0.43101	0.343076	0.250406	0.179649	0.127132	0.0902602	0.0704049	0.0595133	0.0670095	0.0977859	0.146026	0.223696	0.329907	0.455142	0.584187	0.688835	0.762799	0.803767	0.819808	0.827268	0.826761	0.827159	0.831333	0.833178	0.833178	
0.533615	0.52513	0.509782	0.473952	0.421939	0.353172	0.277373	0.207316	0.132092	0.0605522	0.0163237	0.0204881	0.0753591	0.165097	0.262223	0.366663	0.463463	0.544136	0.596567	0.614208	0.610318	0.581837	0.53311	0.472491	0.396599	0.315327	0.22952	0.14305	0.0803864	0.0395791	0.0210963	0.0260126	0.0410738	0.0686301	0.113977	0.169482	0.251323	0.365255	0.49929	0.646962	0.77628	0.88105	0.963246	1.02482	1.07751	1.11884	1.16111	1.20108	1.22272	1.22272	
0.630876	0.593721	0.545212	0.480634	0.39914	0.308411	0.207316	0.108582	0.00739662	-0.0961873	-0.170488	-0.187967	-0.142358	-0.0402853	0.0881105	0.226619	0.36433	0.480695	0.554812	0.584245	0.575653	0.527208	0.44797	0.349417	0.242646	0.141163	0.052577	-0.0194617	-0.0623256	-0.0731969	-0.0553756	-0.0143088	0.0381776	0.0956945	0.15332	0.216172	0.3025	0.41958	0.563421	0.717938	0.863561	0.998772	1.11707	1.22105	1.31565	1.40257	1.48459	1.54801	1.58708	1.58708	
0.710747	0.649347	0.570334	0.480691	0.378468	0.260122	0.132092	0.00739662	-0.123849	-0.251107	-0.351308	-0.396479	-0.369526	-0.273631	-0.129669	0.0405212	0.215605	0.366064	0.465773	0.506417	0.499392	0.432842	0.320035	0.185424	0.0454974	-0.0733245	-0.155085	-0.20408	-0.217254	-0.188861	-0.132518	-0.0470811	0.0522266	0.14166	0.219399	0.291339	0.377615	0.494873	0.639902	0.797857	0.956077	1.11004	1.25561	1.39227	1.51786	1.63205	1.73818	1.82747	1.88329	1.88329	
0.762135	0.685608	0.586157	0.476499	0.353782	0.212498	0.0605522	-0.0961873	-0.251107	-0.400098	-0.519393	-0.587233	-0.584238	-0.503188	-0.349953	-0.159372	0.0395466	0.216303	0.336733	0.395547	0.392103	0.315482	0.178321	0.0155095	-0.149082	-0.280285	-0.354586	-0.379457	-0.358067	-0.289794	-0.184768	-0.0555636	0.0838352	0.204142	0.295916	0.378996	0.467043	0.581671	0.720194	0.867611	1.02184	1.17547	1.33486	1.49633	1.64554	1.78441	1.91334	2.01724	2.07707	2.07707	
0.767569	0.689812	0.58864	0.474945	0.341365	0.188154	0.0163237	-0.170488	-0.351308	-0.519393	-0.654452	-0.741744	-0.758747	-0.685632	-0.529213	-0.328855	-0.112137	0.0856772	0.228552	0.303941	0.302385	0.216152	0.0651298	-0.121588	-0.307514	-0.451881	-0.526357	-0.530897	-0.4739	-0.361172	-0.211309	-0.0405377	0.130891	0.275705	0.378579	0.465416	0.550061	0.65178	0.773675	0.892298	1.02251	1.16789	1.331	1.50317	1.67142	1.83562	1.98143	2.09949	2.16923	2.16923	
0.729343	0.666422	0.57883	0.47562	0.352796	0.201182	0.0204881	-0.187967	-0.396479	-0.587233	-0.741744	-0.844223	-0.866315	-0.792975	-0.633749	-0.420403	-0.181271	0.0416899	0.205321	0.290056	0.28661	0.192197	0.0252542	-0.186588	-0.400967	-0.56814	-0.651862	-0.646383	-0.560809	-0.411795	-0.225134	-0.018839	0.178603	0.337441	0.446632	0.528454	0.598431	0.677906	0.768389	0.856782	0.962159	1.08549	1.23672	1.41234	1.59125	1.764	1.92086	2.05259	2.12818	2.12818	
0.676875	0.634582	0.57524	0.491365	0.386535	0.252583	0.0753591	-0.142358	-0.369526	-0.584238	-0.758747	-0.866315	-0.884009	-0.805999	-0.637584	-0.398315	-0.132015	0.112729	0.292952	0.381704	0.375247	0.269919	0.0779038	-0.16353	-0.410285	-0.604716	-0.707191	-0.705816	-0.608722	-0.441416	-0.226895	0.00213003	0.213846	0.378362	0.483165	0.549605	0.599771	0.650351	0.702402	0.755783	0.820139	0.91569	1.05324	1.21936	1.39735	1.57235	1.73578	1.86693	1.93966	1.93966	
0.613951	0.5947	0.560628	0.505257	0.428091	0.32306	0.165097	-0.0402853	-0.273631	-0.503188	-0.685632	-0.792975	-0.805999	-0.714902	-0.525816	-0.25611	0.0376524	0.301909	0.500098	0.598929	0.584253	0.455412	0.233668	-0.0431066	-0.321762	-0.547376	-0.679165	-0.699466	-0.606888	-0.433831	-0.20928	0.0298602	0.236843	0.389066	0.477497	0.519417	0.542712	0.561311	0.572775	0.581249	0.603435	0.66879	0.782218	0.931993	1.10506	1.27424	1.42702	1.54768	1.61715	1.61715	
0.537813	0.539262	0.531829	0.50523	0.459682	0.388486	0.262223	0.0881105	-0.129669	-0.349953	-0.529213	-0.633749	-0.637584	-0.525816	-0.310721	-0.0146227	0.304134	0.595868	0.822731	0.930214	0.904607	0.750619	0.49593	0.183658	-0.133633	-0.397849	-0.567506	-0.616426	-0.540285	-0.376782	-0.161438	0.0610496	0.2426	0.364404	0.426662	0.440032	0.43244	0.41153	0.375866	0.34655	0.330896	0.361618	0.447125	0.577103	0.731874	0.878895	1.01905	1.12942	1.19164	1.19164	
0.443454	0.467126	0.491251	0.500561	0.491255	0.455319	0.366663	0.226619	0.0405212	-0.159372	-0.328855	-0.420403	-0.398315	-0.25611	-0.0146227	0.305222	0.64832	0.970491	1.21681	1.32688	1.29666	1.12986	0.845677	0.497771	0.137531	-0.174467	-0.388234	-0.477767	-0.435625	-0.296957	-0.102457	0.0941031	0.249456	0.340075	0.367489	0.341453	0.290498	0.225515	0.144432	0.0731171	0.0170811	0.0173453	0.0745186	0.173406	0.303602	0.432755	0.556795	0.647803	0.70055	0.70055	
0.343676	0.395713	0.450242	0.497953	0.522922	0.519668	0.463463	0.36433	0.215605	0.0395466	-0.112137	-0.181271	-0.132015	0.0376524	0.304134	0.64832	1.02566	1.37031	1.62555	1.74572	1.71816	1.5376	1.22562	0.838538	0.438085	0.0843969	-0.175036	-0.309736	-0.30894	-0.203399	-0.0354335	0.135698	0.261367	0.320812	0.31267	0.252009	0.160601	0.0485817	-0.0777427	-0.197208	-0.291586	-0.327312	-0.302082	-0.227346	-0.123707	-0.0224008	0.0714704	0.140794	0.180458	0.180458	
0.260866	0.333252	0.410429	0.486898	0.543106	0.563605	0.544136	0.480695	0.366064	0.216303	0.0856772	0.0416899	0.112729	0.301909	0.595868	0.970491	1.37031	1.7292	1.99198	2.12266	2.09576	1.89868	1.56423	1.15294	0.724148	0.33532	0.0371597	-0.138642	-0.178121	-0.102076	0.0371743	0.177267	0.274594	0.304078	0.268997	0.186697	0.0644856	-0.0872772	-0.254717	-0.415992	-0.543554	-0.613164	-0.621428	-0.579003	-0.51075	-0.442814	-0.383287	-0.339964	-0.3167	-0.3167	
0.202373	0.288574	0.379623	0.474258	0.549903	0.590213	0.596567	0.554812	0.465773	0.336733	0.228552	0.205321	0.292952	0.500098	0.822731	1.21681	1.62555	1.99198	2.25896	2.38729	2.35036	2.14796	1.80786	1.39122	0.949458	0.539499	0.216342	0.0137681	-0.0579306	-0.0124062	0.0984812	0.205983	0.281647	0.297127	0.24729	0.151192	0.00746266	-0.171025	-0.363767	-0.556062	-0.711132	-0.804802	-0.841457	-0.834519	-0.80787	-0.774528	-0.744407	-0.725734	-0.716183	-0.716183	
0.180367	0.273277	0.368183	0.470408	0.55291	0.599	0.614208	0.584245	0.506417	0.395547	0.303941	0.290056	0.381704	0.598929	0.930214	1.32688	1.74572	2.12266	2.38729	2.50641	2.46168	2.25539	1.91714	1.49578	1.05321	0.64655	0.323936	0.115649	0.0294333	0.0527182	0.135986	0.22346	0.282874	0.288999	0.235535	0.139934	-0.00775329	-0.194985	-0.395434	-0.598529	-0.760494	-0.873321	-0.934734	-0.952841	-0.955553	-0.955532	-0.964848	-0.970352	-0.976598	-0.976598	
0.20325	0.294927	0.385581	0.480571	0.557328	0.597609	0.610318	0.575653	0.499392	0.392103	0.302385	0.28661	0.375247	0.584253	0.904607	1.29666	1.71816	2.09576	2.35036	2.46168	2.41338	2.20564	1.86431	1.44713	1.01892	0.62821	0.320309	0.124586	0.0434649	0.0655383	0.146403	0.226929	0.281305	0.287671	0.239832	0.15604	0.0259255	-0.144039	-0.333024	-0.529185	-0.68849	-0.801466	-0.871226	-0.908945	-0.942925	-0.977036	-1.01674	-1.05146	-1.07308	-1.07308	
0.265817	0.347879	0.4308	0.509816	0.567145	0.591312	0.581837	0.527208	0.432842	0.315482	0.216152	0.192197	0.269919	0.455412	0.750619	1.12986	1.5376	1.89868	2.14796	2.25539	2.20564	1.99779	1.66316	1.26822	0.864268	0.497293	0.215373	0.0456046	-0.0137122	0.0255435	0.117848	0.206312	0.272844	0.297013	0.274357	0.215485	0.114915	-0.0255802	-0.186748	-0.349878	-0.489222	-0.589753	-0.659673	-0.717367	-0.779589	-0.846153	-0.914142	-0.971447	-1.00337	-1.00337	
0.345244	0.419676	0.489409	0.548544	0.581772	0.577989	0.53311	0.44797	0.320035	0.178321	0.0651298	0.0252542	0.0779038	0.233668	0.49593	0.845677	1.22562	1.56423	1.80786	1.91714	1.86431	1.66316	1.35567	0.986928	0.613241	0.284268	0.0402657	-0.0932996	-0.116802	-0.0544295	0.055674	0.174724	0.271949	0.329239	0.346242	0.323464	0.260537	0.161391	0.0384886	-0.0875144	-0.197274	-0.28333	-0.353627	-0.420533	-0.497116	-0.58698	-0.677863	-0.750371	-0.791165	-0.791165	
0.41335	0.475444	0.532273	0.568739	0.576073	0.548812	0.472491	0.349417	0.185424	0.0155095	-0.121588	-0.186588	-0.16353	-0.0431066	0.183658	0.497771	0.838538	1.15294	1.39122	1.49578	1.44713	1.26822	0.986928	0.650091	0.318146	0.0357318	-0.163076	-0.254104	-0.24251	-0.152659	-0.00980007	0.146163	0.282401	0.382026	0.441259	0.458877	0.446578	0.400457	0.322779	0.234266	0.14546	0.0758831	0.0116798	-0.0613917	-0.149896	-0.254397	-0.353636	-0.43592	-0.479508	-0.479508	
0.455216	0.501137	0.540037	0.554685	0.544787	0.497928	0.396599	0.242646	0.0454974	-0.149082	-0.307514	-0.400967	-0.410285	-0.321762	-0.133633	0.137531	0.438085	0.724148	0.949458	1.05321	1.01892	0.864268	0.613241	0.318146	0.0372136	-0.192191	-0.343058	-0.392756	-0.347616	-0.230176	-0.0595658	0.129142	0.29935	0.435934	0.540561	0.602241	0.639125	0.646619	0.615728	0.573294	0.516506	0.458958	0.39583	0.31238	0.212562	0.100298	-0.00259236	-0.0832158	-0.127593	-0.127593	
0.463026	0.493505	0.512515	0.512021	0.489137	0.43101	0.315327	0.141163	-0.0733245	-0.280285	-0.451881	-0.56814	-0.604716	-0.547376	-0.397849	-0.174467	0.0843969	0.33532	0.539499	0.64655	0.62821	0.497293	0.284268	0.0357318	-0.192191	-0.368766	-0.471	-0.479953	-0.406491	-0.268807	-0.0823306	0.128505	0.327176	0.498113	0.633186	0.72929	0.808084	0.860539	0.88149	0.882988	0.861197	0.818871	0.755588	0.665993	0.552392	0.430853	0.323448	0.247407	0.210714	0.210714	
0.453521	0.462011	0.459603	0.440674	0.407154	0.343076	0.22952	0.052577	-0.155085	-0.354586	-0.526357	-0.651862	-0.707191	-0.679165	-0.567506	-0.388234	-0.175036	0.0371597	0.216342	0.323936	0.320309	0.215373	0.0402657	-0.163076	-0.343058	-0.471	-0.526712	-0.501599	-0.409792	-0.262962	-0.0710773	0.146883	0.361069	0.546628	0.692574	0.812605	0.923324	1.01911	1.0931	1.13653	1.14461	1.11799	1.05712	0.955095	0.82875	0.705473	0.594783	0.516444	0.476818	0.476818	
0.433853	0.423124	0.397805	0.362041	0.31944	0.250406	0.14305	-0.0194617	-0.20408	-0.379457	-0.530897	-0.646383	-0.705816	-0.699466	-0.616426	-0.477767	-0.309736	-0.138642	0.0137681	0.115649	0.124586	0.0456046	-0.0932996	-0.254104	-0.392756	-0.479953	-0.501599	-0.456381	-0.361702	-0.220316	-0.0371674	0.175783	0.386701	0.567159	0.717902	0.851843	0.979201	1.10538	1.22005	1.30018	1.34101	1.32787	1.26345	1.15458	1.01727	0.882958	0.771347	0.703146	0.667508	0.667508	
0.404072	0.379274	0.343228	0.30293	0.251195	0.179649	0.0803864	-0.0623256	-0.217254	-0.358067	-0.4739	-0.560809	-0.608722	-0.606888	-0.540285	-0.435625	-0.30894	-0.178121	-0.0579306	0.0294333	0.0434649	-0.0137122	-0.116802	-0.24251	-0.347616	-0.406491	-0.409792	-0.361702	-0.278965	-0.153672	0.0108754	0.207081	0.406382	0.583898	0.730119	0.861197	0.989588	1.12432	1.2577	1.35536	1.41815	1.41548	1.34609	1.23004	1.08678	0.956996	0.856453	0.801762	0.77715	0.77715	
0.363933	0.332376	0.293819	0.248581	0.196881	0.127132	0.0395791	-0.0731969	-0.188861	-0.289794	-0.361172	-0.411795	-0.441416	-0.433831	-0.376782	-0.296957	-0.203399	-0.102076	-0.0124062	0.0527182	0.0655383	0.0255435	-0.0544295	-0.152659	-0.230176	-0.268807	-0.262962	-0.220316	-0.153672	-0.0524154	0.0849872	0.249831	0.425243	0.587707	0.718558	0.834071	0.953597	1.08516	1.21623	1.32203	1.3875	1.37845	1.30595	1.18615	1.04387	0.929551	0.848198	0.80172	0.784163	0.784163	
0.300978	0.264682	0.229433	0.193682	0.149676	0.0902602	0.0210963	-0.0553756	-0.132518	-0.184768	-0.211309	-0.225134	-0.226895	-0.20928	-0.161438	-0.102457	-0.0354335	0.0371743	0.0984812	0.135986	0.146403	0.117848	0.055674	-0.00980007	-0.0595658	-0.0823306	-0.0710773	-0.0371674	0.0108754	0.0849872	0.183142	0.311278	0.456545	0.585257	0.691351	0.787367	0.885088	0.991778	1.10502	1.20698	1.26432	1.24897	1.17173	1.04788	0.907943	0.799872	0.733722	0.704952	0.702311	0.702311	
0.229236	0.18665	0.159523	0.13947	0.110744	0.0704049	0.0260126	-0.0143088	-0.0470811	-0.0555636	-0.0405377	-0.018839	0.00213003	0.0298602	0.0610496	0.0941031	0.135698	0.177267	0.205983	0.22346	0.226929	0.206312	0.174724	0.146163	0.129142	0.128505	0.146883	0.175783	0.207081	0.249831	0.311278	0.400275	0.501343	0.590816	0.668806	0.735041	0.795631	0.867222	0.953838	1.03239	1.07284	1.05479	0.965209	0.829725	0.696843	0.599619	0.54744	0.528541	0.529189	0.529189	
0.161218	0.11696	0.0979277	0.0879369	0.0757736	0.0595133	0.0410738	0.0381776	0.0522266	0.0838352	0.130891	0.178603	0.213846	0.236843	0.2426	0.249456	0.261367	0.274594	0.281647	0.282874	0.281305	0.272844	0.271949	0.282401	0.29935	0.327176	0.361069	0.386701	0.406382	0.425243	0.456545	0.501343	0.548456	0.602791	0.653819	0.684021	0.70994	0.74631	0.794672	0.844331	0.862201	0.825269	0.718798	0.578303	0.449011	0.347721	0.297081	0.280915	0.275913	0.275913	
0.125099	0.0820557	0.0678946	0.0666191	0.0662242	0.0670095	0.0686301	0.0956945	0.14166	0.204142	0.275705	0.337441	0.378362	0.389066	0.364404	0.340075	0.320812	0.304078	0.297127	0.288999	0.287671	0.297013	0.329239	0.382026	0.435934	0.498113	0.546628	0.567159	0.583898	0.587707	0.585257	0.590816	0.602791	0.626596	0.649979	0.653741	0.650507	0.647456	0.648242	0.662111	0.649513	0.584652	0.465234	0.313264	0.174237	0.0680864	0.0129461	-0.00501567	-0.0150334	-0.0150334	
0.132649	0.0995125	0.0844833	0.0836199	0.0887224	0.0977859	0.113977	0.15332	0.219399	0.295916	0.378579	0.446632	0.483165	0.477497	0.426662	0.367489	0.31267	0.268997	0.24729	0.235535	0.239832	0.274357	0.346242	0.441259	0.540561	0.633186	0.692574	0.717902	0.730119	0.718558	0.691351	0.668806	0.653819	0.649979	0.651188	0.638708	0.606645	0.56227	0.520928	0.49158	0.440603	0.345549	0.206795	0.0447351	-0.0970771	-0.197994	-0.26042	-0.29498	-0.306543	-0.306543	
0.169937	0.152554	0.136963	0.133583	0.135433	0.146026	0.169482	0.216172	0.291339	0.378996	0.465416	0.528454	0.549605	0.519417	0.440032	0.341453	0.252009	0.186697	0.151192	0.139934	0.15604	0.215485	0.323464	0.458877	0.602241	0.72929	0.812605	0.851843	0.861197	0.834071	0.787367	0.735041	0.684021	0.653741	0.638708	0.61232	0.551559	0.471865	0.393764	0.319714	0.231935	0.115231	-0.0334069	-0.19573	-0.334487	-0.436947	-0.504357	-0.546273	-0.566862	-0.566862	
0.22708	0.22489	0.212738	0.207011	0.207426	0.223696	0.251323	0.3025	0.377615	0.467043	0.550061	0.598431	0.599771	0.542712	0.43244	0.290498	0.160601	0.0644856	0.00746266	-0.00775329	0.0259255	0.114915	0.260537	0.446578	0.639125	0.808084	0.923324	0.979201	0.989588	0.953597	0.885088	0.795631	0.70994	0.650507	0.606645	0.551559	0.464095	0.356395	0.243525	0.134738	0.0204487	-0.108713	-0.259021	-0.408289	-0.528863	-0.62569	-0.691948	-0.738422	-0.766531	-0.766531	
0.282143	0.301862	0.301257	0.29959	0.305019	0.329907	0.365255	0.41958	0.494873	0.581671	0.65178	0.677906	0.650351	0.561311	0.41153	0.225515	0.0485817	-0.0872772	-0.171025	-0.194985	-0.144039	-0.0255802	0.161391	0.400457	0.646619	0.860539	1.01911	1.10538	1.12432	1.08516	0.991778	0.867222	0.74631	0.647456	0.56227	0.471865	0.356395	0.218276	0.074243	-0.0619346	-0.192428	-0.328049	-0.470004	-0.591756	-0.685065	-0.761328	-0.82032	-0.87327	-0.904202	-0.904202	
0.317774	0.362247	0.383593	0.395819	0.418318	0.455142	0.49929	0.563421	0.639902	0.720194	0.773675	0.768389	0.702402	0.572775	0.375866	0.144432	-0.0777427	-0.254717	-0.363767	-0.395434	-0.333024	-0.186748	0.0384886	0.322779	0.615728	0.88149	1.0931	1.22005	1.2577	1.21623	1.10502	0.953838	0.794672	0.648242	0.520928	0.393764	0.243525	0.074243	-0.0961944	-0.255066	-0.399437	-0.531339	-0.646854	-0.738503	-0.808705	-0.862791	-0.91072	-0.960193	-0.991474	-0.991474	
0.32118	0.390917	0.440261	0.477597	0.526905	0.584187	0.646962	0.717938	0.797857	0.867611	0.892298	0.856782	0.755783	0.581249	0.34655	0.0731171	-0.197208	-0.415992	-0.556062	-0.598529	-0.529185	-0.349878	-0.0875144	0.234266	0.573294	0.882988	1.13653	1.30018	1.35536	1.32203	1.20698	1.03239	0.844331	0.662111	0.49158	0.319714	0.134738	-0.0619346	-0.255066	-0.429252	-0.58364	-0.71373	-0.807291	-0.864824	-0.89924	-0.922266	-0.956681	-1.0006	-1.02671	-1.02671	
0.283076	0.374852	0.454712	0.526153	0.607745	0.688835	0.77628	0.863561	0.956077	1.02184	1.02251	0.962159	0.820139	0.603435	0.330896	0.0170811	-0.291586	-0.543554	-0.711132	-0.760494	-0.68849	-0.489222	-0.197274	0.14546	0.516506	0.861197	1.14461	1.34101	1.41815	1.3875	1.26432	1.07284	0.862201	0.649513	0.440603	0.231935	0.0204487	-0.192428	-0.399437	-0.58364	-0.738496	-0.856111	-0.922367	-0.948074	-0.948649	-0.941213	-0.957305	-0.988113	-1.00992	-1.00992	
0.200221	0.30814	0.415678	0.525565	0.6464	0.762799	0.88105	0.998772	1.11004	1.17547	1.16789	1.08549	0.91569	0.66879	0.361618	0.0173453	-0.327312	-0.613164	-0.804802	-0.873321	-0.801466	-0.589753	-0.28333	0.0758831	0.458958	0.818871	1.11799	1.32787	1.41548	1.37845	1.24897	1.05479	0.825269	0.584652	0.345549	0.115231	-0.108713	-0.328049	-0.531339	-0.71373	-0.856111	-0.946181	-0.984911	-0.975733	-0.94355	-0.915996	-0.910992	-0.921485	-0.93483	-0.93483	
0.0932805	0.212729	0.340965	0.490876	0.646993	0.803767	0.963246	1.11707	1.25561	1.33486	1.331	1.23672	1.05324	0.782218	0.447125	0.0745186	-0.302082	-0.621428	-0.841457	-0.934734	-0.871226	-0.659673	-0.353627	0.0116798	0.39583	0.755588	1.05712	1.26345	1.34609	1.30595	1.17173	0.965209	0.718798	0.465234	0.206795	-0.0334069	-0.259021	-0.470004	-0.646854	-0.807291	-0.922367	-0.984911	-0.995496	-0.951562	-0.892498	-0.845506	-0.820222	-0.810481	-0.822022	-0.822022	
-0.0207193	0.103365	0.251063	0.432342	0.621345	0.819808	1.02482	1.22105	1.39227	1.49633	1.50317	1.41234	1.21936	0.931993	0.577103	0.173406	-0.227346	-0.579003	-0.834519	-0.952841	-0.908945	-0.717367	-0.420533	-0.0613917	0.31238	0.665993	0.955095	1.15458	1.23004	1.18615	1.04788	0.829725	0.578303	0.313264	0.0447351	-0.19573	-0.408289	-0.591756	-0.738503	-0.864824	-0.948074	-0.975733	-0.951562	-0.890205	-0.813549	-0.747741	-0.714963	-0.694216	-0.69232	-0.69232	
-0.139912	-0.0108764	0.157904	0.362728	0.587364	0.827268	1.07751	1.31565	1.51786	1.64554	1.67142	1.59125	1.39735	1.10506	0.731874	0.303602	-0.123707	-0.51075	-0.80787	-0.955553	-0.942925	-0.779589	-0.497116	-0.149896	0.212562	0.552392	0.82875	1.01727	1.08678	1.04387	0.907943	0.696843	0.449011	0.174237	-0.0970771	-0.334487	-0.528863	-0.685065	-0.808705	-0.89924	-0.948649	-0.94355	-0.892498	-0.813549	-0.731352	-0.660599	-0.611305	-0.583018	-0.563338	-0.563338	
-0.257218	-0.119346	0.0688176	0.290605	0.549875	0.826761	1.11884	1.40257	1.63205	1.78441	1.83562	1.764	1.57235	1.27424	0.878895	0.432755	-0.0224008	-0.442814	-0.774528	-0.955532	-0.977036	-0.846153	-0.58698	-0.254397	0.100298	0.430853	0.705473	0.882958	0.956996	0.929551	0.799872	0.599619	0.347721	0.0680864	-0.197994	-0.436947	-0.62569	-0.761328	-0.862791	-0.922266	-0.941213	-0.915996	-0.845506	-0.747741	-0.660599	-0.587003	-0.518923	-0.478999	-0.453889	-0.453889	
-0.373104	-0.224817	-0.0182263	0.224134	0.511097	0.827159	1.16111	1.48459	1.73818	1.91334	1.98143	1.92086	1.73578	1.42702	1.01905	0.556795	0.0714704	-0.383287	-0.744407	-0.964848	-1.01674	-0.914142	-0.677863	-0.353636	-0.00259236	0.323448	0.594783	0.771347	0.856453	0.848198	0.733722	0.54744	0.297081	0.0129461	-0.26042	-0.504357	-0.691948	-0.82032	-0.91072	-0.956681	-0.957305	-0.910992	-0.820222	-0.714963	-0.611305	-0.518923	-0.444738	-0.386771	-0.347412	-0.347412	
-0.473427	-0.316011	-0.0941993	0.175096	0.481092	0.831333	1.20108	1.54801	1.82747	2.01724	2.09949	2.05259	1.86693	1.54768	1.12942	0.647803	0.140794	-0.339964	-0.725734	-0.970352	-1.05146	-0.971447	-0.750371	-0.43592	-0.0832158	0.247407	0.516444	0.703146	0.801762	0.80172	0.704952	0.528541	0.280915	-0.00501567	-0.29498	-0.546273	-0.738422	-0.87327	-0.960193	-1.0006	-0.988113	-0.921485	-0.810481	-0.694216	-0.583018	-0.478999	-0.386771	-0.304516	-0.25634	-0.25634	
-0.529542	-0.366066	-0.135797	0.143923	0.462652	0.833178	1.22272	1.58708	1.88329	2.07707	2.16923	2.12818	1.93966	1.61715	1.19164	0.70055	0.180458	-0.3167	-0.716183	-0.976598	-1.07308	-1.00337	-0.791165	-0.479508	-0.127593	0.210714	0.476818	0.667508	0.77715	0.784163	0.702311	0.529189	0.275913	-0.0150334	-0.306543	-0.566862	-0.766531	-0.904202	-0.991474	-1.02671	-1.00992	-0.93483	-0.822022	-0.69232	-0.563338	-0.453889	-0.347412	-0.25634	-0.205528	-0.205528	
-0.529542	-0.366066	-0.135797	0.143923	0.462652	0.833178	1.22272	1.58708	1.88329	2.07707	2.16923	2.12818	1.93966	1.61715	1.19164	0.70055	0.180458	-0.3167	-0.716183	-0.976598	-1.07308	-1.00337	-0.791165	-0.479508	-0.127593	0.210714	0.476818	0.667508	0.77715	0.784163	0.702311	0.529189	0.275913	-0.0150334	-0.306543	-0.566862	-0.766531	-0.904202	-0.991474	-1.02671	-1.00992	-0.93483	-0.822022	-0.69232	-0.563338	-0.453889	-0.347412	-0.25634	-0.205528	-0.205528	
