-0.769058	-0.687062	-0.539062	-0.342285	-0.129007	0.0798067	0.280423	0.453006	0.580469	0.670532	0.729393	0.773834	0.813445	0.863715	0.944612	1.04949	1.15489	1.24291	1.29919	1.31241	1.27669	1.18741	1.05376	0.890068	0.723374	0.554457	0.388918	0.23473	0.0991391	-0.0075983	-0.0969681	-0.159201	-0.204268	-0.247503	-0.2817	-0.310336	-0.349606	-0.396855	-0.441333	-0.485618	-0.520554	-0.549158	-0.572393	-0.587098	-0.597115	-0.604081	-0.615241	-0.622028	-0.620776	-0.620776	
-0.687062	-0.588056	-0.425232	-0.207743	0.016975	0.235053	0.441684	0.61029	0.736924	0.824325	0.868497	0.893625	0.919421	0.955467	1.01756	1.09338	1.16963	1.23896	1.28186	1.28573	1.24713	1.16611	1.04469	0.896008	0.744087	0.589171	0.435088	0.290393	0.168646	0.0749729	-0.00811686	-0.0792429	-0.130358	-0.178919	-0.234484	-0.284877	-0.345603	-0.408197	-0.459747	-0.518947	-0.575853	-0.620699	-0.653699	-0.682178	-0.701539	-0.705476	-0.708613	-0.707975	-0.704636	-0.704636	
-0.539062	-0.425232	-0.244537	-0.0148644	0.215975	0.432757	0.626885	0.785309	0.90028	0.961804	0.969205	0.967904	0.965693	0.969319	0.99798	1.04303	1.09405	1.14213	1.17538	1.17698	1.14091	1.06902	0.969497	0.846412	0.710042	0.573026	0.444562	0.326668	0.225782	0.150871	0.0830039	0.00931167	-0.0515338	-0.108033	-0.177014	-0.245422	-0.318646	-0.390374	-0.45476	-0.522879	-0.588889	-0.647529	-0.692647	-0.731136	-0.758894	-0.766674	-0.766419	-0.762452	-0.760754	-0.760754	
-0.342285	-0.207743	-0.0148644	0.221667	0.456672	0.659919	0.831283	0.961646	1.04128	1.0553	1.01909	0.971985	0.927167	0.897819	0.884516	0.890019	0.920228	0.966077	0.997122	0.998725	0.971417	0.915884	0.834297	0.728817	0.623174	0.522962	0.422987	0.335519	0.26659	0.208848	0.151502	0.0865015	0.0236935	-0.0404982	-0.117506	-0.19358	-0.271035	-0.346568	-0.420176	-0.498215	-0.565405	-0.625597	-0.678836	-0.718087	-0.747444	-0.764322	-0.769875	-0.771688	-0.774589	-0.774589	
-0.129007	0.016975	0.215975	0.456672	0.687202	0.876202	1.01854	1.1066	1.13138	1.09108	1.00556	0.905124	0.81276	0.742031	0.693979	0.678454	0.704913	0.745989	0.777982	0.789049	0.766886	0.721739	0.660298	0.576867	0.49224	0.42276	0.358022	0.30684	0.271211	0.230588	0.183911	0.13626	0.0842604	0.0175065	-0.0607427	-0.136163	-0.213698	-0.291178	-0.365725	-0.438587	-0.498137	-0.548173	-0.596545	-0.633114	-0.659037	-0.687125	-0.70946	-0.721295	-0.731483	-0.731483	
0.0798067	0.235053	0.432757	0.659919	0.876202	1.03873	1.13961	1.17723	1.14975	1.05744	0.917749	0.764701	0.63015	0.527676	0.456424	0.437584	0.467314	0.510136	0.548037	0.566482	0.556306	0.520114	0.474183	0.414375	0.350397	0.305037	0.272249	0.24864	0.231563	0.209161	0.175839	0.139406	0.0944292	0.0346157	-0.0283864	-0.0908196	-0.155624	-0.220063	-0.280109	-0.335134	-0.377756	-0.411808	-0.450246	-0.48163	-0.507536	-0.542461	-0.576107	-0.599561	-0.612503	-0.612503	
0.280423	0.441684	0.626885	0.831283	1.01854	1.13961	1.18423	1.16221	1.07739	0.934108	0.75157	0.561605	0.399096	0.273978	0.199774	0.189478	0.219644	0.271492	0.317583	0.339846	0.346791	0.33181	0.300702	0.264689	0.229659	0.201342	0.188391	0.177564	0.161287	0.144432	0.118682	0.0932599	0.060217	0.0165897	-0.0192554	-0.0565308	-0.101063	-0.137413	-0.166866	-0.196544	-0.217369	-0.235429	-0.25949	-0.283842	-0.311679	-0.343128	-0.372552	-0.395796	-0.406903	-0.406903	
0.453006	0.61029	0.785309	0.961646	1.1066	1.17723	1.16221	1.0785	0.931021	0.737144	0.524874	0.316839	0.14088	0.0167044	-0.0422729	-0.0429903	-0.0114024	0.0453771	0.0994437	0.131827	0.153837	0.15987	0.148388	0.13699	0.128601	0.11325	0.103501	0.0906656	0.0723547	0.0533012	0.0389413	0.035811	0.0179333	-0.00351481	-0.0111672	-0.0214009	-0.0382668	-0.0482875	-0.0455138	-0.042086	-0.0443529	-0.0488208	-0.0544753	-0.0673582	-0.085958	-0.103821	-0.115874	-0.122376	-0.130775	-0.130775	
0.580469	0.736924	0.90028	1.04128	1.13138	1.14975	1.07739	0.931021	0.729314	0.5051	0.275931	0.0561422	-0.123014	-0.233339	-0.27268	-0.255244	-0.204572	-0.143272	-0.0800932	-0.0247292	0.009792	0.0285157	0.0400774	0.0410543	0.0367353	0.029688	0.0173932	-0.000782323	-0.0114028	-0.0229854	-0.0296754	-0.0217759	-0.0168816	-0.00818263	0.0051393	0.0249574	0.0446142	0.0614043	0.0866721	0.110484	0.126937	0.13285	0.139996	0.150244	0.14804	0.150596	0.163582	0.169545	0.169452	0.169452	
0.670532	0.824325	0.961804	1.0553	1.09108	1.05744	0.934108	0.737144	0.5051	0.26512	0.021912	-0.200541	-0.371935	-0.461236	-0.476311	-0.4365	-0.360316	-0.274541	-0.191859	-0.118099	-0.0663342	-0.0326977	-0.0146636	-0.0193163	-0.02771	-0.034838	-0.0509748	-0.06799	-0.0691544	-0.0641642	-0.0600727	-0.0537186	-0.0315386	0.0051485	0.0353441	0.079304	0.13509	0.183729	0.224699	0.258074	0.289454	0.306767	0.323707	0.352751	0.369853	0.388915	0.416153	0.429202	0.434525	0.434525	
0.729393	0.868497	0.969205	1.01909	1.00556	0.917749	0.75157	0.524874	0.275931	0.021912	-0.223116	-0.429941	-0.572556	-0.635582	-0.622372	-0.557232	-0.462255	-0.348667	-0.234125	-0.135371	-0.0718787	-0.0372861	-0.0252636	-0.0320639	-0.0440057	-0.0568201	-0.0739964	-0.0883321	-0.0850915	-0.0689681	-0.0510546	-0.0373055	-0.00262617	0.047984	0.0947865	0.153661	0.221001	0.287386	0.339897	0.384103	0.428301	0.460052	0.490346	0.525441	0.556216	0.582471	0.606185	0.623078	0.629381	0.629381	
0.773834	0.893625	0.967904	0.971985	0.905124	0.764701	0.561605	0.316839	0.0561422	-0.200541	-0.429941	-0.605058	-0.71466	-0.745973	-0.702823	-0.60575	-0.482264	-0.345542	-0.213919	-0.105944	-0.0310913	0.0124505	0.0263964	0.0179623	-0.00485379	-0.0264672	-0.0426067	-0.0546041	-0.049276	-0.0334988	-0.0122804	0.015845	0.0633564	0.122184	0.179319	0.243534	0.312137	0.375013	0.424715	0.476025	0.526024	0.568053	0.608612	0.64226	0.677934	0.707168	0.724364	0.742003	0.751154	0.751154	
0.813445	0.919421	0.965693	0.927167	0.81276	0.63015	0.399096	0.14088	-0.123014	-0.371935	-0.572556	-0.71466	-0.787223	-0.772603	-0.697438	-0.576543	-0.427557	-0.266964	-0.123663	-0.0151	0.0626686	0.107053	0.117614	0.103989	0.0794968	0.0559904	0.0313957	0.0141724	0.0203192	0.0321726	0.0551941	0.0992996	0.158197	0.223565	0.27884	0.334136	0.391599	0.437149	0.479563	0.525784	0.573931	0.622761	0.663031	0.696697	0.72942	0.755518	0.77161	0.783106	0.795132	0.795132	
0.863715	0.955467	0.969319	0.897819	0.742031	0.527676	0.273978	0.0167044	-0.233339	-0.461236	-0.635582	-0.745973	-0.772603	-0.723229	-0.625994	-0.48018	-0.301069	-0.124509	0.026939	0.139762	0.204698	0.230206	0.232084	0.209746	0.177321	0.153613	0.132133	0.112089	0.109161	0.125448	0.155379	0.200812	0.254087	0.312449	0.364651	0.402648	0.439307	0.469172	0.502509	0.541886	0.579867	0.625187	0.663546	0.696157	0.722671	0.739561	0.750335	0.751224	0.75719	0.75719	
0.944612	1.01756	0.99798	0.884516	0.693979	0.456424	0.199774	-0.0422729	-0.27268	-0.476311	-0.622372	-0.702823	-0.697438	-0.625994	-0.502228	-0.324514	-0.120064	0.0629349	0.21165	0.319257	0.365324	0.372857	0.361962	0.330204	0.281994	0.246269	0.230078	0.215595	0.212317	0.228049	0.259315	0.299716	0.330133	0.362604	0.402762	0.427625	0.4531	0.480531	0.505687	0.534347	0.55893	0.586173	0.612435	0.63878	0.657447	0.666267	0.674536	0.672037	0.670018	0.670018	
1.04949	1.09338	1.04303	0.890019	0.678454	0.437584	0.189478	-0.0429903	-0.255244	-0.4365	-0.557232	-0.60575	-0.576543	-0.48018	-0.324514	-0.127668	0.0805907	0.263787	0.397957	0.479344	0.510124	0.509719	0.480145	0.436467	0.381635	0.336037	0.31415	0.303935	0.304071	0.313052	0.342552	0.368005	0.376377	0.387907	0.403127	0.41543	0.433174	0.459097	0.47764	0.496154	0.513312	0.519909	0.530952	0.544432	0.549305	0.553971	0.562578	0.565337	0.562489	0.562489	
1.15489	1.16963	1.09405	0.920228	0.704913	0.467314	0.219644	-0.0114024	-0.204572	-0.360316	-0.462255	-0.482264	-0.427557	-0.301069	-0.120064	0.0805907	0.271443	0.43871	0.555077	0.611893	0.62806	0.611044	0.564247	0.513279	0.460768	0.409945	0.379693	0.36779	0.362249	0.366564	0.38721	0.388859	0.378504	0.38425	0.388329	0.386034	0.391517	0.407259	0.416845	0.42741	0.438435	0.435579	0.435378	0.434979	0.428793	0.428135	0.435977	0.445858	0.446078	0.446078	
1.24291	1.23896	1.14213	0.966077	0.745989	0.510136	0.271492	0.0453771	-0.143272	-0.274541	-0.348667	-0.345542	-0.266964	-0.124509	0.0629349	0.263787	0.43871	0.574341	0.665831	0.704774	0.70439	0.668055	0.615235	0.558287	0.498329	0.447723	0.419045	0.404576	0.38763	0.38221	0.379358	0.365619	0.355581	0.350488	0.347068	0.342466	0.340348	0.341443	0.341095	0.34264	0.34311	0.339449	0.331582	0.321879	0.315361	0.311933	0.316181	0.325459	0.328231	0.328231	
1.29919	1.28186	1.17538	0.997122	0.777982	0.548037	0.317583	0.0994437	-0.0800932	-0.191859	-0.234125	-0.213919	-0.123663	0.026939	0.21165	0.397957	0.555077	0.665831	0.732815	0.75607	0.737342	0.687994	0.625957	0.560457	0.499511	0.454398	0.42425	0.402135	0.379214	0.359338	0.335397	0.316923	0.308882	0.298053	0.29044	0.282922	0.28044	0.273291	0.260469	0.254536	0.244213	0.236318	0.229675	0.220812	0.218838	0.218852	0.214975	0.211141	0.213927	0.213927	
1.31241	1.28573	1.17698	0.998725	0.789049	0.566482	0.339846	0.131827	-0.0247292	-0.118099	-0.135371	-0.105944	-0.0151	0.139762	0.319257	0.479344	0.611893	0.704774	0.75607	0.768868	0.732458	0.670183	0.595421	0.530707	0.479847	0.439331	0.397159	0.361755	0.340748	0.310398	0.278944	0.256123	0.240928	0.233521	0.224926	0.214374	0.211355	0.201203	0.185392	0.173282	0.154702	0.1449	0.142933	0.138578	0.140789	0.142495	0.12952	0.113624	0.113411	0.113411	
1.27669	1.24713	1.14091	0.971417	0.766886	0.556306	0.346791	0.153837	0.009792	-0.0663342	-0.0718787	-0.0310913	0.0626686	0.204698	0.365324	0.510124	0.62806	0.70439	0.737342	0.732458	0.688747	0.624634	0.554648	0.491514	0.440003	0.396106	0.349393	0.307282	0.273812	0.242336	0.212394	0.191697	0.179735	0.167977	0.15509	0.143845	0.140859	0.129406	0.113463	0.102405	0.0857448	0.0788017	0.0771818	0.0705101	0.0693774	0.0688586	0.0567074	0.0437304	0.0454438	0.0454438	
1.18741	1.16611	1.06902	0.915884	0.721739	0.520114	0.33181	0.15987	0.0285157	-0.0326977	-0.0372861	0.0124505	0.107053	0.230206	0.372857	0.509719	0.611044	0.668055	0.687994	0.670183	0.624634	0.559613	0.49865	0.443202	0.387941	0.330849	0.281502	0.241644	0.198711	0.171464	0.14852	0.132538	0.12376	0.107265	0.0960334	0.0868954	0.0755637	0.0616207	0.0496094	0.0399463	0.0326659	0.0320609	0.0261422	0.0158443	0.00962051	0.00354538	-0.000775101	0.000652022	0.00338724	0.00338724	
1.05376	1.04469	0.969497	0.834297	0.660298	0.474183	0.300702	0.148388	0.0400774	-0.0146636	-0.0252636	0.0263964	0.117614	0.232084	0.361962	0.480145	0.564247	0.615235	0.625957	0.595421	0.554648	0.49865	0.436434	0.380164	0.325569	0.263457	0.208177	0.169853	0.128449	0.104123	0.0942394	0.0767334	0.064338	0.0576352	0.0513153	0.0407612	0.0198879	0.00690674	0.00150546	-0.00479406	-0.00549411	-0.00920345	-0.0154093	-0.025475	-0.0354283	-0.0400618	-0.0386766	-0.0289338	-0.0284913	-0.0284913	
0.890068	0.896008	0.846412	0.728817	0.576867	0.414375	0.264689	0.13699	0.0410543	-0.0193163	-0.0320639	0.0179623	0.103989	0.209746	0.330204	0.436467	0.513279	0.558287	0.560457	0.530707	0.491514	0.443202	0.380164	0.318588	0.256974	0.189011	0.138433	0.105797	0.0717934	0.0450247	0.0401146	0.0343196	0.0212197	0.0151509	0.00857525	-0.00548723	-0.02424	-0.0295228	-0.0311811	-0.0347592	-0.0332136	-0.0423173	-0.0476989	-0.0515826	-0.0597842	-0.0611991	-0.059517	-0.056121	-0.0609448	-0.0609448	
0.723374	0.744087	0.710042	0.623174	0.49224	0.350397	0.229659	0.128601	0.0367353	-0.02771	-0.0440057	-0.00485379	0.0794968	0.177321	0.281994	0.381635	0.460768	0.498329	0.499511	0.479847	0.440003	0.387941	0.325569	0.256974	0.18607	0.123741	0.0848608	0.0577932	0.0306877	0.00927585	0.00039619	-0.000185793	-0.0124363	-0.0311883	-0.0384856	-0.0440073	-0.0533239	-0.05286	-0.0475285	-0.0508298	-0.0576956	-0.065345	-0.070706	-0.0712694	-0.0715136	-0.0728028	-0.0734428	-0.0757779	-0.0828549	-0.0828549	
0.554457	0.589171	0.573026	0.522962	0.42276	0.305037	0.201342	0.11325	0.029688	-0.034838	-0.0568201	-0.0264672	0.0559904	0.153613	0.246269	0.336037	0.409945	0.447723	0.454398	0.439331	0.396106	0.330849	0.263457	0.189011	0.123741	0.075401	0.0425597	0.0194998	-0.00147415	-0.0116455	-0.0235844	-0.031456	-0.045119	-0.0635251	-0.0647227	-0.06301	-0.0665885	-0.0681247	-0.0640462	-0.0712993	-0.0831943	-0.0834532	-0.0834093	-0.0805089	-0.0784823	-0.0800067	-0.0827703	-0.0895834	-0.0904446	-0.0904446	
0.388918	0.435088	0.444562	0.422987	0.358022	0.272249	0.188391	0.103501	0.0173932	-0.0509748	-0.0739964	-0.0426067	0.0313957	0.132133	0.230078	0.31415	0.379693	0.419045	0.42425	0.397159	0.349393	0.281502	0.208177	0.138433	0.0848608	0.0425597	0.00584756	-0.0172918	-0.0271879	-0.0359402	-0.0506726	-0.0584089	-0.0658438	-0.07651	-0.0808854	-0.0739211	-0.0706852	-0.0761269	-0.0766435	-0.0877107	-0.0968704	-0.0907517	-0.0909833	-0.092221	-0.0886983	-0.0877	-0.0909319	-0.0932615	-0.0887519	-0.0887519	
0.23473	0.290393	0.326668	0.335519	0.30684	0.24864	0.177564	0.0906656	-0.000782323	-0.06799	-0.0883321	-0.0546041	0.0141724	0.112089	0.215595	0.303935	0.36779	0.404576	0.402135	0.361755	0.307282	0.241644	0.169853	0.105797	0.0577932	0.0194998	-0.0172918	-0.041094	-0.0471358	-0.0581759	-0.0752459	-0.0832736	-0.0808905	-0.0820622	-0.0871417	-0.0815669	-0.0806945	-0.0871885	-0.0912437	-0.09405	-0.0926382	-0.088823	-0.0908262	-0.0989952	-0.0967563	-0.0933407	-0.0981913	-0.0952827	-0.0910085	-0.0910085	
0.0991391	0.168646	0.225782	0.26659	0.271211	0.231563	0.161287	0.0723547	-0.0114028	-0.0691544	-0.0850915	-0.049276	0.0203192	0.109161	0.212317	0.304071	0.362249	0.38763	0.379214	0.340748	0.273812	0.198711	0.128449	0.0717934	0.0306877	-0.00147415	-0.0271879	-0.0471358	-0.0573315	-0.0690517	-0.0830882	-0.0952567	-0.0916513	-0.0844265	-0.0870282	-0.0889054	-0.0980213	-0.102524	-0.103261	-0.0997716	-0.0889134	-0.086598	-0.0886297	-0.0931548	-0.0946024	-0.0967209	-0.101336	-0.0983231	-0.0988452	-0.0988452	
-0.0075983	0.0749729	0.150871	0.208848	0.230588	0.209161	0.144432	0.0533012	-0.0229854	-0.0641642	-0.0689681	-0.0334988	0.0321726	0.125448	0.228049	0.313052	0.366564	0.38221	0.359338	0.310398	0.242336	0.171464	0.104123	0.0450247	0.00927585	-0.0116455	-0.0359402	-0.0581759	-0.0690517	-0.0798242	-0.0911223	-0.102194	-0.0950955	-0.084225	-0.0937165	-0.097572	-0.098466	-0.0989115	-0.0974318	-0.0980215	-0.0934405	-0.0954214	-0.098996	-0.095869	-0.0991628	-0.103071	-0.0975837	-0.0929521	-0.0939153	-0.0939153	
-0.0969681	-0.00811686	0.0830039	0.151502	0.183911	0.175839	0.118682	0.0389413	-0.0296754	-0.0600727	-0.0510546	-0.0122804	0.0551941	0.155379	0.259315	0.342552	0.38721	0.379358	0.335397	0.278944	0.212394	0.14852	0.0942394	0.0401146	0.00039619	-0.0235844	-0.0506726	-0.0752459	-0.0830882	-0.0911223	-0.098122	-0.0962399	-0.0932664	-0.0925602	-0.100175	-0.100997	-0.0929945	-0.091268	-0.0935531	-0.0958686	-0.098336	-0.105978	-0.105785	-0.0948879	-0.0984313	-0.100253	-0.0913508	-0.0938506	-0.0974165	-0.0974165	
-0.159201	-0.0792429	0.00931167	0.0865015	0.13626	0.139406	0.0932599	0.035811	-0.0217759	-0.0537186	-0.0373055	0.015845	0.0992996	0.200812	0.299716	0.368005	0.388859	0.365619	0.316923	0.256123	0.191697	0.132538	0.0767334	0.0343196	-0.000185793	-0.031456	-0.0584089	-0.0832736	-0.0952567	-0.102194	-0.0962399	-0.0819688	-0.0893274	-0.101867	-0.103039	-0.102192	-0.101135	-0.10112	-0.0974096	-0.0914538	-0.0953726	-0.101845	-0.0995538	-0.0940075	-0.0938493	-0.0946474	-0.092414	-0.0969715	-0.106166	-0.106166	
-0.204268	-0.130358	-0.0515338	0.0236935	0.0842604	0.0944292	0.060217	0.0179333	-0.0168816	-0.0315386	-0.00262617	0.0633564	0.158197	0.254087	0.330133	0.376377	0.378504	0.355581	0.308882	0.240928	0.179735	0.12376	0.064338	0.0212197	-0.0124363	-0.045119	-0.0658438	-0.0808905	-0.0916513	-0.0950955	-0.0932664	-0.0893274	-0.0976995	-0.106716	-0.100192	-0.0987582	-0.102243	-0.102503	-0.0998139	-0.0945357	-0.0948719	-0.095622	-0.0956958	-0.0958423	-0.0956416	-0.0962524	-0.0956008	-0.0976689	-0.0995411	-0.0995411	
-0.247503	-0.178919	-0.108033	-0.0404982	0.0175065	0.0346157	0.0165897	-0.00351481	-0.00818263	0.0051485	0.047984	0.122184	0.223565	0.312449	0.362604	0.387907	0.38425	0.350488	0.298053	0.233521	0.167977	0.107265	0.0576352	0.0151509	-0.0311883	-0.0635251	-0.07651	-0.0820622	-0.0844265	-0.084225	-0.0925602	-0.101867	-0.106716	-0.107713	-0.096746	-0.0940623	-0.0929223	-0.0917242	-0.0997719	-0.102197	-0.100067	-0.0962382	-0.0966995	-0.097136	-0.0971793	-0.100771	-0.0997177	-0.0952995	-0.0870813	-0.0870813	
-0.2817	-0.234484	-0.177014	-0.117506	-0.0607427	-0.0283864	-0.0192554	-0.0111672	0.0051393	0.0353441	0.0947865	0.179319	0.27884	0.364651	0.402762	0.403127	0.388329	0.347068	0.29044	0.224926	0.15509	0.0960334	0.0513153	0.00857525	-0.0384856	-0.0647227	-0.0808854	-0.0871417	-0.0870282	-0.0937165	-0.100175	-0.103039	-0.100192	-0.096746	-0.0947883	-0.0981095	-0.0934382	-0.0922475	-0.102041	-0.101984	-0.100363	-0.09507	-0.0931789	-0.0963435	-0.0938124	-0.0988245	-0.101671	-0.0943794	-0.0900864	-0.0900864	
-0.310336	-0.284877	-0.245422	-0.19358	-0.136163	-0.0908196	-0.0565308	-0.0214009	0.0249574	0.079304	0.153661	0.243534	0.334136	0.402648	0.427625	0.41543	0.386034	0.342466	0.282922	0.214374	0.143845	0.0868954	0.0407612	-0.00548723	-0.0440073	-0.06301	-0.0739211	-0.0815669	-0.0889054	-0.097572	-0.100997	-0.102192	-0.0987582	-0.0940623	-0.0981095	-0.105639	-0.101588	-0.0961448	-0.098304	-0.0966876	-0.0932148	-0.0921615	-0.0947669	-0.0962475	-0.0930658	-0.0915387	-0.0929397	-0.097367	-0.102197	-0.102197	
-0.349606	-0.345603	-0.318646	-0.271035	-0.213698	-0.155624	-0.101063	-0.0382668	0.0446142	0.13509	0.221001	0.312137	0.391599	0.439307	0.4531	0.433174	0.391517	0.340348	0.28044	0.211355	0.140859	0.0755637	0.0198879	-0.02424	-0.0533239	-0.0665885	-0.0706852	-0.0806945	-0.0980213	-0.098466	-0.0929945	-0.101135	-0.102243	-0.0929223	-0.0934382	-0.101588	-0.102584	-0.0983929	-0.0958703	-0.092062	-0.0906659	-0.0958433	-0.0995953	-0.101509	-0.0992868	-0.0899581	-0.0873434	-0.0938992	-0.0987604	-0.0987604	
-0.396855	-0.408197	-0.390374	-0.346568	-0.291178	-0.220063	-0.137413	-0.0482875	0.0614043	0.183729	0.287386	0.375013	0.437149	0.469172	0.480531	0.459097	0.407259	0.341443	0.273291	0.201203	0.129406	0.0616207	0.00690674	-0.0295228	-0.05286	-0.0681247	-0.0761269	-0.0871885	-0.102524	-0.0989115	-0.091268	-0.10112	-0.102503	-0.0917242	-0.0922475	-0.0961448	-0.0983929	-0.0995824	-0.0945981	-0.0924311	-0.0981356	-0.100344	-0.0933384	-0.0950403	-0.0982427	-0.0929971	-0.0944953	-0.094815	-0.0905645	-0.0905645	
-0.441333	-0.459747	-0.45476	-0.420176	-0.365725	-0.280109	-0.166866	-0.0455138	0.0866721	0.224699	0.339897	0.424715	0.479563	0.502509	0.505687	0.47764	0.416845	0.341095	0.260469	0.185392	0.113463	0.0496094	0.00150546	-0.0311811	-0.0475285	-0.0640462	-0.0766435	-0.0912437	-0.103261	-0.0974318	-0.0935531	-0.0974096	-0.0998139	-0.0997719	-0.102041	-0.098304	-0.0958703	-0.0945981	-0.089466	-0.0963143	-0.102502	-0.0975426	-0.0876795	-0.0869579	-0.093248	-0.0948713	-0.100608	-0.0994839	-0.0887762	-0.0887762	
-0.485618	-0.518947	-0.522879	-0.498215	-0.438587	-0.335134	-0.196544	-0.042086	0.110484	0.258074	0.384103	0.476025	0.525784	0.541886	0.534347	0.496154	0.42741	0.34264	0.254536	0.173282	0.102405	0.0399463	-0.00479406	-0.0347592	-0.0508298	-0.0712993	-0.0877107	-0.09405	-0.0997716	-0.0980215	-0.0958686	-0.0914538	-0.0945357	-0.102197	-0.101984	-0.0966876	-0.092062	-0.0924311	-0.0963143	-0.0994622	-0.0953674	-0.0930179	-0.0935033	-0.093843	-0.0940401	-0.0925566	-0.0962081	-0.0962213	-0.0901363	-0.0901363	
-0.520554	-0.575853	-0.588889	-0.565405	-0.498137	-0.377756	-0.217369	-0.0443529	0.126937	0.289454	0.428301	0.526024	0.573931	0.579867	0.55893	0.513312	0.438435	0.34311	0.244213	0.154702	0.0857448	0.0326659	-0.00549411	-0.0332136	-0.0576956	-0.0831943	-0.0968704	-0.0926382	-0.0889134	-0.0934405	-0.098336	-0.0953726	-0.0948719	-0.100067	-0.100363	-0.0932148	-0.0906659	-0.0981356	-0.102502	-0.0953674	-0.0860682	-0.0908944	-0.0999087	-0.0992658	-0.0948268	-0.0914199	-0.0899973	-0.0912103	-0.0954531	-0.0954531	
-0.549158	-0.620699	-0.647529	-0.625597	-0.548173	-0.411808	-0.235429	-0.0488208	0.13285	0.306767	0.460052	0.568053	0.622761	0.625187	0.586173	0.519909	0.435579	0.339449	0.236318	0.1449	0.0788017	0.0320609	-0.00920345	-0.0423173	-0.065345	-0.0834532	-0.0907517	-0.088823	-0.086598	-0.0954214	-0.105978	-0.101845	-0.095622	-0.0962382	-0.09507	-0.0921615	-0.0958433	-0.100344	-0.0975426	-0.0930179	-0.0908944	-0.0929111	-0.0957427	-0.0929443	-0.0922342	-0.094437	-0.0899342	-0.0898291	-0.0995979	-0.0995979	
-0.572393	-0.653699	-0.692647	-0.678836	-0.596545	-0.450246	-0.25949	-0.0544753	0.139996	0.323707	0.490346	0.608612	0.663031	0.663546	0.612435	0.530952	0.435378	0.331582	0.229675	0.142933	0.0771818	0.0261422	-0.0154093	-0.0476989	-0.070706	-0.0834093	-0.0909833	-0.0908262	-0.0886297	-0.098996	-0.105785	-0.0995538	-0.0956958	-0.0966995	-0.0931789	-0.0947669	-0.0995953	-0.0933384	-0.0876795	-0.0935033	-0.0999087	-0.0957427	-0.0914071	-0.0914634	-0.0938769	-0.0969075	-0.0922442	-0.089715	-0.0939324	-0.0939324	
-0.587098	-0.682178	-0.731136	-0.718087	-0.633114	-0.48163	-0.283842	-0.0673582	0.150244	0.352751	0.525441	0.64226	0.696697	0.696157	0.63878	0.544432	0.434979	0.321879	0.220812	0.138578	0.0705101	0.0158443	-0.025475	-0.0515826	-0.0712694	-0.0805089	-0.092221	-0.0989952	-0.0931548	-0.095869	-0.0948879	-0.0940075	-0.0958423	-0.097136	-0.0963435	-0.0962475	-0.101509	-0.0950403	-0.0869579	-0.093843	-0.0992658	-0.0929443	-0.0914634	-0.0933466	-0.0916847	-0.0945506	-0.0954908	-0.0925549	-0.0898265	-0.0898265	
-0.597115	-0.701539	-0.758894	-0.747444	-0.659037	-0.507536	-0.311679	-0.085958	0.14804	0.369853	0.556216	0.677934	0.72942	0.722671	0.657447	0.549305	0.428793	0.315361	0.218838	0.140789	0.0693774	0.00962051	-0.0354283	-0.0597842	-0.0715136	-0.0784823	-0.0886983	-0.0967563	-0.0946024	-0.0991628	-0.0984313	-0.0938493	-0.0956416	-0.0971793	-0.0938124	-0.0930658	-0.0992868	-0.0982427	-0.093248	-0.0940401	-0.0948268	-0.0922342	-0.0938769	-0.0916847	-0.0864574	-0.0924981	-0.0970032	-0.0942319	-0.0918214	-0.0918214	
-0.604081	-0.705476	-0.766674	-0.764322	-0.687125	-0.542461	-0.343128	-0.103821	0.150596	0.388915	0.582471	0.707168	0.755518	0.739561	0.666267	0.553971	0.428135	0.311933	0.218852	0.142495	0.0688586	0.00354538	-0.0400618	-0.0611991	-0.0728028	-0.0800067	-0.0877	-0.0933407	-0.0967209	-0.103071	-0.100253	-0.0946474	-0.0962524	-0.100771	-0.0988245	-0.0915387	-0.0899581	-0.0929971	-0.0948713	-0.0925566	-0.0914199	-0.094437	-0.0969075	-0.0945506	-0.0924981	-0.0937547	-0.0918738	-0.0906091	-0.0919266	-0.0919266	
-0.615241	-0.708613	-0.766419	-0.769875	-0.70946	-0.576107	-0.372552	-0.115874	0.163582	0.416153	0.606185	0.724364	0.77161	0.750335	0.674536	0.562578	0.435977	0.316181	0.214975	0.12952	0.0567074	-0.000775101	-0.0386766	-0.059517	-0.0734428	-0.0827703	-0.0909319	-0.0981913	-0.101336	-0.0975837	-0.0913508	-0.092414	-0.0956008	-0.0997177	-0.101671	-0.0929397	-0.0873434	-0.0944953	-0.100608	-0.0962081	-0.0899973	-0.0899342	-0.0922442	-0.0954908	-0.0970032	-0.0918738	-0.0871861	-0.0903486	-0.0960164	-0.0960164	
-0.622028	-0.707975	-0.762452	-0.771688	-0.721295	-0.599561	-0.395796	-0.122376	0.169545	0.429202	0.623078	0.742003	0.783106	0.751224	0.672037	0.565337	0.445858	0.325459	0.211141	0.113624	0.0437304	0.000652022	-0.0289338	-0.056121	-0.0757779	-0.0895834	-0.0932615	-0.0952827	-0.0983231	-0.0929521	-0.0938506	-0.0969715	-0.0976689	-0.0952995	-0.0943794	-0.097367	-0.0938992	-0.094815	-0.0994839	-0.0962213	-0.0912103	-0.0898291	-0.089715	-0.0925549	-0.0942319	-0.0906091	-0.0903486	-0.0934627	-0.0952939	-0.0952939	
-0.620776	-0.704636	-0.760754	-0.774589	-0.731483	-0.612503	-0.406903	-0.130775	0.169452	0.434525	0.629381	0.751154	0.795132	0.75719	0.670018	0.562489	0.446078	0.328231	0.213927	0.113411	0.0454438	0.00338724	-0.0284913	-0.0609448	-0.0828549	-0.0904446	-0.0887519	-0.0910085	-0.0988452	-0.0939153	-0.0974165	-0.106166	-0.0995411	-0.0870813	-0.0900864	-0.102197	-0.0987604	-0.0905645	-0.0887762	-0.0901363	-0.0954531	-0.0995979	-0.0939324	-0.0898265	-0.0918214	-0.0919266	-0.0960164	-0.0952939	-0.0863672	-0.0863672	
-0.620776	-0.704636	-0.760754	-0.774589	-0.731483	-0.612503	-0.406903	-0.130775	0.169452	0.434525	0.629381	0.751154	0.795132	0.75719	0.670018	0.562489	0.446078	0.328231	0.213927	0.113411	0.0454438	0.00338724	-0.0284913	-0.0609448	-0.0828549	-0.0904446	-0.0887519	-0.0910085	-0.0988452	-0.0939153	-0.0974165	-0.106166	-0.0995411	-0.0870813	-0.0900864	-0.102197	-0.0987604	-0.0905645	-0.0887762	-0.0901363	-0.0954531	-0.0995979	-0.0939324	-0.0898265	-0.0918214	-0.0919266	-0.0960164	-0.0952939	-0.0863672	-0.0863672	
