-0.466986	-0.467436	-0.468632	-0.471465	-0.499307	-0.542167	-0.597537	-0.649444	-0.700863	-0.755244	-0.791077	-0.801014	-0.803454	-0.807123	-0.809697	-0.841375	-0.922435	-1.04099	-1.17002	-1.30505	-1.44049	-1.53714	-1.55771	-1.48789	-1.33116	-1.12729	-0.896014	-0.655937	-0.427605	-0.211704	-0.0212476	0.142328	0.275162	0.393002	0.515144	0.62214	0.707392	0.774633	0.833375	0.878671	0.91066	0.942822	0.970148	0.987988	0.992013	0.980278	0.963066	0.968702	0.990061	0.990061	
-0.466986	-0.467436	-0.468632	-0.471465	-0.499307	-0.542167	-0.597537	-0.649444	-0.700863	-0.755244	-0.791077	-0.801014	-0.803454	-0.807123	-0.809697	-0.841375	-0.922435	-1.04099	-1.17002	-1.30505	-1.44049	-1.53714	-1.55771	-1.48789	-1.33116	-1.12729	-0.896014	-0.655937	-0.427605	-0.211704	-0.0212476	0.142328	0.275162	0.393002	0.515144	0.62214	0.707392	0.774633	0.833375	0.878671	0.91066	0.942822	0.970148	0.987988	0.992013	0.980278	0.963066	0.968702	0.990061	0.990061	
-0.416808	-0.413356	-0.422991	-0.436441	-0.462291	-0.502204	-0.554871	-0.612492	-0.662793	-0.704211	-0.733015	-0.737439	-0.734719	-0.728268	-0.73613	-0.778105	-0.858881	-0.974156	-1.11297	-1.25786	-1.38264	-1.46298	-1.47481	-1.40195	-1.24407	-1.03569	-0.803033	-0.565072	-0.343686	-0.142633	0.0335879	0.178841	0.295829	0.390315	0.483512	0.567858	0.631464	0.687963	0.738531	0.777118	0.807505	0.842057	0.875053	0.893382	0.900083	0.900034	0.895908	0.899963	0.910715	0.910715	
-0.320543	-0.311658	-0.32366	-0.348689	-0.381378	-0.422036	-0.464505	-0.520462	-0.577485	-0.616732	-0.638057	-0.631707	-0.619432	-0.608134	-0.620199	-0.666749	-0.744745	-0.859072	-1.00795	-1.15931	-1.27019	-1.326	-1.32507	-1.24569	-1.09122	-0.880445	-0.648559	-0.416096	-0.205004	-0.0293401	0.122771	0.24094	0.331066	0.388701	0.438611	0.481922	0.514516	0.549468	0.580562	0.606585	0.627989	0.660717	0.695199	0.711864	0.724297	0.74423	0.75894	0.763743	0.761541	0.761541	
-0.200603	-0.182301	-0.194243	-0.228157	-0.271143	-0.316336	-0.35076	-0.398371	-0.461669	-0.504839	-0.515874	-0.494955	-0.479322	-0.474192	-0.488513	-0.534135	-0.613044	-0.733693	-0.88539	-1.03261	-1.12746	-1.15934	-1.13464	-1.03927	-0.88534	-0.675766	-0.447645	-0.223842	-0.0301751	0.114473	0.231185	0.313906	0.368631	0.382499	0.380946	0.377388	0.374802	0.381066	0.388653	0.398472	0.411773	0.437465	0.465052	0.478581	0.49757	0.534139	0.559049	0.564543	0.55361	0.55361	
-0.0583601	-0.0357606	-0.0521446	-0.0898754	-0.132696	-0.175327	-0.210441	-0.263005	-0.33063	-0.376819	-0.381619	-0.355072	-0.342679	-0.339113	-0.351458	-0.39735	-0.483607	-0.608307	-0.75254	-0.884758	-0.962804	-0.974559	-0.92339	-0.81367	-0.65826	-0.461967	-0.246319	-0.0354102	0.137964	0.255463	0.335914	0.382271	0.399751	0.371647	0.318823	0.269758	0.229338	0.203212	0.184956	0.180402	0.188254	0.205576	0.221841	0.23369	0.260803	0.301943	0.328593	0.330181	0.321073	0.321073	
0.106472	0.127102	0.109929	0.066731	0.0186131	-0.0202441	-0.0655223	-0.12883	-0.197772	-0.23965	-0.247834	-0.233862	-0.220066	-0.212682	-0.220023	-0.267351	-0.358117	-0.479558	-0.615359	-0.731576	-0.796134	-0.794472	-0.724544	-0.605652	-0.448681	-0.271271	-0.077263	0.115345	0.268472	0.368016	0.413473	0.428506	0.412108	0.348632	0.260351	0.173526	0.101538	0.0438047	0.00286625	-0.0179248	-0.019202	-0.0138644	-0.00980317	0.00369714	0.0376029	0.0830027	0.109771	0.11772	0.118245	0.118245	
0.269437	0.279384	0.259637	0.21232	0.150264	0.102077	0.0473005	-0.0200529	-0.0832853	-0.121703	-0.12967	-0.123486	-0.108998	-0.0983694	-0.106736	-0.155034	-0.242566	-0.359926	-0.488036	-0.593015	-0.65104	-0.641939	-0.567609	-0.442768	-0.28209	-0.117971	0.0530531	0.224261	0.362414	0.44306	0.463748	0.451076	0.403668	0.317836	0.20875	0.0944746	-0.00354421	-0.0872724	-0.147621	-0.180149	-0.194402	-0.193247	-0.188369	-0.170415	-0.130891	-0.0855559	-0.0541334	-0.0381614	-0.0282627	-0.0282627	
0.40513	0.403944	0.369435	0.312999	0.239567	0.176496	0.111205	0.0445437	-0.0108996	-0.0443428	-0.0469619	-0.0312706	-0.0150935	-0.00418996	-0.0120866	-0.0598179	-0.148645	-0.269484	-0.394319	-0.494688	-0.546101	-0.534945	-0.458511	-0.331152	-0.172763	-0.0187729	0.133189	0.286003	0.41103	0.483745	0.494363	0.462672	0.394853	0.294027	0.173391	0.0466506	-0.0732315	-0.170298	-0.237371	-0.28253	-0.303807	-0.30208	-0.287712	-0.264946	-0.230167	-0.185772	-0.147565	-0.122889	-0.109316	-0.109316	
0.511546	0.488956	0.432692	0.36017	0.278742	0.198566	0.123441	0.0568309	0.0125272	-0.00874846	-0.000642092	0.029632	0.0492966	0.0589751	0.0508414	0.00584157	-0.086852	-0.206629	-0.329766	-0.431561	-0.4883	-0.478726	-0.405013	-0.280429	-0.127359	0.0249392	0.17269	0.312439	0.425951	0.491968	0.504186	0.466572	0.391838	0.290658	0.176895	0.0533074	-0.0703878	-0.168409	-0.240513	-0.294938	-0.32674	-0.324978	-0.302902	-0.282421	-0.258373	-0.220611	-0.17881	-0.151136	-0.138336	-0.138336	
0.571288	0.53644	0.46122	0.366576	0.270359	0.169319	0.0836039	0.0255616	-0.0016471	-0.00335552	0.0162015	0.057143	0.0900562	0.0993733	0.087726	0.0420506	-0.0474661	-0.165327	-0.293238	-0.406539	-0.474046	-0.467261	-0.39656	-0.276297	-0.12893	0.0337317	0.187864	0.323294	0.426449	0.489073	0.509797	0.478636	0.41125	0.319195	0.224636	0.119116	0.0104288	-0.0791348	-0.151838	-0.211567	-0.252572	-0.259057	-0.243238	-0.235055	-0.22774	-0.204796	-0.175981	-0.150499	-0.141982	-0.141982	
0.596407	0.552789	0.464575	0.356735	0.246023	0.128467	0.0390295	-0.0144693	-0.0334687	-0.0265291	0.00680767	0.0648553	0.114133	0.132123	0.112914	0.0642691	-0.0156808	-0.132854	-0.267619	-0.394516	-0.467787	-0.468909	-0.41185	-0.301409	-0.159197	0.0142129	0.18161	0.321394	0.427014	0.493548	0.532595	0.521231	0.470585	0.397457	0.320793	0.240548	0.152389	0.0718212	-8.31486e-05	-0.0596415	-0.106653	-0.127832	-0.131748	-0.141731	-0.15195	-0.157738	-0.155744	-0.147227	-0.141692	-0.141692	
0.615757	0.573762	0.480552	0.361562	0.231504	0.105298	0.0112141	-0.041299	-0.0614016	-0.0451404	0.000371602	0.0699972	0.131212	0.15554	0.141333	0.0957831	0.0204078	-0.0964714	-0.242674	-0.379135	-0.459621	-0.48234	-0.442278	-0.343189	-0.195472	-0.0117079	0.17287	0.328647	0.44382	0.527371	0.580516	0.594596	0.567711	0.51519	0.460464	0.405547	0.338328	0.265563	0.196746	0.131556	0.0764761	0.028394	-0.00877416	-0.0383709	-0.0709751	-0.103471	-0.132823	-0.143858	-0.14072	-0.14072	
0.634938	0.59414	0.507561	0.387923	0.247208	0.117816	0.020812	-0.0362582	-0.0627061	-0.0419048	0.0138502	0.0813838	0.143402	0.180582	0.179383	0.142861	0.0664941	-0.0493046	-0.197321	-0.333903	-0.432505	-0.48069	-0.461925	-0.372744	-0.215233	-0.0231775	0.178384	0.353305	0.489895	0.591785	0.66049	0.698028	0.693879	0.66586	0.628954	0.585355	0.531551	0.460572	0.388917	0.318408	0.245778	0.174642	0.108415	0.0547013	0.00346722	-0.0535977	-0.108532	-0.139216	-0.14533	-0.14533	
0.633495	0.608355	0.534649	0.422911	0.287585	0.161286	0.0626955	0.00078778	-0.0265341	-0.0107414	0.0441354	0.105088	0.166558	0.216172	0.232244	0.197233	0.115531	-0.00205099	-0.14006	-0.271249	-0.37961	-0.443105	-0.437621	-0.3539	-0.194325	0.00450724	0.214392	0.409999	0.570014	0.692479	0.774844	0.822806	0.837236	0.82455	0.792558	0.749581	0.696154	0.628858	0.554318	0.4732	0.383993	0.293994	0.204228	0.124238	0.0516545	-0.0233484	-0.0897744	-0.138644	-0.157534	-0.157534	
0.602539	0.601313	0.552945	0.461061	0.344556	0.233972	0.141723	0.074453	0.0482279	0.0545506	0.0971105	0.150168	0.203845	0.2563	0.279532	0.248208	0.169017	0.0568231	-0.0653385	-0.18704	-0.293305	-0.36098	-0.361371	-0.27833	-0.122538	0.0794384	0.294022	0.497283	0.674995	0.807596	0.894158	0.947432	0.972585	0.970836	0.936524	0.887129	0.827065	0.758258	0.675308	0.577863	0.475634	0.371133	0.266087	0.163681	0.0703071	-0.0133058	-0.0840974	-0.144069	-0.176527	-0.176527	
0.530171	0.564049	0.548356	0.486435	0.401884	0.32161	0.245799	0.182281	0.152413	0.14995	0.171397	0.210927	0.257949	0.299899	0.32529	0.301791	0.226571	0.121843	0.0101591	-0.0964916	-0.189233	-0.244104	-0.236813	-0.154794	-0.00168916	0.194222	0.405855	0.611703	0.790691	0.924956	1.00807	1.05975	1.08634	1.08167	1.04088	0.97959	0.911922	0.834095	0.739243	0.627778	0.514845	0.39871	0.282464	0.167223	0.061763	-0.0197283	-0.088795	-0.144222	-0.181996	-0.181996	
0.424897	0.485901	0.512868	0.496199	0.459348	0.415275	0.362175	0.307346	0.26928	0.255989	0.2616	0.28515	0.322646	0.355047	0.369678	0.349796	0.279966	0.180608	0.0767746	-0.0162479	-0.0907646	-0.123236	-0.101428	-0.0157989	0.131941	0.319329	0.526189	0.728757	0.901043	1.02832	1.10653	1.15174	1.16894	1.14994	1.0967	1.02022	0.93886	0.845299	0.737322	0.621345	0.502251	0.382884	0.26363	0.148177	0.0465904	-0.0323127	-0.0933458	-0.13778	-0.16977	-0.16977	
0.308869	0.399583	0.471216	0.502595	0.515991	0.505942	0.47708	0.437577	0.39681	0.36739	0.358967	0.36879	0.395345	0.417699	0.422851	0.395784	0.329788	0.234094	0.129795	0.0379405	-0.0210868	-0.0341482	0.00365205	0.0966919	0.237732	0.419351	0.619549	0.815894	0.977818	1.09701	1.16895	1.20474	1.20478	1.16728	1.09944	1.00789	0.909854	0.800695	0.684492	0.567708	0.449958	0.333363	0.219196	0.117432	0.0295215	-0.0402781	-0.0841801	-0.11597	-0.133048	-0.133048	
0.206525	0.318524	0.422493	0.502108	0.557	0.581913	0.580766	0.556607	0.513916	0.473461	0.45378	0.455592	0.472726	0.488817	0.477951	0.441586	0.373521	0.272429	0.163342	0.0624938	0.00832822	0.0079209	0.0582316	0.161524	0.301609	0.478936	0.673916	0.856361	1.01285	1.12139	1.18627	1.21019	1.18761	1.1331	1.04703	0.941791	0.828119	0.70947	0.590273	0.477023	0.368476	0.263044	0.165382	0.0821179	0.0146986	-0.0354187	-0.0608585	-0.075822	-0.0827166	-0.0827166	
0.135383	0.255213	0.374423	0.49044	0.580416	0.635715	0.661278	0.655353	0.614313	0.567862	0.539938	0.534902	0.546201	0.551373	0.528383	0.47956	0.399806	0.291093	0.174358	0.0665216	0.00853357	0.0111208	0.0689183	0.178555	0.324679	0.494586	0.680575	0.852855	0.999224	1.10222	1.1607	1.16805	1.12672	1.05286	0.948629	0.833123	0.710348	0.588141	0.472939	0.368631	0.276268	0.192197	0.114246	0.0503926	0.00263172	-0.0268142	-0.0376599	-0.0437609	-0.0482498	-0.0482498	
0.0898966	0.207583	0.337289	0.475153	0.591966	0.673453	0.718369	0.727267	0.696085	0.651387	0.617471	0.603507	0.606366	0.599832	0.565875	0.504938	0.41637	0.30172	0.179136	0.0732223	0.00595367	-6.57845e-05	0.0629613	0.174542	0.319584	0.483687	0.652495	0.809894	0.943081	1.04024	1.0912	1.08651	1.02841	0.934048	0.820067	0.695174	0.569341	0.447201	0.3389	0.24892	0.17764	0.11727	0.0610299	0.0197386	-0.00881525	-0.0186973	-0.0213704	-0.0242415	-0.0289301	-0.0289301	
0.0580699	0.170744	0.302323	0.445345	0.578833	0.682653	0.745432	0.764024	0.748376	0.710106	0.673235	0.655608	0.650518	0.633358	0.591523	0.519894	0.425712	0.307891	0.188538	0.0871155	0.0169554	0.00460372	0.0657895	0.177327	0.316035	0.469991	0.619648	0.75577	0.869182	0.953582	0.991879	0.972319	0.893442	0.786074	0.664862	0.534612	0.41008	0.289119	0.193112	0.120982	0.0696592	0.0322036	0.00227023	-0.0128235	-0.017076	-0.0124149	-0.0125061	-0.0108698	-0.0134703	-0.0134703	
0.0314292	0.141701	0.268035	0.40774	0.546221	0.66328	0.737394	0.761742	0.758409	0.733924	0.700867	0.680401	0.671001	0.645046	0.596837	0.526637	0.434359	0.318467	0.210278	0.113129	0.0473338	0.0351311	0.091039	0.197912	0.326298	0.460784	0.588666	0.697024	0.784416	0.84985	0.867235	0.828964	0.738308	0.624117	0.499877	0.368788	0.241776	0.132645	0.0494963	-0.00612484	-0.0381755	-0.0543664	-0.054954	-0.0411441	-0.0221933	-0.011932	-0.00942515	-0.00665022	-0.00108899	-0.00108899	
0.0102468	0.114611	0.231228	0.358649	0.495321	0.613098	0.688215	0.721571	0.725714	0.714941	0.69761	0.676049	0.662349	0.631646	0.581789	0.517377	0.432055	0.329238	0.229587	0.143555	0.087308	0.080675	0.13346	0.229183	0.344487	0.454644	0.560079	0.643489	0.702869	0.739587	0.727309	0.670072	0.574851	0.464275	0.340571	0.210346	0.0916331	-0.00402158	-0.0739337	-0.120758	-0.139774	-0.134446	-0.111112	-0.0706565	-0.0338239	-0.0160445	-0.00752873	0.00112655	0.0163442	0.0163442	
0.0014135	0.0927701	0.192425	0.303061	0.426403	0.537058	0.605918	0.644603	0.663301	0.669269	0.670162	0.653997	0.630098	0.594957	0.543296	0.482483	0.405928	0.313432	0.221489	0.147454	0.102712	0.107883	0.161865	0.247919	0.34876	0.444338	0.530671	0.595684	0.631077	0.629373	0.588184	0.515206	0.420544	0.319042	0.203222	0.0819771	-0.0161057	-0.0965452	-0.158523	-0.19954	-0.210694	-0.190584	-0.155429	-0.103357	-0.057241	-0.0304863	-0.0157228	0.0022351	0.0223907	0.0223907	
0.0152048	0.0846849	0.170174	0.262965	0.367294	0.460727	0.521583	0.561987	0.594346	0.616045	0.626696	0.615646	0.578231	0.535285	0.483639	0.421098	0.349283	0.262655	0.180399	0.115259	0.0865923	0.101659	0.151528	0.230201	0.317508	0.404302	0.48102	0.532506	0.546279	0.518962	0.460538	0.382291	0.296352	0.206766	0.108971	0.0106802	-0.0672733	-0.136021	-0.195761	-0.231272	-0.236653	-0.216452	-0.183736	-0.137426	-0.0901891	-0.0592975	-0.0417905	-0.0172129	0.00255757	0.00255757	
0.0609742	0.105627	0.176952	0.254187	0.333146	0.397449	0.447878	0.489753	0.533994	0.570194	0.582995	0.569195	0.525093	0.472015	0.414668	0.346999	0.270294	0.18191	0.10897	0.0553497	0.0370101	0.0557647	0.0980787	0.16784	0.248488	0.332938	0.406398	0.449602	0.450072	0.415242	0.35307	0.277859	0.203074	0.126071	0.0584331	-0.00749813	-0.0670053	-0.12354	-0.179183	-0.207282	-0.21325	-0.212474	-0.200735	-0.171372	-0.13519	-0.108408	-0.0905026	-0.0662378	-0.0456594	-0.0456594	
0.119173	0.14205	0.199644	0.262513	0.312174	0.349481	0.388141	0.434022	0.485277	0.531729	0.54356	0.527452	0.483122	0.422668	0.350459	0.273843	0.185595	0.0917414	0.0276778	-0.0173699	-0.0322805	-0.0178525	0.0170861	0.0797184	0.159767	0.24501	0.320377	0.360439	0.359296	0.325914	0.272474	0.207938	0.142818	0.0843005	0.0404365	0.00240611	-0.0402596	-0.0891163	-0.132029	-0.151497	-0.164926	-0.187083	-0.202129	-0.194889	-0.177706	-0.165974	-0.158101	-0.139294	-0.122852	-0.122852	
0.159323	0.170114	0.216251	0.264617	0.291668	0.312575	0.34363	0.392114	0.448372	0.495595	0.511209	0.499377	0.459692	0.393241	0.307949	0.216781	0.115424	0.0154739	-0.0509957	-0.0920388	-0.106821	-0.098614	-0.0660732	-0.00844614	0.0659781	0.153598	0.23257	0.276402	0.282659	0.255968	0.218591	0.172676	0.120072	0.0733762	0.0394528	0.0147461	-0.0133139	-0.051543	-0.0787493	-0.0920124	-0.114967	-0.152785	-0.192047	-0.206053	-0.211428	-0.21971	-0.223899	-0.21774	-0.207398	-0.207398	
0.156083	0.158398	0.193011	0.232412	0.253352	0.272642	0.305332	0.356799	0.412653	0.463798	0.488225	0.484245	0.452071	0.38155	0.288938	0.186173	0.0735381	-0.0363057	-0.115119	-0.159006	-0.17751	-0.172868	-0.138364	-0.0872714	-0.014157	0.0771073	0.161441	0.21567	0.228183	0.210862	0.189603	0.164638	0.123968	0.0783239	0.040559	0.0146117	-0.00440448	-0.0307799	-0.0485469	-0.0602249	-0.08641	-0.128822	-0.178002	-0.207598	-0.228886	-0.248783	-0.264337	-0.270873	-0.268835	-0.268835	
0.104889	0.0998867	0.119799	0.15673	0.186288	0.217453	0.26516	0.322871	0.387406	0.446227	0.481155	0.486313	0.456367	0.390181	0.297925	0.191008	0.0680829	-0.0568942	-0.14853	-0.206306	-0.232714	-0.229328	-0.201281	-0.148319	-0.0712968	0.0212409	0.113538	0.175729	0.196954	0.192649	0.18359	0.169017	0.132772	0.0798929	0.029122	-0.00465279	-0.0247018	-0.0418053	-0.0538254	-0.0654862	-0.0848508	-0.120222	-0.165332	-0.200145	-0.224588	-0.245128	-0.269093	-0.284218	-0.289659	-0.289659	
0.0221569	0.0138071	0.0210486	0.052891	0.0986283	0.153068	0.221546	0.296709	0.377168	0.449966	0.495444	0.508659	0.481022	0.418302	0.333823	0.218429	0.0827887	-0.0553374	-0.162986	-0.237303	-0.275744	-0.281725	-0.256052	-0.196696	-0.110534	-0.0169558	0.0756214	0.149384	0.184586	0.200582	0.197599	0.179727	0.140593	0.0771664	0.0173732	-0.0302284	-0.060616	-0.0723756	-0.083728	-0.0922325	-0.101598	-0.124971	-0.157416	-0.188887	-0.207239	-0.224316	-0.251997	-0.272567	-0.279309	-0.279309	
-0.0626114	-0.0766965	-0.0802433	-0.0514105	0.0110798	0.0925871	0.184533	0.281951	0.384961	0.472679	0.533264	0.551746	0.522794	0.465321	0.376965	0.248433	0.096377	-0.0570518	-0.187017	-0.277048	-0.334401	-0.351444	-0.321239	-0.248058	-0.152423	-0.0537554	0.0404677	0.126575	0.19041	0.224737	0.228619	0.204988	0.157029	0.0936452	0.0291867	-0.0322853	-0.0722559	-0.0918611	-0.10524	-0.116314	-0.124245	-0.135538	-0.158537	-0.183429	-0.197142	-0.21223	-0.242374	-0.261932	-0.266266	-0.266266	
-0.148915	-0.163373	-0.170752	-0.138269	-0.0602685	0.0441648	0.154683	0.277892	0.404976	0.512536	0.584619	0.605222	0.576155	0.511166	0.409268	0.263668	0.0874221	-0.0902453	-0.243548	-0.355668	-0.431073	-0.453894	-0.415052	-0.327146	-0.212494	-0.101883	0.00612714	0.115521	0.205848	0.262388	0.27959	0.255446	0.204715	0.144711	0.0777764	0.0104495	-0.0406696	-0.0777097	-0.105559	-0.13157	-0.14813	-0.154767	-0.17311	-0.194185	-0.206808	-0.221376	-0.245317	-0.259214	-0.256214	-0.256214	
-0.227891	-0.241897	-0.240453	-0.199712	-0.111188	0.00666925	0.137999	0.28377	0.430242	0.554681	0.633664	0.655159	0.626125	0.55063	0.425974	0.258104	0.0531084	-0.156554	-0.335035	-0.469968	-0.558946	-0.585635	-0.541765	-0.436695	-0.30325	-0.168195	-0.0297254	0.10299	0.219603	0.303628	0.341521	0.331308	0.285661	0.223002	0.156933	0.0898826	0.0240891	-0.0338499	-0.0889961	-0.136314	-0.16336	-0.17388	-0.190059	-0.211998	-0.227217	-0.241184	-0.25616	-0.262067	-0.252635	-0.252635	
-0.298501	-0.312351	-0.299159	-0.251407	-0.156569	-0.0278792	0.123065	0.281784	0.440123	0.570442	0.650467	0.683729	0.661441	0.574839	0.432736	0.239181	0.00553705	-0.232266	-0.435112	-0.592386	-0.693338	-0.721623	-0.672678	-0.553323	-0.398038	-0.231692	-0.0635071	0.094957	0.230165	0.337918	0.401642	0.411566	0.37609	0.312811	0.248676	0.180239	0.100079	0.0154548	-0.0683679	-0.132636	-0.169883	-0.187512	-0.203124	-0.225191	-0.241354	-0.254296	-0.26464	-0.265119	-0.253524	-0.253524	
-0.357216	-0.380631	-0.365759	-0.310547	-0.20856	-0.0688128	0.0919402	0.255996	0.413025	0.540418	0.626328	0.677981	0.661182	0.57421	0.418092	0.208177	-0.036713	-0.29031	-0.512801	-0.691168	-0.802768	-0.831139	-0.774068	-0.640537	-0.468	-0.271846	-0.0763965	0.100867	0.252044	0.368754	0.448363	0.47662	0.453737	0.397643	0.336089	0.263583	0.169562	0.06114	-0.0420671	-0.117239	-0.166868	-0.197653	-0.218224	-0.237822	-0.249316	-0.259598	-0.271474	-0.267818	-0.258564	-0.258564	
-0.405399	-0.446439	-0.443226	-0.381624	-0.268677	-0.121227	0.0453495	0.214794	0.362858	0.483632	0.577926	0.634138	0.621229	0.531404	0.376298	0.166965	-0.0724434	-0.320354	-0.555039	-0.744003	-0.860357	-0.885311	-0.821905	-0.687466	-0.503297	-0.289953	-0.0738356	0.125368	0.284353	0.403197	0.4876	0.526523	0.518613	0.47121	0.407576	0.324756	0.217391	0.0929178	-0.0168105	-0.0976328	-0.158186	-0.203519	-0.234182	-0.246615	-0.252212	-0.260686	-0.276586	-0.278579	-0.272747	-0.272747	
-0.433195	-0.493647	-0.505218	-0.444754	-0.333549	-0.182924	-0.012965	0.157196	0.304068	0.426594	0.521821	0.569186	0.550845	0.461774	0.311914	0.120543	-0.103005	-0.337656	-0.564251	-0.751293	-0.860382	-0.88057	-0.820692	-0.693914	-0.509895	-0.292033	-0.0606637	0.150433	0.318731	0.436909	0.521227	0.567616	0.565964	0.522761	0.447978	0.353542	0.235003	0.107037	-0.0014768	-0.0829932	-0.149051	-0.206585	-0.245169	-0.25423	-0.252259	-0.258828	-0.275977	-0.286142	-0.285216	-0.285216	
-0.41417	-0.484617	-0.511572	-0.471099	-0.374493	-0.237496	-0.0764015	0.0888859	0.237362	0.356706	0.44497	0.48008	0.45372	0.370552	0.240819	0.0709477	-0.126726	-0.335366	-0.53578	-0.704122	-0.798753	-0.823611	-0.782062	-0.671624	-0.505157	-0.297571	-0.0688041	0.142612	0.316339	0.441212	0.528438	0.581531	0.582568	0.540863	0.459785	0.361268	0.244037	0.12114	0.0178467	-0.0646882	-0.13453	-0.199878	-0.246373	-0.258694	-0.25438	-0.25814	-0.270341	-0.285062	-0.287534	-0.287534	
-0.330895	-0.412861	-0.459157	-0.452644	-0.38767	-0.279516	-0.142076	0.00505515	0.140969	0.255343	0.334914	0.359448	0.338249	0.267437	0.163645	0.0258146	-0.137889	-0.313006	-0.480137	-0.616367	-0.704192	-0.739297	-0.715746	-0.635094	-0.497705	-0.318068	-0.116929	0.0851818	0.2594	0.39629	0.491229	0.550962	0.55723	0.518063	0.445221	0.353499	0.254161	0.149045	0.056279	-0.0227618	-0.0964171	-0.166572	-0.222006	-0.248165	-0.253873	-0.259525	-0.267699	-0.279359	-0.283283	-0.283283	
-0.199633	-0.293729	-0.370397	-0.405274	-0.38718	-0.319168	-0.214674	-0.0982746	0.0197544	0.128288	0.205394	0.232418	0.217292	0.160396	0.0827953	-0.0173087	-0.146083	-0.284433	-0.418084	-0.527633	-0.609514	-0.651404	-0.645976	-0.594915	-0.493697	-0.355251	-0.18873	-0.00685009	0.161508	0.302261	0.402936	0.467908	0.486456	0.460662	0.404718	0.333295	0.260279	0.181546	0.108172	0.0357139	-0.0364664	-0.106216	-0.167088	-0.207729	-0.233049	-0.246748	-0.256997	-0.262801	-0.265821	-0.265821	
-0.0417707	-0.143443	-0.249355	-0.329531	-0.366596	-0.350052	-0.292512	-0.213298	-0.112982	-0.00645816	0.0759436	0.112306	0.101056	0.0552787	0.00284014	-0.0639316	-0.156442	-0.262803	-0.367086	-0.457314	-0.528793	-0.573426	-0.582934	-0.560171	-0.498816	-0.401295	-0.270712	-0.117827	0.0335575	0.163948	0.262503	0.337172	0.37773	0.379042	0.351861	0.312542	0.269885	0.222797	0.169401	0.104414	0.035542	-0.0348766	-0.0972687	-0.150254	-0.190928	-0.21247	-0.224985	-0.222887	-0.222121	-0.222121	
0.110639	0.00110226	-0.126759	-0.241624	-0.326134	-0.3656	-0.358964	-0.322262	-0.249951	-0.156988	-0.0667854	-0.0183153	-0.0207316	-0.0450479	-0.0737219	-0.11196	-0.165036	-0.238602	-0.313071	-0.381334	-0.440789	-0.485047	-0.512043	-0.516791	-0.492808	-0.431396	-0.339521	-0.224348	-0.102978	0.00122116	0.0951105	0.18099	0.248815	0.287133	0.296184	0.29299	0.279222	0.255489	0.215383	0.159535	0.0957445	0.0310673	-0.0297709	-0.0853198	-0.128516	-0.154755	-0.164413	-0.162718	-0.157045	-0.157045	
0.232468	0.115712	-0.0229567	-0.163142	-0.285112	-0.372256	-0.416777	-0.421046	-0.385242	-0.311513	-0.217588	-0.155345	-0.135952	-0.131534	-0.137152	-0.145811	-0.16176	-0.198339	-0.241627	-0.288348	-0.334809	-0.376922	-0.41827	-0.441855	-0.441177	-0.413052	-0.357565	-0.28702	-0.210392	-0.138134	-0.0623012	0.0242573	0.107312	0.173704	0.219728	0.251913	0.267364	0.260727	0.234639	0.191736	0.140506	0.0878993	0.0308961	-0.0202465	-0.059547	-0.0848506	-0.0944004	-0.0966091	-0.091912	-0.091912	
0.318952	0.203101	0.0603137	-0.0953604	-0.245506	-0.373527	-0.464988	-0.508477	-0.510331	-0.452427	-0.359798	-0.283843	-0.234552	-0.20419	-0.187353	-0.170135	-0.151321	-0.147377	-0.159216	-0.180215	-0.210651	-0.249203	-0.291985	-0.325245	-0.336266	-0.334839	-0.315995	-0.290436	-0.264224	-0.227056	-0.178774	-0.107672	-0.0283264	0.0481538	0.124268	0.183769	0.225372	0.236628	0.222784	0.199177	0.16459	0.127748	0.0819205	0.0358099	5.64455e-05	-0.0252413	-0.0396085	-0.0473216	-0.0484763	-0.0484763	
0.375001	0.273554	0.131934	-0.033975	-0.204393	-0.365393	-0.498312	-0.579502	-0.603061	-0.563513	-0.483879	-0.394937	-0.321399	-0.264691	-0.225128	-0.182565	-0.13595	-0.10301	-0.08184	-0.0768129	-0.0818402	-0.10357	-0.135863	-0.16447	-0.189179	-0.211488	-0.230665	-0.25255	-0.268556	-0.265354	-0.240368	-0.193239	-0.131952	-0.0599554	0.0241717	0.100166	0.157408	0.185575	0.189553	0.180642	0.165317	0.14547	0.113891	0.0745156	0.0330852	0.00280288	-0.020601	-0.0341952	-0.0423128	-0.0423128	
0.409179	0.317876	0.175987	0.00215805	-0.175969	-0.355285	-0.510238	-0.60992	-0.649065	-0.632689	-0.572423	-0.479564	-0.388159	-0.307203	-0.23931	-0.174948	-0.109292	-0.0601013	-0.0116072	0.0187901	0.0415408	0.0471558	0.0358815	0.0202393	-0.0114119	-0.0512347	-0.104186	-0.165421	-0.21682	-0.244026	-0.242333	-0.225588	-0.194479	-0.142602	-0.0731304	-0.00271033	0.0581361	0.0980493	0.118531	0.123221	0.121765	0.121381	0.108647	0.0785677	0.0358059	0.0010094	-0.0254391	-0.0428103	-0.0550089	-0.0550089	
0.422668	0.336811	0.192953	0.0154866	-0.165224	-0.344264	-0.497409	-0.598792	-0.645412	-0.644736	-0.604982	-0.522188	-0.42526	-0.32921	-0.236013	-0.147703	-0.0685611	-0.00514195	0.0596241	0.110681	0.150962	0.180646	0.193462	0.192816	0.165823	0.120295	0.0498775	-0.0334042	-0.106775	-0.158598	-0.18654	-0.207527	-0.212543	-0.197984	-0.157747	-0.112303	-0.0626959	-0.0136758	0.0189521	0.03752	0.0485587	0.0635182	0.0670654	0.0466682	0.00738691	-0.0272988	-0.0576257	-0.0814986	-0.0996426	-0.0996426	
