0.628575	0.473558	0.355517	0.264611	0.198784	0.153994	0.11283	0.0832994	0.0575795	0.0352994	0.0216329	0.00708495	-0.00661869	-0.0190383	-0.0251089	-0.0305089	-0.0397823	-0.0407518	-0.0421901	-0.0499061	-0.052818	-0.0520666	-0.0523879	-0.0582629	-0.0665166	-0.0638034	-0.0589015	-0.0682456	-0.0808816	-0.083655	-0.0797867	-0.0750024	-0.0794123	-0.0976298	-0.108111	-0.0855727	-0.0304557	0.0461898	0.138529	0.23331	0.31003	0.35928	0.379752	0.361898	0.297752	0.205424	0.123983	0.0792824	0.0656562	0.0656562	
0.473558	0.338645	0.236384	0.1604	0.112294	0.0769181	0.0451339	0.0297757	0.0152352	0.00112083	-0.00841926	-0.0186486	-0.0272739	-0.0323982	-0.0323974	-0.0392248	-0.0470025	-0.043396	-0.0454009	-0.0533671	-0.0541678	-0.0524427	-0.0540534	-0.061713	-0.0675541	-0.0620812	-0.0605908	-0.0732733	-0.0836833	-0.0833301	-0.0788008	-0.0768161	-0.0873669	-0.108851	-0.115842	-0.0901385	-0.0396579	0.0248806	0.0995492	0.17349	0.234901	0.285015	0.324988	0.339874	0.315595	0.264753	0.219219	0.198515	0.195819	0.195819	
0.355517	0.236384	0.148782	0.0903938	0.0538937	0.0246374	0.00805335	0.00163578	-0.0129136	-0.0223959	-0.0260602	-0.030754	-0.0351025	-0.0379633	-0.0393989	-0.0462347	-0.0477025	-0.0436611	-0.0500704	-0.0558138	-0.0534098	-0.0527973	-0.0569931	-0.0650059	-0.0670965	-0.0606451	-0.0640394	-0.0784995	-0.0852901	-0.0822773	-0.0782968	-0.0804694	-0.0969815	-0.119149	-0.120654	-0.092597	-0.0487255	0.00193259	0.0569139	0.108442	0.154686	0.206735	0.266811	0.315345	0.333698	0.328281	0.321329	0.324902	0.33235	0.33235	
0.264611	0.1604	0.0903938	0.0441949	0.0159287	-0.00140566	-0.0111005	-0.0202009	-0.0309355	-0.0315302	-0.0318733	-0.0372384	-0.0422809	-0.0420308	-0.041964	-0.0486178	-0.0481579	-0.0460545	-0.0531567	-0.0556689	-0.0532842	-0.054716	-0.0601373	-0.0670403	-0.0656972	-0.0605885	-0.0691102	-0.0830998	-0.0855071	-0.0809186	-0.0789285	-0.0863517	-0.107704	-0.127515	-0.122333	-0.0936511	-0.0585507	-0.02345	0.0101561	0.0386541	0.0709423	0.126255	0.20654	0.289027	0.352248	0.395557	0.429275	0.457191	0.474075	0.474075	
0.198784	0.112294	0.0538937	0.0159287	-0.00204185	-0.0190473	-0.0281952	-0.031966	-0.0357505	-0.0337477	-0.0381906	-0.0441852	-0.0434943	-0.041178	-0.0462432	-0.0518234	-0.046518	-0.0474038	-0.0563347	-0.0561211	-0.053433	-0.0565155	-0.0633517	-0.0683355	-0.0639912	-0.0622868	-0.0752204	-0.0864032	-0.0844666	-0.0798681	-0.0813769	-0.0945585	-0.118579	-0.132983	-0.121112	-0.0943605	-0.0701981	-0.0521561	-0.0410581	-0.0349574	-0.0143105	0.0457221	0.145799	0.261964	0.371547	0.465856	0.541521	0.593734	0.619611	0.619611	
0.153994	0.0769181	0.0246374	-0.00140566	-0.0190473	-0.0332883	-0.0303012	-0.033788	-0.0381794	-0.0388084	-0.0443431	-0.044226	-0.0427312	-0.0449176	-0.0495688	-0.0495239	-0.0460031	-0.052853	-0.0584715	-0.0540449	-0.0539161	-0.0601091	-0.0667627	-0.067912	-0.0624465	-0.066384	-0.0816312	-0.0877662	-0.0825789	-0.0799488	-0.0862428	-0.104724	-0.128311	-0.134873	-0.117777	-0.0960886	-0.0848488	-0.085094	-0.096792	-0.110972	-0.0986477	-0.0324723	0.0865299	0.235566	0.392001	0.538144	0.656023	0.732475	0.767348	0.767348	
0.11283	0.0451339	0.00805335	-0.0111005	-0.0281952	-0.0303012	-0.0307788	-0.0422334	-0.0432857	-0.0422485	-0.0437223	-0.0436107	-0.0448955	-0.0461405	-0.0505155	-0.0502797	-0.0486874	-0.0555326	-0.0570255	-0.0536413	-0.0573746	-0.0638575	-0.0681586	-0.0662497	-0.0629571	-0.0727982	-0.0868184	-0.0869249	-0.0808073	-0.0820807	-0.0937786	-0.115908	-0.135476	-0.133066	-0.113697	-0.100398	-0.103728	-0.123073	-0.156677	-0.18743	-0.179356	-0.105784	0.0309744	0.211602	0.414091	0.611075	0.770264	0.870973	0.915412	0.915412	
0.0832994	0.0297757	0.00163578	-0.0202009	-0.031966	-0.033788	-0.0422334	-0.0467898	-0.0396266	-0.0395542	-0.0448871	-0.0464245	-0.0456376	-0.0493728	-0.0532181	-0.0478827	-0.0495609	-0.0588443	-0.057249	-0.0547114	-0.0603968	-0.0664648	-0.0686326	-0.0650606	-0.0660534	-0.0800834	-0.0896	-0.0845626	-0.080386	-0.0869285	-0.103695	-0.126654	-0.138859	-0.12823	-0.110743	-0.108915	-0.128014	-0.166635	-0.219748	-0.261868	-0.253591	-0.171613	-0.0183418	0.192154	0.438311	0.683016	0.881359	1.00645	1.0616	1.0616	
0.0575795	0.0152352	-0.0129136	-0.0309355	-0.0357505	-0.0381794	-0.0432857	-0.0396266	-0.0364812	-0.0467151	-0.0506386	-0.0456594	-0.0467336	-0.0517285	-0.0497188	-0.0476367	-0.0569568	-0.0609332	-0.0543364	-0.056216	-0.0646726	-0.0690705	-0.0679734	-0.0646603	-0.0717867	-0.0869177	-0.0894974	-0.0818718	-0.0824797	-0.094768	-0.115068	-0.135191	-0.137864	-0.12194	-0.111103	-0.123182	-0.158717	-0.215831	-0.284321	-0.331437	-0.318563	-0.227373	-0.0586671	0.179484	0.465086	0.752145	0.986227	1.13583	1.20331	1.20331	
0.0352994	0.00112083	-0.0223959	-0.0315302	-0.0337477	-0.0388084	-0.0422485	-0.0395542	-0.0467151	-0.0533589	-0.0446505	-0.0425922	-0.0499751	-0.0525395	-0.0505661	-0.0532671	-0.0595162	-0.0570846	-0.0543042	-0.0617993	-0.0687296	-0.0692972	-0.0662614	-0.0670444	-0.0799485	-0.0912917	-0.086621	-0.0806589	-0.0880687	-0.105214	-0.126265	-0.139836	-0.132938	-0.116611	-0.117008	-0.144509	-0.196502	-0.269984	-0.347956	-0.393108	-0.371702	-0.270548	-0.0871331	0.175833	0.494681	0.816589	1.08182	1.25587	1.33739	1.33739	
0.0216329	-0.00841926	-0.0260602	-0.0318733	-0.0381906	-0.0443431	-0.0437223	-0.0448871	-0.0506386	-0.0446505	-0.0402681	-0.0501835	-0.0558047	-0.0529254	-0.0500769	-0.0545764	-0.0603299	-0.0571912	-0.0577862	-0.0664571	-0.0702586	-0.0680025	-0.0662357	-0.0733678	-0.0879282	-0.091399	-0.0828412	-0.0830543	-0.0972653	-0.116967	-0.135252	-0.139621	-0.125829	-0.115201	-0.13042	-0.173847	-0.241464	-0.327464	-0.407553	-0.443934	-0.410769	-0.298716	-0.100943	0.183156	0.527134	0.874628	1.1654	1.36323	1.46015	1.46015	
0.00708495	-0.0186486	-0.030754	-0.0372384	-0.0441852	-0.044226	-0.0436107	-0.0464245	-0.0456594	-0.0425922	-0.0501835	-0.0574582	-0.0527657	-0.0477322	-0.0517506	-0.06188	-0.0618422	-0.0550361	-0.0615858	-0.0713265	-0.070077	-0.066521	-0.069793	-0.0820877	-0.0924481	-0.0878879	-0.0813395	-0.0901257	-0.108961	-0.128128	-0.140169	-0.134855	-0.119532	-0.120742	-0.15278	-0.211633	-0.292839	-0.385583	-0.459608	-0.481308	-0.433882	-0.309605	-0.0976491	0.202817	0.562223	0.92491	1.23473	1.45457	1.56728	1.56728	
-0.00661869	-0.0272739	-0.0351025	-0.0422809	-0.0434943	-0.0427312	-0.0448955	-0.0456376	-0.0467336	-0.0499751	-0.0558047	-0.0527657	-0.046744	-0.0519796	-0.0621625	-0.063484	-0.0550114	-0.0571771	-0.0708404	-0.0728775	-0.0667411	-0.06807	-0.0775311	-0.0895825	-0.0920685	-0.0838521	-0.084665	-0.101269	-0.121315	-0.136621	-0.139907	-0.127506	-0.117917	-0.135789	-0.184808	-0.257603	-0.348732	-0.440666	-0.500591	-0.503144	-0.439466	-0.301198	-0.0755071	0.235333	0.599506	0.966653	1.28829	1.52668	1.654	1.654	
-0.0190383	-0.0323982	-0.0379633	-0.0420308	-0.041178	-0.0449176	-0.0461405	-0.0493728	-0.0517285	-0.0525395	-0.0529254	-0.0477322	-0.0519796	-0.062169	-0.0624595	-0.0564045	-0.0564368	-0.0680351	-0.0743989	-0.0681731	-0.0668548	-0.0749398	-0.0856411	-0.0928517	-0.08857	-0.0828877	-0.0935842	-0.114736	-0.132135	-0.140528	-0.134842	-0.121316	-0.125004	-0.161907	-0.226387	-0.310538	-0.40594	-0.488376	-0.527364	-0.507917	-0.426165	-0.271951	-0.0338553	0.280209	0.638411	0.999753	1.32529	1.57657	1.71532	1.71532	
-0.0251089	-0.0323974	-0.0393989	-0.041964	-0.0462432	-0.0495688	-0.0505155	-0.0532181	-0.0497188	-0.0505661	-0.0500769	-0.0517506	-0.0621625	-0.0624595	-0.057147	-0.0579263	-0.0646562	-0.073008	-0.0714557	-0.0669286	-0.0724533	-0.0826052	-0.0912568	-0.0922749	-0.0849605	-0.0875679	-0.107342	-0.127932	-0.138983	-0.138926	-0.127596	-0.12126	-0.143959	-0.199358	-0.276503	-0.367989	-0.460012	-0.52425	-0.537517	-0.49455	-0.392816	-0.221122	0.0265726	0.335948	0.678366	1.02475	1.34559	1.60165	1.74643	1.74643	
-0.0305089	-0.0392248	-0.0462347	-0.0486178	-0.0518234	-0.0495239	-0.0502797	-0.0478827	-0.0476367	-0.0532671	-0.0545764	-0.06188	-0.063484	-0.0564045	-0.0579263	-0.0631779	-0.0706599	-0.0750125	-0.0689932	-0.0689688	-0.0800067	-0.0900537	-0.0937156	-0.0884413	-0.0849304	-0.0996093	-0.123193	-0.137386	-0.140165	-0.13313	-0.123004	-0.132271	-0.176252	-0.247101	-0.333122	-0.42606	-0.505642	-0.544349	-0.529485	-0.462202	-0.338581	-0.149174	0.103514	0.400251	0.718889	1.04258	1.34942	1.59987	1.74336	1.74336	
-0.0397823	-0.0470025	-0.0477025	-0.0481579	-0.046518	-0.0460031	-0.0486874	-0.0495609	-0.0569568	-0.0595162	-0.0603299	-0.0618422	-0.0550114	-0.0564368	-0.0646562	-0.0706599	-0.0765372	-0.0712959	-0.0655615	-0.0770868	-0.0906424	-0.0940732	-0.0905031	-0.0853448	-0.0935366	-0.11719	-0.135918	-0.14053	-0.136322	-0.127046	-0.126988	-0.157821	-0.221324	-0.302948	-0.392962	-0.479445	-0.537393	-0.545797	-0.502398	-0.410124	-0.263289	-0.0581292	0.193319	0.470364	0.759575	1.0542	1.33712	1.56994	1.70362	1.70362	
-0.0407518	-0.043396	-0.0436611	-0.0460545	-0.0474038	-0.052853	-0.0555326	-0.0588443	-0.0609332	-0.0570846	-0.0571912	-0.0550361	-0.0571771	-0.0680351	-0.073008	-0.0750125	-0.0712959	-0.0641342	-0.0748141	-0.0921617	-0.0947046	-0.0902635	-0.086821	-0.0906869	-0.110707	-0.133509	-0.141316	-0.137895	-0.130572	-0.126403	-0.145031	-0.198889	-0.276707	-0.363644	-0.451289	-0.52191	-0.550613	-0.526999	-0.455739	-0.337728	-0.167945	0.0483006	0.291398	0.543456	0.799904	1.06004	1.30885	1.51162	1.62687	1.62687	
-0.0421901	-0.0454009	-0.0500704	-0.0531567	-0.0563347	-0.0584715	-0.0570255	-0.057249	-0.0543364	-0.0543042	-0.0577862	-0.0615858	-0.0708404	-0.0743989	-0.0714557	-0.0689932	-0.0655615	-0.0748141	-0.0929287	-0.0954627	-0.0889227	-0.0877256	-0.0907759	-0.10538	-0.129589	-0.142344	-0.1394	-0.132532	-0.12782	-0.1378	-0.180512	-0.253415	-0.338469	-0.424858	-0.501967	-0.547215	-0.542194	-0.487421	-0.389051	-0.245016	-0.0552333	0.164947	0.392882	0.616872	0.838891	1.05954	1.26447	1.42597	1.51539	1.51539	
-0.0499061	-0.0533671	-0.0558138	-0.0556689	-0.0561211	-0.0540449	-0.0536413	-0.0547114	-0.056216	-0.0617993	-0.0664571	-0.0713265	-0.0728775	-0.0681731	-0.0669286	-0.0689688	-0.0770868	-0.0921617	-0.0954627	-0.0882208	-0.0879012	-0.0920604	-0.102187	-0.124941	-0.142827	-0.141655	-0.133445	-0.129043	-0.134698	-0.166982	-0.232948	-0.316632	-0.401872	-0.481053	-0.537961	-0.550285	-0.510865	-0.427059	-0.301962	-0.133283	0.0702717	0.28584	0.493292	0.688125	0.874645	1.05091	1.20366	1.31561	1.37427	1.37427	
-0.052818	-0.0541678	-0.0534098	-0.0532842	-0.053433	-0.0539161	-0.0573746	-0.0603968	-0.0646726	-0.0687296	-0.0702586	-0.070077	-0.0667411	-0.0668548	-0.0724533	-0.0800067	-0.0906424	-0.0947046	-0.0889227	-0.0879012	-0.0927324	-0.1009	-0.121182	-0.142542	-0.144323	-0.134202	-0.129202	-0.133725	-0.158283	-0.215919	-0.297422	-0.382519	-0.46172	-0.525359	-0.552432	-0.528248	-0.45684	-0.345923	-0.194732	-0.00581947	0.202415	0.405125	0.588951	0.75458	0.904029	1.03126	1.12627	1.18481	1.21109	1.21109	
-0.0520666	-0.0524427	-0.0527973	-0.054716	-0.0565155	-0.0601091	-0.0638575	-0.0664648	-0.0690705	-0.0692972	-0.0680025	-0.066521	-0.06807	-0.0749398	-0.0826052	-0.0900537	-0.0940732	-0.0902635	-0.0877256	-0.0920604	-0.1009	-0.119747	-0.142066	-0.14647	-0.135102	-0.128564	-0.133333	-0.153476	-0.202955	-0.280787	-0.366302	-0.44531	-0.511886	-0.54997	-0.54034	-0.480776	-0.38093	-0.244018	-0.0692225	0.131812	0.334367	0.517933	0.676918	0.812964	0.922657	0.997176	1.0329	1.03937	1.03522	1.03522	
-0.0523879	-0.0540534	-0.0569931	-0.0601373	-0.0633517	-0.0667627	-0.0681586	-0.0686326	-0.0679734	-0.0662614	-0.0662357	-0.069793	-0.0775311	-0.0856411	-0.0912568	-0.0937156	-0.0905031	-0.086821	-0.0907759	-0.102187	-0.121182	-0.142066	-0.147285	-0.135779	-0.127818	-0.13291	-0.151207	-0.19413	-0.267195	-0.352812	-0.432152	-0.499486	-0.544622	-0.547725	-0.499872	-0.40935	-0.283721	-0.122131	0.0701677	0.272308	0.459868	0.620771	0.75443	0.858976	0.925384	0.945714	0.925397	0.886256	0.856804	0.856804	
-0.0582629	-0.061713	-0.0650059	-0.0670403	-0.0683355	-0.067912	-0.0662497	-0.0650606	-0.0646603	-0.0670444	-0.0733678	-0.0820877	-0.0895825	-0.0928517	-0.0922749	-0.0884413	-0.0853448	-0.0906869	-0.10538	-0.124941	-0.142542	-0.14647	-0.135779	-0.127507	-0.132566	-0.150308	-0.18892	-0.2572	-0.342082	-0.42208	-0.4893	-0.538173	-0.551279	-0.514583	-0.43254	-0.315704	-0.165634	0.016765	0.216318	0.408007	0.574267	0.711173	0.818108	0.887354	0.907323	0.875453	0.807203	0.73298	0.68549	0.68549	
-0.0665166	-0.0675541	-0.0670965	-0.0656972	-0.0639912	-0.0624465	-0.0629571	-0.0660534	-0.0717867	-0.0799485	-0.0879282	-0.0924481	-0.0920685	-0.08857	-0.0849605	-0.0849304	-0.0935366	-0.110707	-0.129589	-0.142827	-0.144323	-0.135102	-0.127818	-0.132566	-0.150082	-0.186576	-0.251139	-0.334506	-0.414886	-0.481755	-0.532082	-0.55217	-0.525307	-0.451215	-0.341373	-0.200728	-0.0283455	0.166385	0.360482	0.532578	0.674721	0.786698	0.863429	0.892604	0.865178	0.787369	0.683251	0.586775	0.529333	0.529333	
-0.0638034	-0.0620812	-0.0606451	-0.0605885	-0.0622868	-0.066384	-0.0727982	-0.0800834	-0.0869177	-0.0912917	-0.091399	-0.0878879	-0.0838521	-0.0828877	-0.0875679	-0.0996093	-0.11719	-0.133509	-0.142344	-0.141655	-0.134202	-0.128564	-0.13291	-0.150308	-0.186576	-0.249116	-0.330564	-0.410522	-0.476852	-0.527302	-0.551617	-0.532591	-0.465735	-0.361683	-0.228443	-0.0652669	0.123157	0.317468	0.494448	0.642073	0.759309	0.843826	0.884969	0.870361	0.798476	0.685138	0.559478	0.453792	0.393974	0.393974	
-0.0589015	-0.0605908	-0.0640394	-0.0691102	-0.0752204	-0.0816312	-0.0868184	-0.0896	-0.0894974	-0.086621	-0.0828412	-0.0813395	-0.084665	-0.0935842	-0.107342	-0.123193	-0.135918	-0.141316	-0.1394	-0.133445	-0.129202	-0.133333	-0.151207	-0.18892	-0.251139	-0.330564	-0.409054	-0.474454	-0.524317	-0.550657	-0.537104	-0.476335	-0.37719	-0.249692	-0.0943968	0.0871618	0.279735	0.46004	0.612594	0.734526	0.825478	0.877541	0.877607	0.818949	0.710232	0.574737	0.441977	0.338439	0.282285	0.282285	
-0.0682456	-0.0732733	-0.0784995	-0.0830998	-0.0864032	-0.0877662	-0.0869249	-0.0845626	-0.0818718	-0.0806589	-0.0830543	-0.0901257	-0.101269	-0.114736	-0.127932	-0.137386	-0.14053	-0.137895	-0.132532	-0.129043	-0.133725	-0.153476	-0.19413	-0.2572	-0.334506	-0.410522	-0.474454	-0.523308	-0.550001	-0.539499	-0.483231	-0.388168	-0.265161	-0.116291	0.0586102	0.248057	0.429978	0.586472	0.712348	0.808175	0.868867	0.882194	0.838382	0.740533	0.606727	0.463407	0.336052	0.243032	0.194508	0.194508	
-0.0808816	-0.0836833	-0.0852901	-0.0855071	-0.0844666	-0.0825789	-0.0808073	-0.080386	-0.0824797	-0.0880687	-0.0972653	-0.108961	-0.121315	-0.132135	-0.138983	-0.140165	-0.136322	-0.130572	-0.12782	-0.134698	-0.158283	-0.202955	-0.267195	-0.342082	-0.414886	-0.476852	-0.524317	-0.550001	-0.540241	-0.486619	-0.394729	-0.275285	-0.131496	0.0374554	0.223012	0.40497	0.564146	0.693109	0.792468	0.859483	0.883583	0.853523	0.768221	0.641277	0.496389	0.358287	0.245448	0.167813	0.128777	0.128777	
-0.083655	-0.0833301	-0.0822773	-0.0809186	-0.0798681	-0.0799488	-0.0820807	-0.0869285	-0.094768	-0.105214	-0.116967	-0.128128	-0.136621	-0.140528	-0.138926	-0.13313	-0.127046	-0.126403	-0.1378	-0.166982	-0.215919	-0.280787	-0.352812	-0.42208	-0.481755	-0.527302	-0.550657	-0.539499	-0.486619	-0.396913	-0.280298	-0.140443	0.023518	0.204959	0.385647	0.546115	0.677176	0.778934	0.850315	0.882623	0.864217	0.790993	0.672678	0.530342	0.388113	0.265149	0.171944	0.111297	0.081863	0.081863	
-0.0797867	-0.0788008	-0.0782968	-0.0789285	-0.0813769	-0.0862428	-0.0937786	-0.103695	-0.115068	-0.126265	-0.135252	-0.140169	-0.139907	-0.134842	-0.127596	-0.123004	-0.126988	-0.145031	-0.180512	-0.232948	-0.297422	-0.366302	-0.432152	-0.4893	-0.532082	-0.551617	-0.537104	-0.483231	-0.394729	-0.280298	-0.143396	0.0166074	0.194079	0.372497	0.532849	0.664883	0.768009	0.842167	0.880372	0.871273	0.808731	0.699214	0.561198	0.418005	0.289554	0.187572	0.115392	0.0708366	0.0499409	0.0499409	
-0.0750024	-0.0768161	-0.0804694	-0.0863517	-0.0945585	-0.104724	-0.115908	-0.126654	-0.135191	-0.139836	-0.139621	-0.134855	-0.127506	-0.121316	-0.12126	-0.132271	-0.157821	-0.198889	-0.253415	-0.316632	-0.382519	-0.44531	-0.499486	-0.538173	-0.55217	-0.532591	-0.476335	-0.388168	-0.275285	-0.140443	0.0166074	0.190446	0.365843	0.524726	0.656512	0.760002	0.835621	0.877741	0.875647	0.82199	0.720643	0.587615	0.445124	0.313547	0.205913	0.126729	0.074125	0.0432378	0.0292271	0.0292271	
-0.0794123	-0.0873669	-0.0969815	-0.107704	-0.118579	-0.128311	-0.135476	-0.138859	-0.137864	-0.132938	-0.125829	-0.119532	-0.117917	-0.125004	-0.143959	-0.176252	-0.221324	-0.276707	-0.338469	-0.401872	-0.46172	-0.511886	-0.544622	-0.551279	-0.525307	-0.465735	-0.37719	-0.265161	-0.131496	0.023518	0.194079	0.365843	0.52199	0.652271	0.755118	0.831065	0.875408	0.878176	0.83145	0.737189	0.609203	0.468401	0.335195	0.223638	0.139493	0.0817302	0.0455525	0.0252991	0.0164053	0.0164053	
-0.0976298	-0.108851	-0.119149	-0.127515	-0.132983	-0.134873	-0.133066	-0.12823	-0.12194	-0.116611	-0.115201	-0.120742	-0.135789	-0.161907	-0.199358	-0.247101	-0.302948	-0.363644	-0.424858	-0.481053	-0.525359	-0.54997	-0.547725	-0.514583	-0.451215	-0.361683	-0.249692	-0.116291	0.0374554	0.204959	0.372497	0.524726	0.652271	0.753476	0.828733	0.873834	0.879505	0.837728	0.749195	0.625893	0.487353	0.353651	0.239463	0.15161	0.0899967	0.0503014	0.0267728	0.0141863	0.00883105	0.00883105	
-0.108111	-0.115842	-0.120654	-0.122333	-0.121112	-0.117777	-0.113697	-0.110743	-0.111103	-0.117008	-0.13042	-0.15278	-0.184808	-0.226387	-0.276503	-0.333122	-0.392962	-0.451289	-0.501967	-0.537961	-0.552432	-0.54034	-0.499872	-0.43254	-0.341373	-0.228443	-0.0943968	0.0586102	0.223012	0.385647	0.532849	0.656512	0.755118	0.828733	0.873281	0.880063	0.841297	0.756987	0.63773	0.501724	0.368428	0.252745	0.162255	0.0976867	0.0552983	0.0295439	0.0150479	0.00762283	0.00455924	0.00455924	
-0.0855727	-0.0901385	-0.092597	-0.0936511	-0.0943605	-0.0960886	-0.100398	-0.108915	-0.123182	-0.144509	-0.173847	-0.211633	-0.257603	-0.310538	-0.367989	-0.42606	-0.479445	-0.52191	-0.547215	-0.550285	-0.528248	-0.480776	-0.40935	-0.315704	-0.200728	-0.0652669	0.0871618	0.248057	0.40497	0.546115	0.664883	0.760002	0.831065	0.873834	0.880063	0.842453	0.760817	0.64479	0.511367	0.379197	0.263061	0.170967	0.10429	0.0598369	0.032368	0.0165627	0.0080891	0.00392525	0.00225782	0.00225782	
-0.0304557	-0.0396579	-0.0487255	-0.0585507	-0.0701981	-0.0848488	-0.103728	-0.128014	-0.158717	-0.196502	-0.241464	-0.292839	-0.348732	-0.40594	-0.460012	-0.505642	-0.537393	-0.550613	-0.542194	-0.510865	-0.45684	-0.38093	-0.283721	-0.165634	-0.0283455	0.123157	0.279735	0.429978	0.564146	0.677176	0.768009	0.835621	0.875408	0.879505	0.841297	0.760817	0.647135	0.516205	0.385743	0.270105	0.177422	0.109501	0.0636166	0.0348602	0.0180561	0.00886589	0.00415985	0.00193731	0.00107277	0.00107277	
0.0461898	0.0248806	0.00193259	-0.02345	-0.0521561	-0.085094	-0.123073	-0.166635	-0.215831	-0.269984	-0.327464	-0.385583	-0.440666	-0.488376	-0.52425	-0.544349	-0.545797	-0.526999	-0.487421	-0.427059	-0.345923	-0.244018	-0.122131	0.016765	0.166385	0.317468	0.46004	0.586472	0.693109	0.778934	0.842167	0.877741	0.878176	0.837728	0.756987	0.64479	0.516205	0.387938	0.273678	0.18139	0.1131	0.06645	0.036853	0.0193281	0.00960453	0.00453363	0.00204723	0.00091672	0.000489195	0.000489195	
0.138529	0.0995492	0.0569139	0.0101561	-0.0410581	-0.096792	-0.156677	-0.219748	-0.284321	-0.347956	-0.407553	-0.459608	-0.500591	-0.527364	-0.537517	-0.529485	-0.502398	-0.455739	-0.389051	-0.301962	-0.194732	-0.0692225	0.0701677	0.216318	0.360482	0.494448	0.612594	0.712348	0.792468	0.850315	0.880372	0.875647	0.83145	0.749195	0.63773	0.511367	0.385743	0.273678	0.182728	0.114938	0.0682046	0.0382408	0.0202912	0.0102064	0.00487483	0.0022159	0.000964647	0.000416041	0.000214184	0.000214184	
0.23331	0.17349	0.108442	0.0386541	-0.0349574	-0.110972	-0.18743	-0.261868	-0.331437	-0.393108	-0.443934	-0.481308	-0.503144	-0.507917	-0.49455	-0.462202	-0.410124	-0.337728	-0.245016	-0.133283	-0.00581947	0.131812	0.272308	0.408007	0.532578	0.642073	0.734526	0.808175	0.859483	0.882623	0.871273	0.82199	0.737189	0.625893	0.501724	0.379197	0.270105	0.18139	0.114938	0.0687988	0.0389528	0.020891	0.0106286	0.00513729	0.00236262	0.00103588	0.000435425	0.000181171	9.0076e-05	9.0076e-05	
0.31003	0.234901	0.154686	0.0709423	-0.0143105	-0.0986477	-0.179356	-0.253591	-0.318563	-0.371702	-0.410769	-0.433882	-0.439466	-0.426165	-0.392816	-0.338581	-0.263289	-0.167945	-0.0552333	0.0702717	0.202415	0.334367	0.459868	0.574267	0.674721	0.759309	0.825478	0.868867	0.883583	0.864217	0.808731	0.720643	0.609203	0.487353	0.368428	0.263061	0.177422	0.1131	0.0682046	0.0389528	0.0210946	0.010846	0.00530165	0.00246697	0.00109425	0.000463476	0.000188391	7.57372e-05	3.64049e-05	3.64049e-05	
0.35928	0.285015	0.206735	0.126255	0.0457221	-0.0324723	-0.105784	-0.171613	-0.227373	-0.270548	-0.298716	-0.309605	-0.301198	-0.271951	-0.221122	-0.149174	-0.0581292	0.0483006	0.164947	0.28584	0.405125	0.517933	0.620771	0.711173	0.786698	0.843826	0.877541	0.882194	0.853523	0.790993	0.699214	0.587615	0.468401	0.353651	0.252745	0.170967	0.109501	0.06645	0.0382408	0.020891	0.010846	0.00535758	0.00252093	0.00113125	0.000484716	0.000198616	7.81769e-05	3.04109e-05	1.41469e-05	1.41469e-05	
0.379752	0.324988	0.266811	0.20654	0.145799	0.0865299	0.0309744	-0.0183418	-0.0586671	-0.0871331	-0.100943	-0.0976491	-0.0755071	-0.0338553	0.0265726	0.103514	0.193319	0.291398	0.392882	0.493292	0.588951	0.676918	0.75443	0.818108	0.863429	0.884969	0.877607	0.838382	0.768221	0.672678	0.561198	0.445124	0.335195	0.239463	0.162255	0.10429	0.0636166	0.036853	0.0202912	0.0106286	0.00530165	0.00252093	0.00114388	0.000495821	0.000205527	8.15831e-05	3.11357e-05	1.17354e-05	5.28875e-06	5.28875e-06	
0.361898	0.339874	0.315345	0.289027	0.261964	0.235566	0.211602	0.192154	0.179484	0.175833	0.183156	0.202817	0.235333	0.280209	0.335948	0.400251	0.470364	0.543456	0.616872	0.688125	0.75458	0.812964	0.858976	0.887354	0.892604	0.870361	0.818949	0.740533	0.641277	0.530342	0.418005	0.313547	0.223638	0.15161	0.0976867	0.0598369	0.0348602	0.0193281	0.0102064	0.00513729	0.00246697	0.00113125	0.000495821	0.00020791	8.34888e-05	3.2145e-05	1.19095e-05	4.3548e-06	1.90315e-06	1.90315e-06	
0.297752	0.315595	0.333698	0.352248	0.371547	0.392001	0.414091	0.438311	0.465086	0.494681	0.527134	0.562223	0.599506	0.638411	0.678366	0.718889	0.759575	0.799904	0.838891	0.874645	0.904029	0.922657	0.925384	0.907323	0.865178	0.798476	0.710232	0.606727	0.496389	0.388113	0.289554	0.205913	0.139493	0.0899967	0.0552983	0.032368	0.0180561	0.00960453	0.00487483	0.00236262	0.00109425	0.000484716	0.000205527	8.34888e-05	3.25198e-05	1.2159e-05	4.37813e-06	1.55494e-06	6.59595e-07	6.59595e-07	
0.205424	0.264753	0.328281	0.395557	0.465856	0.538144	0.611075	0.683016	0.752145	0.816589	0.874628	0.92491	0.966653	0.999753	1.02475	1.04258	1.0542	1.06004	1.05954	1.05091	1.03126	0.997176	0.945714	0.875453	0.787369	0.685138	0.574737	0.463407	0.358287	0.265149	0.187572	0.126729	0.0817302	0.0503014	0.0295439	0.0165627	0.00886589	0.00453363	0.0022159	0.00103588	0.000463476	0.000198616	8.15831e-05	3.2145e-05	1.2159e-05	4.41955e-06	1.54819e-06	5.34644e-07	2.2033e-07	2.2033e-07	
0.123983	0.219219	0.321329	0.429275	0.541521	0.656023	0.770264	0.881359	0.986227	1.08182	1.1654	1.23473	1.28829	1.32529	1.34559	1.34942	1.33712	1.30885	1.26447	1.20366	1.12627	1.0329	0.925397	0.807203	0.683251	0.559478	0.441977	0.336052	0.245448	0.171944	0.115392	0.074125	0.0455525	0.0267728	0.0150479	0.0080891	0.00415985	0.00204723	0.000964647	0.000435425	0.000188391	7.81769e-05	3.11357e-05	1.19095e-05	4.37813e-06	1.54819e-06	5.28021e-07	1.77443e-07	7.10884e-08	7.10884e-08	
0.0792824	0.198515	0.324902	0.457191	0.593734	0.732475	0.870973	1.00645	1.13583	1.25587	1.36323	1.45457	1.52668	1.57657	1.60165	1.59987	1.56994	1.51162	1.42597	1.31561	1.18481	1.03937	0.886256	0.73298	0.586775	0.453792	0.338439	0.243032	0.167813	0.111297	0.0708366	0.0432378	0.0252991	0.0141863	0.00762283	0.00392525	0.00193731	0.00091672	0.000416041	0.000181171	7.57372e-05	3.04109e-05	1.17354e-05	4.3548e-06	1.55494e-06	5.34644e-07	1.77443e-07	5.80041e-08	2.25786e-08	2.25786e-08	
0.0656562	0.195819	0.33235	0.474075	0.619611	0.767348	0.915412	1.0616	1.20331	1.33739	1.46015	1.56728	1.654	1.71532	1.74643	1.74336	1.70362	1.62687	1.51539	1.37427	1.21109	1.03522	0.856804	0.68549	0.529333	0.393974	0.282285	0.194508	0.128777	0.081863	0.0499409	0.0292271	0.0164053	0.00883105	0.00455924	0.00225782	0.00107277	0.000489195	0.000214184	9.0076e-05	3.64049e-05	1.41469e-05	5.28875e-06	1.90315e-06	6.59595e-07	2.2033e-07	7.10884e-08	2.25786e-08	8.52675e-09	8.52675e-09	
0.0656562	0.195819	0.33235	0.474075	0.619611	0.767348	0.915412	1.0616	1.20331	1.33739	1.46015	1.56728	1.654	1.71532	1.74643	1.74336	1.70362	1.62687	1.51539	1.37427	1.21109	1.03522	0.856804	0.68549	0.529333	0.393974	0.282285	0.194508	0.128777	0.081863	0.0499409	0.0292271	0.0164053	0.00883105	0.00455924	0.00225782	0.00107277	0.000489195	0.000214184	9.0076e-05	3.64049e-05	1.41469e-05	5.28875e-06	1.90315e-06	6.59595e-07	2.2033e-07	7.10884e-08	2.25786e-08	8.52675e-09	8.52675e-09	
