-0.550096	-0.550096	-0.580426	-0.641572	-0.7221	-0.80956	-0.886221	-0.95802	-1.0187	-1.06314	-1.08917	-1.11431	-1.14723	-1.16974	-1.14622	-1.02049	-0.774355	-0.426548	-0.023094	0.407668	0.818215	1.15268	1.37978	1.48641	1.47253	1.35794	1.19084	1.01359	0.849811	0.717954	0.624287	0.573209	0.562419	0.587998	0.653616	0.737996	0.816683	0.867385	0.877314	0.833951	0.742355	0.607751	0.437589	0.243207	0.0454911	-0.135533	-0.265557	-0.348242	-0.416734	-0.468082	
-0.550096	-0.550096	-0.580426	-0.641572	-0.7221	-0.80956	-0.886221	-0.95802	-1.0187	-1.06314	-1.08917	-1.11431	-1.14723	-1.16974	-1.14622	-1.02049	-0.774355	-0.426548	-0.023094	0.407668	0.818215	1.15268	1.37978	1.48641	1.47253	1.35794	1.19084	1.01359	0.849811	0.717954	0.624287	0.573209	0.562419	0.587998	0.653616	0.737996	0.816683	0.867385	0.877314	0.833951	0.742355	0.607751	0.437589	0.243207	0.0454911	-0.135533	-0.265557	-0.348242	-0.416734	-0.468082	
-0.580426	-0.580426	-0.6078	-0.66052	-0.727587	-0.795275	-0.852528	-0.908682	-0.964626	-1.01453	-1.05258	-1.0879	-1.12357	-1.14118	-1.11114	-0.985055	-0.749599	-0.420876	-0.0389179	0.373685	0.772673	1.10228	1.32976	1.44118	1.43545	1.33218	1.17473	1.00216	0.835633	0.694903	0.591202	0.533507	0.519783	0.545204	0.605499	0.679074	0.741115	0.775452	0.776442	0.73616	0.658823	0.546718	0.399488	0.224311	0.0398201	-0.134694	-0.261634	-0.342808	-0.408142	-0.456016	
-0.641572	-0.641572	-0.66052	-0.696182	-0.734474	-0.768355	-0.790488	-0.822322	-0.868311	-0.924997	-0.978169	-1.02721	-1.06753	-1.08189	-1.04698	-0.926167	-0.709613	-0.412397	-0.0654376	0.315234	0.691376	1.01121	1.24154	1.36554	1.37987	1.29704	1.15662	0.991605	0.82363	0.675075	0.561105	0.493337	0.471702	0.485145	0.530422	0.581032	0.618054	0.630228	0.618169	0.579657	0.520329	0.436867	0.326174	0.187126	0.0319274	-0.120442	-0.237076	-0.314707	-0.379093	-0.425596	
-0.7221	-0.7221	-0.727587	-0.734474	-0.735892	-0.72569	-0.71131	-0.714895	-0.749671	-0.806659	-0.868765	-0.926817	-0.97378	-0.992721	-0.965105	-0.858985	-0.668412	-0.405424	-0.097096	0.245403	0.591775	0.897943	1.13312	1.2778	1.31915	1.26449	1.14437	0.992575	0.83248	0.686913	0.571512	0.495602	0.455094	0.445015	0.457744	0.478157	0.487288	0.477756	0.453364	0.414139	0.366035	0.309692	0.236119	0.141413	0.0309307	-0.086812	-0.180831	-0.250301	-0.312821	-0.363	
-0.80956	-0.80956	-0.795275	-0.768355	-0.72569	-0.674878	-0.624991	-0.604932	-0.622558	-0.670668	-0.728918	-0.789975	-0.846556	-0.883859	-0.879384	-0.803227	-0.645215	-0.41838	-0.145816	0.161746	0.480818	0.776021	1.01925	1.18576	1.2581	1.23401	1.14262	1.01497	0.875265	0.74452	0.6331	0.546389	0.483534	0.438357	0.415658	0.400454	0.381389	0.351629	0.314074	0.272155	0.233757	0.197335	0.157845	0.105986	0.0397086	-0.0341167	-0.0981723	-0.149665	-0.205619	-0.257801	
-0.886221	-0.886221	-0.852528	-0.790488	-0.71131	-0.624991	-0.55041	-0.506219	-0.503241	-0.530448	-0.576558	-0.636653	-0.708534	-0.774336	-0.807663	-0.772984	-0.657556	-0.469372	-0.229125	0.0523565	0.353994	0.644205	0.893687	1.07772	1.17508	1.18631	1.1342	1.04606	0.940906	0.831108	0.725295	0.628587	0.540632	0.466047	0.404986	0.354292	0.302993	0.248642	0.199223	0.159237	0.134288	0.123322	0.114029	0.0967807	0.0680383	0.0285459	-0.00438436	-0.03537	-0.0776314	-0.130516	
-0.95802	-0.95802	-0.908682	-0.822322	-0.714895	-0.604932	-0.506219	-0.436606	-0.40191	-0.400699	-0.427985	-0.4875	-0.575915	-0.675366	-0.750945	-0.766186	-0.699522	-0.553998	-0.342213	-0.0780181	0.215609	0.504207	0.758005	0.951722	1.07198	1.11961	1.11405	1.07292	1.00508	0.91864	0.819697	0.715771	0.613098	0.513688	0.424205	0.340166	0.258384	0.182846	0.122949	0.087834	0.0796445	0.0902867	0.107269	0.117351	0.114636	0.105562	0.0961805	0.0846568	0.0534101	0.000966996	
-1.0187	-1.0187	-0.964626	-0.868311	-0.749671	-0.622558	-0.503241	-0.40191	-0.332706	-0.299007	-0.309199	-0.36695	-0.4711	-0.599458	-0.715078	-0.777113	-0.757805	-0.650846	-0.46314	-0.212137	0.0731371	0.35809	0.611029	0.813474	0.953931	1.03658	1.07269	1.07137	1.03851	0.976277	0.892142	0.792913	0.682926	0.570074	0.456656	0.348316	0.245724	0.156251	0.0928067	0.0627005	0.0652835	0.0914544	0.124764	0.153812	0.173124	0.186042	0.198518	0.200506	0.1793	0.125983	
-1.06314	-1.06314	-1.01453	-0.924997	-0.806659	-0.670668	-0.530448	-0.400699	-0.299007	-0.240631	-0.237133	-0.295762	-0.411619	-0.564802	-0.713329	-0.814546	-0.832215	-0.755446	-0.587255	-0.352347	-0.0796129	0.197295	0.453478	0.669119	0.834093	0.947913	1.01507	1.04387	1.03834	1.00222	0.938267	0.84902	0.739364	0.616221	0.488228	0.365179	0.252582	0.160439	0.0962651	0.0689799	0.0745456	0.103311	0.14327	0.184087	0.220037	0.257377	0.288769	0.305182	0.2903	0.235411	
-1.08917	-1.08917	-1.05258	-0.978169	-0.868765	-0.728918	-0.576558	-0.427985	-0.309199	-0.237133	-0.229444	-0.289635	-0.415157	-0.585468	-0.756598	-0.882535	-0.922803	-0.866097	-0.716058	-0.499338	-0.24374	0.0279425	0.290498	0.524944	0.714308	0.855587	0.950047	1.00441	1.02601	1.01438	0.969273	0.889824	0.779885	0.651303	0.513013	0.380967	0.263538	0.170096	0.106495	0.0783357	0.0810002	0.106324	0.144806	0.192081	0.24198	0.298418	0.348955	0.374976	0.365366	0.310349	
-1.11431	-1.11431	-1.0879	-1.02721	-0.926817	-0.789975	-0.636653	-0.4875	-0.36695	-0.295762	-0.289635	-0.352986	-0.480829	-0.654602	-0.829475	-0.959792	-1.00717	-0.96245	-0.826446	-0.625948	-0.380043	-0.110573	0.159938	0.406304	0.611853	0.775531	0.894702	0.975821	1.02128	1.02869	0.995773	0.921611	0.813301	0.683983	0.542763	0.407027	0.286512	0.191041	0.121578	0.0850604	0.0760909	0.0899018	0.123336	0.1724	0.231087	0.301506	0.360769	0.392349	0.38737	0.338434	
-1.14723	-1.14723	-1.12357	-1.06753	-0.97378	-0.846556	-0.708534	-0.575915	-0.4711	-0.411619	-0.415157	-0.480829	-0.600916	-0.758527	-0.912452	-1.02641	-1.06636	-1.02458	-0.895055	-0.69769	-0.452224	-0.179111	0.0922834	0.338938	0.548687	0.72558	0.864834	0.966439	1.02856	1.04713	1.0196	0.947694	0.841192	0.714631	0.576169	0.442779	0.322724	0.224164	0.143658	0.0891829	0.0600305	0.0565938	0.0778392	0.122714	0.178448	0.247732	0.306532	0.33906	0.344696	0.318778	
-1.16974	-1.16974	-1.14118	-1.08189	-0.992721	-0.883859	-0.774336	-0.675366	-0.599458	-0.564802	-0.585468	-0.654602	-0.758527	-0.882701	-0.998713	-1.07999	-1.10076	-1.05	-0.913023	-0.707393	-0.452861	-0.176876	0.0913549	0.331196	0.536795	0.717302	0.863218	0.971667	1.03958	1.0621	1.03715	0.966196	0.860559	0.736842	0.601495	0.46904	0.347152	0.240302	0.14383	0.0689154	0.019512	-0.00112938	0.00836934	0.0405094	0.0835802	0.140421	0.189591	0.221651	0.241665	0.242022	
-1.14622	-1.14622	-1.11114	-1.04698	-0.965105	-0.879384	-0.807663	-0.750945	-0.715078	-0.713329	-0.756598	-0.829475	-0.912452	-0.998713	-1.07002	-1.11156	-1.09994	-1.02488	-0.868712	-0.648527	-0.386523	-0.109484	0.155179	0.38867	0.587414	0.760502	0.896523	0.994929	1.05368	1.07169	1.04449	0.97275	0.868541	0.745866	0.608648	0.469733	0.336166	0.217617	0.107468	0.0197067	-0.0410683	-0.0720373	-0.0757867	-0.0576227	-0.0329545	0.00885584	0.0484526	0.0791115	0.106971	0.127316	
-1.02049	-1.02049	-0.985055	-0.926167	-0.858985	-0.803227	-0.772984	-0.766186	-0.777113	-0.814546	-0.882535	-0.959792	-1.02641	-1.07999	-1.11156	-1.10652	-1.0479	-0.930783	-0.74565	-0.509784	-0.243715	0.0322838	0.29197	0.516845	0.699711	0.849699	0.956192	1.02142	1.05073	1.04758	1.0102	0.939595	0.842158	0.725766	0.587835	0.438247	0.292849	0.163934	0.0479387	-0.0442857	-0.108881	-0.145698	-0.156196	-0.14993	-0.137594	-0.109573	-0.0803986	-0.0572169	-0.0293937	-0.000352453	
-0.774355	-0.774355	-0.749599	-0.709613	-0.668412	-0.645215	-0.657556	-0.699522	-0.757805	-0.832215	-0.922803	-1.00717	-1.06636	-1.10076	-1.09994	-1.0479	-0.933503	-0.767549	-0.549576	-0.299225	-0.0284041	0.243152	0.493474	0.699364	0.854736	0.968232	1.02804	1.04072	1.01801	0.974862	0.916706	0.842733	0.754893	0.649853	0.519693	0.374329	0.23168	0.109078	-0.00207223	-0.0925832	-0.158323	-0.197692	-0.213781	-0.215865	-0.218368	-0.206186	-0.19185	-0.177176	-0.150096	-0.109122	
-0.426548	-0.426548	-0.420876	-0.412397	-0.405424	-0.41838	-0.469372	-0.553998	-0.650846	-0.755446	-0.866097	-0.96245	-1.02458	-1.05	-1.02488	-0.930783	-0.767549	-0.556423	-0.309573	-0.0397446	0.236163	0.502198	0.730578	0.903885	1.01803	1.08201	1.08375	1.03117	0.945328	0.854026	0.766015	0.683889	0.602389	0.514759	0.408557	0.287281	0.16876	0.0647427	-0.034011	-0.12005	-0.18488	-0.224685	-0.243926	-0.256112	-0.272463	-0.278473	-0.275956	-0.267478	-0.239089	-0.186196	
-0.023094	-0.023094	-0.0389179	-0.0654376	-0.097096	-0.145816	-0.229125	-0.342213	-0.46314	-0.587255	-0.716058	-0.826446	-0.895055	-0.913023	-0.868712	-0.74565	-0.549576	-0.309573	-0.0364835	0.250879	0.536215	0.789486	0.987793	1.11544	1.17636	1.18063	1.11807	0.999513	0.854399	0.713176	0.591898	0.4919	0.414039	0.347815	0.276787	0.195035	0.11396	0.0424191	-0.0315907	-0.103489	-0.162796	-0.205672	-0.234066	-0.259283	-0.288793	-0.302006	-0.301388	-0.290617	-0.25869	-0.201663	
0.407668	0.407668	0.373685	0.315234	0.245403	0.161746	0.0523565	-0.0780181	-0.212137	-0.352347	-0.499338	-0.625948	-0.69769	-0.707393	-0.648527	-0.509784	-0.299225	-0.0397446	0.250879	0.558722	0.850346	1.09349	1.25764	1.33407	1.33242	1.2686	1.13951	0.960288	0.758727	0.57105	0.412179	0.295667	0.221844	0.180059	0.146033	0.107508	0.0738908	0.0501508	0.018224	-0.0275674	-0.0804746	-0.129747	-0.17164	-0.208765	-0.241319	-0.25475	-0.248349	-0.232998	-0.201854	-0.14394	
0.818215	0.818215	0.772673	0.691376	0.591775	0.480818	0.353994	0.215609	0.0731371	-0.0796129	-0.24374	-0.380043	-0.452224	-0.452861	-0.386523	-0.243715	-0.0284041	0.236163	0.536215	0.850346	1.14593	1.37628	1.50873	1.53333	1.4693	1.34062	1.15382	0.920304	0.671781	0.441258	0.256033	0.128859	0.0623597	0.0384877	0.0340325	0.036884	0.0577864	0.093421	0.113843	0.098387	0.0556506	0.00267092	-0.0446332	-0.0854283	-0.120878	-0.136563	-0.133394	-0.12068	-0.0881714	-0.0301624	
1.15268	1.15268	1.10228	1.01121	0.897943	0.776021	0.644205	0.504207	0.35809	0.197295	0.0279425	-0.110573	-0.179111	-0.176876	-0.109484	0.0322838	0.243152	0.502198	0.789486	1.09349	1.37628	1.5877	1.68517	1.66163	1.54521	1.36641	1.13453	0.862001	0.579536	0.329006	0.134982	0.0110012	-0.0486901	-0.0588676	-0.0384266	0.00551457	0.0790058	0.167097	0.229627	0.239903	0.209001	0.165461	0.125358	0.0865467	0.0483132	0.019899	0.0114136	0.0186022	0.0469283	0.101703	
1.37978	1.37978	1.32976	1.24154	1.13312	1.01925	0.893687	0.758005	0.611029	0.453478	0.290498	0.159938	0.0922834	0.0913549	0.155179	0.29197	0.493474	0.730578	0.987793	1.25764	1.50873	1.68517	1.74244	1.67718	1.5229	1.30921	1.04936	0.755742	0.467582	0.220905	0.0379861	-0.0768376	-0.126109	-0.119541	-0.070426	0.0122259	0.12551	0.247083	0.336004	0.364747	0.350413	0.322675	0.295463	0.262613	0.219004	0.17951	0.159109	0.155231	0.173732	0.210898	
1.48641	1.48641	1.44118	1.36554	1.2778	1.18576	1.07772	0.951722	0.813474	0.669119	0.524944	0.406304	0.338938	0.331196	0.38867	0.516845	0.699364	0.903885	1.11544	1.33407	1.53333	1.66163	1.67718	1.57929	1.40016	1.16691	0.89805	0.610852	0.341654	0.116746	-0.0502415	-0.152652	-0.187734	-0.160156	-0.0845873	0.0255332	0.164402	0.307674	0.417736	0.46688	0.470064	0.458193	0.443333	0.413956	0.36833	0.319347	0.285369	0.267055	0.26464	0.274584	
1.47253	1.47253	1.43545	1.37987	1.31915	1.2581	1.17508	1.07198	0.953931	0.834093	0.714308	0.611853	0.548687	0.536795	0.587414	0.699711	0.854736	1.01803	1.17636	1.33242	1.4693	1.54521	1.5229	1.40016	1.20595	0.969085	0.713372	0.454285	0.217215	0.0173081	-0.130421	-0.214906	-0.231224	-0.185369	-0.0964177	0.0285939	0.182371	0.343002	0.472384	0.540087	0.559305	0.562699	0.558955	0.536885	0.490118	0.432642	0.384014	0.345181	0.317955	0.298193	
1.35794	1.35794	1.33218	1.29704	1.26449	1.23401	1.18631	1.11961	1.03658	0.947913	0.855587	0.775531	0.72558	0.717302	0.760502	0.849699	0.968232	1.08201	1.18063	1.2686	1.34062	1.36641	1.30921	1.16691	0.969085	0.746911	0.523175	0.300922	0.0977732	-0.0738667	-0.193815	-0.252371	-0.249937	-0.196802	-0.105673	0.021821	0.18206	0.351236	0.491715	0.574721	0.611362	0.630915	0.641123	0.624819	0.575578	0.510944	0.448774	0.394463	0.349223	0.307067	
1.19084	1.19084	1.17473	1.15662	1.14437	1.14262	1.1342	1.11405	1.07269	1.01507	0.950047	0.894702	0.864834	0.863218	0.896523	0.956192	1.02804	1.08375	1.11807	1.13951	1.15382	1.13453	1.04936	0.89805	0.713372	0.523175	0.335459	0.147281	-0.0251291	-0.16452	-0.250371	-0.281188	-0.262951	-0.202888	-0.113028	0.0121908	0.166347	0.328499	0.467607	0.559092	0.609033	0.643392	0.663616	0.652153	0.604727	0.53908	0.472764	0.412208	0.357409	0.302711	
1.01359	1.01359	1.00216	0.991605	0.992575	1.01497	1.04606	1.07292	1.07137	1.04387	1.00441	0.975821	0.966439	0.971667	0.994929	1.02142	1.04072	1.03117	0.999513	0.960288	0.920304	0.862001	0.755742	0.610852	0.454285	0.300922	0.147281	-0.00980858	-0.149374	-0.253628	-0.308161	-0.314226	-0.277899	-0.208413	-0.119434	-0.00634541	0.12708	0.269842	0.396845	0.490089	0.550461	0.595839	0.626256	0.624957	0.583539	0.523557	0.456597	0.39097	0.333419	0.278873	
0.849811	0.849811	0.835633	0.82363	0.83248	0.875265	0.940906	1.00508	1.03851	1.03834	1.02601	1.02128	1.02856	1.03958	1.05368	1.05073	1.01801	0.945328	0.854399	0.758727	0.671781	0.579536	0.467582	0.341654	0.217215	0.0977732	-0.0251291	-0.149374	-0.256322	-0.334506	-0.36678	-0.352949	-0.298034	-0.218765	-0.134582	-0.0395032	0.070253	0.188227	0.297642	0.385955	0.450062	0.504075	0.547547	0.559721	0.532185	0.480994	0.413038	0.345029	0.288001	0.238527	
0.717954	0.717954	0.694903	0.675075	0.686913	0.74452	0.831108	0.91864	0.976277	1.00222	1.01438	1.02869	1.04713	1.0621	1.07169	1.04758	0.974862	0.854026	0.713176	0.57105	0.441258	0.329006	0.220905	0.116746	0.0173081	-0.0738667	-0.16452	-0.253628	-0.334506	-0.393936	-0.4125	-0.384216	-0.320768	-0.243525	-0.172559	-0.0970494	-0.0118011	0.0827737	0.173441	0.255319	0.324928	0.391589	0.452374	0.486079	0.475368	0.432782	0.366276	0.29516	0.240954	0.200436	
0.624287	0.624287	0.591202	0.561105	0.571512	0.6331	0.725295	0.819697	0.892142	0.938267	0.969273	0.995773	1.0196	1.03715	1.04449	1.0102	0.916706	0.766015	0.591898	0.412179	0.256033	0.134982	0.0379861	-0.0502415	-0.130421	-0.193815	-0.250371	-0.308161	-0.36678	-0.4125	-0.422372	-0.396389	-0.345636	-0.289754	-0.240975	-0.189078	-0.125432	-0.0492782	0.0289416	0.11049	0.191078	0.276058	0.360747	0.417596	0.423705	0.391979	0.328626	0.262512	0.216265	0.181889	
0.573209	0.573209	0.533507	0.493337	0.495602	0.546389	0.628587	0.715771	0.792913	0.84902	0.889824	0.921611	0.947694	0.966196	0.97275	0.939595	0.842733	0.683889	0.4919	0.295667	0.128859	0.0110012	-0.0768376	-0.152652	-0.214906	-0.252371	-0.281188	-0.314226	-0.352949	-0.384216	-0.396389	-0.390699	-0.373847	-0.354439	-0.33735	-0.312595	-0.266632	-0.202639	-0.129624	-0.0439861	0.0546845	0.165314	0.277178	0.355948	0.380362	0.360841	0.312059	0.257935	0.219511	0.186914	
0.562419	0.562419	0.519783	0.471702	0.455094	0.483534	0.540632	0.613098	0.682926	0.739364	0.779885	0.813301	0.841192	0.860559	0.868541	0.842158	0.754893	0.602389	0.414039	0.221844	0.0623597	-0.0486901	-0.126109	-0.187734	-0.231224	-0.249937	-0.262951	-0.277899	-0.298034	-0.320768	-0.345636	-0.373847	-0.401775	-0.427341	-0.448078	-0.44765	-0.417002	-0.361038	-0.291366	-0.196247	-0.0740137	0.0651782	0.199395	0.297596	0.338878	0.339441	0.311017	0.270504	0.237117	0.200178	
0.587998	0.587998	0.545204	0.485145	0.445015	0.438357	0.466047	0.513688	0.570074	0.616221	0.651303	0.683983	0.714631	0.736842	0.745866	0.725766	0.649853	0.514759	0.347815	0.180059	0.0384877	-0.0588676	-0.119541	-0.160156	-0.185369	-0.196802	-0.202888	-0.208413	-0.218765	-0.243525	-0.289754	-0.354439	-0.427341	-0.497778	-0.547614	-0.56879	-0.550776	-0.506282	-0.438666	-0.334705	-0.194477	-0.0393048	0.110437	0.224228	0.289895	0.317538	0.313594	0.287779	0.25645	0.215972	
0.653616	0.653616	0.605499	0.530422	0.457744	0.415658	0.404986	0.424205	0.456656	0.488228	0.513013	0.542763	0.576169	0.601495	0.608648	0.587835	0.519693	0.408557	0.276787	0.146033	0.0340325	-0.0384266	-0.070426	-0.0845873	-0.0964177	-0.105673	-0.113028	-0.119434	-0.134582	-0.172559	-0.240975	-0.33735	-0.448078	-0.547614	-0.620704	-0.659077	-0.660062	-0.628934	-0.565605	-0.464086	-0.324268	-0.163953	-0.00622215	0.125274	0.217947	0.273937	0.299727	0.292575	0.271011	0.232693	
0.737996	0.737996	0.679074	0.581032	0.478157	0.400454	0.354292	0.340166	0.348316	0.365179	0.380967	0.407027	0.442779	0.46904	0.469733	0.438247	0.374329	0.287281	0.195035	0.107508	0.036884	0.00551457	0.0122259	0.0255332	0.0285939	0.021821	0.0121908	-0.00634541	-0.0395032	-0.0970494	-0.189078	-0.312595	-0.44765	-0.56879	-0.659077	-0.718447	-0.737211	-0.716663	-0.665716	-0.579901	-0.452224	-0.297951	-0.139893	-8.71253e-05	0.111748	0.201639	0.263216	0.288067	0.286784	0.262278	
0.816683	0.816683	0.741115	0.618054	0.487288	0.381389	0.302993	0.258384	0.245724	0.252582	0.263538	0.286512	0.322724	0.347152	0.336166	0.292849	0.23168	0.16876	0.11396	0.0738908	0.0577864	0.0790058	0.12551	0.164402	0.182371	0.18206	0.166347	0.12708	0.070253	-0.0118011	-0.125432	-0.266632	-0.417002	-0.550776	-0.660062	-0.737211	-0.770155	-0.768176	-0.736615	-0.672091	-0.56249	-0.422945	-0.27855	-0.141121	-0.00736696	0.116105	0.218126	0.277008	0.301741	0.299877	
0.867385	0.867385	0.775452	0.630228	0.477756	0.351629	0.248642	0.182846	0.156251	0.160439	0.170096	0.191041	0.224164	0.240302	0.217617	0.163934	0.109078	0.0647427	0.0424191	0.0501508	0.093421	0.167097	0.247083	0.307674	0.343002	0.351236	0.328499	0.269842	0.188227	0.0827737	-0.0492782	-0.202639	-0.361038	-0.506282	-0.628934	-0.716663	-0.768176	-0.78463	-0.770762	-0.723059	-0.638499	-0.531181	-0.411647	-0.276423	-0.129081	0.0234056	0.157733	0.251444	0.313535	0.34814	
0.877314	0.877314	0.776442	0.618169	0.453364	0.314074	0.199223	0.122949	0.0928067	0.0962651	0.106495	0.121578	0.143658	0.14383	0.107468	0.0479387	-0.00207223	-0.034011	-0.0315907	0.018224	0.113843	0.229627	0.336004	0.417736	0.472384	0.491715	0.467607	0.396845	0.297642	0.173441	0.0289416	-0.129624	-0.291366	-0.438666	-0.565605	-0.665716	-0.736615	-0.770762	-0.769621	-0.744799	-0.70204	-0.63237	-0.532936	-0.404971	-0.254508	-0.0895967	0.0671125	0.198082	0.300754	0.371537	
0.833951	0.833951	0.73616	0.579657	0.414139	0.272155	0.159237	0.087834	0.0627005	0.0689799	0.0783357	0.0850604	0.0891829	0.0689154	0.0197067	-0.0442857	-0.0925832	-0.12005	-0.103489	-0.0275674	0.098387	0.239903	0.364747	0.46688	0.540087	0.574721	0.559092	0.490089	0.385955	0.255319	0.11049	-0.0439861	-0.196247	-0.334705	-0.464086	-0.579901	-0.672091	-0.723059	-0.744799	-0.759994	-0.759116	-0.718472	-0.635937	-0.522187	-0.382565	-0.215012	-0.0405515	0.118426	0.253215	0.35203	
0.742355	0.742355	0.658823	0.520329	0.366035	0.233757	0.134288	0.0796445	0.0652835	0.0745456	0.0810002	0.0760909	0.0600305	0.019512	-0.0410683	-0.108881	-0.158323	-0.18488	-0.162796	-0.0804746	0.0556506	0.209001	0.350413	0.470064	0.559305	0.611362	0.609033	0.550461	0.450062	0.324928	0.191078	0.0546845	-0.0740137	-0.194477	-0.324268	-0.452224	-0.56249	-0.638499	-0.70204	-0.759116	-0.792638	-0.776619	-0.716586	-0.621774	-0.494229	-0.328908	-0.14999	0.0253097	0.181685	0.305581	
0.607751	0.607751	0.546718	0.436867	0.309692	0.197335	0.123322	0.0902867	0.0914544	0.103311	0.106324	0.0899018	0.0565938	-0.00112938	-0.0720373	-0.145698	-0.197692	-0.224685	-0.205672	-0.129747	0.00267092	0.165461	0.322675	0.458193	0.562699	0.630915	0.643392	0.595839	0.504075	0.391589	0.276058	0.165314	0.0651782	-0.0393048	-0.163953	-0.297951	-0.422945	-0.531181	-0.63237	-0.718472	-0.776619	-0.789586	-0.752133	-0.67345	-0.565133	-0.418413	-0.247681	-0.0645957	0.111034	0.264303	
0.437589	0.437589	0.399488	0.326174	0.236119	0.157845	0.114029	0.107269	0.124764	0.14327	0.144806	0.123336	0.0778392	0.00836934	-0.0757867	-0.156196	-0.213781	-0.243926	-0.234066	-0.17164	-0.0446332	0.125358	0.295463	0.443333	0.558955	0.641123	0.663616	0.626256	0.547547	0.452374	0.360747	0.277178	0.199395	0.110437	-0.00622215	-0.139893	-0.27855	-0.411647	-0.532936	-0.635937	-0.716586	-0.752133	-0.727899	-0.668814	-0.590254	-0.473218	-0.313291	-0.128239	0.0619544	0.23054	
0.243207	0.243207	0.224311	0.187126	0.141413	0.105986	0.0967807	0.117351	0.153812	0.184087	0.192081	0.1724	0.122714	0.0405094	-0.0576227	-0.14993	-0.215865	-0.256112	-0.259283	-0.208765	-0.0854283	0.0865467	0.262613	0.413956	0.536885	0.624819	0.652153	0.624957	0.559721	0.486079	0.417596	0.355948	0.297596	0.224228	0.125274	-8.71253e-05	-0.141121	-0.276423	-0.404971	-0.522187	-0.621774	-0.67345	-0.668814	-0.637961	-0.592705	-0.494615	-0.344683	-0.161406	0.031048	0.206307	
0.0454911	0.0454911	0.0398201	0.0319274	0.0309307	0.0397086	0.0680383	0.114636	0.173124	0.220037	0.24198	0.231087	0.178448	0.0835802	-0.0329545	-0.137594	-0.218368	-0.272463	-0.288793	-0.241319	-0.120878	0.0483132	0.219004	0.36833	0.490118	0.575578	0.604727	0.583539	0.532185	0.475368	0.423705	0.380362	0.338878	0.289895	0.217947	0.111748	-0.00736696	-0.129081	-0.254508	-0.382565	-0.494229	-0.565133	-0.590254	-0.592705	-0.567169	-0.489905	-0.356199	-0.18529	0.00263159	0.175466	
-0.135533	-0.135533	-0.134694	-0.120442	-0.086812	-0.0341167	0.0285459	0.105562	0.186042	0.257377	0.298418	0.301506	0.247732	0.140421	0.00885584	-0.109573	-0.206186	-0.278473	-0.302006	-0.25475	-0.136563	0.019899	0.17951	0.319347	0.432642	0.510944	0.53908	0.523557	0.480994	0.432782	0.391979	0.360841	0.339441	0.317538	0.273937	0.201639	0.116105	0.0234056	-0.0895967	-0.215012	-0.328908	-0.418413	-0.473218	-0.494615	-0.489905	-0.440868	-0.333997	-0.184329	-0.0123872	0.146796	
-0.265557	-0.265557	-0.261634	-0.237076	-0.180831	-0.0981723	-0.00438436	0.0961805	0.198518	0.288769	0.348955	0.360769	0.306532	0.189591	0.0484526	-0.0803986	-0.19185	-0.275956	-0.301388	-0.248349	-0.133394	0.0114136	0.159109	0.285369	0.384014	0.448774	0.472764	0.456597	0.413038	0.366276	0.328626	0.312059	0.311017	0.313594	0.299727	0.263216	0.218126	0.157733	0.0671125	-0.0405515	-0.14999	-0.247681	-0.313291	-0.344683	-0.356199	-0.333997	-0.257502	-0.140035	-0.00618025	0.120947	
-0.348242	-0.348242	-0.342808	-0.314707	-0.250301	-0.149665	-0.03537	0.0846568	0.200506	0.305182	0.374976	0.392349	0.33906	0.221651	0.0791115	-0.0572169	-0.177176	-0.267478	-0.290617	-0.232998	-0.12068	0.0186022	0.155231	0.267055	0.345181	0.394463	0.412208	0.39097	0.345029	0.29516	0.262512	0.257935	0.270504	0.287779	0.292575	0.288067	0.277008	0.251444	0.198082	0.118426	0.0253097	-0.0645957	-0.128239	-0.161406	-0.18529	-0.184329	-0.140035	-0.0677573	0.0181624	0.0988696	
-0.416734	-0.416734	-0.408142	-0.379093	-0.312821	-0.205619	-0.0776314	0.0534101	0.1793	0.2903	0.365366	0.38737	0.344696	0.241665	0.106971	-0.0293937	-0.150096	-0.239089	-0.25869	-0.201854	-0.0881714	0.0469283	0.173732	0.26464	0.317955	0.349223	0.357409	0.333419	0.288001	0.240954	0.216265	0.219511	0.237117	0.25645	0.271011	0.286784	0.301741	0.313535	0.300754	0.253215	0.181685	0.111034	0.0619544	0.031048	0.00263159	-0.0123872	-0.00618025	0.0181624	0.0482625	0.0738427	
-0.468082	-0.468082	-0.456016	-0.425596	-0.363	-0.257801	-0.130516	0.000966996	0.125983	0.235411	0.310349	0.338434	0.318778	0.242022	0.127316	-0.000352453	-0.109122	-0.186196	-0.201663	-0.14394	-0.0301624	0.101703	0.210898	0.274584	0.298193	0.307067	0.302711	0.278873	0.238527	0.200436	0.181889	0.186914	0.200178	0.215972	0.232693	0.262278	0.299877	0.34814	0.371537	0.35203	0.305581	0.264303	0.23054	0.206307	0.175466	0.146796	0.120947	0.0988696	0.0738427	0.0529023	
