-0.247029	-0.384768	-0.501905	-0.584529	-0.624407	-0.628326	-0.603314	-0.563964	-0.516725	-0.462526	-0.400205	-0.32629	-0.227952	-0.109629	0.0142658	0.137252	0.269783	0.419297	0.571015	0.696808	0.774942	0.795173	0.763151	0.696837	0.607491	0.491853	0.351475	0.206557	0.0712726	-0.0589283	-0.200353	-0.35728	-0.521073	-0.670617	-0.785266	-0.845911	-0.838662	-0.77007	-0.662085	-0.529889	-0.372953	-0.197398	-0.0219219	0.118597	0.209301	0.257909	0.26476	0.241011	0.214261	0.214261	
-0.384768	-0.498644	-0.58629	-0.645149	-0.664642	-0.643157	-0.597324	-0.535592	-0.464376	-0.391049	-0.311526	-0.215477	-0.0976872	0.0370153	0.176353	0.308273	0.443867	0.593722	0.741294	0.863348	0.928436	0.928566	0.871146	0.779051	0.665931	0.524518	0.361928	0.19988	0.0434757	-0.103571	-0.256451	-0.424721	-0.587411	-0.726742	-0.82162	-0.864482	-0.851407	-0.786224	-0.684351	-0.55837	-0.399697	-0.208228	-0.0197191	0.131619	0.227823	0.27684	0.28452	0.25555	0.225931	0.225931	
-0.501905	-0.58629	-0.640153	-0.667674	-0.666109	-0.624584	-0.554776	-0.467817	-0.375247	-0.281099	-0.178141	-0.061686	0.0679146	0.208081	0.344795	0.474977	0.610256	0.761461	0.899795	1.00178	1.04782	1.02452	0.943464	0.828772	0.694166	0.538904	0.369803	0.193973	0.0233679	-0.136568	-0.302906	-0.471869	-0.626688	-0.74871	-0.824253	-0.851335	-0.83203	-0.77533	-0.685851	-0.572812	-0.414592	-0.216191	-0.0187735	0.142814	0.24145	0.289975	0.293565	0.25847	0.221721	0.221721	
-0.584529	-0.645149	-0.667674	-0.667462	-0.64116	-0.577483	-0.485507	-0.377052	-0.262112	-0.139561	-0.00504438	0.130374	0.263612	0.392902	0.509632	0.626741	0.758939	0.895064	1.00783	1.09144	1.11879	1.07928	0.986183	0.857455	0.70947	0.54859	0.379009	0.203163	0.0258127	-0.148206	-0.320322	-0.486914	-0.635221	-0.743846	-0.803485	-0.820404	-0.799174	-0.74832	-0.674644	-0.57593	-0.425596	-0.231555	-0.0267707	0.140986	0.246279	0.306229	0.310895	0.275822	0.238741	0.238741	
-0.624407	-0.664642	-0.666109	-0.64116	-0.589293	-0.50293	-0.390184	-0.259648	-0.11401	0.0464679	0.203041	0.3458	0.473233	0.580468	0.668509	0.766849	0.875928	0.980097	1.06446	1.12252	1.13661	1.09566	1.0033	0.870795	0.717002	0.55408	0.389299	0.22221	0.0495117	-0.126982	-0.304397	-0.467303	-0.606782	-0.709805	-0.763809	-0.777721	-0.757121	-0.71605	-0.657588	-0.575104	-0.442527	-0.253931	-0.0482633	0.130844	0.256865	0.330031	0.347587	0.320595	0.285036	0.285036	
-0.628326	-0.643157	-0.624584	-0.577483	-0.50293	-0.40166	-0.275511	-0.1201	0.0621273	0.252631	0.423506	0.567533	0.681528	0.762723	0.824695	0.893776	0.969861	1.03562	1.08338	1.11171	1.11697	1.08693	1.00741	0.88296	0.734422	0.577153	0.419057	0.257763	0.0848511	-0.0961604	-0.271101	-0.430159	-0.565178	-0.658481	-0.71127	-0.729026	-0.711929	-0.676928	-0.632595	-0.56507	-0.44912	-0.27462	-0.0671576	0.123886	0.272915	0.36653	0.397596	0.383931	0.354235	0.354235	
-0.603314	-0.597324	-0.554776	-0.485507	-0.390184	-0.275511	-0.128512	0.0533102	0.261345	0.469474	0.646886	0.781111	0.869385	0.920492	0.954663	0.990248	1.03433	1.06642	1.07914	1.08479	1.08764	1.06645	1.00079	0.895783	0.76097	0.609799	0.458176	0.307632	0.141226	-0.0368581	-0.213275	-0.373222	-0.50433	-0.601393	-0.658045	-0.675909	-0.662658	-0.630385	-0.590779	-0.533193	-0.437292	-0.282298	-0.0798353	0.119348	0.288894	0.404119	0.45328	0.455973	0.43979	0.43979	
-0.563964	-0.535592	-0.467817	-0.377052	-0.259648	-0.1201	0.0533102	0.251398	0.46327	0.675124	0.847946	0.961255	1.02421	1.04951	1.05128	1.05086	1.06202	1.06382	1.05158	1.04289	1.04813	1.04295	1.00295	0.918689	0.791838	0.651424	0.511176	0.367339	0.211488	0.0428109	-0.13417	-0.299255	-0.434272	-0.532144	-0.586614	-0.605909	-0.594162	-0.561273	-0.527518	-0.480775	-0.405272	-0.274159	-0.0892505	0.113745	0.302488	0.43328	0.505939	0.531457	0.531385	0.531385	
-0.516725	-0.464376	-0.375247	-0.262112	-0.11401	0.0621273	0.261345	0.46327	0.667027	0.859366	1.00643	1.09426	1.13069	1.12537	1.09676	1.0687	1.05676	1.03313	1.0057	0.997791	1.01237	1.02795	1.01216	0.940419	0.821616	0.688398	0.550843	0.415753	0.271208	0.110137	-0.0552684	-0.209166	-0.338638	-0.430414	-0.481309	-0.500427	-0.492851	-0.466789	-0.440094	-0.404198	-0.352979	-0.25348	-0.0895861	0.106606	0.305545	0.455652	0.550035	0.60156	0.622726	0.622726	
-0.462526	-0.391049	-0.281099	-0.139561	0.0464679	0.252631	0.469474	0.675124	0.859366	1.01451	1.12465	1.17913	1.18082	1.13816	1.08559	1.04059	1.00937	0.975799	0.949278	0.946237	0.969748	1.00637	1.00886	0.947961	0.837734	0.706294	0.567498	0.435788	0.30094	0.158672	0.0166573	-0.114875	-0.221304	-0.295673	-0.337331	-0.356104	-0.356668	-0.344734	-0.332985	-0.310996	-0.282823	-0.214588	-0.0788688	0.103397	0.305274	0.468095	0.584282	0.663634	0.704776	0.704776	
-0.400205	-0.311526	-0.178141	-0.00504438	0.203041	0.423506	0.646886	0.847946	1.00643	1.12465	1.20191	1.22618	1.19092	1.11767	1.04309	0.98076	0.933165	0.895772	0.872325	0.873524	0.911695	0.96486	0.981209	0.934052	0.834439	0.706723	0.575324	0.445024	0.308103	0.179369	0.0644532	-0.0329076	-0.108834	-0.15922	-0.183575	-0.195055	-0.199376	-0.200673	-0.204481	-0.205019	-0.201315	-0.161144	-0.0578628	0.10955	0.308972	0.478765	0.613632	0.712895	0.770061	0.770061	
-0.32629	-0.215477	-0.061686	0.130374	0.3458	0.567533	0.781111	0.961255	1.09426	1.17913	1.22618	1.22495	1.16995	1.08225	0.992726	0.912539	0.853522	0.810897	0.786438	0.799197	0.849577	0.909679	0.93493	0.902607	0.815786	0.697327	0.568092	0.430468	0.292238	0.173119	0.0832786	0.0208766	-0.0163217	-0.0382301	-0.0470099	-0.0440157	-0.0471737	-0.0564944	-0.0738708	-0.0927033	-0.106067	-0.0961134	-0.0208941	0.124652	0.307489	0.484426	0.631801	0.745622	0.817696	0.817696	
-0.227952	-0.0976872	0.0679146	0.263612	0.473233	0.681528	0.869385	1.02421	1.13069	1.18082	1.19092	1.16995	1.11045	1.02473	0.930336	0.845335	0.778117	0.732292	0.715958	0.737571	0.790251	0.846939	0.879118	0.859576	0.781989	0.668375	0.534048	0.383133	0.242672	0.138597	0.0798534	0.0594304	0.0576791	0.0604803	0.0713066	0.0876052	0.0914998	0.0786951	0.0496647	0.0125778	-0.0176851	-0.0234013	0.0249793	0.145737	0.309814	0.475353	0.623169	0.740936	0.814554	0.814554	
-0.109629	0.0370153	0.208081	0.392902	0.580468	0.762723	0.920492	1.04951	1.12537	1.13816	1.11767	1.08225	1.02473	0.945764	0.853738	0.768893	0.697533	0.653064	0.641883	0.665706	0.717504	0.773639	0.810476	0.800339	0.734996	0.624189	0.481639	0.318068	0.177781	0.0854146	0.0553685	0.0789156	0.113015	0.14698	0.178814	0.204399	0.215399	0.198293	0.154987	0.103915	0.0596857	0.0402987	0.069064	0.158834	0.294173	0.437853	0.569666	0.679988	0.745522	0.745522	
0.0142658	0.176353	0.344795	0.509632	0.668509	0.824695	0.954663	1.05128	1.09676	1.08559	1.04309	0.992726	0.930336	0.853738	0.766137	0.671435	0.597172	0.555041	0.551512	0.584173	0.633352	0.686168	0.725506	0.727017	0.678474	0.569198	0.414586	0.247126	0.10997	0.0358693	0.0322593	0.081109	0.145351	0.205669	0.25985	0.302335	0.319874	0.297527	0.237256	0.166586	0.106807	0.0718191	0.0823429	0.142083	0.241394	0.36071	0.4738	0.570055	0.628735	0.628735	
0.137252	0.308273	0.474977	0.626741	0.766849	0.893776	0.990248	1.05086	1.0687	1.04059	0.98076	0.912539	0.845335	0.768893	0.671435	0.570139	0.487867	0.448468	0.453751	0.493873	0.551101	0.607273	0.647355	0.6558	0.612396	0.499685	0.34274	0.172423	0.0400258	-0.0200565	-0.0070754	0.0615839	0.148417	0.235628	0.312895	0.368026	0.388207	0.359868	0.286515	0.19561	0.119535	0.0684923	0.0542333	0.0847874	0.149075	0.239812	0.3359	0.417531	0.468254	0.468254	
0.269783	0.443867	0.610256	0.758939	0.875928	0.969861	1.03433	1.06202	1.05676	1.00937	0.933165	0.853522	0.778117	0.697533	0.597172	0.487867	0.402148	0.363353	0.379911	0.434639	0.499363	0.553565	0.588819	0.59555	0.546519	0.428128	0.260109	0.0876629	-0.0396421	-0.092932	-0.0678932	0.004946	0.109458	0.223486	0.321165	0.395266	0.418928	0.386314	0.310052	0.211312	0.121893	0.0540265	0.0112331	-0.00181517	0.0170971	0.0674327	0.13436	0.197467	0.237255	0.237255	
0.419297	0.593722	0.761461	0.895064	0.980097	1.03562	1.06642	1.06382	1.03313	0.975799	0.895772	0.810897	0.732292	0.653064	0.555041	0.448468	0.363353	0.331359	0.36157	0.426666	0.49765	0.543999	0.566933	0.56348	0.503924	0.37801	0.1996	0.0136	-0.119529	-0.177705	-0.162332	-0.0911441	0.0219731	0.155777	0.281185	0.377669	0.415212	0.392492	0.322666	0.225868	0.123991	0.0338277	-0.0465224	-0.112	-0.146676	-0.152288	-0.128146	-0.0958621	-0.0746649	-0.0746649	
0.571015	0.741294	0.899795	1.00783	1.06446	1.08338	1.07914	1.05158	1.0057	0.949278	0.872325	0.786438	0.715958	0.641883	0.551512	0.453751	0.379911	0.36157	0.402456	0.4763	0.544023	0.578636	0.585281	0.562184	0.488833	0.351546	0.164036	-0.0317043	-0.182677	-0.261125	-0.267711	-0.206211	-0.0956819	0.0510251	0.206903	0.321128	0.37692	0.377182	0.323135	0.239047	0.132112	0.0124016	-0.11704	-0.24511	-0.345059	-0.411455	-0.433741	-0.434152	-0.429701	-0.429701	
0.696808	0.863348	1.00178	1.09144	1.12252	1.11171	1.08479	1.04289	0.997791	0.946237	0.873524	0.799197	0.737571	0.665706	0.584173	0.493873	0.434639	0.426666	0.4763	0.555856	0.612619	0.628453	0.613935	0.572685	0.491608	0.347332	0.146236	-0.0598995	-0.229976	-0.32795	-0.353417	-0.310357	-0.206276	-0.055541	0.112428	0.248647	0.329775	0.350807	0.316572	0.241691	0.125789	-0.0293091	-0.205106	-0.388061	-0.552011	-0.668544	-0.738597	-0.777006	-0.787673	-0.787673	
0.774942	0.928436	1.04782	1.11879	1.13661	1.11697	1.08764	1.04813	1.01237	0.969748	0.911695	0.849577	0.790251	0.717504	0.633352	0.551101	0.499363	0.49765	0.544023	0.612619	0.654281	0.659688	0.633695	0.583255	0.492458	0.341786	0.139842	-0.0713393	-0.252411	-0.369068	-0.406843	-0.38057	-0.286512	-0.136531	0.0320048	0.181241	0.279825	0.316801	0.300649	0.232572	0.106002	-0.0724642	-0.292468	-0.524482	-0.732645	-0.897697	-1.00882	-1.07448	-1.10471	-1.10471	
0.795173	0.928566	1.02452	1.07928	1.09566	1.08693	1.06645	1.04295	1.02795	1.00637	0.96486	0.909679	0.846939	0.773639	0.686168	0.607273	0.553565	0.543999	0.578636	0.628453	0.659688	0.655911	0.626417	0.575408	0.483045	0.334613	0.136963	-0.0728525	-0.254593	-0.380859	-0.429733	-0.413686	-0.330154	-0.191655	-0.0291364	0.129299	0.240269	0.291467	0.28791	0.220978	0.0858086	-0.109447	-0.359046	-0.622877	-0.860705	-1.06137	-1.20608	-1.29787	-1.34489	-1.34489	
0.763151	0.871146	0.943464	0.986183	1.0033	1.00741	1.00079	1.00295	1.01216	1.00886	0.981209	0.93493	0.879118	0.810476	0.725506	0.647355	0.588819	0.566933	0.585281	0.613935	0.633695	0.626417	0.598397	0.54943	0.458368	0.312992	0.123435	-0.0822109	-0.260224	-0.386936	-0.444733	-0.434548	-0.359689	-0.230934	-0.0724979	0.0923041	0.219998	0.290328	0.294866	0.231246	0.0963849	-0.112999	-0.375488	-0.652994	-0.915365	-1.13843	-1.31049	-1.43228	-1.48973	-1.48973	
0.696837	0.779051	0.828772	0.857455	0.870795	0.88296	0.895783	0.918689	0.940419	0.947961	0.934052	0.902607	0.859576	0.800339	0.727017	0.6558	0.59555	0.56348	0.562184	0.572685	0.583255	0.575408	0.54943	0.498762	0.403664	0.256102	0.0749559	-0.119105	-0.292151	-0.415648	-0.475826	-0.463754	-0.392147	-0.266621	-0.102276	0.0723379	0.221785	0.314991	0.33775	0.281842	0.155218	-0.0514381	-0.31804	-0.598764	-0.87563	-1.11997	-1.32063	-1.46582	-1.53745	-1.53745	
0.607491	0.665931	0.694166	0.70947	0.717002	0.734422	0.76097	0.791838	0.821616	0.837734	0.834439	0.815786	0.781989	0.734996	0.678474	0.612396	0.546519	0.503924	0.488833	0.491608	0.492458	0.483045	0.458368	0.403664	0.30461	0.161407	-0.011319	-0.195881	-0.357199	-0.469616	-0.524545	-0.508042	-0.42733	-0.296295	-0.125198	0.0661998	0.242204	0.359055	0.405726	0.369557	0.257524	0.0639806	-0.188544	-0.461981	-0.743432	-1.00004	-1.22784	-1.3925	-1.4764	-1.4764	
0.491853	0.524518	0.538904	0.54859	0.55408	0.577153	0.609799	0.651424	0.688398	0.706294	0.706723	0.697327	0.668375	0.624189	0.569198	0.499685	0.428128	0.37801	0.351546	0.347332	0.341786	0.334613	0.312992	0.256102	0.161407	0.0266976	-0.134435	-0.300549	-0.441695	-0.538631	-0.575046	-0.545026	-0.453247	-0.314457	-0.133706	0.0689529	0.260866	0.403359	0.474293	0.464757	0.376541	0.209227	-0.0191394	-0.271512	-0.537571	-0.797888	-1.03321	-1.20467	-1.29354	-1.29354	
0.351475	0.361928	0.369803	0.379009	0.389299	0.419057	0.458176	0.511176	0.550843	0.567498	0.575324	0.568092	0.534048	0.481639	0.414586	0.34274	0.260109	0.1996	0.164036	0.146236	0.139842	0.136963	0.123435	0.0749559	-0.011319	-0.134435	-0.275022	-0.417888	-0.532693	-0.604879	-0.616393	-0.564953	-0.463681	-0.313682	-0.128296	0.0766731	0.277806	0.434069	0.525494	0.541942	0.479169	0.342968	0.151603	-0.0616744	-0.294416	-0.53641	-0.760092	-0.927848	-1.01128	-1.01128	
0.206557	0.19988	0.193973	0.203163	0.22221	0.257763	0.307632	0.367339	0.415753	0.435788	0.445024	0.430468	0.383133	0.318068	0.247126	0.172423	0.0876629	0.0136	-0.0317043	-0.0598995	-0.0713393	-0.0728525	-0.0822109	-0.119105	-0.195881	-0.300549	-0.417888	-0.530299	-0.612101	-0.647837	-0.630011	-0.56436	-0.451246	-0.296527	-0.11839	0.0845859	0.281306	0.437572	0.545366	0.582677	0.547355	0.442221	0.294582	0.129205	-0.0584241	-0.260413	-0.456925	-0.601151	-0.672284	-0.672284	
0.0712726	0.0434757	0.0233679	0.0258127	0.0495117	0.0848511	0.141226	0.211488	0.271208	0.30094	0.308103	0.292238	0.242672	0.177781	0.10997	0.0400258	-0.0396421	-0.119529	-0.182677	-0.229976	-0.252411	-0.254593	-0.260224	-0.292151	-0.357199	-0.441695	-0.532693	-0.612101	-0.660928	-0.667317	-0.627697	-0.547875	-0.433505	-0.288354	-0.120037	0.0686573	0.250715	0.407564	0.528437	0.585296	0.576195	0.503546	0.396265	0.279997	0.146144	-0.010114	-0.167692	-0.281596	-0.338682	-0.338682	
-0.0589283	-0.103571	-0.136568	-0.148206	-0.126982	-0.0961604	-0.0368581	0.0428109	0.110137	0.158672	0.179369	0.173119	0.138597	0.0854146	0.0358693	-0.0200565	-0.092932	-0.177705	-0.261125	-0.32795	-0.369068	-0.380859	-0.386936	-0.415648	-0.469616	-0.538631	-0.604879	-0.647837	-0.667317	-0.648664	-0.602118	-0.529743	-0.427875	-0.305198	-0.150615	0.0178574	0.185516	0.34063	0.463157	0.539244	0.55216	0.510847	0.445747	0.379165	0.299751	0.192792	0.0811194	-0.00547836	-0.0468204	-0.0468204	
-0.200353	-0.256451	-0.302906	-0.320322	-0.304397	-0.271101	-0.213275	-0.13417	-0.0552684	0.0166573	0.0644532	0.0832786	0.0798534	0.0553685	0.0322593	-0.0070754	-0.0678932	-0.162332	-0.267711	-0.353417	-0.406843	-0.429733	-0.444733	-0.475826	-0.524545	-0.575046	-0.616393	-0.630011	-0.627697	-0.602118	-0.561462	-0.507068	-0.429442	-0.331878	-0.20493	-0.0634881	0.0849469	0.228621	0.351365	0.442592	0.475347	0.463519	0.438266	0.413303	0.382901	0.329546	0.265392	0.20961	0.184394	0.184394	
-0.35728	-0.424721	-0.471869	-0.486914	-0.467303	-0.430159	-0.373222	-0.299255	-0.209166	-0.114875	-0.0329076	0.0208766	0.0594304	0.0789156	0.081109	0.0615839	0.004946	-0.0911441	-0.206211	-0.310357	-0.38057	-0.413686	-0.434548	-0.463754	-0.508042	-0.545026	-0.564953	-0.56436	-0.547875	-0.529743	-0.507068	-0.473483	-0.42638	-0.354614	-0.258389	-0.148645	-0.0253061	0.098294	0.210451	0.300644	0.342644	0.356622	0.36545	0.3768	0.394913	0.391124	0.369961	0.345615	0.327282	0.327282	
-0.521073	-0.587411	-0.626688	-0.635221	-0.606782	-0.565178	-0.50433	-0.434272	-0.338638	-0.221304	-0.108834	-0.0163217	0.0576791	0.113015	0.145351	0.148417	0.109458	0.0219731	-0.0956819	-0.206276	-0.286512	-0.330154	-0.359689	-0.392147	-0.42733	-0.453247	-0.463681	-0.451246	-0.433505	-0.427875	-0.429442	-0.42638	-0.404409	-0.360294	-0.293492	-0.213572	-0.124809	-0.030335	0.0562801	0.126283	0.169623	0.199246	0.234062	0.274663	0.327376	0.368775	0.386388	0.389983	0.37771	0.37771	
-0.670617	-0.726742	-0.74871	-0.743846	-0.709805	-0.658481	-0.601393	-0.532144	-0.430414	-0.295673	-0.15922	-0.0382301	0.0604803	0.14698	0.205669	0.235628	0.223486	0.155777	0.0510251	-0.055541	-0.136531	-0.191655	-0.230934	-0.266621	-0.296295	-0.314457	-0.313682	-0.296527	-0.288354	-0.305198	-0.331878	-0.354614	-0.360294	-0.338532	-0.307837	-0.268717	-0.215823	-0.157517	-0.100609	-0.0528773	-0.0167162	0.0200522	0.0705027	0.126226	0.19588	0.26965	0.31759	0.336241	0.33065	0.33065	
-0.785266	-0.82162	-0.824253	-0.803485	-0.763809	-0.71127	-0.658045	-0.586614	-0.481309	-0.337331	-0.183575	-0.0470099	0.0713066	0.178814	0.25985	0.312895	0.321165	0.281185	0.206903	0.112428	0.0320048	-0.0291364	-0.0724979	-0.102276	-0.125198	-0.133706	-0.128296	-0.11839	-0.120037	-0.150615	-0.20493	-0.258389	-0.293492	-0.307837	-0.316093	-0.317622	-0.304014	-0.280501	-0.252966	-0.2315	-0.203638	-0.157519	-0.100642	-0.0372706	0.0378097	0.119338	0.180967	0.203314	0.194775	0.194775	
-0.845911	-0.864482	-0.851335	-0.820404	-0.777721	-0.729026	-0.675909	-0.605909	-0.500427	-0.356104	-0.195055	-0.0440157	0.0876052	0.204399	0.302335	0.368026	0.395266	0.377669	0.321128	0.248647	0.181241	0.129299	0.0923041	0.0723379	0.0661998	0.0689529	0.0766731	0.0845859	0.0686573	0.0178574	-0.0634881	-0.148645	-0.213572	-0.268717	-0.317622	-0.360317	-0.390527	-0.399488	-0.397715	-0.39655	-0.372276	-0.321015	-0.259722	-0.197635	-0.132945	-0.0535053	0.00928245	0.0266228	0.0182064	0.0182064	
-0.838662	-0.851407	-0.83203	-0.799174	-0.757121	-0.711929	-0.662658	-0.594162	-0.492851	-0.356668	-0.199376	-0.0471737	0.0914998	0.215399	0.319874	0.388207	0.418928	0.415212	0.37692	0.329775	0.279825	0.240269	0.219998	0.221785	0.242204	0.260866	0.277806	0.281306	0.250715	0.185516	0.0849469	-0.0253061	-0.124809	-0.215823	-0.304014	-0.390527	-0.456617	-0.495097	-0.520356	-0.536092	-0.517821	-0.468262	-0.406513	-0.347694	-0.293196	-0.222144	-0.16261	-0.14826	-0.157237	-0.157237	
-0.77007	-0.786224	-0.77533	-0.74832	-0.71605	-0.676928	-0.630385	-0.561273	-0.466789	-0.344734	-0.200673	-0.0564944	0.0786951	0.198293	0.297527	0.359868	0.386314	0.392492	0.377182	0.350807	0.316801	0.291467	0.290328	0.314991	0.359055	0.403359	0.434069	0.437572	0.407564	0.34063	0.228621	0.098294	-0.030335	-0.157517	-0.280501	-0.399488	-0.495097	-0.562537	-0.609342	-0.637374	-0.630608	-0.581779	-0.523896	-0.472069	-0.424704	-0.366773	-0.311048	-0.29684	-0.30195	-0.30195	
-0.662085	-0.684351	-0.685851	-0.674644	-0.657588	-0.632595	-0.590779	-0.527518	-0.440094	-0.332985	-0.204481	-0.0738708	0.0496647	0.154987	0.237256	0.286515	0.310052	0.322666	0.323135	0.316572	0.300649	0.28791	0.294866	0.33775	0.405726	0.474293	0.525494	0.545366	0.528437	0.463157	0.351365	0.210451	0.0562801	-0.100609	-0.252966	-0.397715	-0.520356	-0.609342	-0.672003	-0.706436	-0.703095	-0.659332	-0.601268	-0.554142	-0.512534	-0.462779	-0.41562	-0.397609	-0.39737	-0.39737	
-0.529889	-0.55837	-0.572812	-0.57593	-0.575104	-0.56507	-0.533193	-0.480775	-0.404198	-0.310996	-0.205019	-0.0927033	0.0125778	0.103915	0.166586	0.19561	0.211312	0.225868	0.239047	0.241691	0.232572	0.220978	0.231246	0.281842	0.369557	0.464757	0.541942	0.582677	0.585296	0.539244	0.442592	0.300644	0.126283	-0.0528773	-0.2315	-0.39655	-0.536092	-0.637374	-0.706436	-0.738588	-0.729083	-0.688556	-0.631413	-0.587385	-0.550459	-0.511894	-0.475602	-0.450487	-0.446418	-0.446418	
-0.372953	-0.399697	-0.414592	-0.425596	-0.442527	-0.44912	-0.437292	-0.405272	-0.352979	-0.282823	-0.201315	-0.106067	-0.0176851	0.0596857	0.106807	0.119535	0.121893	0.123991	0.132112	0.125789	0.106002	0.0858086	0.0963849	0.155218	0.257524	0.376541	0.479169	0.547355	0.576195	0.55216	0.475347	0.342644	0.169623	-0.0167162	-0.203638	-0.372276	-0.517821	-0.630608	-0.703095	-0.729083	-0.723805	-0.683791	-0.630491	-0.590135	-0.552416	-0.524155	-0.492773	-0.465877	-0.452976	-0.452976	
-0.197398	-0.208228	-0.216191	-0.231555	-0.253931	-0.27462	-0.282298	-0.274159	-0.25348	-0.214588	-0.161144	-0.0961134	-0.0234013	0.0402987	0.0718191	0.0684923	0.0540265	0.0338277	0.0124016	-0.0293091	-0.0724642	-0.109447	-0.112999	-0.0514381	0.0639806	0.209227	0.342968	0.442221	0.503546	0.510847	0.463519	0.356622	0.199246	0.0200522	-0.157519	-0.321015	-0.468262	-0.581779	-0.659332	-0.688556	-0.683791	-0.657035	-0.613475	-0.576126	-0.542834	-0.517156	-0.488873	-0.455241	-0.433183	-0.433183	
-0.0219219	-0.0197191	-0.0187735	-0.0267707	-0.0482633	-0.0671576	-0.0798353	-0.0892505	-0.0895861	-0.0788688	-0.0578628	-0.0208941	0.0249793	0.069064	0.0823429	0.0542333	0.0112331	-0.0465224	-0.11704	-0.205106	-0.292468	-0.359046	-0.375488	-0.31804	-0.188544	-0.0191394	0.151603	0.294582	0.396265	0.445747	0.438266	0.36545	0.234062	0.0705027	-0.100642	-0.259722	-0.406513	-0.523896	-0.601268	-0.631413	-0.630491	-0.613475	-0.583273	-0.552128	-0.52247	-0.500293	-0.471568	-0.432607	-0.402911	-0.402911	
0.118597	0.131619	0.142814	0.140986	0.130844	0.123886	0.119348	0.113745	0.106606	0.103397	0.10955	0.124652	0.145737	0.158834	0.142083	0.0847874	-0.00181517	-0.112	-0.24511	-0.388061	-0.524482	-0.622877	-0.652994	-0.598764	-0.461981	-0.271512	-0.0616744	0.129205	0.279997	0.379165	0.413303	0.3768	0.274663	0.126226	-0.0372706	-0.197635	-0.347694	-0.472069	-0.554142	-0.587385	-0.590135	-0.576126	-0.552128	-0.520651	-0.489836	-0.466796	-0.435773	-0.394747	-0.360673	-0.360673	
0.209301	0.227823	0.24145	0.246279	0.256865	0.272915	0.288894	0.302488	0.305545	0.305274	0.308972	0.307489	0.309814	0.294173	0.241394	0.149075	0.0170971	-0.146676	-0.345059	-0.552011	-0.732645	-0.860705	-0.915365	-0.87563	-0.743432	-0.537571	-0.294416	-0.0584241	0.146144	0.299751	0.382901	0.394913	0.327376	0.19588	0.0378097	-0.132945	-0.293196	-0.424704	-0.512534	-0.550459	-0.552416	-0.542834	-0.52247	-0.489836	-0.460622	-0.428035	-0.389836	-0.343699	-0.303176	-0.303176	
0.257909	0.27684	0.289975	0.306229	0.330031	0.36653	0.404119	0.43328	0.455652	0.468095	0.478765	0.484426	0.475353	0.437853	0.36071	0.239812	0.0674327	-0.152288	-0.411455	-0.668544	-0.897697	-1.06137	-1.13843	-1.11997	-1.00004	-0.797888	-0.53641	-0.260413	-0.010114	0.192792	0.329546	0.391124	0.368775	0.26965	0.119338	-0.0535053	-0.222144	-0.366773	-0.462779	-0.511894	-0.524155	-0.517156	-0.500293	-0.466796	-0.428035	-0.38438	-0.333371	-0.277491	-0.235091	-0.235091	
0.26476	0.28452	0.293565	0.310895	0.347587	0.397596	0.45328	0.505939	0.550035	0.584282	0.613632	0.631801	0.623169	0.569666	0.4738	0.3359	0.13436	-0.128146	-0.433741	-0.738597	-1.00882	-1.20608	-1.31049	-1.32063	-1.22784	-1.03321	-0.760092	-0.456925	-0.167692	0.0811194	0.265392	0.369961	0.386388	0.31759	0.180967	0.00928245	-0.16261	-0.311048	-0.41562	-0.475602	-0.492773	-0.488873	-0.471568	-0.435773	-0.389836	-0.333371	-0.270835	-0.204439	-0.160858	-0.160858	
0.241011	0.25555	0.25847	0.275822	0.320595	0.383931	0.455973	0.531457	0.60156	0.663634	0.712895	0.745622	0.740936	0.679988	0.570055	0.417531	0.197467	-0.0958621	-0.434152	-0.777006	-1.07448	-1.29787	-1.43228	-1.46582	-1.3925	-1.20467	-0.927848	-0.601151	-0.281596	-0.00547836	0.20961	0.345615	0.389983	0.336241	0.203314	0.0266228	-0.14826	-0.29684	-0.397609	-0.450487	-0.465877	-0.455241	-0.432607	-0.394747	-0.343699	-0.277491	-0.204439	-0.136329	-0.0889976	-0.0889976	
0.214261	0.225931	0.221721	0.238741	0.285036	0.354235	0.43979	0.531385	0.622726	0.704776	0.770061	0.817696	0.814554	0.745522	0.628735	0.468254	0.237255	-0.0746649	-0.429701	-0.787673	-1.10471	-1.34489	-1.48973	-1.53745	-1.4764	-1.29354	-1.01128	-0.672284	-0.338682	-0.0468204	0.184394	0.327282	0.37771	0.33065	0.194775	0.0182064	-0.157237	-0.30195	-0.39737	-0.446418	-0.452976	-0.433183	-0.402911	-0.360673	-0.303176	-0.235091	-0.160858	-0.0889976	-0.0463191	-0.0463191	
0.214261	0.225931	0.221721	0.238741	0.285036	0.354235	0.43979	0.531385	0.622726	0.704776	0.770061	0.817696	0.814554	0.745522	0.628735	0.468254	0.237255	-0.0746649	-0.429701	-0.787673	-1.10471	-1.34489	-1.48973	-1.53745	-1.4764	-1.29354	-1.01128	-0.672284	-0.338682	-0.0468204	0.184394	0.327282	0.37771	0.33065	0.194775	0.0182064	-0.157237	-0.30195	-0.39737	-0.446418	-0.452976	-0.433183	-0.402911	-0.360673	-0.303176	-0.235091	-0.160858	-0.0889976	-0.0463191	-0.0463191	
