-0.139152	-0.139152	-0.148134	-0.150346	-0.141091	-0.142927	-0.152198	-0.159523	-0.168286	-0.156752	-0.154131	-0.180044	-0.202786	-0.206732	-0.202604	-0.19276	-0.198816	-0.258347	-0.342578	-0.447767	-0.560676	-0.637073	-0.655309	-0.613691	-0.503194	-0.337252	-0.106725	0.140231	0.379494	0.590432	0.759823	0.88251	0.917218	0.872081	0.736984	0.567249	0.386315	0.233474	0.120389	0.0424106	-0.00328949	-0.0262153	-0.0451166	-0.0440679	-0.0518119	-0.0517449	-0.0483277	-0.0511114	-0.0542056	-0.0494363	
-0.141117	-0.141117	-0.154752	-0.152822	-0.14392	-0.149384	-0.162704	-0.160959	-0.157179	-0.16086	-0.172916	-0.194458	-0.21297	-0.212112	-0.193421	-0.192661	-0.216865	-0.287597	-0.385675	-0.495243	-0.596349	-0.657298	-0.646509	-0.582926	-0.449371	-0.260597	-0.0204811	0.226004	0.455425	0.650513	0.80525	0.898962	0.908268	0.831442	0.680892	0.505275	0.329933	0.191111	0.0903583	0.0237527	-0.00976173	-0.0327761	-0.0409087	-0.0432391	-0.0502381	-0.0478469	-0.0508491	-0.0569587	-0.0555855	-0.0560497	
-0.146295	-0.146295	-0.15973	-0.153125	-0.145919	-0.154812	-0.174311	-0.172575	-0.154003	-0.158883	-0.183596	-0.20519	-0.2136	-0.215262	-0.197497	-0.204397	-0.252336	-0.332114	-0.435543	-0.542305	-0.627085	-0.658975	-0.624258	-0.530665	-0.37737	-0.165468	0.0790781	0.321162	0.537244	0.71574	0.850963	0.914355	0.895379	0.788639	0.626821	0.447584	0.282023	0.157253	0.0661902	0.0127951	-0.0183266	-0.0377145	-0.0438657	-0.0506441	-0.0551906	-0.0532632	-0.0584964	-0.0577419	-0.0537832	-0.0575544	
-0.158618	-0.158618	-0.157499	-0.153105	-0.158419	-0.159262	-0.16836	-0.177206	-0.164434	-0.173256	-0.199666	-0.21453	-0.210763	-0.20385	-0.199131	-0.219905	-0.291897	-0.383974	-0.491318	-0.591178	-0.655848	-0.656567	-0.596001	-0.474411	-0.298684	-0.0682675	0.177053	0.411606	0.611031	0.773481	0.882721	0.916373	0.864664	0.732975	0.561905	0.382226	0.230599	0.116533	0.0390605	-0.00476952	-0.031889	-0.0447223	-0.0488726	-0.0546022	-0.0527924	-0.0522752	-0.0557881	-0.0515705	-0.054641	-0.05921	
-0.164291	-0.164291	-0.156376	-0.156674	-0.173461	-0.176793	-0.165514	-0.166252	-0.170255	-0.189304	-0.215372	-0.223247	-0.21564	-0.202481	-0.209331	-0.25028	-0.334611	-0.436167	-0.539474	-0.626922	-0.665025	-0.635658	-0.548581	-0.403191	-0.204676	0.0347969	0.277957	0.497133	0.680421	0.821399	0.90249	0.9037	0.819332	0.669154	0.491259	0.319719	0.182488	0.0825609	0.0201366	-0.0156993	-0.0363335	-0.0437013	-0.0491586	-0.0520606	-0.0507806	-0.0557579	-0.0563641	-0.056735	-0.0626281	-0.0631265	
-0.177705	-0.177705	-0.155642	-0.156697	-0.177036	-0.18868	-0.177293	-0.166034	-0.179776	-0.206626	-0.221002	-0.219963	-0.214317	-0.208477	-0.23226	-0.297912	-0.391885	-0.494021	-0.590104	-0.653384	-0.66013	-0.599204	-0.48411	-0.315368	-0.0963523	0.147371	0.381403	0.584441	0.747464	0.865452	0.9138	0.88138	0.766893	0.602474	0.423128	0.263564	0.140522	0.0558556	0.00474009	-0.0251496	-0.04025	-0.0477216	-0.0531652	-0.0543386	-0.0570935	-0.0595351	-0.0588727	-0.0611703	-0.0628431	-0.0596978	
-0.174915	-0.174915	-0.169827	-0.17539	-0.178112	-0.180824	-0.180848	-0.18113	-0.199449	-0.222512	-0.225669	-0.214663	-0.211584	-0.219491	-0.265977	-0.352112	-0.454049	-0.551809	-0.633637	-0.669796	-0.639443	-0.550659	-0.407443	-0.215585	0.0175523	0.260839	0.479814	0.6649	0.806194	0.896138	0.910629	0.842233	0.703893	0.528015	0.355056	0.207162	0.101582	0.0291814	-0.0109921	-0.0358175	-0.0463213	-0.053974	-0.0557044	-0.0588224	-0.0588744	-0.0603203	-0.0594927	-0.0613565	-0.0600911	-0.0605945	
-0.167074	-0.167074	-0.186202	-0.197609	-0.183954	-0.175825	-0.180645	-0.195831	-0.223105	-0.233455	-0.227816	-0.215757	-0.215882	-0.243864	-0.311886	-0.411879	-0.51196	-0.603651	-0.661315	-0.66716	-0.601553	-0.485493	-0.318096	-0.105549	0.135368	0.368446	0.571685	0.732814	0.852869	0.907985	0.887876	0.785069	0.627173	0.448468	0.283727	0.153691	0.0626739	0.00520946	-0.0268505	-0.0446125	-0.0527439	-0.0562855	-0.0583272	-0.058591	-0.0581857	-0.0597155	-0.0582966	-0.0616537	-0.061483	-0.0671832	
-0.177261	-0.177261	-0.190699	-0.202964	-0.195157	-0.18344	-0.19035	-0.209927	-0.23409	-0.235659	-0.225233	-0.225337	-0.237709	-0.290046	-0.375738	-0.477369	-0.567592	-0.641209	-0.669566	-0.635652	-0.541031	-0.397076	-0.208823	0.0187201	0.258497	0.4748	0.656987	0.794369	0.885794	0.905588	0.847317	0.716427	0.544786	0.370828	0.218919	0.109301	0.0323457	-0.00938204	-0.0356116	-0.0460992	-0.0525969	-0.0541107	-0.0570863	-0.0557697	-0.0604931	-0.0599763	-0.0643145	-0.067207	-0.0695029	-0.0721348	
-0.195245	-0.195245	-0.198892	-0.194136	-0.196264	-0.20148	-0.216734	-0.235796	-0.237039	-0.226553	-0.218133	-0.233506	-0.272528	-0.349725	-0.451606	-0.54706	-0.625671	-0.671016	-0.66397	-0.588252	-0.464201	-0.293605	-0.0840678	0.15304	0.382835	0.581091	0.737563	0.852464	0.908453	0.892333	0.796448	0.643271	0.466496	0.300199	0.16749	0.0728124	0.0129335	-0.021329	-0.0409384	-0.0499791	-0.0557945	-0.0596194	-0.0616808	-0.0647957	-0.0676961	-0.0675954	-0.0715275	-0.0688389	-0.0697417	-0.0668821	
-0.220439	-0.220439	-0.20773	-0.184521	-0.192771	-0.220332	-0.240717	-0.254948	-0.244243	-0.2288	-0.230344	-0.256314	-0.319914	-0.412952	-0.516306	-0.601456	-0.663024	-0.678549	-0.633199	-0.52592	-0.375339	-0.183858	0.0420217	0.278355	0.491312	0.666992	0.798599	0.885254	0.904602	0.849318	0.721557	0.553038	0.378079	0.225498	0.111769	0.0327795	-0.0124937	-0.0409076	-0.0534021	-0.0616027	-0.0646855	-0.0670519	-0.0668922	-0.0686487	-0.0658391	-0.0668874	-0.0649092	-0.0643986	-0.0661769	-0.0685142	
-0.225652	-0.225652	-0.21099	-0.207918	-0.218049	-0.234651	-0.247121	-0.248675	-0.239684	-0.239432	-0.265009	-0.312523	-0.394135	-0.49237	-0.579209	-0.643501	-0.674499	-0.65147	-0.565745	-0.432027	-0.258633	-0.0506136	0.181538	0.404498	0.594066	0.741815	0.847149	0.898138	0.878815	0.784172	0.632221	0.457166	0.291328	0.158653	0.0632505	0.0036002	-0.0312392	-0.0495491	-0.0576701	-0.0618854	-0.0626235	-0.0628069	-0.0629121	-0.0626516	-0.0630071	-0.065554	-0.0666431	-0.072133	-0.0754616	-0.0810255	
-0.211897	-0.211897	-0.220591	-0.244888	-0.254276	-0.254312	-0.254153	-0.239265	-0.232851	-0.254883	-0.305262	-0.381597	-0.477907	-0.572586	-0.640783	-0.678651	-0.671725	-0.604687	-0.481573	-0.321379	-0.125935	0.0970724	0.326242	0.529409	0.692459	0.812796	0.887865	0.900158	0.840074	0.711544	0.544081	0.370872	0.221135	0.108557	0.0323422	-0.0124241	-0.0386665	-0.0504086	-0.0575611	-0.0600463	-0.0622886	-0.0638656	-0.0661229	-0.068071	-0.0719175	-0.0742247	-0.0780276	-0.0803316	-0.0815119	-0.0819873	
-0.218902	-0.218902	-0.238933	-0.260461	-0.272636	-0.273338	-0.259533	-0.24271	-0.253944	-0.297071	-0.362846	-0.455623	-0.553998	-0.631239	-0.678008	-0.686206	-0.639213	-0.533408	-0.383091	-0.20082	0.0115389	0.240606	0.455546	0.633722	0.769043	0.861824	0.901972	0.873792	0.774392	0.620942	0.447341	0.284425	0.15456	0.0616036	0.00332409	-0.0312716	-0.0495694	-0.0591758	-0.0646292	-0.0674309	-0.0702712	-0.0722814	-0.0744232	-0.0765391	-0.0780661	-0.0789551	-0.0798116	-0.0787693	-0.0791166	-0.078006	
-0.250368	-0.250368	-0.261157	-0.268767	-0.275617	-0.271465	-0.25856	-0.267728	-0.306909	-0.366003	-0.444658	-0.538371	-0.619834	-0.669259	-0.686006	-0.65692	-0.56862	-0.431296	-0.261271	-0.0618717	0.159358	0.380068	0.570298	0.718636	0.82502	0.885838	0.886207	0.8162	0.683221	0.515203	0.345244	0.199994	0.0914098	0.018697	-0.024856	-0.04981	-0.062149	-0.0693275	-0.0724195	-0.0748501	-0.0761772	-0.0771444	-0.0778533	-0.0781051	-0.0777667	-0.0778364	-0.0771267	-0.0778015	-0.0791357	-0.0816537	
-0.29584	-0.29584	-0.287878	-0.275861	-0.263519	-0.256659	-0.272071	-0.317424	-0.378318	-0.452883	-0.542171	-0.621514	-0.670625	-0.687343	-0.665639	-0.591386	-0.464941	-0.303224	-0.116286	0.0951243	0.314557	0.513509	0.672579	0.789382	0.864513	0.887593	0.844611	0.734994	0.577906	0.406168	0.249084	0.125604	0.0388588	-0.0151848	-0.046547	-0.0627711	-0.0708966	-0.0746244	-0.0760019	-0.0767178	-0.0764275	-0.0762445	-0.0757944	-0.0753907	-0.0757105	-0.0765519	-0.0785311	-0.0823682	-0.0866265	-0.0930832	
-0.330625	-0.330625	-0.310465	-0.284395	-0.265397	-0.271347	-0.311308	-0.374391	-0.453004	-0.545275	-0.632158	-0.686589	-0.704017	-0.686514	-0.620276	-0.500114	-0.342058	-0.159879	0.043959	0.261109	0.466948	0.636441	0.763102	0.848893	0.889069	0.869721	0.783443	0.641591	0.472351	0.307609	0.170385	0.0700614	0.00436714	-0.0342734	-0.0553004	-0.0653105	-0.0700614	-0.0715795	-0.0723078	-0.0724046	-0.0727222	-0.0735514	-0.0749029	-0.0773418	-0.0808182	-0.0850804	-0.0906024	-0.0959006	-0.101011	-0.105072	
-0.325719	-0.325719	-0.317533	-0.308957	-0.31197	-0.336875	-0.383898	-0.450607	-0.536011	-0.622064	-0.682285	-0.708463	-0.700767	-0.648355	-0.541238	-0.389865	-0.212692	-0.0150092	0.199695	0.410974	0.592424	0.730792	0.827757	0.882797	0.884702	0.822155	0.698906	0.537391	0.369273	0.221146	0.107572	0.0298118	-0.0180015	-0.0451453	-0.0592781	-0.0665081	-0.0703065	-0.0727343	-0.0750197	-0.0773821	-0.0804559	-0.0839472	-0.0879994	-0.092436	-0.0966445	-0.100526	-0.103332	-0.104416	-0.104249	-0.102017	
-0.3064	-0.3064	-0.319357	-0.343415	-0.380127	-0.430234	-0.492411	-0.564131	-0.633676	-0.681941	-0.700704	-0.692049	-0.646902	-0.551704	-0.412268	-0.24598	-0.0602072	0.143769	0.352143	0.53852	0.684792	0.789779	0.855423	0.874229	0.833236	0.729805	0.579985	0.412833	0.257418	0.132264	0.043058	-0.0143312	-0.0480416	-0.0666928	-0.0765813	-0.082246	-0.0858178	-0.0888256	-0.0915284	-0.0942493	-0.096859	-0.0991149	-0.100938	-0.101909	-0.10192	-0.101032	-0.0991016	-0.0970373	-0.095396	-0.0951992	
-0.314001	-0.314001	-0.339516	-0.387687	-0.4537	-0.530472	-0.608887	-0.675735	-0.716677	-0.727145	-0.709078	-0.656316	-0.55846	-0.418956	-0.254505	-0.0748164	0.120551	0.322871	0.508802	0.657885	0.765542	0.835404	0.863579	0.837843	0.751051	0.612904	0.448766	0.288178	0.153118	0.0530783	-0.0133995	-0.0534892	-0.0758136	-0.0874129	-0.0932533	-0.0961912	-0.0977433	-0.0986312	-0.0990124	-0.0990561	-0.0986084	-0.0977686	-0.0965526	-0.0950809	-0.0937832	-0.0929774	-0.0933243	-0.0955943	-0.100105	-0.107591	
-0.365957	-0.365957	-0.399186	-0.46153	-0.542246	-0.62597	-0.697098	-0.743195	-0.758525	-0.74198	-0.687935	-0.588017	-0.446203	-0.278927	-0.0972775	0.0978478	0.300404	0.490044	0.644919	0.757737	0.832161	0.867668	0.854113	0.781926	0.655589	0.49622	0.332626	0.189247	0.0790084	0.00338211	-0.0435355	-0.0700368	-0.0837828	-0.0902471	-0.0929763	-0.0938135	-0.0938131	-0.0933597	-0.0927403	-0.0920764	-0.0915157	-0.0912922	-0.0915959	-0.0927824	-0.0951741	-0.0990403	-0.104738	-0.112208	-0.121294	-0.131503	
-0.483974	-0.483974	-0.514544	-0.568897	-0.634448	-0.696469	-0.742365	-0.763782	-0.754294	-0.705531	-0.61089	-0.474707	-0.311412	-0.132084	0.0613839	0.263879	0.456924	0.618485	0.738632	0.819924	0.863877	0.862468	0.805205	0.692422	0.540978	0.378019	0.229326	0.110819	0.0267516	-0.0270464	-0.0584	-0.0751715	-0.0834365	-0.0872097	-0.0888222	-0.0895172	-0.0899423	-0.0904127	-0.0911743	-0.0923698	-0.09421	-0.0968584	-0.100496	-0.105299	-0.111309	-0.118525	-0.126724	-0.135402	-0.143946	-0.151332	
-0.667597	-0.667597	-0.680257	-0.701507	-0.725377	-0.745076	-0.752406	-0.737352	-0.689214	-0.601092	-0.475878	-0.324458	-0.155172	0.0301563	0.226444	0.416839	0.579892	0.704091	0.790545	0.841428	0.850455	0.806898	0.708021	0.566688	0.407665	0.257055	0.132967	0.0421957	-0.0176015	-0.0534958	-0.0733364	-0.0836105	-0.0887557	-0.0914835	-0.0932563	-0.0948589	-0.0966715	-0.0989337	-0.101791	-0.105364	-0.10975	-0.114985	-0.121064	-0.127855	-0.135091	-0.142363	-0.14904	-0.154422	-0.157764	-0.158454	
-0.869657	-0.869657	-0.863391	-0.850053	-0.828144	-0.794552	-0.743712	-0.669122	-0.567396	-0.441269	-0.297113	-0.138681	0.0340741	0.217111	0.395697	0.550505	0.670242	0.755018	0.807057	0.82118	0.786823	0.699137	0.567463	0.413826	0.263695	0.136456	0.0409445	-0.0234936	-0.0630225	-0.0853404	-0.0971662	-0.103318	-0.106801	-0.109298	-0.111672	-0.114346	-0.117504	-0.121233	-0.125533	-0.130359	-0.135584	-0.141004	-0.146317	-0.151112	-0.154915	-0.157211	-0.157562	-0.155765	-0.151972	-0.146947	
-1.04789	-1.04789	-1.0278	-0.98676	-0.922978	-0.834534	-0.721144	-0.585809	-0.434617	-0.273706	-0.105586	0.0697952	0.248351	0.417514	0.561478	0.67124	0.747518	0.792999	0.803722	0.770014	0.686125	0.558882	0.407719	0.256898	0.126269	0.0260702	-0.0429308	-0.0860335	-0.11069	-0.12378	-0.130435	-0.133947	-0.136192	-0.138123	-0.140167	-0.142463	-0.145005	-0.147696	-0.150375	-0.152827	-0.15479	-0.155976	-0.156097	-0.154925	-0.152363	-0.148528	-0.143874	-0.139252	-0.135967	-0.135752	
-1.17815	-1.17815	-1.14277	-1.07266	-0.969364	-0.836259	-0.679111	-0.505114	-0.320437	-0.128712	0.0669902	0.259611	0.436304	0.583368	0.693854	0.769131	0.81218	0.820172	0.784917	0.701129	0.574551	0.422865	0.269216	0.133572	0.0272248	-0.0477998	-0.0958917	-0.124118	-0.13939	-0.147068	-0.150711	-0.152403	-0.153229	-0.153686	-0.153945	-0.154013	-0.153815	-0.153235	-0.152149	-0.150446	-0.14806	-0.145009	-0.141438	-0.137671	-0.134249	-0.131963	-0.131853	-0.135154	-0.143223	-0.157377	
-1.21917	-1.21917	-1.17229	-1.0819	-0.954131	-0.796635	-0.616937	-0.421139	-0.214149	-0.00199696	0.205417	0.394581	0.553067	0.674937	0.761054	0.813306	0.828699	0.799931	0.722457	0.601669	0.454073	0.30179	0.164668	0.0547723	-0.0247019	-0.0771166	-0.108919	-0.1268	-0.136158	-0.140696	-0.142656	-0.143257	-0.143102	-0.142458	-0.14143	-0.140057	-0.138366	-0.136401	-0.134251	-0.132076	-0.130124	-0.128757	-0.128467	-0.129877	-0.133734	-0.140878	-0.152191	-0.168527	-0.190626	-0.219019	
-1.13472	-1.13472	-1.08892	-0.999979	-0.872653	-0.71283	-0.526899	-0.322178	-0.108236	0.102398	0.295904	0.461143	0.592949	0.691238	0.756092	0.783498	0.766413	0.700882	0.592121	0.455528	0.311937	0.180518	0.073538	-0.00502436	-0.0576272	-0.0900248	-0.108523	-0.118385	-0.123315	-0.125609	-0.126554	-0.126814	-0.126716	-0.126437	-0.126095	-0.125809	-0.125723	-0.126032	-0.126984	-0.1289	-0.132173	-0.137273	-0.144739	-0.155162	-0.169159	-0.187341	-0.210255	-0.238331	-0.271793	-0.310569	
-0.93271	-0.93271	-0.893819	-0.816681	-0.703095	-0.5569	-0.384938	-0.197544	-0.00773085	0.171321	0.329523	0.461631	0.565708	0.639256	0.676592	0.670495	0.617499	0.522758	0.400626	0.270412	0.150095	0.0515308	-0.0210135	-0.0693756	-0.0987053	-0.114893	-0.122985	-0.126606	-0.128041	-0.128582	-0.128901	-0.129336	-0.130073	-0.131245	-0.132989	-0.135471	-0.138899	-0.143529	-0.149672	-0.157688	-0.167984	-0.181006	-0.197213	-0.217056	-0.240933	-0.269135	-0.301778	-0.338709	-0.379404	-0.42286	
-0.63728	-0.63728	-0.60269	-0.535058	-0.437911	-0.317256	-0.181576	-0.0407975	0.0956501	0.220699	0.330028	0.420344	0.486786	0.521934	0.518124	0.472064	0.38858	0.280668	0.165646	0.0596624	-0.0265281	-0.0889468	-0.12919	-0.151983	-0.162845	-0.166583	-0.1667	-0.165423	-0.164017	-0.16313	-0.163078	-0.164021	-0.166069	-0.169335	-0.173961	-0.180126	-0.18805	-0.197991	-0.210235	-0.225088	-0.242851	-0.2638	-0.288142	-0.315975	-0.347223	-0.381573	-0.418402	-0.456711	-0.495082	-0.531659	
-0.254957	-0.254957	-0.227387	-0.175528	-0.10532	-0.0242044	0.0603847	0.142407	0.217825	0.283895	0.337369	0.372849	0.382945	0.360884	0.304392	0.218396	0.114622	0.00813533	-0.0872932	-0.162707	-0.215108	-0.24641	-0.261309	-0.265198	-0.262795	-0.257574	-0.251774	-0.246673	-0.24293	-0.240847	-0.240559	-0.242135	-0.245636	-0.25114	-0.258746	-0.268575	-0.280764	-0.295446	-0.312739	-0.332718	-0.355386	-0.38064	-0.408229	-0.437716	-0.468435	-0.499463	-0.5296	-0.557385	-0.581126	-0.598983	
0.198632	0.198632	0.210457	0.231973	0.259627	0.289528	0.318336	0.343409	0.362076	0.37048	0.363	0.333184	0.27625	0.192015	0.0864849	-0.0290584	-0.141207	-0.238267	-0.313049	-0.363678	-0.392598	-0.404684	-0.405394	-0.399525	-0.390683	-0.381263	-0.372699	-0.365772	-0.360874	-0.35818	-0.357767	-0.359665	-0.363889	-0.370446	-0.379337	-0.390546	-0.404029	-0.419699	-0.437405	-0.456911	-0.477874	-0.499822	-0.522134	-0.544025	-0.564548	-0.582601	-0.596944	-0.606242	-0.609106	-0.604136	
0.670143	0.670143	0.664222	0.65284	0.636746	0.61658	0.592203	0.561934	0.522107	0.467501	0.392916	0.295538	0.177076	0.0444768	-0.0913653	-0.218456	-0.326847	-0.410793	-0.469251	-0.504949	-0.522723	-0.527915	-0.525271	-0.518447	-0.509977	-0.501473	-0.493898	-0.487797	-0.483471	-0.481075	-0.480682	-0.48231	-0.485938	-0.491506	-0.498914	-0.508018	-0.518615	-0.530438	-0.543145	-0.556304	-0.569389	-0.581767	-0.592704	-0.601356	-0.606785	-0.607964	-0.60379	-0.593106	-0.574708	-0.547376	
1.09702	1.09702	1.08081	1.04941	1.00431	0.946565	0.875935	0.79066	0.688069	0.566067	0.424972	0.268866	0.105687	-0.0541667	-0.200221	-0.324343	-0.422259	-0.493752	-0.541773	-0.571003	-0.586503	-0.592784	-0.59338	-0.590817	-0.586778	-0.582338	-0.57817	-0.574691	-0.572159	-0.570728	-0.570477	-0.571421	-0.573519	-0.576676	-0.580739	-0.585495	-0.590665	-0.5959	-0.600776	-0.604788	-0.607347	-0.607774	-0.605305	-0.599087	-0.588184	-0.571587	-0.548228	-0.517012	-0.476855	-0.426753	
1.44811	1.44811	1.42788	1.38703	1.32475	1.23981	1.13087	0.997308	0.840227	0.663487	0.474091	0.281609	0.0966604	-0.0710893	-0.214699	-0.330902	-0.420019	-0.485057	-0.530455	-0.56093	-0.580702	-0.593126	-0.600663	-0.605021	-0.607349	-0.608418	-0.608752	-0.608709	-0.608535	-0.608388	-0.60835	-0.608438	-0.608602	-0.608725	-0.608624	-0.608049	-0.606675	-0.604102	-0.599853	-0.59337	-0.584014	-0.571067	-0.553741	-0.531186	-0.502517	-0.466842	-0.423314	-0.37119	-0.309916	-0.23922	
1.71679	1.71679	1.6912	1.63899	1.55852	1.44849	1.30894	1.14234	0.954098	0.752451	0.54753	0.349803	0.168354	0.00953714	-0.123639	-0.231293	-0.315852	-0.380994	-0.430686	-0.46854	-0.497499	-0.519792	-0.537032	-0.550371	-0.560634	-0.568427	-0.574203	-0.578301	-0.580969	-0.582373	-0.582603	-0.581675	-0.579532	-0.576042	-0.571001	-0.564131	-0.555082	-0.543429	-0.528681	-0.510286	-0.487639	-0.460101	-0.427023	-0.387777	-0.341797	-0.288631	-0.227998	-0.159849	-0.0844261	-0.00230863	
1.88609	1.88609	1.85198	1.78401	1.68303	1.55122	1.39263	1.21349	1.02189	0.826968	0.637687	0.46157	0.303801	0.166889	0.0509184	-0.0457877	-0.125854	-0.192142	-0.247265	-0.293366	-0.332082	-0.36462	-0.391871	-0.414508	-0.433059	-0.447952	-0.459539	-0.468101	-0.473855	-0.47695	-0.477469	-0.475425	-0.470765	-0.463366	-0.453042	-0.439545	-0.422574	-0.40178	-0.376784	-0.347188	-0.312598	-0.272651	-0.227047	-0.175578	-0.118171	-0.0549165	0.0138955	0.0877593	0.165947	0.24752	
1.92116	1.92116	1.88155	1.80445	1.69404	1.55638	1.39904	1.23046	1.05909	0.892504	0.736575	0.595062	0.469572	0.359919	0.264707	0.181968	0.109681	0.0460927	-0.0101442	-0.0599852	-0.104075	-0.142852	-0.17663	-0.205661	-0.230166	-0.250347	-0.266386	-0.278445	-0.286653	-0.291103	-0.291849	-0.288899	-0.282217	-0.271726	-0.25731	-0.238824	-0.2161	-0.188961	-0.157239	-0.120789	-0.0795106	-0.0333673	0.0175897	0.0732049	0.133202	0.197174	0.264581	0.334752	0.406896	0.480112	
1.79892	1.79892	1.76313	1.69437	1.59791	1.4808	1.35091	1.21599	1.08277	0.956335	0.839833	0.734588	0.640468	0.556414	0.480965	0.41267	0.350338	0.293132	0.240548	0.192338	0.148419	0.108793	0.0734901	0.0425399	0.0159535	-0.0062768	-0.0241738	-0.0377682	-0.0470917	-0.05217	-0.0530186	-0.0496402	-0.0420238	-0.0301471	-0.0139801	0.00650804	0.0313416	0.0605277	0.0940459	0.131836	0.173786	0.219723	0.269398	0.322486	0.37857	0.437144	0.497601	0.559224	0.621176	0.682471	
1.53801	1.53801	1.51507	1.4712	1.41007	1.33641	1.25525	1.17125	1.08814	1.00843	0.933456	0.863556	0.798419	0.737431	0.67995	0.625479	0.573737	0.524652	0.478307	0.434887	0.394616	0.357722	0.324413	0.294864	0.269216	0.247574	0.230017	0.216599	0.207354	0.202305	0.201463	0.204829	0.212396	0.224148	0.240055	0.26007	0.284125	0.312122	0.34393	0.379373	0.418223	0.460193	0.504926	0.551982	0.600826	0.650813	0.701166	0.750953	0.799064	0.844186	
1.19777	1.19777	1.1908	1.17741	1.1586	1.13555	1.10943	1.08115	1.05129	1.02011	0.98761	0.953698	0.918322	0.881552	0.843629	0.804948	0.766019	0.72741	0.689695	0.653421	0.619078	0.587094	0.557827	0.531575	0.508578	0.489025	0.473065	0.460808	0.452335	0.447698	0.446925	0.450019	0.456964	0.467715	0.482206	0.500338	0.521977	0.546952	0.575039	0.605961	0.639373	0.674849	0.711871	0.749811	0.787917	0.825293	0.860892	0.893503	0.921756	0.944145	
0.850671	0.850671	0.856421	0.867373	0.882486	0.900319	0.919173	0.937266	0.952914	0.964693	0.971569	0.972956	0.968724	0.959141	0.944789	0.926453	0.905032	0.881447	0.856589	0.831279	0.806245	0.782119	0.759439	0.738654	0.72013	0.704167	0.691	0.680807	0.673722	0.669831	0.669181	0.67178	0.677597	0.68656	0.698557	0.713428	0.73096	0.750881	0.772851	0.796455	0.821186	0.846442	0.871512	0.89557	0.91767	0.936754	0.951662	0.96116	0.963988	0.958921	
0.552742	0.552742	0.564978	0.588506	0.621549	0.661709	0.706229	0.752287	0.797255	0.838908	0.875557	0.906092	0.929965	0.947113	0.957861	0.962809	0.962733	0.958497	0.95099	0.941074	0.929558	0.917177	0.904583	0.892342	0.880936	0.870766	0.862159	0.85537	0.850588	0.847941	0.847498	0.84927	0.853211	0.859218	0.867127	0.876708	0.887666	0.899628	0.912147	0.924689	0.936634	0.947278	0.955833	0.961438	0.963178	0.960113	0.951314	0.935918	0.913184	0.882572	
0.329964	0.329964	0.343069	0.368467	0.404624	0.44945	0.500513	0.555265	0.61125	0.666277	0.718527	0.766614	0.809591	0.846919	0.878414	0.904178	0.924535	0.939967	0.951052	0.958426	0.962738	0.964625	0.964687	0.963477	0.961485	0.959138	0.956793	0.954739	0.953192	0.952303	0.952153	0.952755	0.954055	0.955932	0.958194	0.960582	0.962767	0.964349	0.964863	0.963779	0.960515	0.954445	0.944919	0.931287	0.912928	0.889294	0.859946	0.824606	0.783202	0.735914	
0.181789	0.181789	0.192523	0.213502	0.243799	0.28212	0.326919	0.376505	0.429163	0.483247	0.537257	0.589898	0.640105	0.68706	0.730184	0.769119	0.803708	0.83396	0.860022	0.882141	0.900636	0.915871	0.928227	0.938085	0.945806	0.951719	0.956115	0.959232	0.961258	0.962324	0.9625	0.961799	0.960173	0.957514	0.95366	0.948389	0.941432	0.932474	0.921166	0.907132	0.889988	0.869362	0.844912	0.816355	0.783497	0.746262	0.704719	0.659111	0.609869	0.557622	
0.0929125	0.0929125	0.100333	0.114973	0.13644	0.164168	0.197439	0.235419	0.277188	0.321779	0.368215	0.415542	0.462867	0.509377	0.554369	0.597257	0.63758	0.674997	0.709286	0.740323	0.768075	0.792573	0.813904	0.832187	0.847562	0.860172	0.870156	0.877637	0.882715	0.885462	0.88592	0.884094	0.879958	0.873451	0.864485	0.852944	0.838695	0.821594	0.8015	0.778283	0.75184	0.722117	0.689119	0.652929	0.613728	0.571806	0.527567	0.481537	0.434353	0.386746	
0.0444777	0.0444777	0.0490331	0.058113	0.07165	0.0895284	0.111571	0.137528	0.167069	0.199779	0.235172	0.272694	0.311751	0.351726	0.392003	0.431991	0.471136	0.508941	0.54497	0.578856	0.610297	0.639055	0.664948	0.687844	0.707652	0.724312	0.73779	0.748066	0.755133	0.758989	0.759632	0.757063	0.751282	0.74229	0.730092	0.714703	0.696149	0.674479	0.649771	0.62214	0.591746	0.558803	0.523589	0.486443	0.447774	0.408054	0.367813	0.327626	0.288094	0.24982	
0.0207226	0.0207226	0.0233735	0.0287192	0.0368373	0.0478222	0.0617615	0.0787118	0.0986755	0.121583	0.147282	0.175533	0.206013	0.238328	0.272024	0.306609	0.341565	0.376375	0.41053	0.443546	0.474976	0.504414	0.531501	0.555925	0.577423	0.595775	0.610807	0.622382	0.630399	0.634793	0.635526	0.632594	0.626019	0.615857	0.602193	0.585149	0.564885	0.541601	0.515543	0.487003	0.456321	0.423886	0.390128	0.355518	0.320555	0.285756	0.25164	0.218709	0.187433	0.158225	
0.0113068	0.0113068	0.0130463	0.0165918	0.0220673	0.0296369	0.0394828	0.0517791	0.066666	0.0842272	0.104472	0.127322	0.152608	0.180072	0.209374	0.240105	0.271801	0.303964	0.336079	0.367627	0.398105	0.427033	0.453971	0.478517	0.500322	0.519082	0.534546	0.546515	0.554835	0.559405	0.560168	0.557116	0.550284	0.539758	0.525669	0.508198	0.487576	0.464085	0.438056	0.409871	0.379955	0.348773	0.316821	0.284612	0.252666	0.22149	0.191562	0.163316	0.137118	0.113261	
0.0113068	0.0113068	0.0130463	0.0165918	0.0220673	0.0296369	0.0394828	0.0517791	0.066666	0.0842272	0.104472	0.127322	0.152608	0.180072	0.209374	0.240105	0.271801	0.303964	0.336079	0.367627	0.398105	0.427033	0.453971	0.478517	0.500322	0.519082	0.534546	0.546515	0.554835	0.559405	0.560168	0.557116	0.550284	0.539758	0.525669	0.508198	0.487576	0.464085	0.438056	0.409871	0.379955	0.348773	0.316821	0.284612	0.252666	0.22149	0.191562	0.163316	0.137118	0.113261	
