-0.423763	-0.440946	-0.392638	-0.281744	-0.129266	0.055978	0.24465	0.413275	0.540724	0.620969	0.638328	0.601761	0.519705	0.422608	0.326284	0.22594	0.130194	0.0384584	-0.0398736	-0.0873196	-0.109584	-0.106557	-0.0696467	-0.0120714	0.0803728	0.184437	0.268473	0.328297	0.363138	0.37053	0.352371	0.311055	0.233495	0.129538	0.0298731	-0.0280381	-0.0214494	0.0739427	0.254165	0.471973	0.692358	0.863486	0.939168	0.921002	0.819048	0.667517	0.513801	0.385625	0.315872	0.315872	
-0.440946	-0.488278	-0.470596	-0.392773	-0.262355	-0.0990889	0.082107	0.26261	0.418775	0.521979	0.558732	0.538262	0.478741	0.402295	0.326211	0.245947	0.15584	0.0673431	-0.00489712	-0.0553021	-0.0794905	-0.0803555	-0.0567866	-0.00212038	0.0887051	0.192355	0.286863	0.364503	0.414076	0.44131	0.436572	0.396216	0.318175	0.208067	0.109342	0.0463675	0.0461864	0.134742	0.297447	0.509509	0.734367	0.920358	1.02382	1.0353	0.959907	0.823888	0.679669	0.56006	0.491886	0.491886	
-0.392638	-0.470596	-0.492387	-0.447353	-0.338926	-0.19418	-0.0210218	0.165386	0.332381	0.452818	0.50836	0.508264	0.47072	0.417079	0.362004	0.298842	0.225604	0.147846	0.0846743	0.0423933	0.0165538	0.00589915	0.0141859	0.0540218	0.128798	0.228676	0.328836	0.414287	0.478228	0.513609	0.511214	0.472801	0.395841	0.28484	0.185794	0.11603	0.100677	0.176068	0.321112	0.519011	0.740819	0.927343	1.0413	1.06987	1.01642	0.903168	0.775338	0.671159	0.609955	0.609955	
-0.281744	-0.392773	-0.447353	-0.431296	-0.344628	-0.220009	-0.0625392	0.117243	0.283577	0.410758	0.482138	0.502851	0.487536	0.455139	0.420149	0.375275	0.313298	0.248506	0.197745	0.166664	0.145674	0.129279	0.122606	0.144371	0.202994	0.289589	0.38895	0.475135	0.540529	0.578335	0.578312	0.539777	0.460495	0.350817	0.241791	0.160972	0.129597	0.179603	0.307457	0.489688	0.699619	0.884932	1.00661	1.04373	1.00607	0.916823	0.80938	0.723176	0.667278	0.667278	
-0.129266	-0.262355	-0.338926	-0.344628	-0.282968	-0.179778	-0.0461063	0.107871	0.267582	0.399165	0.482532	0.520494	0.526154	0.506643	0.486014	0.452194	0.398146	0.34649	0.311105	0.293603	0.278603	0.257278	0.239106	0.246752	0.289645	0.361531	0.453146	0.532692	0.591148	0.632908	0.632508	0.586845	0.505097	0.391836	0.26793	0.174301	0.132092	0.153309	0.255806	0.418012	0.610008	0.792697	0.921123	0.978341	0.96121	0.889475	0.798471	0.71774	0.6703	0.6703	
0.055978	-0.0990889	-0.19418	-0.220009	-0.179778	-0.0994552	0.00979553	0.143177	0.289797	0.413753	0.504071	0.555872	0.569963	0.566421	0.551385	0.51804	0.471629	0.430585	0.405809	0.398349	0.386247	0.360631	0.342439	0.339389	0.369913	0.427809	0.50032	0.572684	0.630878	0.672393	0.670051	0.617531	0.519188	0.390317	0.255861	0.149271	0.0945026	0.0981067	0.180278	0.323015	0.497584	0.677757	0.81489	0.887644	0.88981	0.832109	0.749334	0.672313	0.629118	0.629118	
0.24465	0.082107	-0.0210218	-0.0625392	-0.0461063	0.00979553	0.0915937	0.199037	0.32183	0.436687	0.525825	0.585639	0.611475	0.615238	0.600725	0.566536	0.523143	0.485653	0.46518	0.458065	0.447655	0.427744	0.412696	0.409681	0.429792	0.47534	0.537761	0.603035	0.660562	0.69335	0.677889	0.607352	0.494985	0.358008	0.21712	0.104751	0.0343795	0.021982	0.082856	0.210252	0.378527	0.555378	0.699169	0.772824	0.785564	0.748305	0.680519	0.61892	0.579299	0.579299	
0.413275	0.26261	0.165386	0.117243	0.107871	0.143177	0.199037	0.271124	0.358218	0.44797	0.524225	0.583752	0.620305	0.635166	0.627294	0.594345	0.553153	0.510746	0.483613	0.473213	0.464499	0.452119	0.444401	0.442998	0.458982	0.498491	0.551742	0.609364	0.659728	0.679966	0.653519	0.574749	0.458657	0.319659	0.174976	0.0581036	-0.0265396	-0.0594181	-0.0186258	0.090031	0.243049	0.409487	0.553585	0.63995	0.67019	0.653917	0.61232	0.574415	0.549898	0.549898	
0.540724	0.418775	0.332381	0.283577	0.267582	0.289797	0.32183	0.358218	0.403099	0.454652	0.504813	0.551384	0.590413	0.61319	0.61424	0.588329	0.549677	0.510412	0.483541	0.472133	0.460732	0.445916	0.431261	0.425271	0.442787	0.47662	0.526316	0.57955	0.623788	0.639537	0.613141	0.539948	0.424163	0.287178	0.144299	0.0160303	-0.0834115	-0.128504	-0.112178	-0.033297	0.100354	0.251271	0.39168	0.495958	0.554151	0.569412	0.558213	0.542259	0.529587	0.529587	
0.620969	0.521979	0.452818	0.410758	0.399165	0.413753	0.436687	0.44797	0.454652	0.469265	0.481661	0.504441	0.536848	0.56037	0.563248	0.544659	0.51342	0.487783	0.473016	0.460705	0.440265	0.411322	0.383189	0.371882	0.387351	0.416468	0.461599	0.516334	0.565236	0.591308	0.575439	0.507713	0.396733	0.256467	0.11342	-0.0170294	-0.128759	-0.190381	-0.20004	-0.148285	-0.0368676	0.102006	0.243206	0.358148	0.440941	0.490073	0.51273	0.522436	0.521054	0.521054	
0.638328	0.558732	0.50836	0.482138	0.482532	0.504071	0.525825	0.524225	0.504813	0.481661	0.45862	0.457435	0.479262	0.497604	0.499563	0.482037	0.461155	0.447322	0.434597	0.418538	0.387453	0.350967	0.324803	0.314792	0.323973	0.345834	0.381582	0.43735	0.49534	0.533571	0.531865	0.473322	0.370179	0.236531	0.0956258	-0.0436651	-0.168382	-0.253618	-0.287382	-0.253637	-0.161066	-0.0290386	0.110522	0.238631	0.344053	0.417614	0.474913	0.513068	0.532443	0.532443	
0.601761	0.538262	0.508264	0.502851	0.520494	0.555872	0.585639	0.583752	0.551384	0.504441	0.457435	0.439468	0.441512	0.441917	0.430564	0.410696	0.394666	0.387806	0.374902	0.353763	0.318428	0.28167	0.256975	0.245995	0.253556	0.272197	0.309323	0.368609	0.427831	0.470978	0.479041	0.433095	0.346985	0.22711	0.0848625	-0.0655304	-0.206502	-0.312934	-0.364133	-0.348153	-0.269764	-0.14624	-0.0109958	0.131195	0.258796	0.362743	0.458161	0.521923	0.557823	0.557823	
0.519705	0.478741	0.47072	0.487536	0.526154	0.569963	0.611475	0.620305	0.590413	0.536848	0.479262	0.441512	0.417782	0.395673	0.372258	0.354389	0.336431	0.328211	0.314063	0.290323	0.257509	0.222704	0.195309	0.182201	0.187222	0.203357	0.239523	0.293249	0.347357	0.393509	0.410679	0.381221	0.315802	0.209403	0.0748888	-0.074428	-0.224693	-0.345207	-0.413844	-0.416959	-0.358549	-0.246353	-0.111451	0.0335369	0.184601	0.324391	0.447889	0.537242	0.585791	0.585791	
0.422608	0.402295	0.417079	0.455139	0.506643	0.566421	0.615238	0.635166	0.61319	0.56037	0.497604	0.441917	0.395673	0.361725	0.334584	0.312203	0.295626	0.281955	0.270803	0.251507	0.21952	0.178539	0.148663	0.135632	0.132315	0.146685	0.169728	0.203425	0.248824	0.295215	0.322049	0.314282	0.273422	0.188291	0.0680248	-0.0725068	-0.217272	-0.345388	-0.426225	-0.445442	-0.412052	-0.321301	-0.195069	-0.0450619	0.120216	0.280319	0.429143	0.544444	0.609629	0.609629	
0.326284	0.326211	0.362004	0.420149	0.486014	0.551385	0.600725	0.627294	0.61424	0.563248	0.499563	0.430564	0.372258	0.334584	0.303824	0.280854	0.264645	0.256849	0.254461	0.236934	0.200762	0.156759	0.122095	0.106828	0.0975542	0.0969718	0.104639	0.117853	0.151332	0.192892	0.225877	0.238033	0.220736	0.165091	0.0666466	-0.0582308	-0.197637	-0.327334	-0.414982	-0.449137	-0.43019	-0.360151	-0.249194	-0.110329	0.0557466	0.234793	0.404069	0.540789	0.612748	0.612748	
0.22594	0.245947	0.298842	0.375275	0.452194	0.51804	0.566536	0.594345	0.588329	0.544659	0.482037	0.410696	0.354389	0.312203	0.280854	0.264851	0.255895	0.258843	0.263253	0.241728	0.204289	0.16356	0.124294	0.104707	0.0846017	0.0650022	0.0578711	0.05187	0.0679911	0.100449	0.132916	0.159076	0.166133	0.137054	0.0618927	-0.046081	-0.179905	-0.306517	-0.396738	-0.44196	-0.435572	-0.384045	-0.288143	-0.159954	0.0074276	0.198833	0.376485	0.527279	0.610934	0.610934	
0.130194	0.15584	0.225604	0.313298	0.398146	0.471629	0.523143	0.553153	0.549677	0.51342	0.461155	0.394666	0.336431	0.295626	0.264645	0.255895	0.264465	0.273589	0.278662	0.262253	0.232096	0.192793	0.155973	0.128936	0.0972306	0.0712531	0.0464313	0.0220557	0.0203727	0.0365275	0.0635206	0.0984043	0.116313	0.0989846	0.0357866	-0.0679145	-0.191196	-0.311495	-0.399755	-0.443714	-0.446554	-0.405154	-0.316619	-0.188866	-0.0202233	0.17576	0.36736	0.527235	0.614675	0.614675	
0.0384584	0.0673431	0.147846	0.248506	0.34649	0.430585	0.485653	0.510746	0.510412	0.487783	0.447322	0.387806	0.328211	0.281955	0.256849	0.258843	0.273589	0.289084	0.299139	0.293481	0.273719	0.242507	0.204351	0.174168	0.142618	0.107018	0.0681857	0.030065	0.00610652	0.00197333	0.0222913	0.0525543	0.0710783	0.0586405	-0.00186552	-0.106447	-0.228626	-0.344702	-0.432029	-0.474226	-0.476104	-0.437135	-0.35045	-0.216146	-0.0361689	0.17446	0.383471	0.552837	0.64657	0.64657	
-0.0398736	-0.00489712	0.0846743	0.197745	0.311105	0.405809	0.46518	0.483613	0.483541	0.473016	0.434597	0.374902	0.314063	0.270803	0.254461	0.263253	0.278662	0.299139	0.31636	0.32374	0.316792	0.297947	0.269975	0.244076	0.213544	0.166522	0.110932	0.0569029	0.0113985	-0.00952927	0.00319238	0.0255557	0.0409783	0.0262017	-0.0370111	-0.142892	-0.268923	-0.387494	-0.477963	-0.52714	-0.530402	-0.485978	-0.393927	-0.245795	-0.0478223	0.183002	0.412478	0.594314	0.702254	0.702254	
-0.0873196	-0.0553021	0.0423933	0.166664	0.293603	0.398349	0.458065	0.473213	0.472133	0.460705	0.418538	0.353763	0.290323	0.251507	0.236934	0.241728	0.262253	0.293481	0.32374	0.34698	0.357017	0.35305	0.342494	0.323663	0.293471	0.244978	0.175444	0.108926	0.0470742	0.00956954	0.0098281	0.0235795	0.0314015	0.010895	-0.0551796	-0.172793	-0.303823	-0.43054	-0.530735	-0.579479	-0.587439	-0.543364	-0.444225	-0.280079	-0.0631684	0.18598	0.439957	0.637098	0.75048	0.75048	
-0.109584	-0.0794905	0.0165538	0.145674	0.278603	0.386247	0.447655	0.464499	0.460732	0.440265	0.387453	0.318428	0.257509	0.21952	0.200762	0.204289	0.232096	0.273719	0.316792	0.357017	0.388423	0.409824	0.421382	0.417035	0.393661	0.343736	0.26628	0.187756	0.113249	0.0610178	0.0449782	0.0441362	0.0405045	0.0115262	-0.0628907	-0.187456	-0.32739	-0.461908	-0.569817	-0.629063	-0.641689	-0.598026	-0.492507	-0.316033	-0.0842623	0.182339	0.44936	0.656144	0.775611	0.775611	
-0.106557	-0.0803555	0.00589915	0.129279	0.257278	0.360631	0.427744	0.452119	0.445916	0.411322	0.350967	0.28167	0.222704	0.178539	0.156759	0.16356	0.192793	0.242507	0.297947	0.35305	0.409824	0.463499	0.499751	0.52035	0.512252	0.462607	0.38723	0.302472	0.218307	0.150504	0.11239	0.0902059	0.0660953	0.0205226	-0.0688596	-0.198299	-0.345927	-0.486057	-0.598301	-0.6684	-0.683081	-0.64094	-0.531711	-0.349786	-0.107159	0.172432	0.438684	0.647928	0.767152	0.767152	
-0.0696467	-0.0567866	0.0141859	0.122606	0.239106	0.342439	0.412696	0.444401	0.431261	0.383189	0.324803	0.256975	0.195309	0.148663	0.122095	0.124294	0.155973	0.204351	0.269975	0.342494	0.421382	0.499751	0.569873	0.618979	0.625921	0.59547	0.530957	0.443326	0.353202	0.270559	0.206564	0.164264	0.113488	0.0419399	-0.0658862	-0.2096	-0.36022	-0.503907	-0.617609	-0.687508	-0.708095	-0.670596	-0.556157	-0.36891	-0.127727	0.147201	0.408587	0.614563	0.726047	0.726047	
-0.0120714	-0.00212038	0.0540218	0.144371	0.246752	0.339389	0.409681	0.442998	0.425271	0.371882	0.314792	0.245995	0.182201	0.135632	0.106828	0.104707	0.128936	0.174168	0.244076	0.323663	0.417035	0.52035	0.618979	0.694618	0.72371	0.713332	0.663795	0.579975	0.492218	0.406781	0.327144	0.260253	0.181176	0.0842511	-0.0381514	-0.185188	-0.342281	-0.492198	-0.613992	-0.693492	-0.716086	-0.678499	-0.563894	-0.385423	-0.152469	0.112765	0.355154	0.551239	0.656597	0.656597	
0.0803728	0.0887051	0.128798	0.202994	0.289645	0.369913	0.429792	0.458982	0.442787	0.387351	0.323973	0.253556	0.187222	0.132315	0.0975542	0.0846017	0.0972306	0.142618	0.213544	0.293471	0.393661	0.512252	0.625921	0.72371	0.781531	0.793697	0.769195	0.710112	0.641512	0.565811	0.478616	0.387573	0.28477	0.170807	0.0328014	-0.123594	-0.289829	-0.447755	-0.575107	-0.66527	-0.697695	-0.66903	-0.566357	-0.3992	-0.180422	0.0657749	0.285391	0.457886	0.5503	0.5503	
0.184437	0.192355	0.228676	0.289589	0.361531	0.427809	0.47534	0.498491	0.47662	0.416468	0.345834	0.272197	0.203357	0.146685	0.0969718	0.0650022	0.0712531	0.107018	0.166522	0.244978	0.343736	0.462607	0.59547	0.713332	0.793697	0.837646	0.842871	0.82219	0.789497	0.733016	0.64957	0.556287	0.445392	0.314519	0.159518	-0.0127807	-0.185974	-0.354473	-0.497113	-0.603579	-0.660967	-0.653114	-0.568626	-0.413515	-0.213886	0.00255464	0.198906	0.345563	0.422643	0.422643	
0.268473	0.286863	0.328836	0.38895	0.453146	0.50032	0.537761	0.551742	0.526316	0.461599	0.381582	0.309323	0.239523	0.169728	0.104639	0.0578711	0.0464313	0.0681857	0.110932	0.175444	0.26628	0.38723	0.530957	0.663795	0.769195	0.842871	0.889828	0.924129	0.9301	0.904207	0.847634	0.762568	0.648146	0.502083	0.337481	0.15595	-0.0332409	-0.220236	-0.391157	-0.525475	-0.608157	-0.618912	-0.554761	-0.425563	-0.251218	-0.0662696	0.0999422	0.22432	0.290751	0.290751	
0.328297	0.364503	0.414287	0.475135	0.532692	0.572684	0.603035	0.609364	0.57955	0.516334	0.43735	0.368609	0.293249	0.203425	0.117853	0.05187	0.0220557	0.030065	0.0569029	0.108926	0.187756	0.302472	0.443326	0.579975	0.710112	0.82219	0.924129	1.01311	1.06517	1.0828	1.05826	0.982207	0.861669	0.710761	0.53955	0.347942	0.143183	-0.062105	-0.255503	-0.420171	-0.524531	-0.556001	-0.520797	-0.416462	-0.275414	-0.125428	0.0126943	0.105801	0.156343	0.156343	
0.363138	0.414076	0.478228	0.540529	0.591148	0.630878	0.660562	0.659728	0.623788	0.565236	0.49534	0.427831	0.347357	0.248824	0.151332	0.0679911	0.0203727	0.00610652	0.0113985	0.0470742	0.113249	0.218307	0.353202	0.492218	0.641512	0.789497	0.9301	1.06517	1.17346	1.23916	1.24374	1.18117	1.06696	0.917047	0.742175	0.543334	0.329971	0.114315	-0.0943489	-0.27518	-0.403783	-0.467069	-0.458723	-0.377385	-0.263992	-0.152268	-0.0532223	0.00971347	0.0408551	0.0408551	
0.37053	0.44131	0.513609	0.578335	0.632908	0.672393	0.69335	0.679966	0.639537	0.591308	0.533571	0.470978	0.393509	0.295215	0.192892	0.100449	0.0365275	0.00197333	-0.00952927	0.00956954	0.0610178	0.150504	0.270559	0.406781	0.565811	0.733016	0.904207	1.0828	1.23916	1.33973	1.36886	1.33047	1.23598	1.09397	0.923075	0.72767	0.514685	0.302804	0.0875749	-0.106762	-0.250572	-0.330821	-0.339644	-0.293197	-0.21576	-0.138633	-0.0796582	-0.0439362	-0.0314314	-0.0314314	
0.352371	0.436572	0.511214	0.578312	0.632508	0.670051	0.677889	0.653519	0.613141	0.575439	0.531865	0.479041	0.410679	0.322049	0.225877	0.132916	0.0635206	0.0222913	0.00319238	0.0098281	0.0449782	0.11239	0.206564	0.327144	0.478616	0.64957	0.847634	1.05826	1.24374	1.36886	1.42597	1.41687	1.34058	1.21105	1.05316	0.879359	0.683473	0.483913	0.277647	0.0846216	-0.0563017	-0.143285	-0.169652	-0.149044	-0.108761	-0.0714559	-0.0498692	-0.0424761	-0.0439883	-0.0439883	
0.311055	0.396216	0.472801	0.539777	0.586845	0.617531	0.607352	0.574749	0.539948	0.507713	0.473322	0.433095	0.381221	0.314282	0.238033	0.159076	0.0984043	0.0525543	0.0255557	0.0235795	0.0441362	0.0902059	0.164264	0.260253	0.387573	0.556287	0.762568	0.982207	1.18117	1.33047	1.41687	1.42831	1.36821	1.26221	1.13064	0.983991	0.817818	0.640162	0.460058	0.292775	0.158354	0.0717836	0.0392826	0.0446891	0.0628296	0.0677567	0.0561001	0.0363702	0.0194815	0.0194815	
0.233495	0.318175	0.395841	0.460495	0.505097	0.519188	0.494985	0.458657	0.424163	0.396733	0.370179	0.346985	0.315802	0.273422	0.220736	0.166133	0.116313	0.0710783	0.0409783	0.0314015	0.0405045	0.0660953	0.113488	0.181176	0.28477	0.445392	0.648146	0.861669	1.06696	1.23598	1.34058	1.36821	1.33774	1.26524	1.15939	1.0407	0.908366	0.766349	0.621904	0.485158	0.370968	0.300339	0.274588	0.269519	0.276549	0.271028	0.241109	0.204835	0.176543	0.176543	
0.129538	0.208067	0.28484	0.350817	0.391836	0.390317	0.358008	0.319659	0.287178	0.256467	0.236531	0.22711	0.209403	0.188291	0.165091	0.137054	0.0989846	0.0586405	0.0262017	0.010895	0.0115262	0.0205226	0.0419399	0.0842511	0.170807	0.314519	0.502083	0.710761	0.917047	1.09397	1.21105	1.26221	1.26524	1.22099	1.13979	1.05065	0.9575	0.854503	0.752638	0.657048	0.576017	0.534157	0.524855	0.528303	0.530569	0.512046	0.472457	0.42845	0.40134	0.40134	
0.0298731	0.109342	0.185794	0.241791	0.26793	0.255861	0.21712	0.174976	0.144299	0.11342	0.0956258	0.0848625	0.0748888	0.0680248	0.0666466	0.0618927	0.0357866	-0.00186552	-0.0370111	-0.0551796	-0.0628907	-0.0688596	-0.0658862	-0.0381514	0.0328014	0.159518	0.337481	0.53955	0.742175	0.923075	1.05316	1.13064	1.15939	1.13979	1.09009	1.03822	0.989136	0.923891	0.861574	0.806705	0.761916	0.75142	0.760017	0.777109	0.783852	0.764162	0.72589	0.679514	0.652499	0.652499	
-0.0280381	0.0463675	0.11603	0.160972	0.174301	0.149271	0.104751	0.0581036	0.0160303	-0.0170294	-0.0436651	-0.0655304	-0.074428	-0.0725068	-0.0582308	-0.046081	-0.0679145	-0.106447	-0.142892	-0.172793	-0.187456	-0.198299	-0.2096	-0.185188	-0.123594	-0.0127807	0.15595	0.347942	0.543334	0.72767	0.879359	0.983991	1.0407	1.05065	1.03822	1.02385	1.0023	0.978004	0.958703	0.940242	0.931395	0.941478	0.963182	0.988502	1.0028	0.990006	0.953705	0.911151	0.877985	0.877985	
-0.0214494	0.0461864	0.100677	0.129597	0.132092	0.0945026	0.0343795	-0.0265396	-0.0834115	-0.128759	-0.168382	-0.206502	-0.224693	-0.217272	-0.197637	-0.179905	-0.191196	-0.228626	-0.268923	-0.303823	-0.32739	-0.345927	-0.36022	-0.342281	-0.289829	-0.185974	-0.0332409	0.143183	0.329971	0.514685	0.683473	0.817818	0.908366	0.9575	0.989136	1.0023	1.01035	1.03227	1.04894	1.06069	1.07856	1.10305	1.13144	1.15703	1.16689	1.14737	1.10828	1.06836	1.03597	1.03597	
0.0739427	0.134742	0.176068	0.179603	0.153309	0.0981067	0.021982	-0.0594181	-0.128504	-0.190381	-0.253618	-0.312934	-0.345207	-0.345388	-0.327334	-0.306517	-0.311495	-0.344702	-0.387494	-0.43054	-0.461908	-0.486057	-0.503907	-0.492198	-0.447755	-0.354473	-0.220236	-0.062105	0.114315	0.302804	0.483913	0.640162	0.766349	0.854503	0.923891	0.978004	1.03227	1.08846	1.12709	1.16109	1.19253	1.22018	1.2451	1.25967	1.25192	1.21937	1.17479	1.13256	1.10704	1.10704	
0.254165	0.297447	0.321112	0.307457	0.255806	0.180278	0.082856	-0.0186258	-0.112178	-0.20004	-0.287382	-0.364133	-0.413844	-0.426225	-0.414982	-0.396738	-0.399755	-0.432029	-0.477963	-0.530735	-0.569817	-0.598301	-0.617609	-0.613992	-0.575107	-0.497113	-0.391157	-0.255503	-0.0943489	0.0875749	0.277647	0.460058	0.621904	0.752638	0.861574	0.958703	1.04894	1.12709	1.1934	1.24208	1.27081	1.28908	1.29179	1.2793	1.24935	1.20583	1.15253	1.09769	1.07032	1.07032	
0.471973	0.509509	0.519011	0.489688	0.418012	0.323015	0.210252	0.090031	-0.033297	-0.148285	-0.253637	-0.348153	-0.416959	-0.445442	-0.449137	-0.44196	-0.443714	-0.474226	-0.52714	-0.579479	-0.629063	-0.6684	-0.687508	-0.693492	-0.66527	-0.603579	-0.525475	-0.420171	-0.27518	-0.106762	0.0846216	0.292775	0.485158	0.657048	0.806705	0.940242	1.06069	1.16109	1.24208	1.29139	1.31095	1.30638	1.27432	1.22592	1.16478	1.09607	1.02754	0.966586	0.934248	0.934248	
0.692358	0.734367	0.740819	0.699619	0.610008	0.497584	0.378527	0.243049	0.100354	-0.0368676	-0.161066	-0.269764	-0.358549	-0.412052	-0.43019	-0.435572	-0.446554	-0.476104	-0.530402	-0.587439	-0.641689	-0.683081	-0.708095	-0.716086	-0.697695	-0.660967	-0.608157	-0.524531	-0.403783	-0.250572	-0.0563017	0.158354	0.370968	0.576017	0.761916	0.931395	1.07856	1.19253	1.27081	1.31095	1.30724	1.26515	1.19708	1.10889	1.00583	0.897426	0.807183	0.746071	0.711206	0.711206	
0.863486	0.920358	0.927343	0.884932	0.792697	0.677757	0.555378	0.409487	0.251271	0.102006	-0.0290386	-0.14624	-0.246353	-0.321301	-0.360151	-0.384045	-0.405154	-0.437135	-0.485978	-0.543364	-0.598026	-0.64094	-0.670596	-0.678499	-0.66903	-0.653114	-0.618912	-0.556001	-0.467069	-0.330821	-0.143285	0.0717836	0.300339	0.534157	0.75142	0.941478	1.10305	1.22018	1.28908	1.30638	1.26515	1.17749	1.05817	0.915106	0.769086	0.63917	0.530266	0.452633	0.413968	0.413968	
0.939168	1.02382	1.0413	1.00661	0.921123	0.81489	0.699169	0.553585	0.39168	0.243206	0.110522	-0.0109958	-0.111451	-0.195069	-0.249194	-0.288143	-0.316619	-0.35045	-0.393927	-0.444225	-0.492507	-0.531711	-0.556157	-0.563894	-0.566357	-0.568626	-0.554761	-0.520797	-0.458723	-0.339644	-0.169652	0.0392826	0.274588	0.524855	0.760017	0.963182	1.13144	1.2451	1.29179	1.27432	1.19708	1.05817	0.885992	0.688055	0.490887	0.333748	0.202703	0.110859	0.0693425	0.0693425	
0.921002	1.0353	1.06987	1.04373	0.978341	0.887644	0.772824	0.63995	0.495958	0.358148	0.238631	0.131195	0.0335369	-0.0450619	-0.110329	-0.159954	-0.188866	-0.216146	-0.245795	-0.280079	-0.316033	-0.349786	-0.36891	-0.385423	-0.3992	-0.413515	-0.425563	-0.416462	-0.377385	-0.293197	-0.149044	0.0446891	0.269519	0.528303	0.777109	0.988502	1.15703	1.25967	1.2793	1.22592	1.10889	0.915106	0.688055	0.447732	0.209158	0.0114916	-0.141354	-0.235092	-0.27674	-0.27674	
0.819048	0.959907	1.01642	1.00607	0.96121	0.88981	0.785564	0.67019	0.554151	0.440941	0.344053	0.258796	0.184601	0.120216	0.0557466	0.0074276	-0.0202233	-0.0361689	-0.0478223	-0.0631684	-0.0842623	-0.107159	-0.127727	-0.152469	-0.180422	-0.213886	-0.251218	-0.275414	-0.263992	-0.21576	-0.108761	0.0628296	0.276549	0.530569	0.783852	1.0028	1.16689	1.25192	1.24935	1.16478	1.00583	0.769086	0.490887	0.209158	-0.0589585	-0.283085	-0.443701	-0.543318	-0.592354	-0.592354	
0.667517	0.823888	0.903168	0.916823	0.889475	0.832109	0.748305	0.653917	0.569412	0.490073	0.417614	0.362743	0.324391	0.280319	0.234793	0.198833	0.17576	0.17446	0.183002	0.18598	0.182339	0.172432	0.147201	0.112765	0.0657749	0.00255464	-0.0662696	-0.125428	-0.152268	-0.138633	-0.0714559	0.0677567	0.271028	0.512046	0.764162	0.990006	1.14737	1.21937	1.20583	1.09607	0.897426	0.63917	0.333748	0.0114916	-0.283085	-0.52201	-0.688877	-0.793565	-0.847133	-0.847133	
0.513801	0.679669	0.775338	0.80938	0.798471	0.749334	0.680519	0.61232	0.558213	0.51273	0.474913	0.458161	0.447889	0.429143	0.404069	0.376485	0.36736	0.383471	0.412478	0.439957	0.44936	0.438684	0.408587	0.355154	0.285391	0.198906	0.0999422	0.0126943	-0.0532223	-0.0796582	-0.0498692	0.0561001	0.241109	0.472457	0.72589	0.953705	1.10828	1.17479	1.15253	1.02754	0.807183	0.530266	0.202703	-0.141354	-0.443701	-0.688877	-0.866681	-0.969754	-1.0122	-1.0122	
0.385625	0.56006	0.671159	0.723176	0.71774	0.672313	0.61892	0.574415	0.542259	0.522436	0.513068	0.521923	0.537242	0.544444	0.540789	0.527279	0.527235	0.552837	0.594314	0.637098	0.656144	0.647928	0.614563	0.551239	0.457886	0.345563	0.22432	0.105801	0.00971347	-0.0439362	-0.0424761	0.0363702	0.204835	0.42845	0.679514	0.911151	1.06836	1.13256	1.09769	0.966586	0.746071	0.452633	0.110859	-0.235092	-0.543318	-0.793565	-0.969754	-1.07068	-1.11118	-1.11118	
0.315872	0.491886	0.609955	0.667278	0.6703	0.629118	0.579299	0.549898	0.529587	0.521054	0.532443	0.557823	0.585791	0.609629	0.612748	0.610934	0.614675	0.64657	0.702254	0.75048	0.775611	0.767152	0.726047	0.656597	0.5503	0.422643	0.290751	0.156343	0.0408551	-0.0314314	-0.0439883	0.0194815	0.176543	0.40134	0.652499	0.877985	1.03597	1.10704	1.07032	0.934248	0.711206	0.413968	0.0693425	-0.27674	-0.592354	-0.847133	-1.0122	-1.11118	-1.16054	-1.16054	
0.315872	0.491886	0.609955	0.667278	0.6703	0.629118	0.579299	0.549898	0.529587	0.521054	0.532443	0.557823	0.585791	0.609629	0.612748	0.610934	0.614675	0.64657	0.702254	0.75048	0.775611	0.767152	0.726047	0.656597	0.5503	0.422643	0.290751	0.156343	0.0408551	-0.0314314	-0.0439883	0.0194815	0.176543	0.40134	0.652499	0.877985	1.03597	1.10704	1.07032	0.934248	0.711206	0.413968	0.0693425	-0.27674	-0.592354	-0.847133	-1.0122	-1.11118	-1.16054	-1.16054	
