0.116271	0.116271	0.0380014	-0.110763	-0.292015	-0.465649	-0.602285	-0.70374	-0.755009	-0.741115	-0.668395	-0.570617	-0.481611	-0.411171	-0.364721	-0.347284	-0.356451	-0.385813	-0.415086	-0.431406	-0.41872	-0.360337	-0.23603	-0.0376924	0.199099	0.430019	0.627992	0.782244	0.878341	0.899718	0.850114	0.730793	0.55192	0.326228	0.0813353	-0.167069	-0.401498	-0.593738	-0.704118	-0.719664	-0.654599	-0.548539	-0.425463	-0.303903	-0.194054	-0.111675	-0.0640469	-0.0720269	-0.133213	-0.219912	
0.260715	0.260715	0.180461	0.031775	-0.155428	-0.328081	-0.469728	-0.572517	-0.630894	-0.616406	-0.533384	-0.415184	-0.301839	-0.207982	-0.141984	-0.107354	-0.106515	-0.127469	-0.160229	-0.195427	-0.220351	-0.210071	-0.133909	0.0224169	0.228415	0.443836	0.631571	0.779107	0.867456	0.887047	0.829694	0.6987	0.497224	0.252372	-0.0133591	-0.278842	-0.521159	-0.701058	-0.783745	-0.756855	-0.655997	-0.51775	-0.373727	-0.246355	-0.140384	-0.0700845	-0.0449963	-0.0773977	-0.153127	-0.259898	
0.483104	0.483104	0.408205	0.264596	0.07729	-0.1013	-0.250982	-0.360858	-0.426606	-0.416696	-0.330513	-0.198423	-0.062507	0.0517796	0.136221	0.182371	0.193599	0.175547	0.13302	0.0679088	-0.00326892	-0.0492378	-0.0279826	0.0740333	0.240099	0.429423	0.603406	0.742652	0.826997	0.848276	0.791558	0.651244	0.441946	0.190605	-0.0848068	-0.35899	-0.598998	-0.755656	-0.801473	-0.739291	-0.60603	-0.440226	-0.285788	-0.154721	-0.0596445	-0.00955469	-0.0103025	-0.0615102	-0.15241	-0.272397	
0.753014	0.753014	0.688861	0.55583	0.372572	0.1842	0.0237682	-0.0971261	-0.169137	-0.167063	-0.0833283	0.0561713	0.20867	0.341281	0.440664	0.499047	0.518898	0.499771	0.437949	0.336499	0.213544	0.111408	0.0728486	0.117867	0.239853	0.397895	0.559494	0.691731	0.776254	0.80279	0.746754	0.608235	0.401737	0.153629	-0.11856	-0.392043	-0.614243	-0.73564	-0.745658	-0.650648	-0.489842	-0.31034	-0.151715	-0.0292947	0.0444137	0.069862	0.0440399	-0.0264705	-0.130232	-0.255362	
1.02914	1.02914	0.977166	0.859967	0.682145	0.487213	0.313526	0.183514	0.106629	0.103081	0.183302	0.324946	0.490152	0.637821	0.754109	0.825519	0.854015	0.825559	0.738093	0.593244	0.419727	0.260862	0.162497	0.153932	0.230714	0.36069	0.510298	0.639666	0.729502	0.757793	0.708641	0.582018	0.38659	0.153234	-0.108613	-0.364654	-0.555992	-0.642845	-0.617954	-0.494132	-0.316212	-0.128028	0.0246625	0.129809	0.17902	0.176507	0.123016	0.0320695	-0.0851632	-0.201304	
1.28406	1.28406	1.2432	1.14059	0.971392	0.771924	0.587067	0.447265	0.36629	0.357936	0.432554	0.5695	0.739571	0.898224	1.03173	1.11807	1.15157	1.11197	0.995315	0.813854	0.595887	0.389335	0.239809	0.186209	0.22434	0.328815	0.462927	0.590291	0.678126	0.705555	0.66693	0.560123	0.389396	0.179133	-0.0556091	-0.27458	-0.431562	-0.487612	-0.43618	-0.296498	-0.111156	0.0729166	0.212422	0.299575	0.326596	0.298933	0.220498	0.106987	-0.0196498	-0.122746	
1.49045	1.49045	1.45716	1.36443	1.20745	1.00708	0.817448	0.667887	0.583686	0.57117	0.636413	0.763313	0.926819	1.09282	1.23955	1.33761	1.37172	1.31712	1.17777	0.967872	0.719208	0.478254	0.293014	0.208553	0.219765	0.300748	0.419082	0.535901	0.616388	0.639476	0.61356	0.532698	0.395087	0.21624	0.0264036	-0.147596	-0.269393	-0.302908	-0.234558	-0.0885653	0.0947437	0.265371	0.389862	0.458163	0.464603	0.412296	0.308673	0.17561	0.0461842	-0.04461	
1.62429	1.62429	1.5922	1.50676	1.36082	1.16982	0.980768	0.827971	0.74105	0.725439	0.780382	0.892554	1.04367	1.2127	1.36587	1.47104	1.49674	1.43043	1.27343	1.04717	0.778608	0.517129	0.310295	0.208989	0.200374	0.26383	0.360655	0.463208	0.532907	0.556858	0.546147	0.496558	0.394088	0.25711	0.115048	-0.0148959	-0.107827	-0.12582	-0.0471231	0.101334	0.277896	0.433676	0.542633	0.587904	0.571595	0.490735	0.365477	0.220532	0.0983826	0.0187463	
1.6763	1.6763	1.6403	1.55937	1.42304	1.25115	1.06841	0.921818	0.82974	0.812252	0.851707	0.947464	1.08155	1.24642	1.39928	1.50071	1.51871	1.44509	1.28706	1.05728	0.786703	0.519093	0.307902	0.196759	0.173997	0.215714	0.283301	0.360898	0.41791	0.445337	0.453438	0.435561	0.376766	0.292261	0.198773	0.112102	0.0424439	0.0362485	0.115633	0.257303	0.41762	0.558687	0.644892	0.669498	0.629991	0.526377	0.388492	0.240132	0.121808	0.0465235	
1.65629	1.65629	1.6153	1.53381	1.40988	1.25747	1.09357	0.953967	0.862314	0.833427	0.859123	0.932827	1.05165	1.20268	1.34675	1.43718	1.44983	1.3813	1.23713	1.01997	0.763311	0.503804	0.301356	0.182722	0.14668	0.16012	0.190764	0.236815	0.278001	0.311498	0.334577	0.344873	0.334366	0.301419	0.257829	0.210016	0.16845	0.178697	0.255306	0.386196	0.529439	0.648341	0.706638	0.704759	0.63598	0.519749	0.375608	0.231649	0.115714	0.0499801	
1.59256	1.59256	1.54782	1.46316	1.35216	1.21765	1.07847	0.948122	0.855089	0.808808	0.814637	0.866591	0.966322	1.09563	1.21943	1.29444	1.30661	1.25636	1.13666	0.950022	0.715814	0.4823	0.291819	0.170193	0.118078	0.0974801	0.0916628	0.100349	0.125838	0.159968	0.188675	0.22166	0.25101	0.265278	0.268403	0.258615	0.258336	0.289323	0.368774	0.490019	0.61632	0.708695	0.737248	0.699543	0.60725	0.481856	0.337111	0.19765	0.0856978	0.0270472	
1.52097	1.52097	1.47352	1.38772	1.28405	1.16517	1.04527	0.923031	0.819819	0.747319	0.723202	0.750251	0.822727	0.921803	1.01402	1.07352	1.09373	1.07096	0.991197	0.844518	0.6497	0.451372	0.278022	0.15748	0.0817798	0.0287962	-0.0159463	-0.0452293	-0.0386988	-0.0173389	0.0129176	0.0606925	0.121593	0.180999	0.226243	0.263174	0.306459	0.359384	0.443319	0.550713	0.659574	0.725481	0.72495	0.660513	0.551433	0.42032	0.275845	0.132002	0.0199819	-0.0368961	
1.43857	1.43857	1.39193	1.30946	1.21167	1.10605	0.999807	0.884015	0.765984	0.664232	0.606811	0.607154	0.649078	0.712145	0.769416	0.816964	0.8503	0.86163	0.825724	0.725913	0.579427	0.41893	0.269149	0.147727	0.0494196	-0.0340059	-0.11626	-0.177934	-0.201212	-0.201126	-0.174547	-0.119594	-0.0323993	0.0651871	0.154927	0.245119	0.329602	0.407262	0.495913	0.589766	0.677243	0.715554	0.68697	0.598861	0.4754	0.337483	0.191909	0.0472139	-0.0634493	-0.120009	
1.35866	1.35866	1.31584	1.24117	1.1483	1.0512	0.949641	0.833349	0.698434	0.566983	0.478913	0.45101	0.464093	0.491899	0.521753	0.564328	0.617465	0.664246	0.673736	0.623233	0.527948	0.405461	0.279186	0.153911	0.032656	-0.0841818	-0.201864	-0.297715	-0.360745	-0.385888	-0.36859	-0.304947	-0.195815	-0.063638	0.077403	0.220394	0.344866	0.450954	0.545563	0.629954	0.690713	0.699198	0.639597	0.526911	0.385118	0.237463	0.093629	-0.0417631	-0.146763	-0.192405	
1.30962	1.30962	1.27265	1.2058	1.11733	1.01864	0.908246	0.778374	0.620796	0.46125	0.342145	0.284175	0.26782	0.265882	0.27903	0.324959	0.400173	0.484608	0.537399	0.54375	0.499551	0.421623	0.317389	0.189282	0.0425569	-0.11245	-0.270744	-0.409779	-0.52067	-0.576595	-0.570521	-0.49719	-0.366735	-0.198334	-0.00257382	0.191372	0.358969	0.495675	0.601648	0.677111	0.708155	0.680071	0.58988	0.447315	0.285976	0.129392	-0.0108615	-0.131571	-0.219761	-0.25187	
1.29945	1.29945	1.26832	1.20706	1.12211	1.01077	0.878644	0.720478	0.536378	0.352963	0.202621	0.116366	0.0674149	0.0472266	0.0518029	0.105656	0.202433	0.316611	0.415518	0.475199	0.48771	0.455489	0.37537	0.245657	0.0742762	-0.122168	-0.322393	-0.512336	-0.666974	-0.756253	-0.761245	-0.683242	-0.534256	-0.333967	-0.0914835	0.150331	0.363576	0.537443	0.662499	0.729049	0.731289	0.662158	0.536215	0.363631	0.182609	0.0197342	-0.11177	-0.213524	-0.278478	-0.298068	
1.31745	1.31745	1.28871	1.23242	1.14528	1.01654	0.850993	0.65539	0.447447	0.242991	0.0736739	-0.043731	-0.114608	-0.146733	-0.139719	-0.0762733	0.0344638	0.174078	0.312678	0.422187	0.49058	0.499271	0.44317	0.308518	0.111748	-0.123479	-0.36864	-0.603306	-0.792527	-0.907816	-0.923554	-0.844072	-0.681232	-0.452145	-0.176649	0.107617	0.368223	0.577366	0.719593	0.774629	0.744153	0.637185	0.475929	0.282989	0.091349	-0.0694184	-0.190939	-0.273797	-0.32156	-0.326156	
1.35638	1.35638	1.32667	1.26973	1.17539	1.02343	0.817938	0.581997	0.35057	0.133158	-0.0492613	-0.190729	-0.276115	-0.31158	-0.293715	-0.220556	-0.0978351	0.0652443	0.238951	0.39827	0.514125	0.560804	0.519816	0.373951	0.150081	-0.125468	-0.413238	-0.684167	-0.898369	-1.02769	-1.05389	-0.972458	-0.793125	-0.5378	-0.236547	0.0849659	0.386501	0.621295	0.768924	0.803558	0.739311	0.601032	0.411322	0.209873	0.0213284	-0.135591	-0.245689	-0.314611	-0.350071	-0.338168	
1.41087	1.41087	1.37572	1.3123	1.20267	1.02566	0.778491	0.507244	0.253337	0.0307892	-0.160513	-0.314206	-0.408331	-0.438611	-0.407979	-0.323698	-0.188058	-0.00489983	0.202354	0.401805	0.556252	0.630124	0.592824	0.433439	0.179714	-0.128424	-0.451181	-0.747673	-0.977468	-1.11573	-1.15228	-1.06951	-0.873979	-0.596889	-0.272043	0.0788096	0.410318	0.665416	0.803918	0.820503	0.729152	0.562868	0.359184	0.153655	-0.0317829	-0.178949	-0.282897	-0.341561	-0.357937	-0.333019	
1.47519	1.47519	1.43242	1.35327	1.2246	1.01875	0.738567	0.438416	0.165504	-0.0603756	-0.259012	-0.414903	-0.513882	-0.535716	-0.494086	-0.396514	-0.245192	-0.0421594	0.192644	0.421559	0.600695	0.688284	0.647302	0.47233	0.194867	-0.136294	-0.480145	-0.79069	-1.02944	-1.17433	-1.21438	-1.1318	-0.921441	-0.631251	-0.290375	0.0746131	0.419675	0.681685	0.811685	0.817125	0.71366	0.532713	0.328693	0.117546	-0.06503	-0.208563	-0.312822	-0.362407	-0.359896	-0.326832	
1.53304	1.53304	1.47976	1.3819	1.22874	0.999077	0.69805	0.380262	0.0953725	-0.139323	-0.339693	-0.495723	-0.590984	-0.60724	-0.555193	-0.442033	-0.271904	-0.0509113	0.200937	0.442757	0.629924	0.716516	0.667888	0.480703	0.190479	-0.151137	-0.498027	-0.811246	-1.05224	-1.19718	-1.23479	-1.14654	-0.934159	-0.640365	-0.298765	0.0629336	0.403163	0.661374	0.789158	0.792242	0.687856	0.509604	0.306961	0.0995836	-0.0824107	-0.227822	-0.328658	-0.374732	-0.367099	-0.322052	
1.56272	1.56272	1.49892	1.38291	1.2063	0.963254	0.6576	0.33779	0.0476396	-0.19931	-0.398107	-0.553045	-0.635251	-0.648919	-0.583548	-0.453066	-0.262741	-0.0271443	0.2251	0.463344	0.639591	0.713209	0.655966	0.461498	0.169184	-0.170505	-0.507382	-0.810197	-1.04479	-1.1815	-1.2057	-1.10993	-0.907982	-0.622888	-0.297371	0.0459124	0.368261	0.612665	0.744229	0.751074	0.651525	0.489695	0.293097	0.0966036	-0.0836656	-0.231536	-0.331029	-0.375159	-0.370525	-0.311504	
1.55618	1.55618	1.48552	1.35294	1.16303	0.915876	0.623922	0.314402	0.0227638	-0.234502	-0.43804	-0.582792	-0.654169	-0.656189	-0.578806	-0.428608	-0.219027	0.0192513	0.259809	0.473824	0.625194	0.677653	0.609953	0.415292	0.129765	-0.197611	-0.510486	-0.789934	-1.0051	-1.12391	-1.13095	-1.0347	-0.853328	-0.597174	-0.297451	0.0183663	0.314503	0.548023	0.682521	0.697503	0.612388	0.46722	0.285159	0.0992063	-0.0793227	-0.228136	-0.325735	-0.365846	-0.356193	-0.286707	
1.50431	1.50431	1.43075	1.29228	1.1002	0.866447	0.599417	0.312725	0.0220889	-0.2425	-0.453406	-0.587686	-0.647598	-0.634584	-0.544854	-0.378865	-0.15957	0.0698481	0.285989	0.464386	0.583479	0.613825	0.53691	0.351337	0.0801455	-0.220833	-0.500418	-0.743918	-0.928345	-1.02628	-1.0228	-0.936264	-0.78516	-0.566981	-0.298649	-0.015385	0.25433	0.475019	0.604901	0.632344	0.565708	0.439906	0.281726	0.105196	-0.06975	-0.215416	-0.314396	-0.350415	-0.327944	-0.248375	
1.40974	1.40974	1.33972	1.20655	1.02871	0.82052	0.587616	0.326546	0.0424446	-0.227081	-0.442706	-0.571123	-0.61791	-0.589837	-0.485866	-0.312629	-0.0967509	0.114153	0.295065	0.43511	0.51599	0.523209	0.437416	0.262079	0.0165522	-0.247033	-0.483232	-0.677467	-0.823577	-0.896884	-0.891736	-0.825101	-0.705519	-0.529654	-0.302483	-0.0569539	0.18147	0.381624	0.506948	0.54581	0.505383	0.408408	0.2733	0.110832	-0.0540185	-0.197762	-0.292209	-0.32335	-0.291728	-0.195657	
1.26246	1.26246	1.20218	1.09145	0.942374	0.775568	0.581079	0.350257	0.0822681	-0.183034	-0.393999	-0.520182	-0.554788	-0.513741	-0.399647	-0.230185	-0.0343352	0.146074	0.28734	0.384517	0.428307	0.408965	0.316112	0.156208	-0.0518	-0.262917	-0.44631	-0.585882	-0.68994	-0.741325	-0.744695	-0.701688	-0.616307	-0.480884	-0.303608	-0.100658	0.102353	0.281669	0.398798	0.450382	0.435448	0.368864	0.25647	0.117381	-0.0314721	-0.162926	-0.249225	-0.27826	-0.241999	-0.132134	
1.0745	1.0745	1.03228	0.95454	0.850128	0.72964	0.576812	0.377011	0.133544	-0.113651	-0.314811	-0.438491	-0.470486	-0.421574	-0.305134	-0.150021	0.0155827	0.157598	0.26077	0.316658	0.326384	0.281442	0.183512	0.0451202	-0.116714	-0.267745	-0.394338	-0.484062	-0.543621	-0.578968	-0.585685	-0.566966	-0.512461	-0.417441	-0.296175	-0.143608	0.0215801	0.172815	0.283372	0.342112	0.350602	0.314374	0.233046	0.123498	-0.000642536	-0.11594	-0.198891	-0.227744	-0.184985	-0.0667036	
0.859985	0.859985	0.84241	0.804055	0.753991	0.679007	0.570283	0.402616	0.195268	-0.0205171	-0.204206	-0.32446	-0.36381	-0.315183	-0.206293	-0.0719875	0.0567121	0.156814	0.220068	0.23895	0.213889	0.149146	0.0473218	-0.0641618	-0.175218	-0.26835	-0.337242	-0.382015	-0.400622	-0.414564	-0.42186	-0.420275	-0.397407	-0.349042	-0.280651	-0.183861	-0.0603599	0.0611395	0.161522	0.222528	0.25334	0.245617	0.205317	0.133591	0.0387458	-0.0608731	-0.138173	-0.167386	-0.115753	0.0124946	
0.629875	0.629875	0.638472	0.646004	0.647294	0.621187	0.553826	0.428295	0.266975	0.0934292	-0.0637708	-0.184224	-0.234598	-0.20228	-0.108863	-0.00187515	0.0867684	0.14392	0.164555	0.150143	0.0974896	0.01886	-0.0764296	-0.159912	-0.22104	-0.261322	-0.27801	-0.276576	-0.258971	-0.247505	-0.251347	-0.262943	-0.276221	-0.278214	-0.259999	-0.218101	-0.140271	-0.0501443	0.0374428	0.106769	0.155497	0.180861	0.18003	0.145376	0.0754767	-0.0090512	-0.0781053	-0.0935365	-0.0281751	0.114744	
0.407313	0.407313	0.441349	0.491213	0.537554	0.554873	0.529322	0.45261	0.343663	0.217188	0.0864061	-0.0327576	-0.101318	-0.0940615	-0.0278546	0.0486015	0.0978175	0.110973	0.09192	0.0460566	-0.0207748	-0.106657	-0.186069	-0.24449	-0.263769	-0.257432	-0.227044	-0.174429	-0.122026	-0.0860902	-0.0810362	-0.108075	-0.155727	-0.210622	-0.243591	-0.250575	-0.225367	-0.16645	-0.0868135	-0.00749869	0.0612769	0.115548	0.143675	0.141652	0.0979584	0.0331327	-0.014943	-0.0064721	0.0751035	0.223732	
0.195635	0.195635	0.250639	0.33674	0.417698	0.475965	0.493298	0.474926	0.421208	0.343671	0.237373	0.124771	0.0373334	0.0166856	0.045235	0.0878006	0.0973007	0.0692705	0.0136841	-0.0563637	-0.130243	-0.211888	-0.278436	-0.312484	-0.303599	-0.255466	-0.178776	-0.0763686	0.0129666	0.0699398	0.0828462	0.0478668	-0.0330605	-0.134282	-0.219566	-0.275832	-0.301352	-0.273708	-0.203353	-0.114144	-0.0296085	0.0435211	0.0983556	0.127228	0.120571	0.0880891	0.0680952	0.0931183	0.186464	0.326211	
0.00380535	0.00380535	0.0745847	0.184202	0.293348	0.385042	0.450784	0.491327	0.495067	0.46058	0.380448	0.278824	0.182674	0.133281	0.121454	0.122902	0.0944359	0.0305999	-0.0554912	-0.142353	-0.222003	-0.297038	-0.355536	-0.372397	-0.340046	-0.254379	-0.129859	0.0182481	0.145551	0.220817	0.241663	0.198558	0.0900101	-0.0557029	-0.193533	-0.299458	-0.362148	-0.361533	-0.29661	-0.204167	-0.109844	-0.0257777	0.0502942	0.106679	0.141185	0.148754	0.16072	0.205036	0.305656	0.438585	
-0.149451	-0.149451	-0.0703463	0.0500188	0.179829	0.297611	0.411276	0.502412	0.557548	0.554368	0.499556	0.41066	0.314098	0.237236	0.181922	0.136789	0.0719307	-0.0173757	-0.121161	-0.216746	-0.299261	-0.369255	-0.418191	-0.421481	-0.363164	-0.24415	-0.0792446	0.10339	0.258131	0.351033	0.374336	0.320032	0.192105	0.0101607	-0.168453	-0.312534	-0.401276	-0.419724	-0.371015	-0.289992	-0.193564	-0.102944	-0.00707652	0.0800741	0.152755	0.204321	0.251218	0.315796	0.417352	0.541919	
-0.266725	-0.266725	-0.188418	-0.0635181	0.0761845	0.221069	0.370728	0.506763	0.597244	0.62168	0.589393	0.518268	0.427142	0.32663	0.229851	0.136235	0.0391136	-0.0670254	-0.176793	-0.278055	-0.365488	-0.433717	-0.472032	-0.45742	-0.371993	-0.221537	-0.0264787	0.176868	0.353633	0.461764	0.484767	0.417248	0.269994	0.070267	-0.137821	-0.309562	-0.419874	-0.460979	-0.438202	-0.371244	-0.277486	-0.171014	-0.0569357	0.0566226	0.159415	0.248753	0.328665	0.415333	0.514814	0.621891	
-0.362224	-0.362224	-0.289561	-0.166614	-0.0190691	0.148461	0.327429	0.494949	0.612715	0.66263	0.657544	0.609446	0.528649	0.412459	0.281471	0.146524	0.0208949	-0.0976069	-0.211463	-0.321231	-0.419627	-0.490141	-0.515316	-0.478696	-0.364405	-0.185983	0.0308975	0.247934	0.439123	0.560937	0.579936	0.497484	0.335519	0.12985	-0.0922218	-0.285801	-0.420507	-0.487918	-0.48991	-0.433567	-0.337919	-0.217029	-0.0895973	0.0402641	0.165337	0.286118	0.398488	0.509646	0.6066	0.686992	
-0.422253	-0.422253	-0.358305	-0.242315	-0.0903172	0.0913517	0.287238	0.469099	0.602978	0.674182	0.695033	0.66852	0.595421	0.470167	0.315527	0.153851	0.00667425	-0.120153	-0.238092	-0.353407	-0.459272	-0.526437	-0.532792	-0.472189	-0.332669	-0.137906	0.0876817	0.305638	0.494744	0.620703	0.633774	0.546546	0.386637	0.187919	-0.0292202	-0.237042	-0.398593	-0.494112	-0.522841	-0.478434	-0.384855	-0.261684	-0.124577	0.0186364	0.166088	0.31701	0.458402	0.587987	0.683014	0.731161	
-0.445993	-0.445993	-0.392434	-0.285757	-0.135515	0.0518273	0.249152	0.433473	0.572258	0.662796	0.703992	0.695616	0.627094	0.499098	0.335264	0.160405	0.000471995	-0.138847	-0.262759	-0.384218	-0.487914	-0.545602	-0.529582	-0.444498	-0.286833	-0.0827713	0.140232	0.347871	0.523684	0.63677	0.650243	0.567309	0.421155	0.234813	0.0248215	-0.18442	-0.362639	-0.482921	-0.530295	-0.500366	-0.416562	-0.297119	-0.161238	-0.00883938	0.157398	0.33231	0.498189	0.640844	0.734689	0.759422	
-0.451009	-0.451009	-0.407116	-0.310928	-0.166365	0.017368	0.208302	0.386321	0.528623	0.632768	0.691558	0.694883	0.632559	0.509087	0.347374	0.171937	0.00222987	-0.150101	-0.286162	-0.409152	-0.503961	-0.543182	-0.505661	-0.395971	-0.226947	-0.0190766	0.190777	0.382045	0.535223	0.632177	0.647344	0.580193	0.450144	0.274224	0.0708128	-0.130373	-0.311536	-0.448573	-0.515442	-0.501175	-0.427944	-0.314172	-0.179429	-0.026097	0.148736	0.336258	0.514226	0.657831	0.74294	0.755701	
-0.439284	-0.439284	-0.403271	-0.319634	-0.18386	-0.0131958	0.166507	0.333731	0.477354	0.589576	0.657006	0.668574	0.613508	0.502245	0.349547	0.178907	0.00556118	-0.157114	-0.301228	-0.419635	-0.498344	-0.511858	-0.453471	-0.32278	-0.148961	0.0482053	0.235351	0.398959	0.528003	0.609512	0.626634	0.578497	0.467496	0.306923	0.120815	-0.0637435	-0.236259	-0.384064	-0.475684	-0.484774	-0.425459	-0.32169	-0.189218	-0.0377086	0.139772	0.332296	0.516357	0.651904	0.719734	0.720503	
-0.401855	-0.401855	-0.373345	-0.304176	-0.182628	-0.0324309	0.130177	0.283119	0.423565	0.535374	0.603082	0.617807	0.574239	0.477881	0.337963	0.171625	0.00168506	-0.163092	-0.304387	-0.414011	-0.471206	-0.459981	-0.378948	-0.235273	-0.0661313	0.106718	0.260918	0.392749	0.500108	0.565346	0.584742	0.545559	0.457554	0.324881	0.168907	0.00894257	-0.150423	-0.302706	-0.411718	-0.451474	-0.412956	-0.323383	-0.201374	-0.0512469	0.124698	0.314307	0.495861	0.625481	0.68113	0.675215	
-0.350626	-0.350626	-0.330182	-0.273889	-0.171568	-0.0422661	0.0983394	0.236263	0.368702	0.472906	0.536005	0.548786	0.518239	0.434887	0.304913	0.142853	-0.0214101	-0.172873	-0.302246	-0.392509	-0.428386	-0.390587	-0.288053	-0.137039	0.0172921	0.158286	0.275886	0.379204	0.462353	0.513248	0.526333	0.494518	0.42726	0.334317	0.217174	0.0813542	-0.066559	-0.214997	-0.333605	-0.396895	-0.385919	-0.31282	-0.202006	-0.0622129	0.102822	0.276371	0.437772	0.560221	0.617744	0.618849	
-0.305038	-0.305038	-0.290936	-0.24596	-0.160392	-0.0504809	0.070102	0.193493	0.315524	0.412903	0.468375	0.482173	0.457927	0.386501	0.261214	0.103451	-0.0504842	-0.183485	-0.287834	-0.355009	-0.365714	-0.304955	-0.184986	-0.0340768	0.101149	0.208549	0.297378	0.371516	0.427619	0.457735	0.46145	0.438629	0.392484	0.338754	0.264752	0.155883	0.0217019	-0.115903	-0.237287	-0.317654	-0.334881	-0.286874	-0.193958	-0.072488	0.0711394	0.227363	0.372051	0.480988	0.542929	0.553766	
-0.251682	-0.251682	-0.242545	-0.208018	-0.138129	-0.0478326	0.0520552	0.15697	0.264707	0.352173	0.401235	0.41209	0.38907	0.322126	0.20299	0.0547146	-0.0840952	-0.192193	-0.265013	-0.300143	-0.282181	-0.206123	-0.0788983	0.0582091	0.17139	0.248521	0.309585	0.35412	0.376075	0.382293	0.384893	0.376631	0.3588	0.337099	0.302492	0.22627	0.110744	-0.0183627	-0.13892	-0.232947	-0.273158	-0.256386	-0.191792	-0.0923384	0.031215	0.173936	0.308177	0.404878	0.461604	0.478637	
-0.200451	-0.200451	-0.194433	-0.16602	-0.111392	-0.0367041	0.0419894	0.129404	0.219498	0.296486	0.339277	0.34306	0.313269	0.242961	0.1304	-0.00208802	-0.124013	-0.204602	-0.245303	-0.238203	-0.188676	-0.09862	0.023815	0.142322	0.235027	0.289343	0.321003	0.331592	0.315129	0.299919	0.302175	0.31512	0.324677	0.331383	0.327886	0.285731	0.197183	0.0804074	-0.0396545	-0.140855	-0.204758	-0.223577	-0.195001	-0.121712	-0.0122247	0.115716	0.235259	0.323802	0.378162	0.400847	
-0.163698	-0.163698	-0.15673	-0.131438	-0.087788	-0.0271655	0.0366031	0.109255	0.183961	0.251684	0.28696	0.284961	0.24028	0.165062	0.0575381	-0.0562711	-0.158059	-0.218649	-0.225498	-0.181578	-0.0966681	0.00402529	0.116264	0.216915	0.293636	0.331142	0.335863	0.309669	0.263867	0.230803	0.230246	0.258718	0.29244	0.323712	0.342431	0.327883	0.270636	0.179979	0.0659976	-0.0431833	-0.131929	-0.187881	-0.194435	-0.146655	-0.0579849	0.0520364	0.156657	0.239831	0.306999	0.339794	
-0.134204	-0.134204	-0.122862	-0.099277	-0.0644313	-0.0180496	0.0358513	0.0968007	0.159089	0.21415	0.242327	0.230513	0.174264	0.0897471	-0.0100058	-0.105395	-0.185655	-0.224366	-0.20568	-0.128091	-0.0155621	0.0974129	0.200577	0.2823	0.341987	0.361287	0.337837	0.28257	0.216875	0.173675	0.170294	0.20583	0.265111	0.320174	0.355529	0.358866	0.329415	0.265778	0.164975	0.0412588	-0.0736832	-0.156542	-0.186974	-0.164308	-0.100209	-0.012255	0.0832104	0.172607	0.249558	0.291127	
-0.11267	-0.11267	-0.0956036	-0.0712115	-0.0449676	-0.00983836	0.0375081	0.0928995	0.145012	0.186767	0.205611	0.18423	0.119238	0.0259346	-0.0683236	-0.149077	-0.20791	-0.225312	-0.186933	-0.0863375	0.0456449	0.175293	0.276024	0.343559	0.381146	0.379697	0.332685	0.256977	0.179573	0.128736	0.119414	0.159611	0.23724	0.315839	0.367777	0.387731	0.379343	0.334704	0.244101	0.111859	-0.0270475	-0.131592	-0.18261	-0.183474	-0.140616	-0.0670556	0.0287378	0.129368	0.208392	0.249408	
-0.097318	-0.097318	-0.0748601	-0.0494401	-0.0300794	-0.00428921	0.0401467	0.09299	0.138409	0.168415	0.177195	0.1503	0.078466	-0.0187185	-0.111681	-0.182929	-0.222612	-0.225421	-0.170325	-0.0633073	0.0822514	0.226173	0.331061	0.389615	0.404191	0.38418	0.324742	0.238212	0.157124	0.0987473	0.0841488	0.127287	0.212361	0.304887	0.372055	0.409869	0.413247	0.37589	0.290628	0.16527	0.017815	-0.109449	-0.186303	-0.204669	-0.174785	-0.104703	-0.00864903	0.0955362	0.178846	0.221193	
-0.0944508	-0.0944508	-0.0680474	-0.0420408	-0.0251063	-0.00424348	0.0406326	0.0935885	0.136969	0.159872	0.164372	0.13272	0.0607401	-0.0411234	-0.132275	-0.200181	-0.230367	-0.221733	-0.16241	-0.04999	0.0982773	0.253759	0.364102	0.417335	0.418728	0.387169	0.32198	0.233942	0.149248	0.0866948	0.0701981	0.113211	0.202065	0.298667	0.37609	0.426778	0.435644	0.393269	0.312543	0.195673	0.0496068	-0.0923858	-0.190179	-0.21892	-0.186474	-0.119239	-0.0288019	0.075398	0.157349	0.205556	
-0.0944508	-0.0944508	-0.0680474	-0.0420408	-0.0251063	-0.00424348	0.0406326	0.0935885	0.136969	0.159872	0.164372	0.13272	0.0607401	-0.0411234	-0.132275	-0.200181	-0.230367	-0.221733	-0.16241	-0.04999	0.0982773	0.253759	0.364102	0.417335	0.418728	0.387169	0.32198	0.233942	0.149248	0.0866948	0.0701981	0.113211	0.202065	0.298667	0.37609	0.426778	0.435644	0.393269	0.312543	0.195673	0.0496068	-0.0923858	-0.190179	-0.21892	-0.186474	-0.119239	-0.0288019	0.075398	0.157349	0.205556	
