5.87935e-07	8.46538e-08	1.08811e-08	1.25498e-09	1.30502e-10	1.22898e-11	1.05249e-12	8.22788e-14	5.89236e-15	3.87827e-16	2.35312e-17	1.31985e-18	6.86122e-20	3.31377e-21	1.49025e-22	6.25344e-24	2.45326e-25	9.01408e-27	3.10735e-28	1.00656e-29	3.0684e-31	8.81488e-33	2.38958e-34	6.12016e-36	1.48266e-37	3.40118e-39	7.39563e-41	1.52579e-42	2.98943e-44	5.56704e-46	9.8618e-48	1.66309e-49	2.67188e-51	4.09215e-53	5.97862e-55	8.3373e-57	1.11038e-58	1.4131e-60	1.71929e-62	2.00079e-64	2.22805e-66	2.3752e-68	2.4249e-70	2.37172e-72	2.22308e-74	1.99758e-76	1.72122e-78	1.42254e-80	1.13654e-82	1.13654e-82	
8.46538e-08	1.14752e-08	1.39338e-09	1.52279e-10	1.50456e-11	1.34955e-12	1.10321e-13	8.24861e-15	5.65978e-16	3.57486e-17	2.08452e-18	1.12511e-19	5.63513e-21	2.62501e-22	1.13974e-23	4.62172e-25	1.7536e-26	6.23661e-28	2.08241e-29	6.53804e-31	1.93294e-32	5.38847e-34	1.4182e-35	3.52819e-37	8.30606e-39	1.85237e-40	3.91723e-42	7.86243e-44	1.49915e-45	2.71773e-47	4.68792e-49	7.69998e-51	1.20514e-52	1.7985e-54	2.5608e-56	3.48088e-58	4.5195e-60	5.60794e-62	6.65332e-64	7.55084e-66	8.20083e-68	8.52709e-70	8.49152e-72	8.10144e-74	7.40749e-76	6.49293e-78	5.45745e-80	4.39975e-82	3.42818e-84	3.42818e-84	
1.08811e-08	1.39338e-09	1.60308e-10	1.66444e-11	1.56614e-12	1.34074e-13	1.04809e-14	7.50708e-16	4.94239e-17	2.99968e-18	1.68296e-19	8.75057e-21	4.22664e-22	1.90069e-23	7.974e-25	3.12702e-26	1.14829e-27	3.95529e-29	1.27994e-30	3.89702e-32	1.11792e-33	3.02543e-35	7.73392e-37	1.8696e-38	4.27862e-40	9.27925e-42	1.90895e-43	3.72856e-45	6.92034e-47	1.22153e-48	2.05212e-50	3.28348e-52	5.0072e-54	7.28216e-56	1.01063e-57	1.33918e-59	1.69523e-61	2.05106e-63	2.37299e-65	2.62646e-67	2.78215e-69	2.82158e-71	2.74071e-73	2.55057e-75	2.27481e-77	1.94497e-79	1.5946e-81	1.2539e-83	9.52735e-86	9.52735e-86	
1.25498e-09	1.52279e-10	1.66444e-11	1.64571e-12	1.47781e-13	1.2097e-14	9.05816e-16	6.22465e-17	3.93743e-18	2.2991e-19	1.24247e-20	6.22956e-22	2.90445e-23	1.26191e-24	5.11935e-26	1.9428e-27	6.90916e-29	2.30628e-30	7.23691e-32	2.13782e-33	5.95319e-35	1.56474e-36	3.88651e-38	9.13261e-40	2.03237e-41	4.28763e-43	8.58309e-45	1.6318e-46	2.94881e-48	5.06904e-50	8.29518e-52	1.29315e-53	1.92169e-55	2.72392e-57	3.68501e-59	4.76051e-61	5.87574e-63	6.93228e-65	7.82154e-67	8.44296e-69	8.7228e-71	8.62852e-73	8.17495e-75	7.42061e-77	6.45547e-79	5.38352e-81	4.30488e-83	3.30148e-85	2.44596e-87	2.44596e-87	
1.30502e-10	1.50456e-11	1.56614e-12	1.47781e-13	1.26886e-14	9.94858e-16	7.1466e-17	4.71821e-18	2.87111e-19	1.6147e-20	8.4139e-22	4.0718e-23	1.83405e-24	7.7049e-26	3.02471e-27	1.11158e-28	3.83066e-30	1.23983e-31	3.77445e-33	1.08231e-34	2.92697e-36	7.47471e-38	1.80459e-39	4.12329e-41	8.92558e-43	1.83221e-44	3.56991e-46	6.60777e-48	1.16284e-49	1.94707e-51	3.10424e-53	4.71558e-55	6.82963e-57	9.43634e-59	1.24451e-60	1.56754e-62	1.88657e-64	2.17055e-66	2.38835e-68	2.51441e-70	2.53367e-72	2.44451e-74	2.25895e-76	1.99998e-78	1.69695e-80	1.38022e-82	1.07637e-84	8.05013e-87	5.8147e-89	5.8147e-89	
1.22898e-11	1.34955e-12	1.34074e-13	1.2097e-14	9.94858e-16	7.48297e-17	5.16417e-18	3.2797e-19	1.92214e-20	1.04227e-21	5.2418e-23	2.45056e-24	1.06723e-25	4.3383e-27	1.64915e-28	5.87261e-30	1.9622e-31	6.16116e-33	1.82059e-34	5.06964e-36	1.33202e-37	3.30623e-39	7.76121e-41	1.72489e-42	3.63298e-44	7.2584e-46	1.37683e-47	2.48168e-49	4.25381e-51	6.93903e-53	1.07799e-54	1.5959e-56	2.25294e-58	3.03454e-60	3.90192e-62	4.79212e-64	5.62409e-66	6.31026e-68	6.77169e-70	6.95302e-72	6.83337e-74	6.43028e-76	5.79555e-78	5.00443e-80	4.14119e-82	3.28481e-84	2.49807e-86	1.82176e-88	1.28277e-90	1.28277e-90	
1.05249e-12	1.10321e-13	1.04809e-14	9.05816e-16	7.1466e-17	5.16417e-18	3.42829e-19	2.0969e-20	1.18487e-21	6.20077e-23	3.01247e-24	1.36162e-25	5.73773e-27	2.25844e-28	8.31846e-30	2.87196e-31	9.30902e-33	2.83703e-34	8.1408e-36	2.20233e-37	5.62402e-39	1.35727e-40	3.09895e-42	6.70102e-44	1.37362e-45	2.67171e-47	4.93495e-49	8.66367e-51	1.4467e-52	2.29947e-54	3.48131e-56	5.02346e-58	6.91307e-60	9.07803e-62	1.13814e-63	1.36302e-65	1.55996e-67	1.70694e-69	1.78646e-71	1.78898e-73	1.71478e-75	1.57377e-77	1.38336e-79	1.16496e-81	9.40105e-84	7.27158e-86	5.39209e-88	3.83388e-90	2.63131e-92	2.63131e-92	
8.22788e-14	8.24861e-15	7.50708e-16	6.22465e-17	4.71821e-18	3.2797e-19	2.0969e-20	1.23656e-21	6.7434e-23	3.40898e-24	1.60118e-25	7.00249e-27	2.85712e-28	1.08963e-29	3.89103e-31	1.30317e-32	4.09971e-34	1.21326e-35	3.38215e-37	8.89253e-39	2.20788e-40	5.18243e-42	1.15123e-43	2.42271e-45	4.83459e-47	9.1564e-49	1.64726e-50	2.81718e-52	4.58361e-54	7.0998e-56	1.04765e-57	1.47364e-59	1.97709e-61	2.53137e-63	3.09461e-65	3.61399e-67	4.03364e-69	4.30444e-71	4.39358e-73	4.29103e-75	4.01136e-77	3.59041e-79	3.07782e-81	2.52757e-83	1.98896e-85	1.50004e-87	1.08446e-89	7.51683e-92	5.02786e-94	5.02786e-94	
5.89236e-15	5.65978e-16	4.94239e-17	3.93743e-18	2.87111e-19	1.92214e-20	1.18487e-21	6.7434e-23	3.55229e-24	1.73615e-25	7.88994e-27	3.34095e-28	1.32075e-29	4.88328e-31	1.69156e-32	5.49843e-34	1.67966e-35	4.82891e-37	1.30826e-38	3.34428e-40	8.07572e-42	1.84421e-43	3.98697e-45	8.16778e-47	1.58706e-48	2.92746e-50	5.13041e-52	8.54893e-54	1.35546e-55	2.04631e-57	2.94339e-59	4.03625e-61	5.27972e-63	6.59139e-65	7.85768e-67	8.94881e-69	9.7405e-71	1.01372e-72	1.00912e-74	9.61176e-77	8.7628e-79	7.64876e-81	6.39389e-83	5.12003e-85	3.92835e-87	2.88843e-89	2.03565e-91	1.37531e-93	8.96392e-96	8.96392e-96	
3.87827e-16	3.57486e-17	2.99968e-18	2.2991e-19	1.6147e-20	1.04227e-21	6.20077e-23	3.40898e-24	1.73615e-25	8.20981e-27	3.61244e-28	1.48206e-29	5.68002e-31	2.03715e-32	6.8487e-34	2.16164e-35	6.41481e-37	1.79229e-38	4.72087e-40	1.17368e-41	2.75734e-43	6.12794e-45	1.28962e-46	2.57244e-48	4.86811e-50	8.74729e-52	1.49359e-53	2.42529e-55	3.7478e-57	5.51516e-59	7.73362e-61	1.03396e-62	1.31876e-64	1.60543e-66	1.86634e-68	2.07281e-70	2.20031e-72	2.23324e-74	2.16805e-76	2.01387e-78	1.79044e-80	1.52397e-82	1.24219e-84	9.69848e-87	7.25451e-89	5.19974e-91	3.57185e-93	2.3518e-95	1.49339e-97	1.49339e-97	
2.35312e-17	2.08452e-18	1.68296e-19	1.24247e-20	8.4139e-22	5.2418e-23	3.01247e-24	1.60118e-25	7.88994e-27	3.61244e-28	1.54005e-29	6.12535e-31	2.27715e-32	7.92632e-34	2.58746e-35	7.9334e-37	2.28799e-38	6.21496e-40	1.59208e-41	3.85078e-43	8.80393e-45	1.90461e-46	3.90274e-48	7.5818e-50	1.39764e-51	2.44681e-53	4.07122e-55	6.44299e-57	9.70486e-59	1.39223e-60	1.90336e-62	2.48122e-64	3.08588e-66	3.66335e-68	4.15307e-70	4.49822e-72	4.65663e-74	4.6092e-76	4.3637e-78	3.95275e-80	3.42679e-82	2.84404e-84	2.26021e-86	1.72038e-88	1.25442e-90	8.76349e-93	5.86667e-95	3.76389e-97	2.32813e-99	2.32813e-99	
1.31985e-18	1.12511e-19	8.75057e-21	6.22956e-22	4.0718e-23	2.45056e-24	1.36162e-25	7.00249e-27	3.34095e-28	1.48206e-29	6.12535e-31	2.36322e-32	8.52645e-34	2.88178e-35	9.13839e-37	2.72298e-38	7.63472e-40	2.01691e-41	5.02647e-43	1.18312e-44	2.63305e-46	5.54626e-48	1.10681e-49	2.0945e-51	3.76174e-53	6.4173e-55	1.04064e-56	1.60527e-58	2.35715e-60	3.29677e-62	4.39454e-64	5.58603e-66	6.77461e-68	7.84277e-70	8.67074e-72	9.15859e-74	9.24607e-76	8.92484e-78	8.23956e-80	7.27784e-82	6.15201e-84	4.97805e-86	3.8568e-88	2.8616e-90	2.03368e-92	1.38457e-94	9.03153e-97	5.64502e-99	3.40054e-101	3.40054e-101	
6.86122e-20	5.63513e-21	4.22664e-22	2.90445e-23	1.83405e-24	1.06723e-25	5.73773e-27	2.85712e-28	1.32075e-29	5.68002e-31	2.27715e-32	8.52645e-34	2.98707e-35	9.80716e-37	3.0223e-38	8.75517e-40	2.38736e-41	6.13562e-43	1.48803e-44	3.40938e-46	7.38773e-48	1.51551e-49	2.946e-51	5.43148e-53	9.50564e-55	1.5804e-56	2.49801e-58	3.7564e-60	5.37752e-62	7.33322e-64	9.53147e-66	1.18145e-67	1.39725e-69	1.57743e-71	1.70072e-73	1.75185e-75	1.72469e-77	1.62339e-79	1.46142e-81	1.25862e-83	1.03728e-85	8.18253e-88	6.17957e-90	4.4688e-92	3.09497e-94	2.05312e-96	1.30471e-98	7.94313e-101	4.65904e-103	4.65904e-103	
3.31377e-21	2.62501e-22	1.90069e-23	1.26191e-24	7.7049e-26	4.3383e-27	2.25844e-28	1.08963e-29	4.88328e-31	2.03715e-32	7.92632e-34	2.88178e-35	9.80716e-37	3.12915e-38	9.37499e-40	2.64119e-41	7.00645e-43	1.75232e-44	4.13676e-46	9.2284e-48	1.94745e-49	3.89143e-51	7.36984e-53	1.32402e-54	2.25826e-56	3.6596e-58	5.63881e-60	8.26673e-62	1.15385e-63	1.53426e-65	1.94457e-67	2.35046e-69	2.71082e-71	2.98447e-73	3.13788e-75	3.15196e-77	3.02592e-79	2.77725e-81	2.43772e-83	2.04685e-85	1.6445e-87	1.26451e-89	9.30759e-92	6.55929e-94	4.42632e-96	2.86055e-98	1.77059e-100	1.04973e-102	5.99384e-105	5.99384e-105	
1.49025e-22	1.13974e-23	7.974e-25	5.11935e-26	3.02471e-27	1.64915e-28	8.31846e-30	3.89103e-31	1.69156e-32	6.8487e-34	2.58746e-35	9.13839e-37	3.0223e-38	9.37499e-40	2.73161e-41	7.48671e-43	1.93268e-44	4.70509e-46	1.08147e-47	2.34954e-49	4.82963e-51	9.40221e-53	1.73511e-54	3.03791e-56	5.05041e-58	7.97826e-60	1.19847e-61	1.71308e-63	2.33145e-65	3.02294e-67	3.73617e-69	4.40391e-71	4.95305e-73	5.31769e-75	5.45215e-77	5.34038e-79	4.99907e-81	4.47361e-83	3.82831e-85	3.13364e-87	2.45408e-89	1.83916e-91	1.31922e-93	9.05842e-96	5.95501e-98	3.74847e-100	2.25943e-102	1.3042e-104	7.24752e-107	7.24752e-107	
6.25344e-24	4.62172e-25	3.12702e-26	1.9428e-27	1.11158e-28	5.87261e-30	2.87196e-31	1.30317e-32	5.49843e-34	2.16164e-35	7.9334e-37	2.72298e-38	8.75517e-40	2.64119e-41	7.48671e-43	1.9968e-44	5.0176e-46	1.18933e-47	2.66226e-49	5.63385e-51	1.12826e-52	2.14027e-54	3.84925e-56	6.56891e-58	1.06454e-59	1.63949e-61	2.40119e-63	3.34661e-65	4.44126e-67	5.61538e-69	6.76791e-71	7.77946e-73	8.53227e-75	8.93278e-77	8.93076e-79	8.52961e-81	7.78494e-83	6.79204e-85	5.6661e-87	4.52082e-89	3.4506e-91	2.52001e-93	1.76122e-95	1.17812e-97	7.54362e-100	4.62407e-102	2.71362e-104	1.52465e-106	8.24371e-109	8.24371e-109	
2.45326e-25	1.7536e-26	1.14829e-27	6.90916e-29	3.83066e-30	1.9622e-31	9.30902e-33	4.09971e-34	1.67966e-35	6.41481e-37	2.28799e-38	7.63472e-40	2.38736e-41	7.00645e-43	1.93268e-44	5.0176e-46	1.2276e-47	2.83374e-49	6.17868e-51	1.27386e-52	2.4858e-54	4.59553e-56	8.05582e-58	1.34012e-59	2.11726e-61	3.17919e-63	4.54007e-65	6.17006e-67	7.98467e-69	9.84478e-71	1.15707e-72	1.29698e-74	1.38713e-76	1.4161e-78	1.38048e-80	1.28551e-82	1.14386e-84	9.72863e-87	7.91084e-89	6.15162e-91	4.57554e-93	3.25581e-95	2.2167e-97	1.44424e-99	9.00535e-102	5.37429e-104	3.06987e-106	1.67844e-108	8.82759e-111	8.82759e-111	
9.01408e-27	6.23661e-28	3.95529e-29	2.30628e-30	1.23983e-31	6.16116e-33	2.83703e-34	1.21326e-35	4.82891e-37	1.79229e-38	6.21496e-40	2.01691e-41	6.13562e-43	1.75232e-44	4.70509e-46	1.18933e-47	2.83374e-49	6.37165e-51	1.35349e-52	2.71909e-54	5.17102e-56	9.31775e-58	1.59221e-59	2.58222e-61	3.97758e-63	5.82351e-65	8.1092e-67	1.07466e-68	1.35616e-70	1.63056e-72	1.86882e-74	2.04271e-76	2.13031e-78	2.12055e-80	2.01552e-82	1.8298e-84	1.5872e-86	1.31581e-88	1.04279e-90	7.90195e-93	5.72656e-95	3.96958e-97	2.63236e-99	1.67011e-101	1.01387e-103	5.88941e-106	3.27365e-108	1.74124e-110	8.90536e-113	8.90536e-113	
3.10735e-28	2.08241e-29	1.27994e-30	7.23691e-32	3.77445e-33	1.82059e-34	8.1408e-36	3.38215e-37	1.30826e-38	4.72087e-40	1.59208e-41	5.02647e-43	1.48803e-44	4.13676e-46	1.08147e-47	2.66226e-49	6.17868e-51	1.35349e-52	2.80158e-54	5.48501e-56	1.0167e-57	1.78584e-59	2.97502e-61	4.7041e-63	7.0652e-65	1.00864e-66	1.36959e-68	1.76992e-70	2.17807e-72	2.55371e-74	2.85408e-76	3.04197e-78	3.09327e-80	3.0021e-82	2.78183e-84	2.46193e-86	2.08154e-88	1.6818e-90	1.29881e-92	9.58936e-95	6.76986e-97	4.57069e-99	2.95154e-101	1.82314e-103	1.07726e-105	6.08934e-108	3.29284e-110	1.70338e-112	8.46877e-115	8.46877e-115	
1.00656e-29	6.53804e-31	3.89702e-32	2.13782e-33	1.08231e-34	5.06964e-36	2.20233e-37	8.89253e-39	3.34428e-40	1.17368e-41	3.85078e-43	1.18312e-44	3.40938e-46	9.2284e-48	2.34954e-49	5.63385e-51	1.27386e-52	2.71909e-54	5.48501e-56	1.04668e-57	1.89124e-59	3.23855e-61	5.26005e-63	8.10959e-65	1.18766e-66	1.65335e-68	2.18922e-70	2.75884e-72	3.31067e-74	3.7851e-76	4.12496e-78	4.28681e-80	4.25008e-82	4.02133e-84	3.63246e-86	3.13346e-88	2.58203e-90	2.03291e-92	1.52965e-94	1.10018e-96	7.5649e-99	4.97356e-101	3.12681e-103	1.87991e-105	1.08092e-107	5.94405e-110	3.12602e-112	1.5722e-114	7.59602e-117	7.59602e-117	
3.0684e-31	1.93294e-32	1.11792e-33	5.95319e-35	2.92697e-36	1.33202e-37	5.62402e-39	2.20788e-40	8.07572e-42	2.75734e-43	8.80393e-45	2.63305e-46	7.38773e-48	1.94745e-49	4.82963e-51	1.12826e-52	2.4858e-54	5.17102e-56	1.0167e-57	1.89124e-59	3.33144e-61	5.56199e-63	8.80826e-65	1.32417e-66	1.89102e-68	2.56706e-70	3.31463e-72	4.07327e-74	4.76642e-76	5.31374e-78	5.64635e-80	5.7211e-82	5.52976e-84	5.10038e-86	4.49067e-88	3.77537e-90	3.03153e-92	2.32551e-94	1.70459e-96	1.19409e-98	7.99535e-101	5.11761e-103	3.13159e-105	1.83212e-107	1.02482e-109	5.48078e-112	2.80236e-114	1.36982e-116	6.4292e-119	6.4292e-119	
8.81488e-33	5.38847e-34	3.02543e-35	1.56474e-36	7.47471e-38	3.30623e-39	1.35727e-40	5.18243e-42	1.84421e-43	6.12794e-45	1.90461e-46	5.54626e-48	1.51551e-49	3.89143e-51	9.40221e-53	2.14027e-54	4.59553e-56	9.31775e-58	1.78584e-59	3.23855e-61	5.56199e-63	9.05417e-65	1.39814e-66	2.04957e-68	2.8542e-70	3.77832e-72	4.75736e-74	5.70077e-76	6.50471e-78	7.07066e-80	7.32526e-82	7.23598e-84	6.81783e-86	6.12941e-88	5.25957e-90	4.30886e-92	3.37103e-94	2.5191e-96	1.79842e-98	1.22678e-100	7.99708e-103	4.98222e-105	2.96669e-107	1.68848e-109	9.18531e-112	4.77593e-114	2.37336e-116	1.12713e-118	5.13702e-121	5.13702e-121	
2.38958e-34	1.4182e-35	7.73392e-37	3.88651e-38	1.80459e-39	7.76121e-41	3.09895e-42	1.15123e-43	3.98697e-45	1.28962e-46	3.90274e-48	1.10681e-49	2.946e-51	7.36984e-53	1.73511e-54	3.84925e-56	8.05582e-58	1.59221e-59	2.97502e-61	5.26005e-63	8.80826e-65	1.39814e-66	2.1053e-68	3.0095e-70	4.08684e-72	5.27556e-74	6.47734e-76	7.56847e-78	8.42025e-80	8.92383e-82	9.01314e-84	8.67903e-86	7.97067e-88	6.98376e-90	5.83961e-92	4.66114e-94	3.55235e-96	2.58549e-98	1.7974e-100	1.19367e-102	7.5737e-105	4.59145e-107	2.65969e-109	1.47217e-111	7.78617e-114	3.93469e-116	1.89969e-118	8.76176e-121	3.87612e-123	3.87612e-123	
6.12016e-36	3.52819e-37	1.8696e-38	9.13261e-40	4.12329e-41	1.72489e-42	6.70102e-44	2.42271e-45	8.16778e-47	2.57244e-48	7.5818e-50	2.0945e-51	5.43148e-53	1.32402e-54	3.03791e-56	6.56891e-58	1.34012e-59	2.58222e-61	4.7041e-63	8.10959e-65	1.32417e-66	2.04957e-68	3.0095e-70	4.19513e-72	5.55529e-74	6.99274e-76	8.37178e-78	9.53787e-80	1.03458e-81	1.06893e-83	1.05243e-85	9.87787e-88	8.84112e-90	7.54855e-92	6.14969e-94	4.78172e-96	3.54937e-98	2.51555e-100	1.70254e-102	1.10051e-104	6.79464e-107	4.00717e-109	2.25747e-111	1.21483e-113	6.24456e-116	3.06587e-118	1.43755e-120	6.43657e-123	2.76272e-125	2.76272e-125	
1.48266e-37	8.30606e-39	4.27862e-40	2.03237e-41	8.92558e-43	3.63298e-44	1.37362e-45	4.83459e-47	1.58706e-48	4.86811e-50	1.39764e-51	3.76174e-53	9.50564e-55	2.25826e-56	5.05041e-58	1.06454e-59	2.11726e-61	3.97758e-63	7.0652e-65	1.18766e-66	1.89102e-68	2.8542e-70	4.08684e-72	5.55529e-74	7.17342e-76	8.80461e-78	1.02779e-79	1.14164e-81	1.20726e-83	1.21593e-85	1.16688e-87	1.06737e-89	9.30933e-92	7.74406e-94	6.14582e-96	4.65428e-98	3.36414e-100	2.32121e-102	1.5291e-104	9.61793e-107	5.77673e-109	3.31326e-111	1.8147e-113	9.49109e-116	4.73988e-118	2.26004e-120	1.02874e-122	4.46958e-125	1.86048e-127	1.86048e-127	
3.40118e-39	1.85237e-40	9.27925e-42	4.28763e-43	1.83221e-44	7.2584e-46	2.67171e-47	9.1564e-49	2.92746e-50	8.74729e-52	2.44681e-53	6.4173e-55	1.5804e-56	3.6596e-58	7.97826e-60	1.63949e-61	3.17919e-63	5.82351e-65	1.00864e-66	1.65335e-68	2.56706e-70	3.77832e-72	5.27556e-74	6.99274e-76	8.80461e-78	1.0537e-79	1.19923e-81	1.29864e-83	1.33868e-85	1.31419e-87	1.22912e-89	1.09558e-91	9.30981e-94	7.54418e-96	5.83128e-98	4.30021e-100	3.02601e-102	2.03221e-104	1.30267e-106	7.97091e-109	4.65595e-111	2.59624e-113	1.38201e-115	7.02242e-118	3.40591e-120	1.57652e-122	6.96338e-125	2.93433e-127	1.18393e-129	1.18393e-129	
7.39563e-41	3.91723e-42	1.90895e-43	8.58309e-45	3.56991e-46	1.37683e-47	4.93495e-49	1.64726e-50	5.13041e-52	1.49359e-53	4.07122e-55	1.04064e-56	2.49801e-58	5.63881e-60	1.19847e-61	2.40119e-63	4.54007e-65	8.1092e-67	1.36959e-68	2.18922e-70	3.31463e-72	4.75736e-74	6.47734e-76	8.37178e-78	1.02779e-79	1.19923e-81	1.3306e-83	1.4046e-85	1.41128e-87	1.35024e-89	1.23057e-91	1.06869e-93	8.84644e-96	6.982e-98	5.25514e-100	3.77284e-102	2.58407e-104	1.68868e-106	1.05303e-108	6.26632e-111	3.55858e-113	1.92855e-115	9.97374e-118	4.92184e-120	2.31735e-122	1.04085e-124	4.45896e-127	1.82152e-129	7.12002e-132	7.12002e-132	
1.52579e-42	7.86243e-44	3.72856e-45	1.6318e-46	6.60777e-48	2.48168e-49	8.66367e-51	2.81718e-52	8.54893e-54	2.42529e-55	6.44299e-57	1.60527e-58	3.7564e-60	8.26673e-62	1.71308e-63	3.34661e-65	6.17006e-67	1.07466e-68	1.76992e-70	2.75884e-72	4.07327e-74	5.70077e-76	7.56847e-78	9.53787e-80	1.14164e-81	1.29864e-83	1.4046e-85	1.4452e-87	1.41517e-89	1.31937e-91	1.17154e-93	9.911e-96	7.99053e-98	6.141e-100	4.49988e-102	3.14442e-104	2.09566e-106	1.33226e-108	8.07944e-111	4.67429e-113	2.57985e-115	1.35834e-117	6.8223e-120	3.26826e-122	1.49317e-124	6.50472e-127	2.70138e-129	1.06922e-131	4.04669e-134	4.04669e-134	
2.98943e-44	1.49915e-45	6.92034e-47	2.94881e-48	1.16284e-49	4.25381e-51	1.4467e-52	4.58361e-54	1.35546e-55	3.7478e-57	9.70486e-59	2.35715e-60	5.37752e-62	1.15385e-63	2.33145e-65	4.44126e-67	7.98467e-69	1.35616e-70	2.17807e-72	3.31067e-74	4.76642e-76	6.50471e-78	8.42025e-80	1.03458e-81	1.20726e-83	1.33868e-85	1.41128e-87	1.41517e-89	1.35036e-91	1.22659e-93	1.06098e-95	8.74195e-98	6.86307e-100	5.13498e-102	3.66231e-104	2.49022e-106	1.61452e-108	9.98182e-111	5.88523e-113	3.30912e-115	1.7744e-117	9.07318e-120	4.42381e-122	2.05641e-124	9.11223e-127	3.84817e-129	1.54843e-131	5.93484e-134	2.17354e-136	2.17354e-136	
5.56704e-46	2.71773e-47	1.22153e-48	5.06904e-50	1.94707e-51	6.93903e-53	2.29947e-54	7.0998e-56	2.04631e-57	5.51516e-59	1.39223e-60	3.29677e-62	7.33322e-64	1.53426e-65	3.02294e-67	5.61538e-69	9.84478e-71	1.63056e-72	2.55371e-74	3.7851e-76	5.31374e-78	7.07066e-80	8.92383e-82	1.06893e-83	1.21593e-85	1.31419e-87	1.35024e-89	1.31937e-91	1.22659e-93	1.08535e-95	9.14356e-98	7.33614e-100	5.60705e-102	4.08327e-104	2.83379e-106	1.87446e-108	1.18189e-110	7.10405e-113	4.07075e-115	2.22373e-117	1.15802e-119	5.74827e-122	2.71956e-124	1.22613e-126	5.26696e-129	2.15511e-131	8.39734e-134	3.11483e-136	1.10316e-138	1.10316e-138	
9.8618e-48	4.68792e-49	2.05212e-50	8.29518e-52	3.10424e-53	1.07799e-54	3.48131e-56	1.04765e-57	2.94339e-59	7.73362e-61	1.90336e-62	4.39454e-64	9.53147e-66	1.94457e-67	3.73617e-69	6.76791e-71	1.15707e-72	1.86882e-74	2.85408e-76	4.12496e-78	5.64635e-80	7.32526e-82	9.01314e-84	1.05243e-85	1.16688e-87	1.22912e-89	1.23057e-91	1.17154e-93	1.06098e-95	9.14356e-98	7.50092e-100	5.859e-102	4.35856e-104	3.08859e-106	2.08519e-108	1.34137e-110	8.22267e-113	4.80347e-115	2.67412e-117	1.41867e-119	7.17179e-122	3.45442e-124	1.58511e-126	6.92794e-129	2.88342e-131	1.14249e-133	4.30822e-136	1.54556e-138	5.2898e-141	5.2898e-141	
1.66309e-49	7.69998e-51	3.28348e-52	1.29315e-53	4.71558e-55	1.5959e-56	5.02346e-58	1.47364e-59	4.03625e-61	1.03396e-62	2.48122e-64	5.58603e-66	1.18145e-67	2.35046e-69	4.40391e-71	7.77946e-73	1.29698e-74	2.04271e-76	3.04197e-78	4.28681e-80	5.7211e-82	7.23598e-84	8.67903e-86	9.87787e-88	1.06737e-89	1.09558e-91	1.06869e-93	9.911e-96	8.74195e-98	7.33614e-100	5.859e-102	4.45436e-104	3.2244e-106	2.22275e-108	1.45939e-110	9.12718e-113	5.43767e-115	3.08612e-117	1.66852e-119	8.59301e-122	4.21517e-124	1.96918e-126	8.75947e-129	3.70937e-131	1.49499e-133	5.73264e-136	2.09072e-138	7.24907e-141	2.3959e-143	2.3959e-143	
2.67188e-51	1.20514e-52	5.0072e-54	1.92169e-55	6.82963e-57	2.25294e-58	6.91307e-60	1.97709e-61	5.27972e-63	1.31876e-64	3.08588e-66	6.77461e-68	1.39725e-69	2.71082e-71	4.95305e-73	8.53227e-75	1.38713e-76	2.13031e-78	3.09327e-80	4.25008e-82	5.52976e-84	6.81783e-86	7.97067e-88	8.84112e-90	9.30933e-92	9.30981e-94	8.84644e-96	7.99053e-98	6.86307e-100	5.60705e-102	4.35856e-104	3.2244e-106	2.27058e-108	1.52221e-110	9.71663e-113	5.90601e-115	3.41844e-117	1.88417e-119	9.88897e-122	4.94184e-124	2.35116e-126	1.06477e-128	4.58911e-131	1.88185e-133	7.33996e-136	2.72211e-138	9.595e-141	3.21301e-143	1.02468e-145	1.02468e-145	
4.09215e-53	1.7985e-54	7.28216e-56	2.72392e-57	9.43634e-59	3.03454e-60	9.07803e-62	2.53137e-63	6.59139e-65	1.60543e-66	3.66335e-68	7.84277e-70	1.57743e-71	2.98447e-73	5.31769e-75	8.93278e-77	1.4161e-78	2.12055e-80	3.0021e-82	4.02133e-84	5.10038e-86	6.12941e-88	6.98376e-90	7.54855e-92	7.74406e-94	7.54418e-96	6.982e-98	6.141e-100	5.13498e-102	4.08327e-104	3.08859e-106	2.22275e-108	1.52221e-110	9.9214e-113	6.15499e-115	3.63466e-117	2.04309e-119	1.09318e-121	5.56734e-124	2.69841e-126	1.24453e-128	5.46085e-131	2.2791e-133	9.04465e-136	3.41189e-138	1.22294e-140	4.16317e-143	1.34534e-145	4.13656e-148	4.13656e-148	
5.97862e-55	2.5608e-56	1.01063e-57	3.68501e-59	1.24451e-60	3.90192e-62	1.13814e-63	3.09461e-65	7.85768e-67	1.86634e-68	4.15307e-70	8.67074e-72	1.70072e-73	3.13788e-75	5.45215e-77	8.93076e-79	1.38048e-80	2.01552e-82	2.78183e-84	3.63246e-86	4.49067e-88	5.25957e-90	5.83961e-92	6.14969e-94	6.14582e-96	5.83128e-98	5.25514e-100	4.49988e-102	3.66231e-104	2.83379e-106	2.08519e-108	1.45939e-110	9.71663e-113	6.15499e-115	3.7097e-117	2.12748e-119	1.16092e-121	6.02742e-124	2.9772e-126	1.39886e-128	6.25101e-131	2.65605e-133	1.07278e-135	4.1175e-138	1.50119e-140	5.19664e-143	1.70719e-145	5.31945e-148	1.57549e-150	1.57549e-150	
8.3373e-57	3.48088e-58	1.33918e-59	4.76051e-61	1.56754e-62	4.79212e-64	1.36302e-65	3.61399e-67	8.94881e-69	2.07281e-70	4.49822e-72	9.15859e-74	1.75185e-75	3.15196e-77	5.34038e-79	8.52961e-81	1.28551e-82	1.8298e-84	2.46193e-86	3.13346e-88	3.77537e-90	4.30886e-92	4.66114e-94	4.78172e-96	4.65428e-98	4.30021e-100	3.77284e-102	3.14442e-104	2.49022e-106	1.87446e-108	1.34137e-110	9.12718e-113	5.90601e-115	3.63466e-117	2.12748e-119	1.18442e-121	6.27144e-124	3.15803e-126	1.51216e-128	6.88401e-131	2.97886e-133	1.22492e-135	4.78494e-138	1.77498e-140	6.24992e-143	2.08787e-145	6.61362e-148	1.98523e-150	5.65824e-153	5.65824e-153	
1.11038e-58	4.5195e-60	1.69523e-61	5.87574e-63	1.88657e-64	5.62409e-66	1.55996e-67	4.03364e-69	9.7405e-71	2.20031e-72	4.65663e-74	9.24607e-76	1.72469e-77	3.02592e-79	4.99907e-81	7.78494e-83	1.14386e-84	1.5872e-86	2.08154e-88	2.58203e-90	3.03153e-92	3.37103e-94	3.55235e-96	3.54937e-98	3.36414e-100	3.02601e-102	2.58407e-104	2.09566e-106	1.61452e-108	1.18189e-110	8.22267e-113	5.43767e-115	3.41844e-117	2.04309e-119	1.16092e-121	6.27144e-124	3.2207e-126	1.57219e-128	7.29398e-131	3.21543e-133	1.34654e-135	5.35513e-138	2.02179e-140	7.24322e-143	2.46122e-145	7.92786e-148	2.41924e-150	6.98907e-153	1.91497e-155	1.91497e-155	
1.4131e-60	5.60794e-62	2.05106e-63	6.93228e-65	2.17055e-66	6.31026e-68	1.70694e-69	4.30444e-71	1.01372e-72	2.23324e-74	4.6092e-76	8.92484e-78	1.62339e-79	2.77725e-81	4.47361e-83	6.79204e-85	9.72863e-87	1.31581e-88	1.6818e-90	2.03291e-92	2.32551e-94	2.5191e-96	2.58549e-98	2.51555e-100	2.32121e-102	2.03221e-104	1.68868e-106	1.33226e-108	9.98182e-111	7.10405e-113	4.80347e-115	3.08612e-117	1.88417e-119	1.09318e-121	6.02742e-124	3.15803e-126	1.57219e-128	7.43595e-131	3.34063e-133	1.42519e-135	5.77227e-138	2.21868e-140	8.0898e-143	2.79688e-145	9.16366e-148	2.84355e-150	8.35125e-153	2.31959e-155	6.10301e-158	6.10301e-158	
1.71929e-62	6.65332e-64	2.37299e-65	7.82154e-67	2.38835e-68	6.77169e-70	1.78646e-71	4.39358e-73	1.00912e-74	2.16805e-76	4.3637e-78	8.23956e-80	1.46142e-81	2.43772e-83	3.82831e-85	5.6661e-87	7.91084e-89	1.04279e-90	1.29881e-92	1.52965e-94	1.70459e-96	1.79842e-98	1.7974e-100	1.70254e-102	1.5291e-104	1.30267e-106	1.05303e-108	8.07944e-111	5.88523e-113	4.07075e-115	2.67412e-117	1.66852e-119	9.88897e-122	5.56734e-124	2.9772e-126	1.51216e-128	7.29398e-131	3.34063e-133	1.45241e-135	5.9928e-138	2.34584e-140	8.70811e-143	3.06413e-145	1.02145e-147	3.22404e-150	9.62852e-153	2.71875e-155	7.25209e-158	1.83005e-160	1.83005e-160	
2.00079e-64	7.55084e-66	2.62646e-67	8.44296e-69	2.51441e-70	6.95302e-72	1.78898e-73	4.29103e-75	9.61176e-77	2.01387e-78	3.95275e-80	7.27784e-82	1.25862e-83	2.04685e-85	3.13364e-87	4.52082e-89	6.15162e-91	7.90195e-93	9.58936e-95	1.10018e-96	1.19409e-98	1.22678e-100	1.19367e-102	1.10051e-104	9.61793e-107	7.97091e-109	6.26632e-111	4.67429e-113	3.30912e-115	2.22373e-117	1.41867e-119	8.59301e-122	4.94184e-124	2.69841e-126	1.39886e-128	6.88401e-131	3.21543e-133	1.42519e-135	5.9928e-138	2.38982e-140	9.03466e-143	3.2365e-145	1.09808e-147	3.52641e-150	1.07123e-152	3.07581e-155	8.34073e-158	2.13408e-160	5.15836e-163	5.15836e-163	
2.22805e-66	8.20083e-68	2.78215e-69	8.7228e-71	2.53367e-72	6.83337e-74	1.71478e-75	4.01136e-77	8.7628e-79	1.79044e-80	3.42679e-82	6.15201e-84	1.03728e-85	1.6445e-87	2.45408e-89	3.4506e-91	4.57554e-93	5.72656e-95	6.76986e-97	7.5649e-99	7.99535e-101	7.99708e-103	7.5737e-105	6.79464e-107	5.77673e-109	4.65595e-111	3.55858e-113	2.57985e-115	1.7744e-117	1.15802e-119	7.17179e-122	4.21517e-124	2.35116e-126	1.24453e-128	6.25101e-131	2.97886e-133	1.34654e-135	5.77227e-138	2.34584e-140	9.03466e-143	3.29608e-145	1.13851e-147	3.72119e-150	1.15013e-152	3.35904e-155	9.26249e-158	2.40926e-160	5.90522e-163	1.3653e-165	1.3653e-165	
2.3752e-68	8.52709e-70	2.82158e-71	8.62852e-73	2.44451e-74	6.43028e-76	1.57377e-77	3.59041e-79	7.64876e-81	1.52397e-82	2.84404e-84	4.97805e-86	8.18253e-88	1.26451e-89	1.83916e-91	2.52001e-93	3.25581e-95	3.96958e-97	4.57069e-99	4.97356e-101	5.11761e-103	4.98222e-105	4.59145e-107	4.00717e-109	3.31326e-111	2.59624e-113	1.92855e-115	1.35834e-117	9.07318e-120	5.74827e-122	3.45442e-124	1.96918e-126	1.06477e-128	5.46085e-131	2.65605e-133	1.22492e-135	5.35513e-138	2.21868e-140	8.70811e-143	3.2365e-145	1.13851e-147	3.78847e-150	1.19173e-152	3.54128e-155	9.93257e-158	2.62715e-160	6.54617e-163	1.53488e-165	3.38915e-168	3.38915e-168	
2.4249e-70	8.49152e-72	2.74071e-73	8.17495e-75	2.25895e-76	5.79555e-78	1.38336e-79	3.07782e-81	6.39389e-83	1.24219e-84	2.26021e-86	3.8568e-88	6.17957e-90	9.30759e-92	1.31922e-93	1.76122e-95	2.2167e-97	2.63236e-99	2.95154e-101	3.12681e-103	3.13159e-105	2.96669e-107	2.65969e-109	2.25747e-111	1.8147e-113	1.38201e-115	9.97374e-118	6.8223e-120	4.42381e-122	2.71956e-124	1.58511e-126	8.75947e-129	4.58911e-131	2.2791e-133	1.07278e-135	4.78494e-138	2.02179e-140	8.0898e-143	3.06413e-145	1.09808e-147	3.72119e-150	1.19173e-152	3.60418e-155	1.02855e-157	2.76718e-160	7.01144e-163	1.67126e-165	3.74281e-168	7.87977e-171	7.87977e-171	
2.37172e-72	8.10144e-74	2.55057e-75	7.42061e-77	1.99998e-78	5.00443e-80	1.16496e-81	2.52757e-83	5.12003e-85	9.69848e-87	1.72038e-88	2.8616e-90	4.4688e-92	6.55929e-94	9.05842e-96	1.17812e-97	1.44424e-99	1.67011e-101	1.82314e-103	1.87991e-105	1.83212e-107	1.68848e-109	1.47217e-111	1.21483e-113	9.49109e-116	7.02242e-118	4.92184e-120	3.26826e-122	2.05641e-124	1.22613e-126	6.92794e-129	3.70937e-131	1.88185e-133	9.04465e-136	4.1175e-138	1.77498e-140	7.24322e-143	2.79688e-145	1.02145e-147	3.52641e-150	1.15013e-152	3.54128e-155	1.02855e-157	2.81549e-160	7.25626e-163	1.7588e-165	4.00424e-168	8.55101e-171	1.71333e-173	1.71333e-173	
2.22308e-74	7.40749e-76	2.27481e-77	6.45547e-79	1.69695e-80	4.14119e-82	9.40105e-84	1.98896e-85	3.92835e-87	7.25451e-89	1.25442e-90	2.03368e-92	3.09497e-94	4.42632e-96	5.95501e-98	7.54362e-100	9.00535e-102	1.01387e-103	1.07726e-105	1.08092e-107	1.02482e-109	9.18531e-112	7.78617e-114	6.24456e-116	4.73988e-118	3.40591e-120	2.31735e-122	1.49317e-124	9.11223e-127	5.26696e-129	2.88342e-131	1.49499e-133	7.33996e-136	3.41189e-138	1.50119e-140	6.24992e-143	2.46122e-145	9.16366e-148	3.22404e-150	1.07123e-152	3.35904e-155	9.93257e-158	2.76718e-160	7.25626e-163	1.78898e-165	4.14169e-168	8.99133e-171	1.82755e-173	3.478e-176	3.478e-176	
1.99758e-76	6.49293e-78	1.94497e-79	5.38352e-81	1.38022e-82	3.28481e-84	7.27158e-86	1.50004e-87	2.88843e-89	5.19974e-91	8.76349e-93	1.38457e-94	2.05312e-96	2.86055e-98	3.74847e-100	4.62407e-102	5.37429e-104	5.88941e-106	6.08934e-108	5.94405e-110	5.48078e-112	4.77593e-114	3.93469e-116	3.06587e-118	2.26004e-120	1.57652e-122	1.04085e-124	6.50472e-127	3.84817e-129	2.15511e-131	1.14249e-133	5.73264e-136	2.72211e-138	1.22294e-140	5.19664e-143	2.08787e-145	7.92786e-148	2.84355e-150	9.62852e-153	3.07581e-155	9.26249e-158	2.62715e-160	7.01144e-163	1.7588e-165	4.14169e-168	9.14306e-171	1.88924e-173	3.64764e-176	6.57886e-179	6.57886e-179	
1.72122e-78	5.45745e-80	1.5946e-81	4.30488e-83	1.07637e-84	2.49807e-86	5.39209e-88	1.08446e-89	2.03565e-91	3.57185e-93	5.86667e-95	9.03153e-97	1.30471e-98	1.77059e-100	2.25943e-102	2.71362e-104	3.06987e-106	3.27365e-108	3.29284e-110	3.12602e-112	2.80236e-114	2.37336e-116	1.89969e-118	1.43755e-120	1.02874e-122	6.96338e-125	4.45896e-127	2.70138e-129	1.54843e-131	8.39734e-134	4.30822e-136	2.09072e-138	9.595e-141	4.16317e-143	1.70719e-145	6.61362e-148	2.41924e-150	8.35125e-153	2.71875e-155	8.34073e-158	2.40926e-160	6.54617e-163	1.67126e-165	4.00424e-168	8.99133e-171	1.88924e-173	3.70819e-176	6.7859e-179	1.15708e-181	1.15708e-181	
1.42254e-80	4.39975e-82	1.2539e-83	3.30148e-85	8.05013e-87	1.82176e-88	3.83388e-90	7.51683e-92	1.37531e-93	2.3518e-95	3.76389e-97	5.64502e-99	7.94313e-101	1.04973e-102	1.3042e-104	1.52465e-106	1.67844e-108	1.74124e-110	1.70338e-112	1.5722e-114	1.36982e-116	1.12713e-118	8.76176e-121	6.43657e-123	4.46958e-125	2.93433e-127	1.82152e-129	1.06922e-131	5.93484e-134	3.11483e-136	1.54556e-138	7.24907e-141	3.21301e-143	1.34534e-145	5.31945e-148	1.98523e-150	6.98907e-153	2.31959e-155	7.25209e-158	2.13408e-160	5.90522e-163	1.53488e-165	3.74281e-168	8.55101e-171	1.82755e-173	3.64764e-176	6.7859e-179	1.17412e-181	1.8876e-184	1.8876e-184	
1.13654e-82	3.42818e-84	9.52735e-86	2.44596e-87	5.8147e-89	1.28277e-90	2.63131e-92	5.02786e-94	8.96392e-96	1.49339e-97	2.32813e-99	3.40054e-101	4.65904e-103	5.99384e-105	7.24752e-107	8.24371e-109	8.82759e-111	8.90536e-113	8.46877e-115	7.59602e-117	6.4292e-119	5.13702e-121	3.87612e-123	2.76272e-125	1.86048e-127	1.18393e-129	7.12002e-132	4.04669e-134	2.17354e-136	1.10316e-138	5.2898e-141	2.3959e-143	1.02468e-145	4.13656e-148	1.57549e-150	5.65824e-153	1.91497e-155	6.10301e-158	1.83005e-160	5.15836e-163	1.3653e-165	3.38915e-168	7.87977e-171	1.71333e-173	3.478e-176	6.57886e-179	1.15708e-181	1.8876e-184	2.85227e-187	2.85227e-187	
1.13654e-82	3.42818e-84	9.52735e-86	2.44596e-87	5.8147e-89	1.28277e-90	2.63131e-92	5.02786e-94	8.96392e-96	1.49339e-97	2.32813e-99	3.40054e-101	4.65904e-103	5.99384e-105	7.24752e-107	8.24371e-109	8.82759e-111	8.90536e-113	8.46877e-115	7.59602e-117	6.4292e-119	5.13702e-121	3.87612e-123	2.76272e-125	1.86048e-127	1.18393e-129	7.12002e-132	4.04669e-134	2.17354e-136	1.10316e-138	5.2898e-141	2.3959e-143	1.02468e-145	4.13656e-148	1.57549e-150	5.65824e-153	1.91497e-155	6.10301e-158	1.83005e-160	5.15836e-163	1.3653e-165	3.38915e-168	7.87977e-171	1.71333e-173	3.478e-176	6.57886e-179	1.15708e-181	1.8876e-184	2.85227e-187	2.85227e-187	
