-0.110306	-0.105374	-0.0655885	0.0168328	0.120175	0.245432	0.407873	0.593418	0.813203	1.04382	1.22857	1.28184	1.14254	0.809053	0.339546	-0.201821	-0.751511	-1.23118	-1.5857	-1.75295	-1.70982	-1.46908	-1.05354	-0.535927	0.0134936	0.534928	0.957603	1.21561	1.27244	1.15819	0.942777	0.707559	0.506261	0.328102	0.173794	0.0616362	-0.0312894	-0.106624	-0.132379	-0.120683	-0.115167	-0.13187	-0.146748	-0.138128	-0.126659	-0.130224	-0.131555	-0.128277	-0.131558	-0.131558	
-0.110306	-0.105374	-0.0655885	0.0168328	0.120175	0.245432	0.407873	0.593418	0.813203	1.04382	1.22857	1.28184	1.14254	0.809053	0.339546	-0.201821	-0.751511	-1.23118	-1.5857	-1.75295	-1.70982	-1.46908	-1.05354	-0.535927	0.0134936	0.534928	0.957603	1.21561	1.27244	1.15819	0.942777	0.707559	0.506261	0.328102	0.173794	0.0616362	-0.0312894	-0.106624	-0.132379	-0.120683	-0.115167	-0.13187	-0.146748	-0.138128	-0.126659	-0.130224	-0.131555	-0.128277	-0.131558	-0.131558	
-0.107149	-0.103492	-0.0596917	0.0184286	0.120321	0.247764	0.405438	0.593264	0.81146	1.0367	1.21764	1.26818	1.12832	0.801222	0.338204	-0.201527	-0.745705	-1.21916	-1.57016	-1.73412	-1.68696	-1.44876	-1.04498	-0.534973	0.0123609	0.529719	0.946803	1.20085	1.2585	1.14951	0.941026	0.708829	0.504839	0.326712	0.175055	0.0617171	-0.0311144	-0.103219	-0.129547	-0.121746	-0.117604	-0.131841	-0.144656	-0.137845	-0.128192	-0.130425	-0.131055	-0.128571	-0.131648	-0.131648	
-0.107632	-0.0981653	-0.0581676	0.0178707	0.118707	0.244844	0.40608	0.594863	0.811127	1.03186	1.19877	1.23889	1.09955	0.779195	0.32469	-0.198922	-0.727465	-1.1934	-1.53113	-1.69176	-1.65507	-1.42095	-1.02083	-0.521385	0.0116023	0.514678	0.920291	1.17069	1.23525	1.13457	0.934071	0.709121	0.504699	0.325704	0.175793	0.0609303	-0.0297706	-0.0961968	-0.124505	-0.123871	-0.122024	-0.131762	-0.140899	-0.137362	-0.130872	-0.130731	-0.130344	-0.129266	-0.131652	-0.131652	
-0.103357	-0.0908154	-0.0490191	0.0210523	0.11833	0.247137	0.403569	0.595513	0.807528	1.01547	1.16833	1.19648	1.05866	0.752307	0.312511	-0.195231	-0.707272	-1.15781	-1.47922	-1.63298	-1.59452	-1.36777	-0.991315	-0.511256	0.00797907	0.494695	0.886801	1.12945	1.19543	1.10737	0.926669	0.712482	0.503077	0.323003	0.177784	0.0609839	-0.0281543	-0.0872845	-0.11731	-0.125948	-0.127872	-0.132079	-0.136241	-0.13665	-0.133997	-0.131054	-0.129918	-0.130501	-0.131304	-0.131304	
-0.0985996	-0.0828224	-0.039627	0.0224573	0.118709	0.247422	0.403865	0.597153	0.803688	0.997147	1.1262	1.14146	1.00265	0.711688	0.295728	-0.190292	-0.676018	-1.10412	-1.41011	-1.55783	-1.52196	-1.3038	-0.946614	-0.491106	0.00466646	0.46867	0.838067	1.06932	1.14573	1.07784	0.915343	0.7113	0.502057	0.323451	0.180021	0.0599244	-0.025772	-0.076467	-0.108681	-0.127686	-0.134278	-0.132881	-0.131638	-0.135796	-0.136756	-0.13132	-0.130291	-0.13234	-0.130392	-0.130392	
-0.0962368	-0.0719222	-0.0341914	0.0225513	0.117861	0.245078	0.40514	0.599767	0.799002	0.974997	1.07926	1.07371	0.937038	0.6629	0.267427	-0.184785	-0.638792	-1.04175	-1.32188	-1.45915	-1.42925	-1.2277	-0.894716	-0.464643	-6.5312e-05	0.431885	0.780536	1.00333	1.08348	1.03392	0.898928	0.712823	0.504366	0.323932	0.180677	0.0596807	-0.0215763	-0.0655204	-0.099836	-0.128143	-0.140018	-0.134449	-0.128207	-0.134806	-0.138373	-0.131585	-0.131815	-0.13466	-0.128914	-0.128914	
-0.0906423	-0.0603653	-0.0246454	0.0289456	0.121555	0.250093	0.410677	0.601765	0.790652	0.940982	1.01506	0.992794	0.858132	0.604392	0.243965	-0.172953	-0.59374	-0.963211	-1.22374	-1.3539	-1.32187	-1.13181	-0.826896	-0.434822	-0.00819085	0.391686	0.713062	0.920621	1.00868	0.98659	0.880724	0.710167	0.505972	0.327214	0.1832	0.0605969	-0.0174375	-0.0560193	-0.0907863	-0.126407	-0.144352	-0.13706	-0.126743	-0.133617	-0.138425	-0.132066	-0.134482	-0.137095	-0.127187	-0.127187	
-0.0836993	-0.0512846	-0.019554	0.0299749	0.121283	0.250483	0.415215	0.603637	0.780856	0.906133	0.947871	0.907162	0.771407	0.53518	0.211244	-0.166442	-0.543396	-0.871267	-1.10971	-1.22711	-1.19676	-1.02806	-0.752244	-0.398828	-0.0159974	0.345145	0.635963	0.828675	0.925159	0.930594	0.854665	0.705116	0.512323	0.333819	0.184683	0.0620784	-0.0120433	-0.0478735	-0.0827326	-0.122879	-0.146439	-0.140316	-0.127656	-0.132381	-0.137022	-0.133016	-0.137811	-0.139098	-0.125854	-0.125854	
-0.0804702	-0.0425022	-0.0157236	0.0351427	0.125739	0.257877	0.425057	0.607477	0.768064	0.859801	0.871864	0.807808	0.672684	0.461161	0.173438	-0.154196	-0.480776	-0.770936	-0.984141	-1.08705	-1.06132	-0.913335	-0.666696	-0.354861	-0.0227597	0.289752	0.548599	0.73047	0.834078	0.86529	0.822165	0.699014	0.520801	0.341285	0.187352	0.0667885	-0.00617353	-0.0429045	-0.0763235	-0.11728	-0.145749	-0.143962	-0.130889	-0.131256	-0.13479	-0.134661	-0.140943	-0.140094	-0.125736	-0.125736	
-0.0742682	-0.0364348	-0.0107824	0.0424445	0.132741	0.268193	0.436445	0.60913	0.747125	0.807521	0.784759	0.702973	0.569588	0.377919	0.138332	-0.138531	-0.414338	-0.658901	-0.849244	-0.93967	-0.916779	-0.784489	-0.566107	-0.309148	-0.0356241	0.233726	0.458137	0.620485	0.733969	0.796987	0.784637	0.687475	0.528898	0.351661	0.193674	0.0738861	-0.00122804	-0.0405514	-0.0713189	-0.110639	-0.142761	-0.147197	-0.135514	-0.130643	-0.132925	-0.137029	-0.142814	-0.139704	-0.127583	-0.127583	
-0.0680209	-0.0350278	-0.00858378	0.0475013	0.136748	0.278798	0.445472	0.607568	0.723731	0.750321	0.698975	0.598278	0.461313	0.292364	0.0955946	-0.127346	-0.344101	-0.542219	-0.701924	-0.776545	-0.757852	-0.645727	-0.467761	-0.263107	-0.0412126	0.17375	0.358166	0.510099	0.633185	0.718107	0.736605	0.674304	0.539001	0.363369	0.202222	0.0830836	0.00396787	-0.0395031	-0.0685266	-0.1048	-0.137968	-0.148737	-0.14029	-0.131256	-0.132739	-0.139796	-0.142559	-0.137988	-0.13174	-0.13174	
-0.0688514	-0.0376589	-0.00328192	0.0546586	0.1517	0.297389	0.459674	0.608003	0.693061	0.68438	0.605598	0.482855	0.34513	0.204608	0.0525284	-0.108376	-0.262355	-0.418015	-0.548116	-0.608634	-0.597107	-0.5062	-0.362187	-0.205359	-0.0443911	0.109984	0.255205	0.393777	0.526813	0.637898	0.686455	0.654856	0.543224	0.376219	0.216497	0.0951197	0.00885587	-0.0395876	-0.0680751	-0.100793	-0.132233	-0.147809	-0.14397	-0.133651	-0.135152	-0.142433	-0.139967	-0.135516	-0.137873	-0.137873	
-0.0688931	-0.0382575	0.00255043	0.0631846	0.167456	0.312398	0.468625	0.599195	0.651029	0.616509	0.511082	0.370294	0.237656	0.117147	0.0121959	-0.0859794	-0.187607	-0.294928	-0.389103	-0.438183	-0.428129	-0.353192	-0.248667	-0.151384	-0.0559547	0.0453067	0.156878	0.282096	0.421546	0.550977	0.627316	0.630266	0.545215	0.390444	0.233734	0.108124	0.0147334	-0.0386954	-0.0697244	-0.100216	-0.127017	-0.143868	-0.145388	-0.138091	-0.140403	-0.14441	-0.13571	-0.133251	-0.14492	-0.14492	
-0.0751646	-0.0392977	0.00453226	0.0748778	0.184849	0.327053	0.479014	0.582795	0.60768	0.548024	0.416575	0.262745	0.12964	0.0307024	-0.0280786	-0.0674874	-0.112738	-0.168572	-0.224161	-0.258899	-0.252477	-0.203886	-0.14756	-0.100031	-0.0543782	-0.0090691	0.0579461	0.168371	0.315015	0.463421	0.568655	0.599882	0.537847	0.403348	0.254568	0.122843	0.0226191	-0.0362082	-0.0735259	-0.103646	-0.123209	-0.13721	-0.144345	-0.144242	-0.147601	-0.145476	-0.131389	-0.132256	-0.151291	-0.151291	
-0.0814474	-0.0439736	0.0110595	0.0905272	0.204653	0.347659	0.483907	0.561981	0.5605	0.473438	0.321526	0.156192	0.0231797	-0.0494983	-0.0587937	-0.0449679	-0.0360725	-0.0396049	-0.0660816	-0.086695	-0.0775394	-0.058387	-0.0436547	-0.0390735	-0.0541162	-0.0676795	-0.0343141	0.0633262	0.212971	0.379299	0.506809	0.558108	0.523611	0.416951	0.275142	0.137607	0.0341931	-0.031518	-0.0791524	-0.110343	-0.121413	-0.129572	-0.141623	-0.150722	-0.154876	-0.146045	-0.129146	-0.133248	-0.15537	-0.15537	
-0.0852778	-0.043079	0.021279	0.108331	0.224487	0.360391	0.477688	0.529761	0.505427	0.399316	0.233971	0.0604073	-0.0678998	-0.115072	-0.0867758	-0.0257051	0.0341888	0.0759173	0.0880289	0.0925131	0.0945198	0.0816361	0.0603503	0.0143547	-0.0595656	-0.115696	-0.111639	-0.0318356	0.117456	0.295641	0.439563	0.511999	0.506445	0.424034	0.290246	0.154877	0.0506719	-0.025903	-0.0854334	-0.118204	-0.122282	-0.12374	-0.138447	-0.155419	-0.160154	-0.147174	-0.130807	-0.136246	-0.156193	-0.156193	
-0.0924577	-0.0430379	0.0320985	0.12454	0.244408	0.368819	0.465358	0.495169	0.450649	0.327956	0.153112	-0.0281748	-0.1494	-0.169788	-0.109266	-0.00542688	0.100877	0.184679	0.236559	0.263869	0.259119	0.217745	0.152635	0.0555691	-0.0573841	-0.145015	-0.176193	-0.120272	0.0267183	0.217562	0.377175	0.463581	0.47855	0.42003	0.302573	0.175535	0.0687493	-0.0202377	-0.0896707	-0.125076	-0.126311	-0.122323	-0.136243	-0.156516	-0.161941	-0.149987	-0.137027	-0.140577	-0.153974	-0.153974	
-0.0963047	-0.0388676	0.0429043	0.144214	0.258235	0.369878	0.444265	0.453799	0.395182	0.262097	0.0798954	-0.103803	-0.211523	-0.214492	-0.124636	0.0174342	0.157729	0.286387	0.379482	0.420696	0.407354	0.340522	0.236231	0.0992377	-0.0467066	-0.16909	-0.233465	-0.193029	-0.0448692	0.150299	0.311824	0.407693	0.445425	0.409672	0.30866	0.19369	0.0868093	-0.012611	-0.090164	-0.129852	-0.133085	-0.12683	-0.136375	-0.153386	-0.159972	-0.155021	-0.146767	-0.145162	-0.150252	-0.150252	
-0.0955788	-0.03082	0.0599173	0.162453	0.270285	0.3626	0.413584	0.409496	0.336422	0.198722	0.0143094	-0.163518	-0.255318	-0.238702	-0.124846	0.0381225	0.208827	0.373748	0.497274	0.561201	0.547864	0.453552	0.308004	0.136003	-0.0358646	-0.185591	-0.270031	-0.238461	-0.10206	0.0814513	0.247096	0.359634	0.409976	0.384413	0.304439	0.210006	0.104304	-0.00410105	-0.0866831	-0.13115	-0.141403	-0.137222	-0.139511	-0.147324	-0.155703	-0.161609	-0.157281	-0.149026	-0.147536	-0.147536	
-0.0901988	-0.023115	0.0731082	0.172541	0.268304	0.340186	0.376123	0.36135	0.285257	0.147964	-0.0353705	-0.198884	-0.280107	-0.249317	-0.121284	0.0555846	0.252955	0.448042	0.6033	0.683201	0.662201	0.546631	0.36983	0.17033	-0.0233226	-0.189577	-0.282052	-0.26605	-0.151846	0.0251377	0.198464	0.313526	0.361725	0.349242	0.29666	0.219351	0.115014	0.00585781	-0.0778234	-0.129406	-0.150244	-0.150797	-0.145346	-0.142011	-0.151912	-0.167601	-0.16501	-0.151871	-0.148375	-0.148375	
-0.0863449	-0.0132831	0.0838234	0.177661	0.259466	0.311241	0.33709	0.31608	0.239098	0.103584	-0.0687733	-0.218604	-0.284822	-0.240715	-0.110869	0.077449	0.29007	0.504865	0.686835	0.778811	0.755958	0.620256	0.415973	0.200052	-0.00702547	-0.178382	-0.274869	-0.278075	-0.181021	-0.0104859	0.155627	0.262931	0.312758	0.314913	0.278759	0.212469	0.119949	0.0196137	-0.0666393	-0.126996	-0.156738	-0.162897	-0.153765	-0.142288	-0.151174	-0.170211	-0.167338	-0.154272	-0.154122	-0.154122	
-0.0773924	-0.00324569	0.0911257	0.175646	0.237628	0.277185	0.295662	0.272962	0.200937	0.070515	-0.0861316	-0.21793	-0.27106	-0.22153	-0.0884179	0.103905	0.322681	0.552929	0.744064	0.838145	0.814136	0.668972	0.456499	0.229656	0.0155233	-0.152894	-0.257861	-0.273062	-0.182016	-0.0289693	0.117137	0.218201	0.270266	0.276828	0.24598	0.192741	0.121263	0.0318062	-0.0581322	-0.12342	-0.157582	-0.170379	-0.164715	-0.151156	-0.154724	-0.167965	-0.16411	-0.157209	-0.164057	-0.164057	
-0.0658972	0.00556824	0.0909624	0.158959	0.203587	0.233606	0.249214	0.232955	0.16651	0.0531217	-0.0801858	-0.192722	-0.231452	-0.182558	-0.0560348	0.128917	0.344275	0.574784	0.767882	0.869809	0.847597	0.699534	0.484724	0.25365	0.0413793	-0.124612	-0.226643	-0.236125	-0.160226	-0.0376253	0.0913863	0.185011	0.23153	0.235475	0.204412	0.163491	0.114044	0.0359764	-0.0533665	-0.117643	-0.152578	-0.1723	-0.17696	-0.167959	-0.162246	-0.162193	-0.158119	-0.161386	-0.17535	-0.17535	
-0.0624991	0.00162827	0.0756478	0.127084	0.161817	0.191374	0.213315	0.206188	0.153099	0.0590615	-0.0534749	-0.148553	-0.184768	-0.140197	-0.0215863	0.154143	0.364443	0.585233	0.77166	0.86856	0.842593	0.702728	0.495211	0.27171	0.0735149	-0.0817206	-0.174172	-0.184213	-0.12728	-0.0254745	0.085026	0.161853	0.199744	0.194632	0.156637	0.126815	0.0958665	0.0280344	-0.053747	-0.110371	-0.143238	-0.169664	-0.188732	-0.18806	-0.17183	-0.157275	-0.154395	-0.166679	-0.184002	-0.184002	
-0.0584968	-0.00396379	0.0541237	0.0908651	0.121052	0.152555	0.182613	0.185802	0.14776	0.0780707	-0.0117603	-0.0917962	-0.122842	-0.0835424	0.0250136	0.188481	0.378541	0.576909	0.744161	0.826546	0.803407	0.678063	0.490871	0.294771	0.114433	-0.0301499	-0.112623	-0.125426	-0.0777601	0.0118468	0.0998404	0.154146	0.173223	0.151674	0.11187	0.0896745	0.0620945	0.00345179	-0.0590903	-0.102355	-0.133475	-0.16617	-0.197374	-0.203653	-0.181333	-0.159466	-0.157777	-0.171895	-0.186848	-0.186848	
-0.0613994	-0.0224113	0.0170397	0.0441215	0.0743325	0.114599	0.156645	0.17467	0.162106	0.118107	0.0514026	-0.0158815	-0.0484331	-0.0157321	0.0790454	0.220742	0.381607	0.545778	0.683316	0.751942	0.735884	0.634093	0.480259	0.313821	0.153777	0.0243974	-0.0505224	-0.0558432	-0.00104157	0.074171	0.130798	0.155659	0.151708	0.121483	0.0804546	0.0451538	0.00885087	-0.0315734	-0.0679725	-0.0998451	-0.129835	-0.164198	-0.198738	-0.208453	-0.190604	-0.173146	-0.1696	-0.175559	-0.183772	-0.183772	
-0.078437	-0.058671	-0.0331417	-0.00855158	0.0306327	0.0849435	0.143061	0.185131	0.19962	0.182855	0.133722	0.0701331	0.0330523	0.0532966	0.130138	0.244903	0.370767	0.498553	0.604267	0.658164	0.647294	0.567213	0.448093	0.317381	0.188166	0.084033	0.0278553	0.0342609	0.0849864	0.141468	0.176553	0.177189	0.152206	0.109506	0.0485091	-0.0104001	-0.0467681	-0.0682332	-0.0896408	-0.112151	-0.1341	-0.162368	-0.191428	-0.203058	-0.20065	-0.196165	-0.186627	-0.177814	-0.178211	-0.178211	
-0.107877	-0.103595	-0.0848683	-0.0530331	-0.000506324	0.0699607	0.147856	0.21445	0.256457	0.259889	0.220611	0.157163	0.11423	0.125237	0.183667	0.270116	0.356533	0.437538	0.506473	0.539753	0.528237	0.474589	0.398027	0.31459	0.229709	0.153375	0.10923	0.120375	0.170575	0.223692	0.247667	0.225329	0.173571	0.101951	0.0134982	-0.055928	-0.0906833	-0.114436	-0.13288	-0.138763	-0.144182	-0.160981	-0.180013	-0.194189	-0.210562	-0.219344	-0.203448	-0.181428	-0.175384	-0.175384	
-0.14647	-0.155742	-0.135642	-0.0939725	-0.0257002	0.0624647	0.1636	0.260121	0.327909	0.349653	0.316917	0.252732	0.204558	0.202258	0.237535	0.285439	0.323436	0.357806	0.387605	0.400936	0.397519	0.373151	0.339406	0.304747	0.26064	0.212801	0.187646	0.208167	0.264639	0.322532	0.338604	0.292453	0.206918	0.10187	-0.00453697	-0.081096	-0.132311	-0.174009	-0.189068	-0.175709	-0.162544	-0.163246	-0.172275	-0.189917	-0.2168	-0.231663	-0.215689	-0.190034	-0.179907	-0.179907	
-0.200468	-0.212981	-0.185338	-0.126945	-0.0410145	0.0699844	0.201436	0.327325	0.419258	0.452243	0.420916	0.35284	0.295081	0.274312	0.27741	0.283194	0.273151	0.262053	0.262103	0.263345	0.264114	0.261861	0.265515	0.275866	0.275755	0.264018	0.263668	0.300841	0.368807	0.428811	0.435753	0.370946	0.258439	0.126994	0.000688827	-0.0984233	-0.175527	-0.232148	-0.247574	-0.224524	-0.191861	-0.173329	-0.176812	-0.194571	-0.21534	-0.227857	-0.221597	-0.204605	-0.19428	-0.19428	
-0.261048	-0.268896	-0.224557	-0.14861	-0.0400107	0.0997573	0.262354	0.416773	0.524016	0.560579	0.525875	0.449838	0.377611	0.333366	0.302814	0.26471	0.211596	0.165033	0.136573	0.123814	0.128191	0.143605	0.178011	0.228695	0.273994	0.306508	0.339485	0.395182	0.470224	0.531488	0.537413	0.465522	0.335518	0.177959	0.0198905	-0.109964	-0.208076	-0.278945	-0.305995	-0.281321	-0.231658	-0.199678	-0.198874	-0.204907	-0.206187	-0.213306	-0.221715	-0.221444	-0.217916	-0.217916	
-0.318519	-0.310659	-0.249052	-0.151699	-0.0186632	0.150802	0.343501	0.516619	0.631731	0.667745	0.627734	0.542447	0.454502	0.382231	0.312255	0.232951	0.13947	0.0592955	0.0123722	-0.00837254	-0.00495446	0.0217079	0.0813397	0.169676	0.259938	0.334793	0.401526	0.480244	0.567151	0.634596	0.645111	0.572725	0.431484	0.248262	0.0548972	-0.106138	-0.225685	-0.314422	-0.35587	-0.336719	-0.286437	-0.249715	-0.233441	-0.214996	-0.197606	-0.20082	-0.218065	-0.234617	-0.245923	-0.245923	
-0.366412	-0.341813	-0.259531	-0.141159	0.0207165	0.22179	0.438116	0.625068	0.742745	0.775061	0.72844	0.630345	0.518323	0.412702	0.304231	0.184027	0.0579835	-0.0436666	-0.107353	-0.13658	-0.130172	-0.0924278	-0.01462	0.100311	0.226193	0.341959	0.446314	0.552675	0.657766	0.737672	0.756415	0.687273	0.5393	0.333936	0.108414	-0.0830649	-0.22595	-0.33188	-0.38976	-0.391704	-0.358175	-0.315059	-0.271003	-0.22835	-0.202096	-0.200693	-0.21504	-0.241383	-0.268597	-0.268597	
-0.403203	-0.357356	-0.255744	-0.110616	0.0813404	0.308699	0.543238	0.735464	0.852465	0.881917	0.826165	0.709516	0.569492	0.424888	0.273986	0.119315	-0.0331054	-0.151107	-0.218432	-0.245543	-0.237544	-0.197013	-0.110121	0.0230816	0.175185	0.323677	0.46589	0.608928	0.742734	0.841636	0.869878	0.801762	0.647424	0.428486	0.182994	-0.0330065	-0.201011	-0.330496	-0.415332	-0.447124	-0.429753	-0.377728	-0.313183	-0.257612	-0.225703	-0.215704	-0.220128	-0.244161	-0.274987	-0.274987	
-0.427672	-0.361641	-0.233465	-0.0588663	0.163356	0.413867	0.657837	0.852135	0.966808	0.987277	0.914804	0.770612	0.591347	0.406368	0.221673	0.0408135	-0.123653	-0.242912	-0.311493	-0.339497	-0.330735	-0.289323	-0.201517	-0.0643989	0.103571	0.283625	0.466218	0.650664	0.819819	0.939822	0.973799	0.905501	0.752819	0.535	0.282547	0.045996	-0.154209	-0.319402	-0.435312	-0.487442	-0.479158	-0.431465	-0.369254	-0.309337	-0.266655	-0.245843	-0.238882	-0.246204	-0.261772	-0.261772	
-0.430238	-0.33713	-0.180964	0.0237624	0.268678	0.528169	0.773075	0.962243	1.06849	1.0768	0.981575	0.804038	0.589701	0.370235	0.158139	-0.0360163	-0.205789	-0.325867	-0.390915	-0.416479	-0.411114	-0.377322	-0.294479	-0.153237	0.0289324	0.233147	0.450427	0.672827	0.872917	1.01453	1.06316	1.00595	0.863678	0.65319	0.397299	0.139964	-0.0949539	-0.294864	-0.433474	-0.497986	-0.504682	-0.480362	-0.437005	-0.37801	-0.324241	-0.291384	-0.267767	-0.248259	-0.240099	-0.240099	
-0.409776	-0.291224	-0.106165	0.120535	0.376154	0.637886	0.878476	1.06212	1.16121	1.15197	1.02894	0.817874	0.567222	0.319529	0.0919289	-0.110568	-0.280352	-0.396521	-0.462434	-0.491237	-0.487853	-0.453326	-0.368998	-0.228156	-0.0422175	0.174431	0.410364	0.658282	0.892401	1.06988	1.14696	1.10917	0.97803	0.769229	0.506744	0.236003	-0.0180232	-0.238891	-0.39767	-0.483812	-0.516874	-0.521652	-0.502128	-0.454738	-0.398162	-0.348264	-0.297944	-0.252888	-0.230189	-0.230189	
-0.373159	-0.223951	-0.0149011	0.225532	0.484626	0.742062	0.978423	1.15668	1.24287	1.21222	1.05809	0.810448	0.530211	0.260559	0.0190861	-0.186452	-0.354783	-0.467988	-0.528105	-0.549472	-0.540715	-0.506687	-0.428027	-0.294062	-0.115234	0.0979198	0.344235	0.619053	0.890671	1.10984	1.22292	1.20565	1.07891	0.867725	0.606219	0.339539	0.0846163	-0.148814	-0.333614	-0.453071	-0.517013	-0.548239	-0.554724	-0.52925	-0.476831	-0.407288	-0.329286	-0.269898	-0.246871	-0.246871	
-0.311758	-0.13428	0.0930895	0.339114	0.594704	0.848087	1.07907	1.24577	1.31292	1.25041	1.05713	0.774967	0.467318	0.182942	-0.0587934	-0.258503	-0.415853	-0.51691	-0.570725	-0.590227	-0.583459	-0.553125	-0.480526	-0.358953	-0.19163	0.0197514	0.274054	0.567972	0.87244	1.1295	1.27203	1.27347	1.15869	0.956479	0.705707	0.451266	0.202905	-0.038094	-0.248134	-0.403053	-0.500424	-0.559316	-0.590468	-0.58453	-0.539054	-0.462408	-0.373975	-0.312216	-0.29277	-0.29277	
-0.216111	-0.0158457	0.217625	0.457778	0.704373	0.947002	1.16365	1.31006	1.34614	1.24733	1.02104	0.71327	0.395643	0.113417	-0.12057	-0.308771	-0.456659	-0.553718	-0.60766	-0.628783	-0.623748	-0.59713	-0.531385	-0.415772	-0.252757	-0.0455797	0.209854	0.512654	0.831507	1.10997	1.28157	1.31417	1.22469	1.04031	0.804311	0.562584	0.322395	0.0806592	-0.145532	-0.331687	-0.464634	-0.551775	-0.599781	-0.604848	-0.573263	-0.514574	-0.44099	-0.385398	-0.366065	-0.366065	
-0.099199	0.108628	0.334832	0.562784	0.795808	1.02454	1.22355	1.34275	1.34805	1.21869	0.967094	0.648596	0.331014	0.0552681	-0.167408	-0.347094	-0.489501	-0.585403	-0.643517	-0.668459	-0.666229	-0.638537	-0.567865	-0.452005	-0.294397	-0.0944531	0.150582	0.443119	0.763987	1.06098	1.26118	1.3278	1.27218	1.11451	0.896516	0.666257	0.434289	0.196956	-0.0359952	-0.243055	-0.402675	-0.510968	-0.571915	-0.591346	-0.586582	-0.564519	-0.522755	-0.483552	-0.4681	-0.4681	
0.022333	0.227674	0.442199	0.656211	0.875299	1.08738	1.26053	1.34971	1.32396	1.16815	0.903577	0.583119	0.273081	0.00914062	-0.204166	-0.378232	-0.51934	-0.618051	-0.680163	-0.706542	-0.699863	-0.663812	-0.589116	-0.474997	-0.323879	-0.137382	0.0919556	0.372738	0.688248	0.990806	1.21266	1.31452	1.29619	1.1695	0.974298	0.756995	0.531369	0.29981	0.0712694	-0.136575	-0.30339	-0.425739	-0.508563	-0.558428	-0.590838	-0.608116	-0.603536	-0.59471	-0.596684	-0.596684	
0.145823	0.343139	0.543305	0.742706	0.944032	1.13026	1.27256	1.32787	1.27359	1.1015	0.831545	0.518012	0.221096	-0.0310428	-0.234944	-0.404205	-0.542519	-0.642147	-0.707994	-0.734027	-0.725136	-0.685784	-0.606279	-0.491725	-0.346655	-0.169864	0.0450464	0.306999	0.609534	0.912625	1.1477	1.27445	1.28888	1.19543	1.02628	0.823507	0.607347	0.390225	0.181273	-0.00918313	-0.170118	-0.305892	-0.421476	-0.514206	-0.588117	-0.642435	-0.676063	-0.706248	-0.734614	-0.734614	
0.2707	0.455823	0.639466	0.818959	0.991693	1.14481	1.24882	1.27129	1.19719	1.01715	0.754264	0.45728	0.178603	-0.0580657	-0.251655	-0.416081	-0.554625	-0.658607	-0.72968	-0.76036	-0.751584	-0.70495	-0.619619	-0.504981	-0.363146	-0.194489	0.0081407	0.256582	0.545363	0.837038	1.07064	1.21013	1.24574	1.17747	1.03612	0.859871	0.669839	0.481575	0.300378	0.12961	-0.02562	-0.173975	-0.320278	-0.455607	-0.574089	-0.669299	-0.741083	-0.804544	-0.852851	-0.852851	
0.388696	0.558806	0.720429	0.869954	1.00733	1.11993	1.18765	1.18627	1.10186	0.928194	0.682919	0.408826	0.152196	-0.0686535	-0.254348	-0.418175	-0.557988	-0.668473	-0.750198	-0.786122	-0.777058	-0.72755	-0.637983	-0.519232	-0.374569	-0.204799	-0.00620091	0.228619	0.49777	0.769766	0.987218	1.11824	1.15756	1.11061	1.00683	0.874238	0.727164	0.576418	0.420377	0.260891	0.107135	-0.0478481	-0.212884	-0.382989	-0.54698	-0.686477	-0.791867	-0.873718	-0.927693	-0.927693	
0.497073	0.646829	0.776608	0.88911	0.982542	1.05642	1.09524	1.07969	1.00013	0.84367	0.623942	0.378713	0.145553	-0.0622672	-0.24367	-0.40861	-0.555842	-0.679237	-0.772182	-0.817586	-0.813581	-0.757515	-0.655746	-0.525548	-0.371056	-0.195998	0.000104804	0.222046	0.466366	0.703944	0.888618	1.00059	1.0393	1.01409	0.952371	0.870146	0.771224	0.658516	0.524109	0.371859	0.218604	0.0613473	-0.113459	-0.307606	-0.506408	-0.679796	-0.808386	-0.898496	-0.951131	-0.951131	
0.586579	0.706706	0.798563	0.866528	0.919979	0.96353	0.984651	0.971381	0.906712	0.775043	0.586119	0.36957	0.155595	-0.0428042	-0.22473	-0.399701	-0.558099	-0.695342	-0.804627	-0.858755	-0.850272	-0.780343	-0.663221	-0.518825	-0.352386	-0.170947	0.0202529	0.221399	0.432538	0.633203	0.787229	0.880963	0.916536	0.908172	0.880661	0.839349	0.78219	0.707072	0.598369	0.457138	0.304275	0.143327	-0.0368321	-0.239378	-0.448179	-0.631664	-0.77083	-0.868376	-0.922854	-0.922854	
0.655885	0.740998	0.78754	0.814668	0.834666	0.857738	0.875359	0.871768	0.828061	0.724634	0.564589	0.372638	0.174433	-0.0215261	-0.21234	-0.397072	-0.56687	-0.719009	-0.835182	-0.888872	-0.875225	-0.792181	-0.659171	-0.501306	-0.327943	-0.148741	0.0322664	0.215684	0.401461	0.572548	0.70158	0.779207	0.806752	0.801843	0.789634	0.772287	0.747897	0.709732	0.631311	0.50603	0.355732	0.193347	0.0167083	-0.174839	-0.367181	-0.537258	-0.674824	-0.77846	-0.837153	-0.837153	
0.707235	0.74719	0.750663	0.741369	0.737557	0.753292	0.773133	0.784542	0.762178	0.682165	0.546612	0.376455	0.188574	-0.00648091	-0.200091	-0.392421	-0.569587	-0.726908	-0.849578	-0.908718	-0.891109	-0.796442	-0.654134	-0.492463	-0.318323	-0.13794	0.0417064	0.215677	0.384269	0.534091	0.642624	0.700903	0.7102	0.694389	0.681002	0.671674	0.666851	0.656903	0.607076	0.503784	0.367794	0.219078	0.0622545	-0.102506	-0.263811	-0.407079	-0.530239	-0.628207	-0.683501	-0.683501	
