-0.66363	-0.610995	-0.54564	-0.458844	-0.361408	-0.259708	-0.170099	-0.0906336	-0.00820148	0.0778363	0.154318	0.226025	0.304826	0.397941	0.485865	0.540958	0.544614	0.504867	0.443454	0.378295	0.336324	0.32136	0.321667	0.320738	0.304514	0.270115	0.241913	0.229874	0.235198	0.248726	0.255249	0.263402	0.266465	0.246455	0.203183	0.129831	0.0285722	-0.0845612	-0.204702	-0.327033	-0.454429	-0.578097	-0.688583	-0.790809	-0.874034	-0.93436	-0.975961	-1.00091	-1.01926	-1.01926	
-0.610995	-0.563835	-0.503788	-0.423049	-0.324918	-0.218544	-0.118588	-0.0198936	0.0844633	0.183615	0.265661	0.332106	0.400346	0.478383	0.546782	0.581878	0.570338	0.518634	0.4423	0.372483	0.336892	0.329859	0.331648	0.323757	0.295359	0.244683	0.192882	0.160316	0.150218	0.144605	0.135223	0.135138	0.137788	0.127646	0.105801	0.0653405	0.000839272	-0.0804111	-0.178524	-0.289996	-0.409443	-0.534208	-0.650613	-0.758268	-0.856295	-0.926593	-0.975533	-1.01077	-1.03009	-1.03009	
-0.54564	-0.503788	-0.447327	-0.376049	-0.28743	-0.179299	-0.0678175	0.0502403	0.162788	0.263949	0.344539	0.402973	0.460847	0.520199	0.566012	0.579472	0.550403	0.485831	0.402365	0.333549	0.297558	0.290454	0.290362	0.276772	0.250145	0.198427	0.13006	0.0746312	0.0432714	0.0193181	-0.00703664	-0.016212	-0.018327	-0.023212	-0.0252318	-0.0335535	-0.051121	-0.0933518	-0.156349	-0.238371	-0.340398	-0.451839	-0.567135	-0.679203	-0.775989	-0.842868	-0.889129	-0.91982	-0.941296	-0.941296	
-0.458844	-0.423049	-0.376049	-0.316816	-0.240298	-0.134736	-0.0124637	0.118962	0.236276	0.333795	0.406245	0.454333	0.495288	0.528432	0.549624	0.54022	0.487151	0.408764	0.32024	0.249116	0.209854	0.204282	0.204285	0.192575	0.178229	0.127718	0.0503618	-0.0226145	-0.0768365	-0.119931	-0.159554	-0.182292	-0.19443	-0.196236	-0.181726	-0.153955	-0.124418	-0.119446	-0.139116	-0.181377	-0.251339	-0.340323	-0.443372	-0.551253	-0.639473	-0.698127	-0.740236	-0.76929	-0.793952	-0.793952	
-0.361408	-0.324918	-0.28743	-0.240298	-0.17303	-0.0740177	0.0571051	0.195624	0.317752	0.406225	0.457991	0.483681	0.497943	0.504114	0.495345	0.455753	0.380438	0.292427	0.209031	0.138803	0.101817	0.0966561	0.096228	0.0941226	0.0804512	0.0327605	-0.0439973	-0.131517	-0.201965	-0.256795	-0.30272	-0.336043	-0.356032	-0.361111	-0.335578	-0.275969	-0.209708	-0.156801	-0.130423	-0.130249	-0.162997	-0.225649	-0.309262	-0.402167	-0.476277	-0.525208	-0.558941	-0.588202	-0.610924	-0.610924	
-0.259708	-0.218544	-0.179299	-0.134736	-0.0740177	0.0193455	0.150893	0.286627	0.401832	0.471817	0.494209	0.494953	0.479974	0.454185	0.410222	0.335019	0.243275	0.153365	0.0754422	0.0142433	-0.0135702	-0.0155907	-0.00708009	-0.010449	-0.0284226	-0.0695113	-0.142434	-0.229749	-0.308765	-0.371022	-0.420363	-0.458508	-0.484585	-0.488267	-0.450502	-0.366919	-0.277379	-0.191849	-0.128702	-0.0998175	-0.100407	-0.135686	-0.191289	-0.256008	-0.312962	-0.354657	-0.384991	-0.414458	-0.433797	-0.433797	
-0.170099	-0.118588	-0.0678175	-0.0124637	0.0571051	0.150893	0.270445	0.393465	0.49254	0.531921	0.521971	0.485143	0.437386	0.371339	0.288263	0.190256	0.09404	0.00922068	-0.0584235	-0.108719	-0.126136	-0.117563	-0.107105	-0.111852	-0.135194	-0.166362	-0.227382	-0.302489	-0.373644	-0.43486	-0.478834	-0.516844	-0.550923	-0.553721	-0.509511	-0.425276	-0.323826	-0.224388	-0.1422	-0.0911464	-0.0735782	-0.0815101	-0.102839	-0.134681	-0.174946	-0.213418	-0.244614	-0.275499	-0.288578	-0.288578	
-0.0906336	-0.0198936	0.0502403	0.118962	0.195624	0.286627	0.393465	0.498876	0.575613	0.583469	0.537215	0.461656	0.370806	0.2657	0.149022	0.0375866	-0.0544353	-0.129869	-0.190726	-0.225192	-0.22711	-0.209025	-0.200108	-0.206195	-0.223549	-0.242344	-0.27884	-0.328326	-0.383509	-0.435786	-0.474624	-0.517311	-0.554319	-0.555647	-0.515948	-0.439069	-0.344994	-0.251538	-0.162391	-0.105015	-0.0757099	-0.0540003	-0.0417037	-0.0453863	-0.0706955	-0.113343	-0.156149	-0.184618	-0.200163	-0.200163	
-0.00820148	0.0844633	0.162788	0.236276	0.317752	0.401832	0.49254	0.575613	0.621843	0.604638	0.527952	0.41326	0.275399	0.130979	-0.00603907	-0.11952	-0.201717	-0.262862	-0.307792	-0.323174	-0.311874	-0.286063	-0.273414	-0.275961	-0.280503	-0.285821	-0.297643	-0.322021	-0.352742	-0.386066	-0.418215	-0.458446	-0.491642	-0.497348	-0.467311	-0.409293	-0.342069	-0.262072	-0.187365	-0.133538	-0.0930299	-0.0507693	-0.00957964	0.00860647	-0.00939568	-0.0560051	-0.106295	-0.145226	-0.161094	-0.161094	
0.0778363	0.183615	0.263949	0.333795	0.406225	0.471817	0.531921	0.583469	0.604638	0.570328	0.468667	0.316147	0.147182	-0.0167798	-0.16249	-0.271566	-0.338256	-0.382756	-0.406717	-0.402179	-0.373069	-0.336937	-0.31341	-0.302682	-0.29354	-0.288525	-0.286002	-0.289737	-0.302945	-0.319436	-0.340845	-0.370369	-0.394125	-0.39722	-0.375281	-0.342838	-0.304224	-0.250308	-0.201601	-0.157962	-0.115353	-0.0613091	-0.00695865	0.0182348	0.00868415	-0.0352345	-0.0866475	-0.129551	-0.14966	-0.14966	
0.154318	0.265661	0.344539	0.406245	0.457991	0.494209	0.521971	0.537215	0.527952	0.468667	0.34331	0.173243	-0.00431875	-0.170637	-0.308103	-0.407277	-0.464866	-0.489242	-0.491413	-0.470115	-0.426441	-0.371695	-0.32684	-0.299411	-0.274551	-0.261145	-0.25091	-0.244636	-0.248559	-0.249727	-0.258517	-0.272744	-0.281726	-0.279483	-0.265985	-0.253647	-0.242769	-0.218652	-0.19452	-0.169145	-0.129607	-0.0783911	-0.0274594	-0.00364594	-0.00721398	-0.0359115	-0.0825047	-0.12275	-0.146541	-0.146541	
0.226025	0.332106	0.402973	0.454333	0.483681	0.494953	0.485143	0.461656	0.41326	0.316147	0.173243	0.00287135	-0.165751	-0.317918	-0.444003	-0.527442	-0.570957	-0.580137	-0.566798	-0.536675	-0.475946	-0.404728	-0.341929	-0.290088	-0.253481	-0.227887	-0.207027	-0.197644	-0.194934	-0.186923	-0.180819	-0.177159	-0.174269	-0.164512	-0.156203	-0.163159	-0.170947	-0.171047	-0.165495	-0.154717	-0.125496	-0.0870863	-0.0544573	-0.0391395	-0.0407468	-0.0539053	-0.0899781	-0.12368	-0.146762	-0.146762	
0.304826	0.400346	0.460847	0.495288	0.497943	0.479974	0.437386	0.370806	0.275399	0.147182	-0.00431875	-0.165751	-0.318551	-0.449312	-0.556056	-0.62454	-0.65318	-0.651082	-0.630698	-0.59176	-0.522635	-0.442448	-0.366755	-0.297798	-0.245263	-0.203404	-0.170311	-0.159335	-0.15208	-0.138442	-0.118526	-0.0964856	-0.078843	-0.0611575	-0.0536065	-0.070209	-0.0909733	-0.103682	-0.11051	-0.112061	-0.100709	-0.0837705	-0.0759034	-0.0781928	-0.0828682	-0.0901886	-0.117419	-0.141677	-0.160926	-0.160926	
0.397941	0.478383	0.520199	0.528432	0.504114	0.454185	0.371339	0.2657	0.130979	-0.0167798	-0.170637	-0.317918	-0.449312	-0.566511	-0.64708	-0.689204	-0.699984	-0.685645	-0.654555	-0.599753	-0.531379	-0.456226	-0.376387	-0.309892	-0.247918	-0.198762	-0.159858	-0.141945	-0.132586	-0.108898	-0.0745071	-0.0323878	0.00265799	0.029552	0.0428059	0.0240006	0.000110094	-0.0172834	-0.0362057	-0.0512689	-0.0657512	-0.078908	-0.0987179	-0.123825	-0.138747	-0.146836	-0.163474	-0.175587	-0.184295	-0.184295	
0.485865	0.546782	0.566012	0.549624	0.495345	0.410222	0.288263	0.149022	-0.00603907	-0.16249	-0.308103	-0.444003	-0.556056	-0.64708	-0.699167	-0.718994	-0.709948	-0.672546	-0.623961	-0.558436	-0.493776	-0.431932	-0.368819	-0.312239	-0.251637	-0.208256	-0.170739	-0.145066	-0.132765	-0.100955	-0.0488496	0.0133232	0.0678782	0.108923	0.131527	0.120918	0.0995382	0.0747572	0.0443889	0.0101909	-0.0300681	-0.0699099	-0.11793	-0.165559	-0.197748	-0.214981	-0.226158	-0.228376	-0.228342	-0.228342	
0.540958	0.581878	0.579472	0.54022	0.455753	0.335019	0.190256	0.0375866	-0.11952	-0.271566	-0.407277	-0.527442	-0.62454	-0.689204	-0.718994	-0.712231	-0.679798	-0.625051	-0.558855	-0.48962	-0.435323	-0.393488	-0.349093	-0.303962	-0.257798	-0.223651	-0.188582	-0.161766	-0.13944	-0.0976449	-0.0328147	0.0454535	0.114478	0.16556	0.196416	0.202402	0.185671	0.155384	0.117914	0.068412	0.0146017	-0.046974	-0.119332	-0.191061	-0.24874	-0.279735	-0.294776	-0.293183	-0.289974	-0.289974	
0.544614	0.570338	0.550403	0.487151	0.380438	0.243275	0.09404	-0.0544353	-0.201717	-0.338256	-0.464866	-0.570957	-0.65318	-0.699984	-0.709948	-0.679798	-0.622433	-0.551933	-0.474531	-0.410127	-0.369058	-0.346912	-0.324412	-0.297678	-0.269069	-0.248238	-0.221931	-0.187314	-0.147505	-0.0928521	-0.0174697	0.0669719	0.136955	0.189189	0.227516	0.248555	0.240349	0.210307	0.167736	0.114981	0.0590952	-0.0144678	-0.101054	-0.19183	-0.271185	-0.31745	-0.341754	-0.346363	-0.34648	-0.34648	
0.504867	0.518634	0.485831	0.408764	0.292427	0.153365	0.00922068	-0.129869	-0.262862	-0.382756	-0.489242	-0.580137	-0.651082	-0.685645	-0.672546	-0.625051	-0.551933	-0.469465	-0.381618	-0.319704	-0.289111	-0.285817	-0.293993	-0.290837	-0.286075	-0.280451	-0.266113	-0.224064	-0.167748	-0.0998254	-0.0184517	0.0648408	0.135668	0.186102	0.230625	0.259553	0.259279	0.22862	0.184469	0.138373	0.0849537	0.0156756	-0.0737927	-0.170707	-0.256493	-0.314672	-0.345308	-0.359189	-0.365063	-0.365063	
0.443454	0.4423	0.402365	0.32024	0.209031	0.0754422	-0.0584235	-0.190726	-0.307792	-0.406717	-0.491413	-0.566798	-0.630698	-0.654555	-0.623961	-0.558855	-0.474531	-0.381618	-0.291849	-0.226344	-0.205133	-0.220573	-0.251228	-0.273051	-0.295795	-0.314751	-0.316278	-0.274748	-0.201012	-0.118032	-0.0305559	0.0496599	0.118248	0.16391	0.200815	0.232763	0.237055	0.212002	0.17419	0.132426	0.0871571	0.025985	-0.0526285	-0.136074	-0.214354	-0.268875	-0.299035	-0.317827	-0.325304	-0.325304	
0.378295	0.372483	0.333549	0.249116	0.138803	0.0142433	-0.108719	-0.225192	-0.323174	-0.402179	-0.470115	-0.536675	-0.59176	-0.599753	-0.558436	-0.48962	-0.410127	-0.319704	-0.226344	-0.160463	-0.146903	-0.177809	-0.227803	-0.267381	-0.307013	-0.335503	-0.344092	-0.30187	-0.218192	-0.13591	-0.0530223	0.0223187	0.0846207	0.12507	0.152823	0.177876	0.18951	0.173216	0.140832	0.103722	0.062225	0.017616	-0.0383693	-0.095777	-0.150518	-0.194056	-0.21691	-0.233192	-0.239447	-0.239447	
0.336324	0.336892	0.297558	0.209854	0.101817	-0.0135702	-0.126136	-0.22711	-0.311874	-0.373069	-0.426441	-0.475946	-0.522635	-0.531379	-0.493776	-0.435323	-0.369058	-0.289111	-0.205133	-0.146903	-0.148565	-0.193357	-0.246231	-0.291138	-0.322372	-0.343167	-0.341838	-0.291105	-0.211694	-0.135454	-0.066514	-0.00419876	0.0491676	0.0778241	0.0923068	0.112059	0.13121	0.128808	0.104065	0.0675996	0.0302243	0.000531039	-0.0295261	-0.0578167	-0.0858759	-0.111095	-0.122762	-0.130037	-0.131544	-0.131544	
0.32136	0.329859	0.290454	0.204282	0.0966561	-0.0155907	-0.117563	-0.209025	-0.286063	-0.336937	-0.371695	-0.404728	-0.442448	-0.456226	-0.431932	-0.393488	-0.346912	-0.285817	-0.220573	-0.177809	-0.193357	-0.244433	-0.294349	-0.328286	-0.340624	-0.340156	-0.317238	-0.256816	-0.184257	-0.119472	-0.0649865	-0.0198125	0.0181229	0.0314096	0.0317543	0.0465398	0.0705941	0.0818437	0.0658638	0.0310569	0.00174016	-0.0165903	-0.0263362	-0.0283901	-0.0336836	-0.0348393	-0.0284875	-0.0239984	-0.0155485	-0.0155485	
0.321667	0.331648	0.290362	0.204285	0.096228	-0.00708009	-0.107105	-0.200108	-0.273414	-0.31341	-0.32684	-0.341929	-0.366755	-0.376387	-0.368819	-0.349093	-0.324412	-0.293993	-0.251228	-0.227803	-0.246231	-0.294349	-0.334458	-0.34793	-0.341079	-0.315512	-0.270555	-0.205441	-0.143406	-0.09789	-0.0628493	-0.0359544	-0.0164188	-0.0117246	-0.0182188	-0.0108565	0.00924324	0.0168928	0.00410609	-0.0254665	-0.0444221	-0.0422716	-0.0300272	-0.00660614	0.0198711	0.0456156	0.0719198	0.0942742	0.108173	0.108173	
0.320738	0.323757	0.276772	0.192575	0.0941226	-0.010449	-0.111852	-0.206195	-0.275961	-0.302682	-0.299411	-0.290088	-0.297798	-0.309892	-0.312239	-0.303962	-0.297678	-0.290837	-0.273051	-0.267381	-0.291138	-0.328286	-0.34793	-0.338844	-0.311793	-0.271222	-0.214057	-0.152959	-0.105633	-0.0774008	-0.0618172	-0.0531453	-0.0503031	-0.0576878	-0.0700586	-0.0752715	-0.0736252	-0.0716806	-0.0840696	-0.101334	-0.0995686	-0.081059	-0.0431282	0.0089405	0.0692425	0.134682	0.190182	0.235257	0.261103	0.261103	
0.304514	0.295359	0.250145	0.178229	0.0804512	-0.0284226	-0.135194	-0.223549	-0.280503	-0.29354	-0.274551	-0.253481	-0.245263	-0.247918	-0.251637	-0.257798	-0.269069	-0.286075	-0.295795	-0.307013	-0.322372	-0.340624	-0.341079	-0.311793	-0.274057	-0.225387	-0.1607	-0.100048	-0.0685503	-0.060523	-0.0669419	-0.080134	-0.0966149	-0.114758	-0.132846	-0.155605	-0.170435	-0.17929	-0.185381	-0.18083	-0.155919	-0.109088	-0.0431962	0.0408047	0.13669	0.233426	0.314447	0.377796	0.412834	0.412834	
0.270115	0.244683	0.198427	0.127718	0.0327605	-0.0695113	-0.166362	-0.242344	-0.285821	-0.288525	-0.261145	-0.227887	-0.203404	-0.198762	-0.208256	-0.223651	-0.248238	-0.280451	-0.314751	-0.335503	-0.343167	-0.340156	-0.315512	-0.271222	-0.225387	-0.171898	-0.104282	-0.0518003	-0.0338183	-0.04446	-0.0694141	-0.102441	-0.141801	-0.181138	-0.218631	-0.263043	-0.295191	-0.306774	-0.297595	-0.26198	-0.204389	-0.120147	-0.0173921	0.101124	0.227932	0.343253	0.438064	0.509593	0.549633	0.549633	
0.241913	0.192882	0.13006	0.0503618	-0.0439973	-0.142434	-0.227382	-0.27884	-0.297643	-0.286002	-0.25091	-0.207027	-0.170311	-0.159858	-0.170739	-0.188582	-0.221931	-0.266113	-0.316278	-0.344092	-0.341838	-0.317238	-0.270555	-0.214057	-0.1607	-0.104282	-0.041748	-0.00875193	-0.013601	-0.0462151	-0.0915492	-0.142188	-0.205462	-0.266322	-0.323872	-0.382854	-0.420488	-0.426511	-0.395977	-0.331465	-0.238051	-0.116232	0.0265409	0.179867	0.32881	0.455466	0.551409	0.625833	0.666174	0.666174	
0.229874	0.160316	0.0746312	-0.0226145	-0.131517	-0.229749	-0.302489	-0.328326	-0.322021	-0.289737	-0.244636	-0.197644	-0.159335	-0.141945	-0.145066	-0.161766	-0.187314	-0.224064	-0.274748	-0.30187	-0.291105	-0.256816	-0.205441	-0.152959	-0.100048	-0.0518003	-0.00875193	0.00244762	-0.0292607	-0.0799425	-0.138344	-0.205136	-0.286358	-0.362084	-0.428562	-0.488135	-0.515778	-0.507207	-0.457795	-0.370343	-0.251242	-0.0993166	0.0746014	0.2566	0.421901	0.552352	0.648011	0.717644	0.757617	0.757617	
0.235198	0.150218	0.0432714	-0.0768365	-0.201965	-0.308765	-0.373644	-0.383509	-0.352742	-0.302945	-0.248559	-0.194934	-0.15208	-0.132586	-0.132765	-0.13944	-0.147505	-0.167748	-0.201012	-0.218192	-0.211694	-0.184257	-0.143406	-0.105633	-0.0685503	-0.0338183	-0.013601	-0.0292607	-0.078099	-0.138577	-0.204979	-0.283775	-0.370756	-0.450327	-0.515668	-0.558946	-0.569077	-0.538104	-0.466663	-0.360799	-0.222657	-0.0540178	0.134327	0.326605	0.494066	0.617343	0.704178	0.762259	0.79706	0.79706	
0.248726	0.144605	0.0193181	-0.119931	-0.256795	-0.371022	-0.43486	-0.435786	-0.386066	-0.319436	-0.249727	-0.186923	-0.138442	-0.108898	-0.100955	-0.0976449	-0.0928521	-0.0998254	-0.118032	-0.13591	-0.135454	-0.119472	-0.09789	-0.0774008	-0.060523	-0.04446	-0.0462151	-0.0799425	-0.138577	-0.208415	-0.283451	-0.370903	-0.459141	-0.526918	-0.579086	-0.597618	-0.578693	-0.519252	-0.420266	-0.296245	-0.146042	0.0233169	0.20544	0.38444	0.535637	0.640453	0.70843	0.752716	0.777406	0.777406	
0.255249	0.135223	-0.00703664	-0.159554	-0.30272	-0.420363	-0.478834	-0.474624	-0.418215	-0.340845	-0.258517	-0.180819	-0.118526	-0.0745071	-0.0488496	-0.0328147	-0.0174697	-0.0184517	-0.0305559	-0.0530223	-0.066514	-0.0649865	-0.0628493	-0.0618172	-0.0669419	-0.0694141	-0.0915492	-0.138344	-0.204979	-0.283451	-0.366655	-0.455212	-0.529101	-0.577904	-0.603389	-0.594243	-0.54521	-0.452006	-0.332105	-0.195078	-0.0459089	0.106643	0.263675	0.413713	0.536482	0.618382	0.673547	0.704472	0.725601	0.725601	
0.263402	0.135138	-0.016212	-0.182292	-0.336043	-0.458508	-0.516844	-0.517311	-0.458446	-0.370369	-0.272744	-0.177159	-0.0964856	-0.0323878	0.0133232	0.0454535	0.0669719	0.0648408	0.0496599	0.0223187	-0.00419876	-0.0198125	-0.0359544	-0.0531453	-0.080134	-0.102441	-0.142188	-0.205136	-0.283775	-0.370903	-0.455212	-0.531354	-0.573117	-0.586047	-0.579567	-0.535066	-0.454944	-0.337684	-0.203354	-0.0681165	0.062622	0.18489	0.302647	0.409332	0.495999	0.553478	0.597812	0.626924	0.647914	0.647914	
0.266465	0.137788	-0.018327	-0.19443	-0.356032	-0.484585	-0.550923	-0.554319	-0.491642	-0.394125	-0.281726	-0.174269	-0.078843	0.00265799	0.0678782	0.114478	0.136955	0.135668	0.118248	0.0846207	0.0491676	0.0181229	-0.0164188	-0.0503031	-0.0966149	-0.141801	-0.205462	-0.286358	-0.370756	-0.459141	-0.529101	-0.573117	-0.580364	-0.557615	-0.518722	-0.446602	-0.337688	-0.201834	-0.0625327	0.0647691	0.169451	0.257213	0.331055	0.38932	0.435702	0.464483	0.498691	0.529739	0.552034	0.552034	
0.246455	0.127646	-0.023212	-0.196236	-0.361111	-0.488267	-0.553721	-0.555647	-0.497348	-0.39722	-0.279483	-0.164512	-0.0611575	0.029552	0.108923	0.16556	0.189189	0.186102	0.16391	0.12507	0.0778241	0.0314096	-0.0117246	-0.0576878	-0.114758	-0.181138	-0.266322	-0.362084	-0.450327	-0.526918	-0.577904	-0.586047	-0.557615	-0.506841	-0.439757	-0.344977	-0.218851	-0.0767833	0.057384	0.170017	0.253908	0.313454	0.355372	0.37807	0.383816	0.385016	0.401759	0.423702	0.44425	0.44425	
0.203183	0.105801	-0.0252318	-0.181726	-0.335578	-0.450502	-0.509511	-0.515948	-0.467311	-0.375281	-0.265985	-0.156203	-0.0536065	0.0428059	0.131527	0.196416	0.227516	0.230625	0.200815	0.152823	0.0923068	0.0317543	-0.0182188	-0.0700586	-0.132846	-0.218631	-0.323872	-0.428562	-0.515668	-0.579086	-0.603389	-0.579567	-0.518722	-0.439757	-0.350244	-0.235056	-0.0988953	0.0378728	0.160958	0.254895	0.314369	0.349046	0.364456	0.358337	0.335702	0.313662	0.310323	0.322971	0.334371	0.334371	
0.129831	0.0653405	-0.0335535	-0.153955	-0.275969	-0.366919	-0.425276	-0.439069	-0.409293	-0.342838	-0.253647	-0.163159	-0.070209	0.0240006	0.120918	0.202402	0.248555	0.259553	0.232763	0.177876	0.112059	0.0465398	-0.0108565	-0.0752715	-0.155605	-0.263043	-0.382854	-0.488135	-0.558946	-0.597618	-0.594243	-0.535066	-0.446602	-0.344977	-0.235056	-0.110335	0.0238756	0.14384	0.243514	0.311429	0.341654	0.351648	0.346456	0.324479	0.287025	0.247279	0.224467	0.21758	0.21505	0.21505	
0.0285722	0.000839272	-0.051121	-0.124418	-0.209708	-0.277379	-0.323826	-0.344994	-0.342069	-0.304224	-0.242769	-0.170947	-0.0909733	0.000110094	0.0995382	0.185671	0.240349	0.259279	0.237055	0.18951	0.13121	0.0705941	0.00924324	-0.0736252	-0.170435	-0.295191	-0.420488	-0.515778	-0.569077	-0.578693	-0.54521	-0.454944	-0.337688	-0.218851	-0.0988953	0.0238756	0.137998	0.231962	0.301486	0.338626	0.344966	0.328572	0.309048	0.279768	0.230537	0.180546	0.135165	0.104221	0.0856865	0.0856865	
-0.0845612	-0.0804111	-0.0933518	-0.119446	-0.156801	-0.191849	-0.224388	-0.251538	-0.262072	-0.250308	-0.218652	-0.171047	-0.103682	-0.0172834	0.0747572	0.155384	0.210307	0.22862	0.212002	0.173216	0.128808	0.0818437	0.0168928	-0.0716806	-0.17929	-0.306774	-0.426511	-0.507207	-0.538104	-0.519252	-0.452006	-0.337684	-0.201834	-0.0767833	0.0378728	0.14384	0.231962	0.295255	0.336399	0.349381	0.330751	0.295103	0.260747	0.221525	0.16794	0.107782	0.0446641	-0.00246635	-0.036036	-0.036036	
-0.204702	-0.178524	-0.156349	-0.139116	-0.130423	-0.128702	-0.1422	-0.162391	-0.187365	-0.201601	-0.19452	-0.165495	-0.11051	-0.0362057	0.0443889	0.117914	0.167736	0.184469	0.17419	0.140832	0.104065	0.0658638	0.00410609	-0.0840696	-0.185381	-0.297595	-0.395977	-0.457795	-0.466663	-0.420266	-0.332105	-0.203354	-0.0625327	0.057384	0.160958	0.243514	0.301486	0.336399	0.348931	0.341645	0.30579	0.254172	0.206937	0.158054	0.0991018	0.0333518	-0.0346691	-0.091494	-0.127957	-0.127957	
-0.327033	-0.289996	-0.238371	-0.181377	-0.130249	-0.0998175	-0.0911464	-0.105015	-0.133538	-0.157962	-0.169145	-0.154717	-0.112061	-0.0512689	0.0101909	0.068412	0.114981	0.138373	0.132426	0.103722	0.0675996	0.0310569	-0.0254665	-0.101334	-0.18083	-0.26198	-0.331465	-0.370343	-0.360799	-0.296245	-0.195078	-0.0681165	0.0647691	0.170017	0.254895	0.311429	0.338626	0.349381	0.341645	0.319412	0.275903	0.212499	0.150656	0.0887865	0.023824	-0.038956	-0.101203	-0.147166	-0.178425	-0.178425	
-0.454429	-0.409443	-0.340398	-0.251339	-0.162997	-0.100407	-0.0735782	-0.0757099	-0.0930299	-0.115353	-0.129607	-0.125496	-0.100709	-0.0657512	-0.0300681	0.0146017	0.0590952	0.0849537	0.0871571	0.062225	0.0302243	0.00174016	-0.0444221	-0.0995686	-0.155919	-0.204389	-0.238051	-0.251242	-0.222657	-0.146042	-0.0459089	0.062622	0.169451	0.253908	0.314369	0.341654	0.344966	0.330751	0.30579	0.275903	0.226475	0.15957	0.0889614	0.0185721	-0.0454691	-0.0973405	-0.142462	-0.171866	-0.190338	-0.190338	
-0.578097	-0.534208	-0.451839	-0.340323	-0.225649	-0.135686	-0.0815101	-0.0540003	-0.0507693	-0.0613091	-0.0783911	-0.0870863	-0.0837705	-0.078908	-0.0699099	-0.046974	-0.0144678	0.0156756	0.025985	0.017616	0.000531039	-0.0165903	-0.0422716	-0.081059	-0.109088	-0.120147	-0.116232	-0.0993166	-0.0540178	0.0233169	0.106643	0.18489	0.257213	0.313454	0.349046	0.351648	0.328572	0.295103	0.254172	0.212499	0.15957	0.0916087	0.0163452	-0.0542041	-0.107287	-0.143296	-0.165681	-0.176402	-0.182983	-0.182983	
-0.688583	-0.650613	-0.567135	-0.443372	-0.309262	-0.191289	-0.102839	-0.0417037	-0.00957964	-0.00695865	-0.0274594	-0.0544573	-0.0759034	-0.0987179	-0.11793	-0.119332	-0.101054	-0.0737927	-0.0526285	-0.0383693	-0.0295261	-0.0263362	-0.0300272	-0.0431282	-0.0431962	-0.0173921	0.0265409	0.0746014	0.134327	0.20544	0.263675	0.302647	0.331055	0.355372	0.364456	0.346456	0.309048	0.260747	0.206937	0.150656	0.0889614	0.0163452	-0.0600852	-0.124122	-0.164033	-0.180114	-0.185771	-0.184387	-0.18396	-0.18396	
-0.790809	-0.758268	-0.679203	-0.551253	-0.402167	-0.256008	-0.134681	-0.0453863	0.00860647	0.0182348	-0.00364594	-0.0391395	-0.0781928	-0.123825	-0.165559	-0.191061	-0.19183	-0.170707	-0.136074	-0.095777	-0.0578167	-0.0283901	-0.00660614	0.0089405	0.0408047	0.101124	0.179867	0.2566	0.326605	0.38444	0.413713	0.409332	0.38932	0.37807	0.358337	0.324479	0.279768	0.221525	0.158054	0.0887865	0.0185721	-0.0542041	-0.124122	-0.175376	-0.200279	-0.202039	-0.200337	-0.198885	-0.198451	-0.198451	
-0.874034	-0.856295	-0.775989	-0.639473	-0.476277	-0.312962	-0.174946	-0.0706955	-0.00939568	0.00868415	-0.00721398	-0.0407468	-0.0828682	-0.138747	-0.197748	-0.24874	-0.271185	-0.256493	-0.214354	-0.150518	-0.0858759	-0.0336836	0.0198711	0.0692425	0.13669	0.227932	0.32881	0.421901	0.494066	0.535637	0.536482	0.495999	0.435702	0.383816	0.335702	0.287025	0.230537	0.16794	0.0991018	0.023824	-0.0454691	-0.107287	-0.164033	-0.200279	-0.209901	-0.208171	-0.205488	-0.209467	-0.214474	-0.214474	
-0.93436	-0.926593	-0.842868	-0.698127	-0.525208	-0.354657	-0.213418	-0.113343	-0.0560051	-0.0352345	-0.0359115	-0.0539053	-0.0901886	-0.146836	-0.214981	-0.279735	-0.31745	-0.314672	-0.268875	-0.194056	-0.111095	-0.0348393	0.0456156	0.134682	0.233426	0.343253	0.455466	0.552352	0.617343	0.640453	0.618382	0.553478	0.464483	0.385016	0.313662	0.247279	0.180546	0.107782	0.0333518	-0.038956	-0.0973405	-0.143296	-0.180114	-0.202039	-0.208171	-0.204249	-0.205257	-0.217046	-0.223792	-0.223792	
-0.975961	-0.975533	-0.889129	-0.740236	-0.558941	-0.384991	-0.244614	-0.156149	-0.106295	-0.0866475	-0.0825047	-0.0899781	-0.117419	-0.163474	-0.226158	-0.294776	-0.341754	-0.345308	-0.299035	-0.21691	-0.122762	-0.0284875	0.0719198	0.190182	0.314447	0.438064	0.551409	0.648011	0.704178	0.70843	0.673547	0.597812	0.498691	0.401759	0.310323	0.224467	0.135165	0.0446641	-0.0346691	-0.101203	-0.142462	-0.165681	-0.185771	-0.200337	-0.205488	-0.205257	-0.208821	-0.2181	-0.226434	-0.226434	
-1.00091	-1.01077	-0.91982	-0.76929	-0.588202	-0.414458	-0.275499	-0.184618	-0.145226	-0.129551	-0.12275	-0.12368	-0.141677	-0.175587	-0.228376	-0.293183	-0.346363	-0.359189	-0.317827	-0.233192	-0.130037	-0.0239984	0.0942742	0.235257	0.377796	0.509593	0.625833	0.717644	0.762259	0.752716	0.704472	0.626924	0.529739	0.423702	0.322971	0.21758	0.104221	-0.00246635	-0.091494	-0.147166	-0.171866	-0.176402	-0.184387	-0.198885	-0.209467	-0.217046	-0.2181	-0.22776	-0.230938	-0.230938	
-1.01926	-1.03009	-0.941296	-0.793952	-0.610924	-0.433797	-0.288578	-0.200163	-0.161094	-0.14966	-0.146541	-0.146762	-0.160926	-0.184295	-0.228342	-0.289974	-0.34648	-0.365063	-0.325304	-0.239447	-0.131544	-0.0155485	0.108173	0.261103	0.412834	0.549633	0.666174	0.757617	0.79706	0.777406	0.725601	0.647914	0.552034	0.44425	0.334371	0.21505	0.0856865	-0.036036	-0.127957	-0.178425	-0.190338	-0.182983	-0.18396	-0.198451	-0.214474	-0.223792	-0.226434	-0.230938	-0.232654	-0.232654	
-1.01926	-1.03009	-0.941296	-0.793952	-0.610924	-0.433797	-0.288578	-0.200163	-0.161094	-0.14966	-0.146541	-0.146762	-0.160926	-0.184295	-0.228342	-0.289974	-0.34648	-0.365063	-0.325304	-0.239447	-0.131544	-0.0155485	0.108173	0.261103	0.412834	0.549633	0.666174	0.757617	0.79706	0.777406	0.725601	0.647914	0.552034	0.44425	0.334371	0.21505	0.0856865	-0.036036	-0.127957	-0.178425	-0.190338	-0.182983	-0.18396	-0.198451	-0.214474	-0.223792	-0.226434	-0.230938	-0.232654	-0.232654	
