-0.597995	-0.597995	-0.586721	-0.567177	-0.533823	-0.494094	-0.454318	-0.422633	-0.398556	-0.391593	-0.383884	-0.367326	-0.337509	-0.306456	-0.279359	-0.258454	-0.226545	-0.179901	-0.120439	-0.0474355	0.0423533	0.134208	0.229642	0.337216	0.462272	0.577446	0.678434	0.765595	0.829803	0.861283	0.877414	0.881842	0.854595	0.798686	0.737452	0.674566	0.604099	0.520701	0.430264	0.328085	0.231183	0.152123	0.0714064	-0.0229798	-0.130894	-0.240455	-0.354831	-0.460244	-0.535813	-0.559549	
-0.695326	-0.695326	-0.684839	-0.657803	-0.605673	-0.543844	-0.490509	-0.452105	-0.419023	-0.389402	-0.35904	-0.328594	-0.29393	-0.250872	-0.208674	-0.169212	-0.126766	-0.0791521	-0.0246639	0.0439838	0.127646	0.21014	0.293699	0.386582	0.49311	0.586598	0.661389	0.725502	0.771844	0.797473	0.81321	0.825175	0.811177	0.768469	0.715138	0.662044	0.60565	0.544869	0.481316	0.414569	0.355855	0.313532	0.264183	0.194289	0.096838	-0.0114099	-0.131293	-0.252248	-0.350947	-0.409131	
-0.784978	-0.784978	-0.768356	-0.73288	-0.675053	-0.604313	-0.539366	-0.488239	-0.444628	-0.396081	-0.346411	-0.307015	-0.273062	-0.226422	-0.170462	-0.112291	-0.0555008	-0.00601079	0.044403	0.110602	0.194341	0.275527	0.346692	0.419364	0.500234	0.568058	0.612408	0.65241	0.68972	0.719016	0.737917	0.750451	0.743307	0.718228	0.684254	0.643904	0.592319	0.5483	0.508613	0.468959	0.442112	0.433443	0.418588	0.37742	0.303155	0.208568	0.0942374	-0.0289509	-0.137995	-0.222816	
-0.837983	-0.837983	-0.811619	-0.768862	-0.716521	-0.6547	-0.583625	-0.51512	-0.458868	-0.406348	-0.349364	-0.300679	-0.261283	-0.214784	-0.154102	-0.0850134	-0.0197311	0.0338197	0.0894593	0.166642	0.256179	0.333571	0.390004	0.439357	0.492871	0.531962	0.55282	0.571925	0.600042	0.625897	0.644894	0.659829	0.66396	0.655644	0.63504	0.604099	0.563701	0.534786	0.516453	0.501849	0.502921	0.51589	0.529873	0.520729	0.476329	0.406165	0.307783	0.18786	0.067708	-0.0442965	
-0.819549	-0.819549	-0.793695	-0.752462	-0.706493	-0.659212	-0.596797	-0.526821	-0.464943	-0.415618	-0.357984	-0.299704	-0.250473	-0.206757	-0.153016	-0.0853559	-0.0161548	0.0487695	0.119809	0.211232	0.301498	0.372766	0.41988	0.452944	0.478598	0.493238	0.498045	0.502979	0.518731	0.542092	0.562923	0.580538	0.591911	0.596837	0.584347	0.557258	0.526274	0.511998	0.510624	0.516975	0.539543	0.566777	0.597794	0.615832	0.608295	0.570803	0.49393	0.380821	0.243235	0.101067	
-0.722305	-0.722305	-0.703794	-0.674958	-0.642672	-0.611433	-0.571284	-0.519925	-0.466242	-0.418773	-0.362914	-0.300692	-0.248582	-0.20793	-0.159603	-0.0935967	-0.0185625	0.056176	0.13899	0.236961	0.32815	0.394025	0.435676	0.461916	0.470281	0.465942	0.455427	0.457386	0.47229	0.49432	0.513902	0.537997	0.556372	0.563121	0.55041	0.533267	0.509496	0.494671	0.491079	0.507883	0.541287	0.578921	0.622762	0.664674	0.687673	0.683385	0.627842	0.522283	0.373098	0.211237	
-0.561451	-0.561451	-0.547114	-0.540141	-0.538995	-0.534733	-0.51643	-0.4893	-0.451037	-0.415705	-0.366063	-0.311976	-0.261958	-0.220283	-0.162076	-0.090018	-0.0106713	0.0713852	0.159869	0.25733	0.339814	0.39941	0.443012	0.470849	0.47193	0.454407	0.443922	0.447065	0.463668	0.48146	0.504259	0.531889	0.555729	0.566334	0.555144	0.534811	0.508028	0.478679	0.461541	0.468731	0.503682	0.546585	0.602369	0.664443	0.715961	0.734235	0.692678	0.590111	0.440059	0.271305	
-0.3521	-0.3521	-0.349874	-0.370832	-0.407107	-0.433087	-0.438889	-0.430908	-0.416544	-0.402466	-0.371749	-0.324892	-0.280426	-0.231361	-0.159726	-0.0742145	0.0130612	0.104035	0.192886	0.276662	0.343184	0.393434	0.436674	0.468538	0.474608	0.464914	0.45495	0.45649	0.469947	0.493879	0.52047	0.548867	0.573322	0.588056	0.578969	0.551927	0.508576	0.454046	0.409197	0.396824	0.420026	0.469463	0.532764	0.60907	0.679563	0.710964	0.678449	0.584881	0.445565	0.27681	
-0.120192	-0.120192	-0.143499	-0.191229	-0.245827	-0.295285	-0.332089	-0.354704	-0.365999	-0.37536	-0.362253	-0.324809	-0.28312	-0.228977	-0.145433	-0.048311	0.048926	0.145152	0.228335	0.292852	0.341787	0.379442	0.415863	0.445853	0.461569	0.465495	0.462538	0.462614	0.477332	0.505309	0.535752	0.563017	0.589561	0.607164	0.595335	0.554693	0.489149	0.411195	0.340043	0.300048	0.299165	0.338788	0.402667	0.488546	0.573159	0.618721	0.599088	0.51725	0.38587	0.22644	
0.0849907	0.0849907	0.0447812	-0.0124056	-0.0708202	-0.131796	-0.204011	-0.26358	-0.304069	-0.326953	-0.329337	-0.302752	-0.261357	-0.198484	-0.109417	-0.0129228	0.0816297	0.173955	0.249636	0.302568	0.336182	0.359567	0.381123	0.404703	0.423838	0.438819	0.446903	0.454191	0.473035	0.50103	0.532231	0.557584	0.582769	0.59971	0.586428	0.5305	0.441402	0.339256	0.248735	0.184255	0.159395	0.180829	0.234706	0.316781	0.409527	0.466736	0.467518	0.395102	0.276598	0.127679	
0.221194	0.221194	0.189916	0.13989	0.0819431	0.0144294	-0.0729796	-0.16056	-0.224967	-0.258636	-0.271307	-0.252714	-0.206746	-0.13332	-0.049893	0.0334266	0.113696	0.195855	0.26162	0.304026	0.329027	0.339981	0.345002	0.353089	0.372989	0.396992	0.414564	0.428975	0.449454	0.476677	0.507107	0.535501	0.557561	0.565851	0.544232	0.477197	0.371954	0.254814	0.149888	0.0678707	0.0198407	0.0205335	0.0567109	0.129115	0.221514	0.291476	0.308429	0.253322	0.149447	0.0184223	
0.291836	0.291836	0.275014	0.238822	0.185282	0.120577	0.0408231	-0.0497787	-0.124769	-0.165552	-0.180919	-0.169207	-0.124401	-0.054349	0.0189512	0.0835747	0.144489	0.20723	0.258564	0.288932	0.302366	0.303206	0.296971	0.302299	0.319024	0.337906	0.356003	0.386557	0.418727	0.439839	0.463313	0.491658	0.507579	0.497777	0.463741	0.394926	0.283571	0.160132	0.0486887	-0.0412662	-0.107812	-0.13331	-0.113497	-0.0508747	0.0437836	0.13029	0.168301	0.130601	0.0396063	-0.0762446	
0.296013	0.296013	0.28207	0.261176	0.222904	0.17181	0.114222	0.051196	-0.00922552	-0.0415731	-0.0529834	-0.047091	-0.0148909	0.0420577	0.101241	0.147683	0.185652	0.224194	0.252936	0.264987	0.266601	0.261697	0.249457	0.245432	0.252253	0.260944	0.283117	0.326556	0.369117	0.388766	0.405806	0.427086	0.425824	0.398811	0.360331	0.298094	0.196209	0.0761202	-0.0360666	-0.138078	-0.217454	-0.257351	-0.247273	-0.187486	-0.0886102	0.0114528	0.0651162	0.0463927	-0.0228601	-0.129406	
0.246413	0.246413	0.235219	0.229886	0.215612	0.182733	0.162069	0.142478	0.122069	0.110189	0.111319	0.112407	0.133161	0.17119	0.207713	0.229411	0.240701	0.251692	0.254889	0.247743	0.235813	0.222332	0.199937	0.182211	0.174753	0.175342	0.19562	0.244146	0.290679	0.309248	0.317571	0.330906	0.320256	0.285144	0.245405	0.191273	0.100873	-0.00428041	-0.107985	-0.206184	-0.287203	-0.329519	-0.31988	-0.260026	-0.157626	-0.0457719	0.0208768	0.0265625	-0.0266719	-0.124658	
0.172592	0.172592	0.172334	0.185195	0.193956	0.192903	0.214102	0.241086	0.263361	0.283545	0.301953	0.307914	0.321813	0.335724	0.339294	0.329562	0.311001	0.289423	0.265716	0.234996	0.200853	0.170964	0.138412	0.109695	0.089275	0.0783648	0.0858653	0.122032	0.163624	0.183643	0.191308	0.200284	0.19	0.161894	0.126547	0.0762815	-0.00103142	-0.0869569	-0.176454	-0.261808	-0.329294	-0.361274	-0.342492	-0.274464	-0.168255	-0.0475399	0.0366665	0.0657595	0.0276078	-0.0681909	
0.0943917	0.0943917	0.108385	0.139036	0.174094	0.215647	0.278874	0.344994	0.407003	0.463439	0.505573	0.524292	0.533567	0.52281	0.495998	0.45829	0.409	0.352952	0.294323	0.230299	0.168305	0.122584	0.0782767	0.0339355	-0.0013617	-0.0257555	-0.0356184	-0.0262269	-0.00386927	0.0134695	0.027422	0.0409775	0.0408591	0.0325723	0.0123008	-0.0304965	-0.0951185	-0.165211	-0.237945	-0.312406	-0.363329	-0.373555	-0.335321	-0.253682	-0.135793	-0.00544039	0.0931041	0.142234	0.121179	0.0214755	
0.0343455	0.0343455	0.059362	0.105121	0.168238	0.249126	0.350002	0.448891	0.544756	0.631456	0.697517	0.729767	0.731641	0.704505	0.659995	0.600908	0.520423	0.431321	0.339462	0.244754	0.157109	0.0872366	0.0238191	-0.0339281	-0.0823226	-0.122739	-0.157622	-0.17781	-0.180928	-0.170914	-0.158114	-0.142204	-0.123663	-0.107303	-0.110555	-0.139576	-0.186674	-0.241504	-0.303377	-0.358415	-0.390004	-0.377696	-0.318637	-0.217638	-0.0874823	0.0502021	0.16506	0.23362	0.223443	0.12618	
0.000209411	0.000209411	0.0302572	0.0894775	0.175194	0.286341	0.413825	0.54165	0.660079	0.766261	0.849275	0.893469	0.891707	0.855051	0.799283	0.720855	0.618029	0.503177	0.386409	0.270168	0.159675	0.0605853	-0.024519	-0.0947404	-0.160629	-0.222451	-0.277073	-0.320551	-0.343282	-0.344138	-0.330098	-0.310851	-0.281961	-0.255573	-0.246232	-0.25714	-0.282531	-0.318022	-0.362628	-0.403378	-0.41856	-0.390274	-0.315119	-0.196441	-0.0494324	0.0952365	0.221453	0.302362	0.30345	0.203912	
-0.00202926	-0.00202926	0.0291797	0.099105	0.200239	0.329012	0.466956	0.612093	0.739506	0.852455	0.940331	0.997106	0.996203	0.952932	0.885029	0.798167	0.682988	0.550831	0.41779	0.292545	0.167694	0.0475038	-0.0569925	-0.147666	-0.235644	-0.314654	-0.383155	-0.43943	-0.46968	-0.471016	-0.45536	-0.433368	-0.404368	-0.380168	-0.365686	-0.360453	-0.361021	-0.37782	-0.407272	-0.435521	-0.439669	-0.400488	-0.315721	-0.185167	-0.0284893	0.115007	0.242073	0.32335	0.333563	0.231405	
0.0450842	0.0450842	0.0801334	0.154047	0.260357	0.387106	0.522525	0.6628	0.785461	0.88467	0.96623	1.02495	1.0245	0.973156	0.902406	0.815484	0.692512	0.54959	0.41831	0.295846	0.164621	0.032447	-0.0824121	-0.18603	-0.287835	-0.376884	-0.448993	-0.50135	-0.528693	-0.530812	-0.512001	-0.489134	-0.460788	-0.44059	-0.429543	-0.421622	-0.410296	-0.413287	-0.435105	-0.449266	-0.440032	-0.393417	-0.303235	-0.168326	-0.0137926	0.118449	0.233508	0.310358	0.315004	0.214365	
0.143173	0.143173	0.183129	0.25417	0.345989	0.458842	0.576346	0.69632	0.792687	0.867173	0.925715	0.971219	0.963997	0.912532	0.845697	0.762771	0.643894	0.510694	0.388606	0.26863	0.139952	0.0122739	-0.105252	-0.210994	-0.306675	-0.384816	-0.445982	-0.490583	-0.516519	-0.515936	-0.491912	-0.466057	-0.437711	-0.421119	-0.418268	-0.417798	-0.407644	-0.410014	-0.42563	-0.433409	-0.417871	-0.36462	-0.273244	-0.146502	-0.00345946	0.11209	0.209097	0.271384	0.26959	0.16397	
0.285577	0.285577	0.324308	0.381105	0.447054	0.532358	0.620168	0.702402	0.761554	0.80241	0.825931	0.83922	0.821434	0.77581	0.716114	0.642225	0.544972	0.435957	0.32685	0.212906	0.0942738	-0.0221545	-0.126695	-0.217273	-0.293376	-0.349136	-0.383945	-0.416248	-0.43894	-0.433437	-0.407532	-0.382597	-0.354608	-0.336834	-0.340338	-0.351019	-0.351179	-0.35919	-0.376689	-0.388778	-0.373015	-0.320664	-0.237609	-0.125145	-0.00616146	0.0849966	0.156986	0.199211	0.183093	0.0771126	
0.469623	0.469623	0.496667	0.529821	0.564885	0.605087	0.650639	0.682566	0.69925	0.695509	0.678569	0.65248	0.622709	0.579802	0.527774	0.47039	0.402445	0.319644	0.231535	0.138356	0.0384993	-0.0583099	-0.138199	-0.201966	-0.253855	-0.279895	-0.289713	-0.302519	-0.312581	-0.303022	-0.283547	-0.261339	-0.231563	-0.214029	-0.218694	-0.238439	-0.257244	-0.275115	-0.302111	-0.320409	-0.313393	-0.275374	-0.208427	-0.122866	-0.0387963	0.024964	0.0694066	0.0892559	0.0557056	-0.0416288	
0.680901	0.680901	0.68664	0.693313	0.688619	0.676278	0.66447	0.644645	0.60661	0.558587	0.50325	0.446087	0.398815	0.355837	0.31104	0.268705	0.22371	0.170252	0.113395	0.0488853	-0.0206143	-0.0790322	-0.12553	-0.16987	-0.195303	-0.192775	-0.179448	-0.175502	-0.169863	-0.155699	-0.136476	-0.109336	-0.0850532	-0.0713335	-0.0764731	-0.104509	-0.137901	-0.172791	-0.211815	-0.24851	-0.26388	-0.25349	-0.213439	-0.157505	-0.106864	-0.0640968	-0.0428209	-0.0452748	-0.0859936	-0.180826	
0.897668	0.897668	0.877929	0.850617	0.806238	0.737142	0.666153	0.58529	0.496365	0.410095	0.329616	0.24391	0.180239	0.137441	0.100939	0.0644569	0.0347198	0.0117667	-0.00620572	-0.0333379	-0.0618337	-0.0780143	-0.091035	-0.105842	-0.107934	-0.0978754	-0.0788068	-0.0520482	-0.0283989	-0.0118042	0.00857225	0.0370654	0.0575322	0.0706573	0.0687563	0.0404542	-0.00487022	-0.0581579	-0.117024	-0.174847	-0.223131	-0.25163	-0.244897	-0.220818	-0.193476	-0.162502	-0.155103	-0.16809	-0.216707	-0.305378	
1.09507	1.09507	1.05022	0.986483	0.902028	0.784053	0.655019	0.519112	0.391008	0.279491	0.176201	0.0706104	-0.00216814	-0.0445971	-0.082194	-0.115305	-0.126726	-0.120875	-0.108107	-0.0973762	-0.0792333	-0.0565788	-0.0412984	-0.0304529	-0.0176291	-0.00777098	0.0132308	0.0514447	0.0819533	0.101472	0.124476	0.155184	0.179715	0.195048	0.200916	0.184371	0.136708	0.066417	-0.0112144	-0.0910208	-0.175666	-0.244616	-0.276056	-0.281432	-0.270322	-0.247597	-0.240372	-0.254368	-0.304801	-0.382423	
1.24976	1.24976	1.18829	1.09288	0.970498	0.818594	0.644866	0.470562	0.313764	0.184034	0.0605461	-0.0544674	-0.135225	-0.184425	-0.225801	-0.251488	-0.2483	-0.224242	-0.187569	-0.14517	-0.097252	-0.0501862	-0.00762812	0.0251032	0.0450534	0.0543718	0.0791646	0.117636	0.151055	0.175556	0.202516	0.238569	0.272215	0.297165	0.317197	0.315852	0.271622	0.193447	0.104557	0.00137449	-0.109124	-0.210807	-0.280442	-0.312089	-0.313092	-0.295438	-0.283323	-0.292227	-0.331121	-0.397251	
1.32417	1.32417	1.25896	1.14399	0.999739	0.833119	0.639406	0.441456	0.267981	0.12451	-0.00996004	-0.131231	-0.220901	-0.276056	-0.312811	-0.330099	-0.321443	-0.287287	-0.233925	-0.175167	-0.117828	-0.0583142	0.00423964	0.0531602	0.079669	0.095417	0.120411	0.156316	0.193344	0.226082	0.259328	0.30221	0.347735	0.387169	0.423579	0.435639	0.399267	0.32245	0.224804	0.112835	-0.00974346	-0.133087	-0.22695	-0.27888	-0.292888	-0.280012	-0.261408	-0.264419	-0.29126	-0.335978	
1.28397	1.28397	1.2262	1.11371	0.972425	0.813007	0.620856	0.420813	0.244336	0.0932192	-0.0495661	-0.172074	-0.262192	-0.31471	-0.346457	-0.360609	-0.346323	-0.305152	-0.250317	-0.196152	-0.136789	-0.0697358	0.0018688	0.056691	0.0938902	0.123614	0.153297	0.187706	0.226453	0.267683	0.311737	0.362799	0.416828	0.468905	0.513563	0.531537	0.50644	0.438731	0.342185	0.231573	0.111101	-0.0107241	-0.112737	-0.172445	-0.192211	-0.182681	-0.165295	-0.161799	-0.177961	-0.207173	
1.12	1.12	1.07897	0.99073	0.874485	0.739872	0.572469	0.396427	0.231849	0.0789137	-0.0627299	-0.174605	-0.257538	-0.307434	-0.336647	-0.346677	-0.33103	-0.292233	-0.247282	-0.201966	-0.150547	-0.0885426	-0.0156326	0.0456434	0.0908201	0.131645	0.171852	0.210415	0.250484	0.305436	0.36291	0.412979	0.466914	0.528494	0.577647	0.593877	0.581889	0.528381	0.444006	0.346918	0.241758	0.137679	0.0430738	-0.0141646	-0.0317598	-0.0244947	-0.00450711	0.000534231	-0.00815453	-0.0288651	
0.871635	0.871635	0.850831	0.796347	0.717034	0.619886	0.497564	0.365129	0.22873	0.0894524	-0.0332527	-0.128017	-0.203103	-0.255874	-0.282221	-0.293342	-0.282545	-0.257712	-0.22594	-0.192543	-0.15252	-0.102796	-0.03957	0.0182659	0.0651513	0.115648	0.170508	0.214417	0.260405	0.323119	0.390853	0.440097	0.495943	0.557363	0.598683	0.619814	0.624812	0.595145	0.534375	0.462044	0.37923	0.291968	0.214455	0.166292	0.151551	0.16072	0.182771	0.191322	0.184347	0.167371	
0.601478	0.601478	0.597672	0.573995	0.534315	0.479804	0.411176	0.3326	0.243778	0.139843	0.0453002	-0.0306066	-0.0974602	-0.150492	-0.186728	-0.20892	-0.213047	-0.202187	-0.189422	-0.170699	-0.144384	-0.11075	-0.0676396	-0.022151	0.0243456	0.0822586	0.143252	0.193474	0.24809	0.322535	0.393261	0.444775	0.498685	0.555112	0.59161	0.622015	0.64289	0.639947	0.610154	0.563705	0.50253	0.436177	0.375516	0.335208	0.323161	0.33543	0.356087	0.375672	0.376037	0.359283	
0.353694	0.353694	0.362005	0.362695	0.356373	0.343999	0.327127	0.306188	0.274422	0.217256	0.157181	0.105363	0.05307	-0.00382287	-0.0560721	-0.0927134	-0.113684	-0.123367	-0.133578	-0.128662	-0.118762	-0.10446	-0.0807133	-0.0471654	-0.0077697	0.0453303	0.109951	0.167482	0.226503	0.302057	0.373016	0.433101	0.485218	0.536026	0.573714	0.611912	0.648651	0.668203	0.668999	0.645315	0.606388	0.555332	0.506638	0.47644	0.464442	0.47469	0.500859	0.530209	0.539913	0.525728	
0.138747	0.138747	0.156719	0.175151	0.197763	0.223199	0.254432	0.282688	0.304362	0.296002	0.279292	0.257168	0.223954	0.166489	0.110544	0.0649501	0.0299517	-0.0104384	-0.0439451	-0.0560912	-0.0575855	-0.0630287	-0.0617724	-0.0424503	-0.00936336	0.0378914	0.0931114	0.150207	0.210709	0.276325	0.343974	0.41373	0.475103	0.5244	0.56643	0.614491	0.660419	0.699525	0.718157	0.711686	0.687421	0.644592	0.606987	0.583332	0.567611	0.575742	0.603034	0.640307	0.657397	0.650784	
-0.018487	-0.018487	0.00499338	0.0385746	0.0855744	0.14418	0.209241	0.272937	0.332902	0.370663	0.392311	0.398124	0.384479	0.345622	0.297282	0.247488	0.194841	0.134262	0.0805704	0.0487239	0.0274357	0.00539846	-0.00899754	-0.00158318	0.0240598	0.0627059	0.105079	0.15371	0.205907	0.262784	0.329003	0.403378	0.471182	0.527189	0.5818	0.638076	0.691314	0.73878	0.762296	0.76613	0.74828	0.712459	0.682975	0.658345	0.635363	0.633568	0.657757	0.6915	0.712618	0.711442	
-0.0913135	-0.0913135	-0.0665698	-0.0211152	0.043473	0.12333	0.207216	0.292515	0.374059	0.44242	0.492512	0.522143	0.530468	0.514666	0.479577	0.432433	0.373922	0.303567	0.23238	0.18189	0.141945	0.108189	0.0812122	0.0766142	0.0919697	0.115688	0.147117	0.183992	0.228828	0.272329	0.3345	0.412049	0.490411	0.559652	0.622499	0.68841	0.74814	0.798673	0.826475	0.829282	0.811544	0.776497	0.746692	0.709846	0.673695	0.65636	0.663368	0.683689	0.701388	0.700065	
-0.0722439	-0.0722439	-0.0497008	-0.000181741	0.0719059	0.157209	0.249501	0.342908	0.431098	0.514343	0.584734	0.632818	0.654323	0.656881	0.636888	0.602191	0.54627	0.474502	0.395138	0.334637	0.287336	0.24477	0.203181	0.181265	0.185791	0.196858	0.210669	0.234932	0.270547	0.309472	0.365152	0.444478	0.527663	0.608335	0.685194	0.762688	0.824549	0.875273	0.906366	0.904111	0.881477	0.848504	0.805094	0.74491	0.683472	0.640349	0.622342	0.624215	0.631154	0.63403	
0.0283064	0.0283064	0.0447437	0.0894883	0.155982	0.233887	0.3213	0.410426	0.494531	0.582655	0.661289	0.714436	0.741598	0.758746	0.755647	0.729571	0.681584	0.622943	0.558433	0.497264	0.446285	0.39995	0.351932	0.315522	0.299499	0.294628	0.288257	0.297385	0.315946	0.352413	0.401714	0.473758	0.555535	0.645255	0.734913	0.820409	0.893696	0.953551	0.986016	0.984147	0.95735	0.921394	0.853889	0.76532	0.669394	0.589569	0.542903	0.518049	0.512659	0.522611	
0.158347	0.158347	0.168706	0.202746	0.255598	0.316152	0.39087	0.466531	0.543015	0.623193	0.699198	0.750925	0.786973	0.811352	0.820556	0.806698	0.780632	0.745244	0.700861	0.646926	0.602813	0.559037	0.506095	0.454051	0.418816	0.391659	0.364986	0.352363	0.358431	0.382763	0.423633	0.482241	0.561571	0.654187	0.757451	0.855816	0.942462	1.01337	1.05488	1.05574	1.02468	0.977894	0.887034	0.758109	0.621835	0.506975	0.424351	0.376198	0.365103	0.38665	
0.283591	0.283591	0.289454	0.312966	0.345469	0.387039	0.439725	0.497585	0.554845	0.618529	0.679417	0.729198	0.770695	0.800026	0.821733	0.829875	0.830255	0.821117	0.798672	0.760467	0.726453	0.689121	0.632538	0.569342	0.520148	0.47442	0.429252	0.395821	0.391349	0.399352	0.427057	0.474268	0.544998	0.635733	0.752103	0.867335	0.967197	1.04651	1.10037	1.10563	1.07541	1.01453	0.896903	0.726399	0.547818	0.394782	0.280836	0.217079	0.20807	0.243488	
0.374589	0.374589	0.378278	0.390961	0.405264	0.424821	0.453233	0.485126	0.518499	0.5587	0.598375	0.640978	0.685752	0.725741	0.763084	0.794931	0.819002	0.838095	0.840804	0.819644	0.792642	0.760559	0.704824	0.640432	0.58353	0.530972	0.472447	0.428424	0.41207	0.413788	0.432662	0.471557	0.531976	0.622581	0.743141	0.865897	0.979965	1.07241	1.12922	1.13946	1.10535	1.02555	0.8819	0.682484	0.470946	0.285041	0.144248	0.0655629	0.0588615	0.111581	
0.405682	0.405682	0.406845	0.409341	0.408077	0.403887	0.408559	0.413987	0.424642	0.438354	0.457261	0.492053	0.54197	0.591753	0.638914	0.691883	0.739787	0.783129	0.80201	0.795636	0.778288	0.750922	0.703673	0.646142	0.592024	0.533872	0.478005	0.440788	0.424483	0.423054	0.442331	0.482857	0.537966	0.625612	0.751327	0.87866	0.995234	1.08376	1.13745	1.15057	1.1089	1.01306	0.85133	0.629042	0.394898	0.185623	0.0288338	-0.0566327	-0.0595492	0.0130432	
0.353168	0.353168	0.348115	0.343088	0.323975	0.302087	0.281876	0.272916	0.260703	0.259369	0.262985	0.294914	0.344867	0.398601	0.452343	0.515191	0.580004	0.632285	0.664786	0.672037	0.668318	0.651762	0.617501	0.574899	0.530938	0.485892	0.441693	0.41493	0.410313	0.418374	0.445179	0.49054	0.555793	0.64529	0.763823	0.890585	1.00123	1.08001	1.12409	1.13023	1.07839	0.964259	0.790822	0.559498	0.32196	0.102887	-0.0598888	-0.14665	-0.14481	-0.0614056	
0.18902	0.18902	0.177386	0.164086	0.133803	0.0983652	0.0653656	0.0490507	0.0283769	0.0234176	0.0260754	0.0560451	0.101467	0.156216	0.209224	0.27061	0.33437	0.388186	0.430314	0.454879	0.466846	0.465439	0.454292	0.437641	0.415386	0.390814	0.367105	0.357734	0.364659	0.388617	0.431079	0.489437	0.563942	0.65524	0.768002	0.887266	0.987982	1.05474	1.08583	1.07421	1.00739	0.874583	0.690338	0.46466	0.235013	0.0206693	-0.136256	-0.217592	-0.210061	-0.115113	
-0.0909271	-0.0909271	-0.105394	-0.124044	-0.154334	-0.19356	-0.223558	-0.239686	-0.252545	-0.254498	-0.242474	-0.215309	-0.174044	-0.12639	-0.0822977	-0.0320214	0.0232991	0.0748103	0.120103	0.161276	0.191757	0.214581	0.237779	0.257376	0.263571	0.261316	0.268999	0.288411	0.312242	0.347967	0.401742	0.47128	0.553876	0.648273	0.756199	0.861268	0.946921	0.997417	1.01349	0.98451	0.901822	0.755415	0.557718	0.34196	0.120571	-0.0803316	-0.220353	-0.287257	-0.263618	-0.15194	
-0.45579	-0.45579	-0.466188	-0.482094	-0.500321	-0.526593	-0.54066	-0.548606	-0.546429	-0.54106	-0.518634	-0.496149	-0.463701	-0.430271	-0.393866	-0.356895	-0.313084	-0.269582	-0.219653	-0.163048	-0.111161	-0.0596075	-0.00302566	0.051401	0.0940997	0.134071	0.177623	0.219132	0.264429	0.318902	0.381409	0.451989	0.542388	0.633974	0.722562	0.808707	0.879529	0.920471	0.924428	0.882808	0.780578	0.620494	0.416053	0.208411	0.000170758	-0.182375	-0.310122	-0.363682	-0.3241	-0.19623	
-0.834004	-0.834004	-0.834155	-0.838125	-0.836228	-0.833613	-0.826961	-0.821111	-0.806705	-0.792117	-0.76945	-0.753011	-0.737402	-0.716425	-0.688288	-0.659149	-0.628636	-0.588936	-0.532421	-0.462001	-0.393081	-0.320749	-0.232939	-0.145012	-0.064212	0.012169	0.0938435	0.166954	0.234307	0.302724	0.373169	0.44846	0.531259	0.611401	0.682118	0.74829	0.802787	0.836539	0.835732	0.786116	0.675665	0.50712	0.301267	0.095694	-0.104817	-0.27742	-0.399589	-0.441584	-0.391926	-0.251572	
-1.14574	-1.14574	-1.1335	-1.12127	-1.09804	-1.06169	-1.03618	-1.01552	-0.994073	-0.972936	-0.958718	-0.949452	-0.950446	-0.941185	-0.920918	-0.897891	-0.873418	-0.834327	-0.773273	-0.698402	-0.619504	-0.53066	-0.421946	-0.308455	-0.20266	-0.0940565	0.019924	0.12836	0.218215	0.301796	0.377073	0.4514	0.525138	0.600459	0.652595	0.692913	0.730844	0.762778	0.758264	0.70666	0.597809	0.426178	0.222466	0.0183375	-0.177724	-0.346439	-0.470264	-0.510152	-0.454984	-0.311531	
-1.31887	-1.31887	-1.29733	-1.27573	-1.23627	-1.18129	-1.14053	-1.11577	-1.08717	-1.06856	-1.05675	-1.05724	-1.06634	-1.06785	-1.04803	-1.02672	-1.0058	-0.967719	-0.903928	-0.823422	-0.740254	-0.644056	-0.528011	-0.404446	-0.281466	-0.151714	-0.0182747	0.102502	0.207702	0.301327	0.382221	0.455766	0.52689	0.590939	0.630037	0.658689	0.692519	0.719763	0.718532	0.669354	0.559445	0.386853	0.189487	-0.0175233	-0.211006	-0.379667	-0.507995	-0.550807	-0.496897	-0.352055	
-1.31887	-1.31887	-1.29733	-1.27573	-1.23627	-1.18129	-1.14053	-1.11577	-1.08717	-1.06856	-1.05675	-1.05724	-1.06634	-1.06785	-1.04803	-1.02672	-1.0058	-0.967719	-0.903928	-0.823422	-0.740254	-0.644056	-0.528011	-0.404446	-0.281466	-0.151714	-0.0182747	0.102502	0.207702	0.301327	0.382221	0.455766	0.52689	0.590939	0.630037	0.658689	0.692519	0.719763	0.718532	0.669354	0.559445	0.386853	0.189487	-0.0175233	-0.211006	-0.379667	-0.507995	-0.550807	-0.496897	-0.352055	
