1.70467	1.70467	1.6609	1.56169	1.40834	1.21981	1.01833	0.824747	0.651789	0.4972	0.346859	0.168173	-0.0362376	-0.240671	-0.446561	-0.643893	-0.816787	-0.95897	-1.05363	-1.09224	-1.06746	-0.961217	-0.782597	-0.540169	-0.262292	0.0148168	0.252982	0.421077	0.502099	0.511684	0.479646	0.430028	0.353055	0.242963	0.103684	-0.0636138	-0.240576	-0.381546	-0.460451	-0.500867	-0.52985	-0.558194	-0.583631	-0.609056	-0.633241	-0.62397	-0.567311	-0.455989	-0.303991	-0.130465	
1.70467	1.70467	1.6609	1.56169	1.40834	1.21981	1.01833	0.824747	0.651789	0.4972	0.346859	0.168173	-0.0362376	-0.240671	-0.446561	-0.643893	-0.816787	-0.95897	-1.05363	-1.09224	-1.06746	-0.961217	-0.782597	-0.540169	-0.262292	0.0148168	0.252982	0.421077	0.502099	0.511684	0.479646	0.430028	0.353055	0.242963	0.103684	-0.0636138	-0.240576	-0.381546	-0.460451	-0.500867	-0.52985	-0.558194	-0.583631	-0.609056	-0.633241	-0.62397	-0.567311	-0.455989	-0.303991	-0.130465	
1.6609	1.6609	1.6068	1.50781	1.36329	1.17871	0.971732	0.775089	0.608692	0.457543	0.299144	0.11895	-0.0829477	-0.28836	-0.494315	-0.689465	-0.861203	-1.001	-1.09135	-1.11964	-1.08688	-0.976001	-0.787225	-0.53308	-0.246247	0.0459901	0.297237	0.46973	0.556626	0.576472	0.551643	0.503348	0.42661	0.316785	0.169674	-0.00681211	-0.183192	-0.326532	-0.418691	-0.468259	-0.505363	-0.540794	-0.575668	-0.60347	-0.621358	-0.606178	-0.549547	-0.442354	-0.292425	-0.117701	
1.56169	1.56169	1.50781	1.40786	1.26323	1.081	0.874613	0.681322	0.520648	0.365133	0.200012	0.0251715	-0.172078	-0.37936	-0.58185	-0.773568	-0.939648	-1.0727	-1.15354	-1.17133	-1.12302	-0.995897	-0.783945	-0.505516	-0.194884	0.108415	0.368658	0.561888	0.676724	0.721566	0.713245	0.669979	0.583604	0.456155	0.296061	0.117282	-0.0646809	-0.224131	-0.339734	-0.412062	-0.458619	-0.501067	-0.542713	-0.573466	-0.586726	-0.568367	-0.516374	-0.418055	-0.270494	-0.10345	
1.40834	1.40834	1.36329	1.26323	1.10895	0.927637	0.73349	0.548006	0.386003	0.226235	0.0598024	-0.110065	-0.299472	-0.498419	-0.691339	-0.879121	-1.03735	-1.15511	-1.2169	-1.22173	-1.1559	-1.00619	-0.766931	-0.463591	-0.125407	0.201053	0.48335	0.703978	0.84958	0.925505	0.937994	0.897207	0.797445	0.650662	0.474036	0.285983	0.0972367	-0.0788816	-0.216662	-0.314647	-0.377667	-0.434487	-0.48822	-0.526201	-0.53954	-0.522504	-0.473717	-0.384821	-0.249184	-0.097025	
1.21981	1.21981	1.17871	1.081	0.927637	0.751286	0.564103	0.381588	0.22034	0.0661187	-0.0958497	-0.263695	-0.449088	-0.631578	-0.80638	-0.979541	-1.1277	-1.22383	-1.2645	-1.24512	-1.15757	-0.982204	-0.717542	-0.38659	-0.0275739	0.325344	0.635621	0.878239	1.04823	1.1477	1.17792	1.1418	1.03419	0.872542	0.681964	0.482722	0.285256	0.0975068	-0.0628201	-0.177801	-0.266023	-0.34712	-0.420234	-0.466997	-0.487976	-0.481766	-0.443702	-0.362051	-0.238719	-0.0998026	
1.01833	1.01833	0.971732	0.874613	0.73349	0.564103	0.381392	0.206495	0.0548291	-0.0939042	-0.247804	-0.413254	-0.586495	-0.748057	-0.90306	-1.0581	-1.18223	-1.2523	-1.2657	-1.21577	-1.09213	-0.880409	-0.592618	-0.243759	0.127709	0.484432	0.798388	1.0567	1.24435	1.35904	1.39982	1.36494	1.2485	1.07465	0.880626	0.685099	0.484488	0.28679	0.116588	-0.0193905	-0.139002	-0.245827	-0.335777	-0.400042	-0.441568	-0.451158	-0.426975	-0.356409	-0.246016	-0.116918	
0.824747	0.824747	0.775089	0.681322	0.548006	0.381588	0.206495	0.0498341	-0.0876017	-0.230258	-0.376888	-0.528083	-0.67809	-0.820291	-0.959544	-1.0874	-1.1796	-1.22137	-1.19853	-1.10865	-0.948439	-0.705928	-0.395632	-0.0398213	0.323302	0.665552	0.971002	1.22256	1.40573	1.51875	1.55579	1.51665	1.40186	1.23294	1.0496	0.867679	0.678853	0.487117	0.308408	0.148529	0.00211662	-0.136367	-0.253207	-0.342506	-0.408687	-0.435235	-0.421062	-0.361274	-0.265474	-0.151941	
0.651789	0.651789	0.608692	0.520648	0.386003	0.22034	0.0548291	-0.0876017	-0.213462	-0.339533	-0.467153	-0.594457	-0.716055	-0.832219	-0.94654	-1.04277	-1.1062	-1.12472	-1.06872	-0.936541	-0.739471	-0.473415	-0.151689	0.19634	0.538082	0.858455	1.13912	1.36464	1.52627	1.62127	1.64451	1.60006	1.49398	1.34754	1.18553	1.017	0.845992	0.667175	0.488993	0.313679	0.142022	-0.025938	-0.176264	-0.295344	-0.381169	-0.425018	-0.423125	-0.376689	-0.29636	-0.194221	
0.4972	0.4972	0.457543	0.365133	0.226235	0.0661187	-0.0939042	-0.230258	-0.339533	-0.433903	-0.52494	-0.616725	-0.7105	-0.793014	-0.868025	-0.929114	-0.968996	-0.963088	-0.883887	-0.723533	-0.500479	-0.219764	0.0994961	0.429291	0.742991	1.02924	1.2776	1.47767	1.61706	1.6827	1.68472	1.63739	1.53844	1.40746	1.26495	1.11809	0.962632	0.80056	0.624954	0.441349	0.252478	0.065204	-0.1093	-0.251982	-0.352515	-0.411759	-0.435616	-0.410733	-0.342687	-0.25813	
0.346859	0.346859	0.299144	0.200012	0.0598024	-0.0958497	-0.247804	-0.376888	-0.467153	-0.52494	-0.573221	-0.625128	-0.672122	-0.707405	-0.742248	-0.781658	-0.797479	-0.767795	-0.673254	-0.509667	-0.275329	0.00704458	0.312213	0.61312	0.895797	1.14824	1.36936	1.54583	1.65971	1.70734	1.69267	1.62873	1.52896	1.40957	1.28247	1.152	1.01332	0.861991	0.698789	0.512871	0.317342	0.121462	-0.0622422	-0.221864	-0.338254	-0.410632	-0.452959	-0.458539	-0.416697	-0.355764	
0.168173	0.168173	0.11895	0.0251715	-0.110065	-0.263695	-0.413254	-0.528083	-0.594457	-0.616725	-0.625128	-0.622187	-0.616748	-0.610859	-0.616889	-0.628516	-0.624251	-0.582651	-0.488445	-0.325304	-0.0991633	0.163151	0.446277	0.722981	0.974623	1.19832	1.39459	1.54361	1.63438	1.66422	1.63635	1.56412	1.46556	1.35594	1.24232	1.12474	0.996703	0.852055	0.69593	0.525778	0.336422	0.137393	-0.0484563	-0.209312	-0.337492	-0.432076	-0.491375	-0.51917	-0.508629	-0.480851	
-0.0362376	-0.0362376	-0.0829477	-0.172078	-0.299472	-0.449088	-0.586495	-0.67809	-0.716055	-0.7105	-0.672122	-0.616748	-0.568679	-0.534191	-0.513637	-0.503555	-0.489627	-0.447017	-0.353634	-0.193847	0.0166165	0.260586	0.513554	0.755708	0.979795	1.18123	1.34523	1.46711	1.53689	1.54802	1.51167	1.44118	1.34745	1.24886	1.15166	1.04546	0.923614	0.79354	0.654593	0.497091	0.313641	0.123963	-0.0558083	-0.209252	-0.339136	-0.447921	-0.525637	-0.574163	-0.597532	-0.59813	
-0.240671	-0.240671	-0.28836	-0.37936	-0.498419	-0.631578	-0.748057	-0.820291	-0.832219	-0.793014	-0.707405	-0.610859	-0.534191	-0.483919	-0.448567	-0.430538	-0.417967	-0.377999	-0.284949	-0.138791	0.0500213	0.275773	0.507314	0.724209	0.921506	1.09008	1.21705	1.30553	1.35111	1.3506	1.31248	1.25219	1.17473	1.09544	1.02209	0.936949	0.830761	0.71854	0.589152	0.438059	0.269465	0.0960189	-0.067307	-0.207953	-0.336832	-0.448127	-0.539086	-0.605263	-0.656366	-0.68542	
-0.446561	-0.446561	-0.494315	-0.58185	-0.691339	-0.80638	-0.90306	-0.959544	-0.94654	-0.868025	-0.742248	-0.616889	-0.513637	-0.448567	-0.414991	-0.412378	-0.406127	-0.371316	-0.287096	-0.15738	0.0156373	0.217411	0.428618	0.634566	0.811432	0.944776	1.03206	1.0823	1.09752	1.08676	1.05276	1.00515	0.957053	0.907866	0.861502	0.804641	0.727391	0.624965	0.507671	0.374212	0.225357	0.0702529	-0.0736798	-0.201678	-0.322611	-0.427801	-0.51767	-0.59863	-0.673443	-0.725253	
-0.643893	-0.643893	-0.689465	-0.773568	-0.879121	-0.979541	-1.0581	-1.0874	-1.04277	-0.929114	-0.781658	-0.628516	-0.503555	-0.430538	-0.412378	-0.421181	-0.425011	-0.401194	-0.336351	-0.225054	-0.0719774	0.105863	0.299521	0.491588	0.653581	0.763261	0.824423	0.838787	0.819996	0.789732	0.758611	0.730384	0.716153	0.702678	0.675247	0.643016	0.595355	0.513755	0.414812	0.306876	0.183762	0.0514861	-0.0707712	-0.183069	-0.284474	-0.38195	-0.472682	-0.561113	-0.651491	-0.732098	
-0.816787	-0.816787	-0.861203	-0.939648	-1.03735	-1.1277	-1.18223	-1.1796	-1.1062	-0.968996	-0.797479	-0.624251	-0.489627	-0.417967	-0.406127	-0.425011	-0.447749	-0.44401	-0.403035	-0.321439	-0.198823	-0.0443066	0.132703	0.309985	0.459015	0.553725	0.594845	0.580537	0.538805	0.495335	0.466625	0.452699	0.459523	0.470681	0.468119	0.457998	0.432316	0.379716	0.308622	0.229357	0.142808	0.0455051	-0.0538155	-0.148207	-0.22928	-0.316254	-0.412081	-0.510253	-0.607966	-0.70515	
-0.95897	-0.95897	-1.001	-1.0727	-1.15511	-1.22383	-1.2523	-1.22137	-1.12472	-0.963088	-0.767795	-0.582651	-0.447017	-0.377999	-0.371316	-0.401194	-0.44401	-0.466581	-0.459081	-0.417788	-0.337444	-0.215736	-0.0578499	0.110722	0.2519	0.33727	0.359087	0.329059	0.274793	0.215397	0.182742	0.18386	0.202907	0.227667	0.252427	0.263166	0.253738	0.227919	0.188802	0.147485	0.104133	0.0503612	-0.0186847	-0.0916346	-0.159799	-0.234962	-0.323802	-0.425975	-0.53108	-0.645232	
-1.05363	-1.05363	-1.09135	-1.15354	-1.2169	-1.2645	-1.2657	-1.19853	-1.06872	-0.883887	-0.673254	-0.488445	-0.353634	-0.284949	-0.287096	-0.336351	-0.403035	-0.459081	-0.493898	-0.4947	-0.457345	-0.370088	-0.240796	-0.0903975	0.042685	0.133312	0.151105	0.112754	0.0446136	-0.0262117	-0.0631264	-0.0572862	-0.0255356	0.0187452	0.0588385	0.0762051	0.0758392	0.0778213	0.0783891	0.0796886	0.0747852	0.0652869	0.0346894	-0.0110936	-0.0634431	-0.119534	-0.191755	-0.29145	-0.411168	-0.542161	
-1.09224	-1.09224	-1.11964	-1.17133	-1.22173	-1.24512	-1.21577	-1.10865	-0.936541	-0.723533	-0.509667	-0.325304	-0.193847	-0.138791	-0.15738	-0.225054	-0.321439	-0.417788	-0.4947	-0.544906	-0.549155	-0.499328	-0.394192	-0.262179	-0.139339	-0.0552806	-0.0308478	-0.0682256	-0.144545	-0.21598	-0.254067	-0.249811	-0.204576	-0.145257	-0.101433	-0.0791315	-0.0627236	-0.0431098	-0.0133158	0.0246064	0.0679447	0.10263	0.114295	0.0975233	0.0667767	0.0311623	-0.0237467	-0.11357	-0.240647	-0.394486	
-1.06746	-1.06746	-1.08688	-1.12302	-1.1559	-1.15757	-1.09213	-0.948439	-0.739471	-0.500479	-0.275329	-0.0991633	0.0166165	0.0500213	0.0156373	-0.0719774	-0.198823	-0.337444	-0.457345	-0.549155	-0.591826	-0.578921	-0.503359	-0.389669	-0.277463	-0.202077	-0.176437	-0.207133	-0.276622	-0.346425	-0.383643	-0.377398	-0.327111	-0.265371	-0.215748	-0.180523	-0.153118	-0.122822	-0.0737871	-0.00151762	0.08726	0.164235	0.212057	0.229919	0.231441	0.216987	0.177116	0.0997095	-0.0254724	-0.190977	
-0.961217	-0.961217	-0.976001	-0.995897	-1.00619	-0.982204	-0.880409	-0.705928	-0.473415	-0.219764	0.00704458	0.163151	0.260586	0.275773	0.217411	0.105863	-0.0443066	-0.215736	-0.370088	-0.499328	-0.578921	-0.592137	-0.55201	-0.475001	-0.378231	-0.304433	-0.278058	-0.299859	-0.359259	-0.422961	-0.453681	-0.444319	-0.395905	-0.336381	-0.285585	-0.245549	-0.215738	-0.170531	-0.0969363	0.00380472	0.126838	0.244588	0.325336	0.377391	0.408272	0.411461	0.392042	0.330277	0.210423	0.0415976	
-0.782597	-0.782597	-0.787225	-0.783945	-0.766931	-0.717542	-0.592618	-0.395632	-0.151689	0.0994961	0.312213	0.446277	0.513554	0.507314	0.428618	0.299521	0.132703	-0.0578499	-0.240796	-0.394192	-0.503359	-0.55201	-0.55135	-0.508747	-0.438544	-0.373366	-0.345523	-0.360006	-0.407582	-0.45994	-0.484532	-0.47585	-0.438918	-0.388951	-0.341716	-0.29679	-0.258633	-0.200822	-0.105772	0.0276781	0.177379	0.321527	0.434547	0.522582	0.576404	0.593681	0.586944	0.543216	0.442685	0.281853	
-0.540169	-0.540169	-0.53308	-0.505516	-0.463591	-0.38659	-0.243759	-0.0398213	0.19634	0.429291	0.61312	0.722981	0.755708	0.724209	0.634566	0.491588	0.309985	0.110722	-0.0903975	-0.262179	-0.389669	-0.475001	-0.508747	-0.491433	-0.450365	-0.403009	-0.378406	-0.39059	-0.427255	-0.466139	-0.487895	-0.491595	-0.470067	-0.432387	-0.388703	-0.342953	-0.28804	-0.21839	-0.105486	0.0503116	0.216497	0.37717	0.521281	0.640724	0.716108	0.750347	0.754006	0.725314	0.651362	0.507809	
-0.262292	-0.262292	-0.246247	-0.194884	-0.125407	-0.0275739	0.127709	0.323302	0.538082	0.742991	0.895797	0.974623	0.979795	0.921506	0.811432	0.653581	0.459015	0.2519	0.042685	-0.139339	-0.277463	-0.378231	-0.438544	-0.450365	-0.430342	-0.39568	-0.376935	-0.390124	-0.418333	-0.445749	-0.468199	-0.486985	-0.484019	-0.455155	-0.418113	-0.37484	-0.312511	-0.220049	-0.08774	0.0744682	0.238923	0.40807	0.578639	0.718648	0.812238	0.865581	0.882729	0.871124	0.813183	0.69558	
0.0148168	0.0148168	0.0459901	0.108415	0.201053	0.325344	0.484432	0.665552	0.858455	1.02924	1.14824	1.19832	1.18123	1.09008	0.944776	0.763261	0.553725	0.33727	0.133312	-0.0552806	-0.202077	-0.304433	-0.373366	-0.403009	-0.39568	-0.375513	-0.356185	-0.356005	-0.37304	-0.39624	-0.422888	-0.450672	-0.461672	-0.456756	-0.434526	-0.38894	-0.315445	-0.20515	-0.0640388	0.0897868	0.250356	0.423471	0.601918	0.749001	0.858188	0.933841	0.975375	0.981523	0.936187	0.842923	
0.252982	0.252982	0.297237	0.368658	0.48335	0.635621	0.798388	0.971002	1.13912	1.2776	1.36936	1.39459	1.34523	1.21705	1.03206	0.824423	0.594845	0.359087	0.151105	-0.0308478	-0.176437	-0.278058	-0.345523	-0.378406	-0.376935	-0.356185	-0.330913	-0.312082	-0.308935	-0.319986	-0.343818	-0.381819	-0.417984	-0.438587	-0.433378	-0.391342	-0.315179	-0.201402	-0.0584499	0.0929265	0.247688	0.412647	0.583288	0.739351	0.866841	0.959115	1.02193	1.04734	1.02226	0.954608	
0.421077	0.421077	0.46973	0.561888	0.703978	0.878239	1.0567	1.22256	1.36464	1.47767	1.54583	1.54361	1.46711	1.30553	1.0823	0.838787	0.580537	0.329059	0.112754	-0.0682256	-0.207133	-0.299859	-0.360006	-0.39059	-0.390124	-0.356005	-0.312082	-0.269601	-0.237649	-0.227469	-0.244378	-0.297243	-0.362497	-0.410178	-0.430499	-0.406567	-0.337216	-0.224134	-0.0806144	0.0674782	0.217478	0.376315	0.533972	0.694842	0.832525	0.942167	1.02746	1.0703	1.0649	1.02863	
0.502099	0.502099	0.556626	0.676724	0.84958	1.04823	1.24435	1.40573	1.52627	1.61706	1.65971	1.63438	1.53689	1.35111	1.09752	0.819996	0.538805	0.274793	0.0446136	-0.144545	-0.276622	-0.359259	-0.407582	-0.427255	-0.418333	-0.37304	-0.308935	-0.237649	-0.17541	-0.144267	-0.159344	-0.223108	-0.311808	-0.389178	-0.437352	-0.435812	-0.377055	-0.269212	-0.129306	0.0154446	0.163135	0.320321	0.477495	0.634746	0.770644	0.891005	0.994004	1.05413	1.06616	1.05553	
0.511684	0.511684	0.576472	0.721566	0.925505	1.1477	1.35904	1.51875	1.62127	1.6827	1.70734	1.66422	1.54802	1.3506	1.08676	0.789732	0.495335	0.215397	-0.0262117	-0.21598	-0.346425	-0.422961	-0.45994	-0.466139	-0.445749	-0.39624	-0.319986	-0.227469	-0.144267	-0.0956561	-0.110528	-0.18693	-0.288805	-0.384973	-0.452073	-0.467996	-0.42059	-0.318651	-0.18725	-0.0400991	0.109345	0.264073	0.424691	0.5786	0.712782	0.834783	0.937872	1.00895	1.03978	1.04881	
0.479646	0.479646	0.551643	0.713245	0.937994	1.17792	1.39982	1.55579	1.64451	1.68472	1.69267	1.63635	1.51167	1.31248	1.05276	0.758611	0.466625	0.182742	-0.0631264	-0.254067	-0.383643	-0.453681	-0.484532	-0.487895	-0.468199	-0.422888	-0.343818	-0.244378	-0.159344	-0.110528	-0.12592	-0.202673	-0.305018	-0.408055	-0.483557	-0.502608	-0.456285	-0.35703	-0.230856	-0.084843	0.0691573	0.228774	0.394775	0.545791	0.675092	0.790905	0.888237	0.961153	0.999704	1.02269	
0.430028	0.430028	0.503348	0.669979	0.897207	1.1418	1.36494	1.51665	1.60006	1.63739	1.62873	1.56412	1.44118	1.25219	1.00515	0.730384	0.452699	0.18386	-0.0572862	-0.249811	-0.377398	-0.444319	-0.47585	-0.491595	-0.486985	-0.450672	-0.381819	-0.297243	-0.223108	-0.18693	-0.202673	-0.269904	-0.369345	-0.467915	-0.533302	-0.539606	-0.48421	-0.382614	-0.254926	-0.115548	0.041973	0.214455	0.381677	0.530384	0.651643	0.76144	0.855876	0.9194	0.957875	0.989961	
0.353055	0.353055	0.42661	0.583604	0.797445	1.03419	1.2485	1.40186	1.49398	1.53844	1.52896	1.46556	1.34745	1.17473	0.957053	0.716153	0.459523	0.202907	-0.0255356	-0.204576	-0.327111	-0.395905	-0.438918	-0.470067	-0.484019	-0.461672	-0.417984	-0.362497	-0.311808	-0.288805	-0.305018	-0.369345	-0.463649	-0.546626	-0.588114	-0.573219	-0.5061	-0.399872	-0.264197	-0.121236	0.0347092	0.207407	0.371372	0.523745	0.645734	0.743977	0.825442	0.879117	0.919653	0.960288	
0.242963	0.242963	0.316785	0.456155	0.650662	0.872542	1.07465	1.23294	1.34754	1.40746	1.40957	1.35594	1.24886	1.09544	0.907866	0.702678	0.470681	0.227667	0.0187452	-0.145257	-0.265371	-0.336381	-0.388951	-0.432387	-0.455155	-0.456756	-0.438587	-0.410178	-0.389178	-0.384973	-0.408055	-0.467915	-0.546626	-0.608701	-0.627647	-0.589087	-0.5111	-0.397561	-0.255681	-0.10808	0.0420335	0.203188	0.364612	0.515859	0.636574	0.722825	0.78514	0.834966	0.882871	0.928895	
0.103684	0.103684	0.169674	0.296061	0.474036	0.681964	0.880626	1.0496	1.18553	1.26495	1.28247	1.24232	1.15166	1.02209	0.861502	0.675247	0.468119	0.252427	0.0588385	-0.101433	-0.215748	-0.285585	-0.341716	-0.388703	-0.418113	-0.434526	-0.433378	-0.430499	-0.437352	-0.452073	-0.483557	-0.533302	-0.588114	-0.627647	-0.623556	-0.573146	-0.490288	-0.370544	-0.226322	-0.0813647	0.05866	0.205722	0.363215	0.500003	0.608217	0.687069	0.740117	0.786252	0.835013	0.886139	
-0.0636138	-0.0636138	-0.00681211	0.117282	0.285983	0.482722	0.685099	0.867679	1.017	1.11809	1.152	1.12474	1.04546	0.936949	0.804641	0.643016	0.457998	0.263166	0.0762051	-0.0791315	-0.180523	-0.245549	-0.29679	-0.342953	-0.37484	-0.38894	-0.391342	-0.406567	-0.435812	-0.467996	-0.502608	-0.539606	-0.573219	-0.589087	-0.573146	-0.521751	-0.434254	-0.319338	-0.182965	-0.0483312	0.0757059	0.202351	0.347797	0.474275	0.57109	0.641806	0.687966	0.731897	0.786626	0.840484	
-0.240576	-0.240576	-0.183192	-0.0646809	0.0972367	0.285256	0.484488	0.678853	0.845992	0.962632	1.01332	0.996703	0.923614	0.830761	0.727391	0.595355	0.432316	0.253738	0.0758392	-0.0627236	-0.153118	-0.215738	-0.258633	-0.28804	-0.312511	-0.315445	-0.315179	-0.337216	-0.377055	-0.42059	-0.456285	-0.48421	-0.5061	-0.5111	-0.490288	-0.434254	-0.348389	-0.252927	-0.140705	-0.0182368	0.0912198	0.197312	0.316914	0.434874	0.521222	0.580836	0.623097	0.671058	0.73173	0.784879	
-0.381546	-0.381546	-0.326532	-0.224131	-0.0788816	0.0975068	0.28679	0.487117	0.667175	0.80056	0.861991	0.852055	0.79354	0.71854	0.624965	0.513755	0.379716	0.227919	0.0778213	-0.0431098	-0.122822	-0.170531	-0.200822	-0.21839	-0.220049	-0.20515	-0.201402	-0.224134	-0.269212	-0.318651	-0.35703	-0.382614	-0.399872	-0.397561	-0.370544	-0.319338	-0.252927	-0.176649	-0.08456	0.0146171	0.105667	0.195552	0.290785	0.38703	0.45513	0.501683	0.551167	0.604518	0.661215	0.702815	
-0.460451	-0.460451	-0.418691	-0.339734	-0.216662	-0.0628201	0.116588	0.308408	0.488993	0.624954	0.698789	0.69593	0.654593	0.589152	0.507671	0.414812	0.308622	0.188802	0.0783891	-0.0133158	-0.0737871	-0.0969363	-0.105772	-0.105486	-0.08774	-0.0640388	-0.0584499	-0.0806144	-0.129306	-0.18725	-0.230856	-0.254926	-0.264197	-0.255681	-0.226322	-0.182965	-0.140705	-0.08456	-0.0162554	0.0559823	0.123286	0.190866	0.262946	0.335824	0.388072	0.423368	0.47052	0.525136	0.571688	0.607446	
-0.500867	-0.500867	-0.468259	-0.412062	-0.314647	-0.177801	-0.0193905	0.148529	0.313679	0.441349	0.512871	0.525778	0.497091	0.438059	0.374212	0.306876	0.229357	0.147485	0.0796886	0.0246064	-0.00151762	0.00380472	0.0276781	0.0503116	0.0744682	0.0897868	0.0929265	0.0674782	0.0154446	-0.0400991	-0.084843	-0.115548	-0.121236	-0.10808	-0.0813647	-0.0483312	-0.0182368	0.0146171	0.0559823	0.0976161	0.139814	0.180211	0.230782	0.281471	0.317145	0.34278	0.380761	0.430893	0.475484	0.504859	
-0.52985	-0.52985	-0.505363	-0.458619	-0.377667	-0.266023	-0.139002	0.00211662	0.142022	0.252478	0.317342	0.336422	0.313641	0.269465	0.225357	0.183762	0.142808	0.104133	0.0747852	0.0679447	0.08726	0.126838	0.177379	0.216497	0.238923	0.250356	0.247688	0.217478	0.163135	0.109345	0.0691573	0.041973	0.0347092	0.0420335	0.05866	0.0757059	0.0912198	0.105667	0.123286	0.139814	0.151196	0.16697	0.199195	0.230174	0.246665	0.263327	0.292158	0.332082	0.376725	0.406648	
-0.558194	-0.558194	-0.540794	-0.501067	-0.434487	-0.34712	-0.245827	-0.136367	-0.025938	0.065204	0.121462	0.137393	0.123963	0.0960189	0.0702529	0.0514861	0.0455051	0.0503612	0.0652869	0.10263	0.164235	0.244588	0.321527	0.37717	0.40807	0.423471	0.412647	0.376315	0.320321	0.264073	0.228774	0.214455	0.207407	0.203188	0.205722	0.202351	0.197312	0.195552	0.190866	0.180211	0.16697	0.168777	0.182896	0.19406	0.194429	0.199432	0.218774	0.249305	0.290798	0.322136	
-0.583631	-0.583631	-0.575668	-0.542713	-0.48822	-0.420234	-0.335777	-0.253207	-0.176264	-0.1093	-0.0622422	-0.0484563	-0.0558083	-0.067307	-0.0736798	-0.0707712	-0.0538155	-0.0186847	0.0346894	0.114295	0.212057	0.325336	0.434547	0.521281	0.578639	0.601918	0.583288	0.533972	0.477495	0.424691	0.394775	0.381677	0.371372	0.364612	0.363215	0.347797	0.316914	0.290785	0.262946	0.230782	0.199195	0.182896	0.17623	0.177857	0.175412	0.167126	0.166255	0.180407	0.215804	0.239496	
-0.609056	-0.609056	-0.60347	-0.573466	-0.526201	-0.466997	-0.400042	-0.342506	-0.295344	-0.251982	-0.221864	-0.209312	-0.209252	-0.207953	-0.201678	-0.183069	-0.148207	-0.0916346	-0.0110936	0.0975233	0.229919	0.377391	0.522582	0.640724	0.718648	0.749001	0.739351	0.694842	0.634746	0.5786	0.545791	0.530384	0.523745	0.515859	0.500003	0.474275	0.434874	0.38703	0.335824	0.281471	0.230174	0.19406	0.177857	0.17566	0.175722	0.159294	0.137653	0.132004	0.145967	0.147112	
-0.633241	-0.633241	-0.621358	-0.586726	-0.53954	-0.487976	-0.441568	-0.408687	-0.381169	-0.352515	-0.338254	-0.337492	-0.339136	-0.336832	-0.322611	-0.284474	-0.22928	-0.159799	-0.0634431	0.0667767	0.231441	0.408272	0.576404	0.716108	0.812238	0.858188	0.866841	0.832525	0.770644	0.712782	0.675092	0.651643	0.645734	0.636574	0.608217	0.57109	0.521222	0.45513	0.388072	0.317145	0.246665	0.194429	0.175412	0.175722	0.174881	0.148763	0.112737	0.0894197	0.0748525	0.0518001	
-0.62397	-0.62397	-0.606178	-0.568367	-0.522504	-0.481766	-0.451158	-0.435235	-0.425018	-0.411759	-0.410632	-0.432076	-0.447921	-0.448127	-0.427801	-0.38195	-0.316254	-0.234962	-0.119534	0.0311623	0.216987	0.411461	0.593681	0.750347	0.865581	0.933841	0.959115	0.942167	0.891005	0.834783	0.790905	0.76144	0.743977	0.722825	0.687069	0.641806	0.580836	0.501683	0.423368	0.34278	0.263327	0.199432	0.167126	0.159294	0.148763	0.117786	0.0759605	0.0377114	0.000541594	-0.033775	
-0.567311	-0.567311	-0.549547	-0.516374	-0.473717	-0.443702	-0.426975	-0.421062	-0.423125	-0.435616	-0.452959	-0.491375	-0.525637	-0.539086	-0.51767	-0.472682	-0.412081	-0.323802	-0.191755	-0.0237467	0.177116	0.392042	0.586944	0.754006	0.882729	0.975375	1.02193	1.02746	0.994004	0.937872	0.888237	0.855876	0.825442	0.78514	0.740117	0.687966	0.623097	0.551167	0.47052	0.380761	0.292158	0.218774	0.166255	0.137653	0.112737	0.0759605	0.0229145	-0.024595	-0.0701262	-0.108656	
-0.455989	-0.455989	-0.442354	-0.418055	-0.384821	-0.362051	-0.356409	-0.361274	-0.376689	-0.410733	-0.458539	-0.51917	-0.574163	-0.605263	-0.59863	-0.561113	-0.510253	-0.425975	-0.29145	-0.11357	0.0997095	0.330277	0.543216	0.725314	0.871124	0.981523	1.04734	1.0703	1.05413	1.00895	0.961153	0.9194	0.879117	0.834966	0.786252	0.731897	0.671058	0.604518	0.525136	0.430893	0.332082	0.249305	0.180407	0.132004	0.0894197	0.0377114	-0.024595	-0.0768611	-0.122697	-0.159564	
-0.303991	-0.303991	-0.292425	-0.270494	-0.249184	-0.238719	-0.246016	-0.265474	-0.29636	-0.342687	-0.416697	-0.508629	-0.597532	-0.656366	-0.673443	-0.651491	-0.607966	-0.53108	-0.411168	-0.240647	-0.0254724	0.210423	0.442685	0.651362	0.813183	0.936187	1.02226	1.0649	1.06616	1.03978	0.999704	0.957875	0.919653	0.882871	0.835013	0.786626	0.73173	0.661215	0.571688	0.475484	0.376725	0.290798	0.215804	0.145967	0.0748525	0.000541594	-0.0701262	-0.122697	-0.155165	-0.174642	
-0.130465	-0.130465	-0.117701	-0.10345	-0.097025	-0.0998026	-0.116918	-0.151941	-0.194221	-0.25813	-0.355764	-0.480851	-0.59813	-0.68542	-0.725253	-0.732098	-0.70515	-0.645232	-0.542161	-0.394486	-0.190977	0.0415976	0.281853	0.507809	0.69558	0.842923	0.954608	1.02863	1.05553	1.04881	1.02269	0.989961	0.960288	0.928895	0.886139	0.840484	0.784879	0.702815	0.607446	0.504859	0.406648	0.322136	0.239496	0.147112	0.0518001	-0.033775	-0.108656	-0.159564	-0.174642	-0.169936	
