-0.00380261	-0.00380261	0.0145794	0.0504344	0.106298	0.178005	0.263794	0.35325	0.433346	0.487945	0.498644	0.454488	0.352686	0.203637	0.0295612	-0.140557	-0.284076	-0.380769	-0.430242	-0.431543	-0.389996	-0.307484	-0.187786	-0.0406968	0.112166	0.250946	0.3568	0.425646	0.459153	0.45285	0.409655	0.325566	0.212242	0.0872446	-0.0421819	-0.175714	-0.300702	-0.40906	-0.481383	-0.508066	-0.496008	-0.463144	-0.407482	-0.348072	-0.296333	-0.250025	-0.211093	-0.188294	-0.176345	-0.174162	
-0.00990015	-0.00990015	0.00741741	0.0423433	0.0958208	0.166953	0.251802	0.343126	0.427333	0.488284	0.508377	0.474071	0.381252	0.238802	0.0662139	-0.107197	-0.257958	-0.365309	-0.425859	-0.439535	-0.408517	-0.339757	-0.22909	-0.0925639	0.0552197	0.193328	0.303936	0.382376	0.434419	0.452569	0.438871	0.383477	0.292592	0.17665	0.0435354	-0.0984105	-0.237033	-0.359388	-0.445428	-0.489801	-0.501925	-0.486229	-0.442453	-0.383545	-0.318057	-0.252812	-0.198912	-0.162161	-0.138798	-0.129595	
-0.00650661	-0.00650661	0.0106364	0.0423136	0.0949677	0.161797	0.245073	0.334812	0.418582	0.48312	0.507083	0.479591	0.393998	0.256476	0.0878625	-0.0859315	-0.239244	-0.351329	-0.417976	-0.438484	-0.417924	-0.359408	-0.2638	-0.14086	-0.0038583	0.127614	0.237127	0.325406	0.391716	0.43434	0.450555	0.423879	0.355625	0.253955	0.12723	-0.0144732	-0.159618	-0.294268	-0.397266	-0.464673	-0.499787	-0.506264	-0.478915	-0.422741	-0.348056	-0.270781	-0.203568	-0.146512	-0.0993362	-0.0627163	
0.0017384	0.0017384	0.0166179	0.0466897	0.0939851	0.157057	0.235496	0.320863	0.403838	0.468145	0.496061	0.475099	0.395512	0.265694	0.100753	-0.0715081	-0.226335	-0.341707	-0.413268	-0.439048	-0.424196	-0.375407	-0.288153	-0.175646	-0.0468667	0.0787789	0.187587	0.275512	0.348433	0.404729	0.441087	0.441658	0.404349	0.329037	0.219739	0.0845059	-0.0662069	-0.212955	-0.335255	-0.423974	-0.48067	-0.507906	-0.499492	-0.457568	-0.389006	-0.307415	-0.222697	-0.140996	-0.0628912	-0.000184559	
-0.00970801	-0.00970801	0.00618052	0.034001	0.0830108	0.144563	0.223822	0.311593	0.396391	0.467401	0.501657	0.488815	0.417663	0.292535	0.130052	-0.0454537	-0.2056	-0.330506	-0.409108	-0.442445	-0.43398	-0.389098	-0.307025	-0.199705	-0.0743182	0.047343	0.149628	0.235011	0.305579	0.367071	0.419434	0.446542	0.438192	0.391264	0.303733	0.181797	0.0337237	-0.120202	-0.256131	-0.357421	-0.43028	-0.479309	-0.498655	-0.479539	-0.421561	-0.331634	-0.23027	-0.125511	-0.0250793	0.0594688	
-0.0229073	-0.0229073	-0.00822783	0.0211827	0.0685101	0.131236	0.211936	0.301082	0.391935	0.4688	0.512392	0.510456	0.448625	0.331399	0.172242	-0.00533691	-0.172506	-0.305744	-0.39579	-0.437865	-0.437501	-0.400769	-0.326489	-0.22544	-0.106169	0.010958	0.113044	0.197122	0.268133	0.335812	0.39924	0.442148	0.457113	0.435314	0.370544	0.266005	0.12829	-0.0225346	-0.160061	-0.270705	-0.359786	-0.429887	-0.471635	-0.474919	-0.428407	-0.339491	-0.22868	-0.107567	0.0132895	0.121754	
-0.0197277	-0.0197277	-0.00524128	0.0208075	0.0665524	0.125547	0.203097	0.291166	0.381315	0.46161	0.511244	0.518158	0.466451	0.359814	0.207356	0.0327769	-0.134615	-0.275481	-0.372196	-0.424974	-0.436508	-0.411668	-0.348986	-0.259985	-0.146713	-0.0317555	0.0692657	0.155287	0.227746	0.298714	0.368561	0.427618	0.463182	0.464584	0.422437	0.340849	0.21727	0.0716264	-0.0720242	-0.190362	-0.287187	-0.362891	-0.41942	-0.441612	-0.414726	-0.337437	-0.226794	-0.0914242	0.0501455	0.180029	
-0.00672581	-0.00672581	0.00543791	0.0294943	0.0698933	0.124275	0.196665	0.280201	0.368481	0.449843	0.504279	0.519215	0.479152	0.381698	0.239033	0.0682532	-0.100266	-0.244366	-0.348476	-0.40866	-0.427473	-0.409761	-0.357454	-0.275417	-0.170712	-0.0635792	0.0335681	0.11561	0.183644	0.255159	0.331886	0.404088	0.461703	0.490363	0.478929	0.420435	0.309748	0.165793	0.0190362	-0.105886	-0.205297	-0.28295	-0.345119	-0.381168	-0.372499	-0.311436	-0.20683	-0.0657107	0.0846527	0.220617	
-0.00357286	-0.00357286	0.00808904	0.0316681	0.0706367	0.124195	0.195597	0.278406	0.36896	0.452337	0.513063	0.536011	0.503073	0.415608	0.277056	0.108298	-0.0610605	-0.210797	-0.320045	-0.384606	-0.408812	-0.396291	-0.348685	-0.274768	-0.176918	-0.0749632	0.0162821	0.0907386	0.151386	0.217031	0.290824	0.372752	0.450666	0.507211	0.524928	0.496237	0.409351	0.279352	0.130936	-0.0016938	-0.107898	-0.188058	-0.253482	-0.294711	-0.294651	-0.245256	-0.150355	-0.0166041	0.125927	0.250383	
0.00344517	0.00344517	0.0150511	0.0380067	0.0764006	0.129416	0.199389	0.283587	0.374194	0.462554	0.529858	0.561078	0.541143	0.462505	0.333101	0.167963	-0.00353503	-0.159515	-0.275939	-0.350457	-0.381557	-0.373485	-0.333285	-0.262443	-0.168158	-0.0702724	0.0180954	0.0888402	0.141655	0.19837	0.266028	0.347565	0.432636	0.50605	0.554721	0.562941	0.510784	0.404756	0.267693	0.133451	0.0189308	-0.0681999	-0.137024	-0.179382	-0.18494	-0.145534	-0.064504	0.0532884	0.175201	0.275764	
0.0291608	0.0291608	0.0387966	0.061813	0.0961033	0.147423	0.215113	0.29624	0.389234	0.478519	0.553059	0.593746	0.584387	0.518222	0.398125	0.237915	0.0665413	-0.0930055	-0.218784	-0.300192	-0.340407	-0.34155	-0.308983	-0.245287	-0.157319	-0.060152	0.0310386	0.101656	0.152541	0.202361	0.25875	0.331235	0.416471	0.501347	0.57254	0.610874	0.596802	0.526311	0.412607	0.285398	0.172216	0.0830293	0.0122802	-0.0350581	-0.0482949	-0.0245009	0.0353407	0.126638	0.220174	0.2928	
0.0737397	0.0737397	0.0831943	0.103352	0.135809	0.183728	0.246969	0.326426	0.416253	0.50725	0.586343	0.634738	0.637446	0.584772	0.475403	0.324489	0.155529	-0.00878694	-0.140167	-0.233005	-0.283805	-0.292859	-0.26987	-0.212678	-0.128418	-0.0328038	0.0579025	0.128874	0.177022	0.21971	0.26668	0.334221	0.416784	0.50486	0.589863	0.655709	0.676016	0.640509	0.555282	0.449569	0.348571	0.266897	0.199881	0.152425	0.127205	0.125281	0.14974	0.200097	0.255115	0.294282	
0.140632	0.140632	0.147933	0.167729	0.195449	0.241039	0.300252	0.376423	0.465499	0.556999	0.641219	0.696621	0.711412	0.668271	0.570655	0.425255	0.256351	0.090422	-0.0495975	-0.149523	-0.206251	-0.222592	-0.206353	-0.154804	-0.0790329	0.0111889	0.10118	0.170286	0.217528	0.254586	0.294992	0.353133	0.43065	0.520786	0.619528	0.702761	0.752467	0.75176	0.702294	0.622074	0.542856	0.47659	0.420148	0.372545	0.334313	0.304562	0.287173	0.284068	0.283551	0.275939	
0.226252	0.226252	0.233946	0.252529	0.280295	0.32392	0.381703	0.455369	0.543298	0.633857	0.720285	0.781363	0.802491	0.77191	0.682243	0.545966	0.381094	0.213378	0.0685728	-0.0380827	-0.104791	-0.129007	-0.121348	-0.079059	-0.0107255	0.0762885	0.16388	0.233049	0.279674	0.312335	0.343452	0.39405	0.464872	0.552508	0.65228	0.750864	0.830786	0.869367	0.859265	0.814815	0.761714	0.709349	0.660059	0.612798	0.565621	0.511108	0.452421	0.387722	0.317572	0.249083	
0.349562	0.349562	0.355987	0.372589	0.396438	0.436525	0.488019	0.558265	0.640456	0.730241	0.817868	0.883002	0.915167	0.893682	0.816105	0.688266	0.524796	0.354894	0.202539	0.0836735	0.00838945	-0.0261774	-0.0278017	0.00718358	0.0680746	0.149662	0.237007	0.307676	0.357216	0.385662	0.410092	0.448167	0.504642	0.58213	0.685204	0.7979	0.905685	0.983277	1.01754	1.01054	0.983905	0.949335	0.91003	0.862514	0.801286	0.719872	0.618303	0.492598	0.356728	0.231117	
0.50268	0.50268	0.507949	0.521789	0.542579	0.577148	0.624774	0.688253	0.767245	0.853477	0.940755	1.00992	1.04718	1.03465	0.96532	0.842122	0.679128	0.504202	0.338664	0.207716	0.116849	0.0682879	0.0567842	0.0822178	0.135966	0.216078	0.303559	0.376294	0.425972	0.449107	0.463446	0.48777	0.533594	0.607538	0.709738	0.828913	0.958953	1.07007	1.14487	1.1792	1.19141	1.18296	1.15715	1.10553	1.02364	0.906949	0.760879	0.587465	0.407426	0.244867	
0.677387	0.677387	0.681858	0.691835	0.70915	0.737557	0.777845	0.834639	0.904899	0.986037	1.06906	1.13867	1.17916	1.17459	1.11121	0.995152	0.832308	0.651389	0.476299	0.329528	0.224027	0.161923	0.138043	0.151858	0.195791	0.267119	0.348591	0.420462	0.472149	0.495905	0.508069	0.527877	0.564566	0.627393	0.719746	0.841091	0.983371	1.12274	1.23909	1.32216	1.37459	1.39513	1.38171	1.32056	1.20896	1.05354	0.871702	0.666062	0.459925	0.269027	
0.852462	0.852462	0.855669	0.862866	0.876184	0.898516	0.931525	0.979693	1.03999	1.11283	1.18784	1.25296	1.29403	1.29052	1.23511	1.12324	0.963984	0.782808	0.600364	0.442704	0.324583	0.244367	0.204751	0.199338	0.2258	0.283246	0.35808	0.431618	0.490169	0.518767	0.534457	0.547334	0.572663	0.624517	0.708204	0.823774	0.973735	1.13761	1.29212	1.41734	1.50727	1.55292	1.54557	1.47322	1.33713	1.15483	0.944784	0.715383	0.489185	0.277452	
1.00125	1.00125	1.00382	1.00709	1.01785	1.03264	1.06004	1.09823	1.15023	1.21428	1.28141	1.34446	1.38314	1.38544	1.33441	1.22776	1.07067	0.883933	0.68986	0.516585	0.377465	0.279367	0.222698	0.201732	0.215431	0.262814	0.329377	0.4011	0.458025	0.488567	0.501504	0.509688	0.530452	0.577918	0.653144	0.768772	0.925339	1.10477	1.28291	1.43668	1.55035	1.61299	1.61767	1.54765	1.40229	1.20026	0.96683	0.719177	0.481917	0.264428	
1.09228	1.09228	1.09319	1.09397	1.09985	1.11017	1.13022	1.16292	1.20731	1.26652	1.32984	1.3915	1.43281	1.43883	1.39315	1.2899	1.13173	0.937117	0.730781	0.537775	0.381269	0.264207	0.193478	0.158163	0.160645	0.19539	0.252596	0.318543	0.3737	0.402013	0.412965	0.417413	0.433763	0.478063	0.555002	0.6747	0.831977	1.01655	1.20268	1.36784	1.49193	1.5698	1.58621	1.52351	1.37739	1.16931	0.92554	0.67043	0.433821	0.220293	
1.08852	1.08852	1.08954	1.08867	1.09432	1.10092	1.11892	1.14618	1.18589	1.24016	1.29911	1.36001	1.40397	1.41577	1.38208	1.28809	1.14097	0.949958	0.740309	0.538237	0.365438	0.230635	0.141249	0.0872783	0.0731136	0.0926422	0.138895	0.20181	0.25575	0.289147	0.304012	0.306836	0.321428	0.36355	0.434976	0.54683	0.698854	0.8821	1.07193	1.24192	1.36736	1.44141	1.45303	1.39239	1.25363	1.05675	0.820412	0.575837	0.34506	0.135843	
0.973809	0.973809	0.974561	0.975449	0.980571	0.988137	1.00568	1.03105	1.07041	1.12214	1.182	1.24637	1.29657	1.32269	1.30393	1.22991	1.10033	0.921786	0.718246	0.51397	0.331151	0.184101	0.0775342	0.00675199	-0.0258435	-0.0238745	0.00959842	0.0662969	0.12279	0.167256	0.189465	0.198201	0.213081	0.246165	0.305581	0.408165	0.549478	0.724902	0.908724	1.0698	1.1806	1.23794	1.23749	1.17403	1.0479	0.872916	0.662984	0.441161	0.222704	0.0183098	
0.747353	0.747353	0.748845	0.752278	0.759311	0.771689	0.792103	0.823473	0.867736	0.925975	0.99523	1.06913	1.13556	1.17849	1.18199	1.12998	1.02169	0.858484	0.664898	0.460887	0.274276	0.118501	0.00302562	-0.0783274	-0.119995	-0.129572	-0.105358	-0.0545482	0.00127596	0.0479385	0.0755825	0.088384	0.104324	0.137248	0.197859	0.292684	0.416801	0.56901	0.725084	0.858341	0.942353	0.977706	0.962303	0.903597	0.799306	0.655549	0.475016	0.279265	0.0802214	-0.107844	
0.437249	0.437249	0.440077	0.446201	0.457492	0.474444	0.502023	0.539737	0.593492	0.661332	0.743455	0.832872	0.919314	0.985947	1.01781	0.995156	0.915329	0.776362	0.598399	0.403866	0.217406	0.0619481	-0.0588157	-0.139939	-0.185491	-0.199175	-0.17934	-0.133317	-0.0809932	-0.0295981	0.00211651	0.0199101	0.0430171	0.0799909	0.140313	0.224727	0.329886	0.449546	0.566414	0.653425	0.695341	0.696676	0.668745	0.619629	0.543226	0.432501	0.282826	0.114948	-0.0632408	-0.22704	
0.0865929	0.0865929	0.0899285	0.101903	0.115423	0.140939	0.173925	0.219369	0.282384	0.357644	0.452728	0.555565	0.660688	0.753508	0.813854	0.828583	0.784253	0.681501	0.532316	0.359266	0.185471	0.0357258	-0.0833781	-0.164985	-0.213897	-0.230298	-0.212692	-0.168357	-0.106804	-0.0437369	0.00100451	0.0334928	0.0628685	0.0971819	0.151901	0.222358	0.302072	0.383836	0.452913	0.489129	0.486772	0.451493	0.402242	0.351444	0.298066	0.220571	0.110194	-0.025462	-0.176427	-0.314919	
-0.247366	-0.247366	-0.241838	-0.228992	-0.210766	-0.181667	-0.144581	-0.092515	-0.0258587	0.0571356	0.159797	0.272602	0.394408	0.50678	0.595431	0.643521	0.636131	0.570509	0.455414	0.308023	0.153301	0.0152477	-0.0972569	-0.174744	-0.220513	-0.235954	-0.216921	-0.167063	-0.0946873	-0.0151113	0.0530475	0.106027	0.146666	0.185642	0.233472	0.280008	0.32323	0.358538	0.378495	0.370354	0.328178	0.258675	0.184961	0.1273	0.0828828	0.0302742	-0.0419477	-0.132545	-0.238296	-0.337564	
-0.516216	-0.516216	-0.510944	-0.497906	-0.479782	-0.451135	-0.413442	-0.362003	-0.294645	-0.210209	-0.105439	0.013646	0.144825	0.272266	0.382585	0.458177	0.480772	0.449111	0.361395	0.238938	0.101577	-0.0236684	-0.127099	-0.192237	-0.230181	-0.234708	-0.205335	-0.147085	-0.0599518	0.0405705	0.133064	0.210957	0.27199	0.319001	0.359586	0.38264	0.39127	0.378573	0.347367	0.290072	0.21366	0.119498	0.0305668	-0.0400902	-0.0867148	-0.126668	-0.163543	-0.202888	-0.248527	-0.293598	
-0.701129	-0.701129	-0.696955	-0.685374	-0.670568	-0.644734	-0.611988	-0.565024	-0.502818	-0.423416	-0.322441	-0.204194	-0.0719738	0.0647883	0.18748	0.284182	0.331543	0.326978	0.264652	0.163465	0.0419783	-0.074469	-0.166121	-0.224387	-0.24962	-0.239177	-0.196238	-0.121615	-0.0113046	0.111668	0.233679	0.341286	0.420495	0.477247	0.514004	0.521826	0.49907	0.442578	0.360914	0.26373	0.157334	0.0402767	-0.0679989	-0.152008	-0.201868	-0.230254	-0.234189	-0.228014	-0.217541	-0.214012	
-0.807589	-0.807589	-0.802045	-0.794978	-0.7786	-0.758362	-0.728776	-0.686099	-0.63337	-0.558855	-0.469142	-0.358097	-0.23176	-0.0986232	0.0290666	0.134574	0.1996	0.213937	0.174694	0.0899059	-0.0174316	-0.126043	-0.212973	-0.26659	-0.282862	-0.262459	-0.205942	-0.111268	0.0191922	0.170213	0.326964	0.465355	0.56887	0.641989	0.676393	0.668903	0.617691	0.527282	0.410283	0.282726	0.147748	0.0128197	-0.109708	-0.202602	-0.256918	-0.270478	-0.246024	-0.203247	-0.1542	-0.118308	
-0.835709	-0.835709	-0.831504	-0.824413	-0.810895	-0.793728	-0.767731	-0.732788	-0.686894	-0.622842	-0.544947	-0.444616	-0.329527	-0.204269	-0.0780678	0.0293154	0.104219	0.132706	0.106994	0.035658	-0.0632388	-0.170141	-0.256347	-0.310034	-0.325809	-0.299634	-0.234504	-0.129483	0.0189732	0.196017	0.386285	0.56002	0.696967	0.786881	0.820633	0.799787	0.727816	0.610272	0.466057	0.316558	0.173488	0.0372358	-0.0883994	-0.18852	-0.245161	-0.249309	-0.207735	-0.143662	-0.0709822	-0.0136152	
-0.78677	-0.78677	-0.784017	-0.779627	-0.770453	-0.75885	-0.739592	-0.714	-0.67679	-0.625646	-0.559383	-0.471894	-0.37047	-0.253375	-0.134705	-0.0283433	0.0527563	0.0879931	0.0741538	0.0115321	-0.0845347	-0.194039	-0.28576	-0.352281	-0.373593	-0.351627	-0.287887	-0.174181	-0.0127107	0.185214	0.405165	0.611036	0.773409	0.878186	0.91146	0.882745	0.792221	0.65661	0.500665	0.354426	0.219255	0.0945351	-0.0230882	-0.119761	-0.179476	-0.182461	-0.13541	-0.0598067	0.0283574	0.103609	
-0.679956	-0.679956	-0.677685	-0.677384	-0.670762	-0.66581	-0.653369	-0.636086	-0.61049	-0.570773	-0.518392	-0.446069	-0.357235	-0.25343	-0.142279	-0.0394812	0.0438964	0.0837321	0.0787934	0.0183187	-0.0795563	-0.196747	-0.306859	-0.388758	-0.424299	-0.413051	-0.351167	-0.233171	-0.0691393	0.141545	0.375646	0.59597	0.773304	0.884398	0.915174	0.878827	0.781263	0.649572	0.506524	0.37521	0.257845	0.158042	0.0601468	-0.0259919	-0.0828072	-0.0802172	-0.0296929	0.0543028	0.152133	0.239877	
-0.532593	-0.532593	-0.533855	-0.533452	-0.534849	-0.533804	-0.529685	-0.522911	-0.505725	-0.480972	-0.439815	-0.383394	-0.307814	-0.218144	-0.117184	-0.0215251	0.0578124	0.100852	0.0960214	0.0391141	-0.0616007	-0.187209	-0.31093	-0.407385	-0.460264	-0.460724	-0.406391	-0.298334	-0.139287	0.0667254	0.296148	0.513707	0.691239	0.793499	0.81992	0.780911	0.695483	0.581914	0.461927	0.350873	0.261579	0.186341	0.114475	0.053567	0.0232816	0.0415539	0.0981014	0.185573	0.283987	0.372664	
-0.379889	-0.379889	-0.382103	-0.382809	-0.38735	-0.3891	-0.390333	-0.390516	-0.38095	-0.369544	-0.340845	-0.302173	-0.246205	-0.173553	-0.0928653	-0.00845394	0.0625238	0.105174	0.104846	0.0567037	-0.0406735	-0.164856	-0.296586	-0.408442	-0.478227	-0.496752	-0.460436	-0.367912	-0.226079	-0.0389438	0.169559	0.370899	0.531655	0.621146	0.641551	0.604429	0.528125	0.432622	0.338589	0.25483	0.189836	0.141758	0.110625	0.0945738	0.105722	0.151097	0.221008	0.308542	0.395593	0.474143	
-0.240771	-0.240771	-0.242874	-0.246684	-0.252863	-0.258944	-0.267149	-0.272639	-0.276051	-0.274456	-0.261692	-0.239783	-0.200265	-0.1455	-0.0800037	-0.00432508	0.0600403	0.105666	0.113115	0.0730258	-0.0152906	-0.135544	-0.274379	-0.394831	-0.481522	-0.519355	-0.501343	-0.431607	-0.317183	-0.158968	0.0178453	0.193352	0.331655	0.405748	0.414867	0.368407	0.290979	0.208995	0.134094	0.0714618	0.0349225	0.0282131	0.047476	0.0822794	0.138841	0.213048	0.297606	0.385349	0.463327	0.527998	
-0.141562	-0.141562	-0.145625	-0.150949	-0.162069	-0.171978	-0.186829	-0.198103	-0.209981	-0.215091	-0.212324	-0.199054	-0.168353	-0.124616	-0.0644032	0.00453708	0.0676973	0.11868	0.131542	0.102228	0.0239891	-0.0949088	-0.234244	-0.365013	-0.468091	-0.522791	-0.521946	-0.475982	-0.382823	-0.257678	-0.116727	0.0200336	0.122646	0.167523	0.157107	0.0979063	0.0233112	-0.0523698	-0.119123	-0.165262	-0.171457	-0.139778	-0.069735	0.0219686	0.122484	0.214619	0.308407	0.399363	0.477884	0.535971	
-0.127592	-0.127592	-0.129455	-0.13339	-0.138927	-0.145734	-0.153937	-0.161024	-0.168062	-0.169522	-0.16679	-0.152184	-0.126737	-0.0854675	-0.0299619	0.0349241	0.101128	0.155191	0.178444	0.161948	0.0940487	-0.0185462	-0.156382	-0.298107	-0.413224	-0.482208	-0.499167	-0.469845	-0.400076	-0.312088	-0.217156	-0.130306	-0.0770249	-0.0658361	-0.0984463	-0.163252	-0.237854	-0.30777	-0.362192	-0.39029	-0.379601	-0.319192	-0.207755	-0.069355	0.0667218	0.179637	0.282047	0.372233	0.446593	0.505935	
-0.165918	-0.165918	-0.164849	-0.166669	-0.164831	-0.165879	-0.165223	-0.162506	-0.161198	-0.151766	-0.141973	-0.119744	-0.0900942	-0.0458597	0.0104785	0.0762116	0.145907	0.203817	0.240839	0.237003	0.188727	0.0940985	-0.0313074	-0.16617	-0.283506	-0.363547	-0.400937	-0.397806	-0.367976	-0.328329	-0.286788	-0.252752	-0.245841	-0.262216	-0.313458	-0.384364	-0.460946	-0.521778	-0.564204	-0.577773	-0.555142	-0.47416	-0.343943	-0.184732	-0.0279234	0.104146	0.212838	0.300373	0.37031	0.427552	
-0.205764	-0.205764	-0.204544	-0.203846	-0.20048	-0.197937	-0.193017	-0.186229	-0.178713	-0.164508	-0.148375	-0.122201	-0.0866137	-0.0409783	0.021404	0.0899267	0.168681	0.239038	0.295626	0.316416	0.299334	0.233018	0.133202	0.0137999	-0.100555	-0.190833	-0.248704	-0.278908	-0.293086	-0.307597	-0.323679	-0.351817	-0.388288	-0.431258	-0.491663	-0.559788	-0.625718	-0.683713	-0.725176	-0.730297	-0.695808	-0.605495	-0.468644	-0.304597	-0.152665	-0.0212174	0.0876731	0.177884	0.253764	0.31311	
-0.230929	-0.230929	-0.229755	-0.226975	-0.222733	-0.219053	-0.210883	-0.206445	-0.194537	-0.184708	-0.166917	-0.143133	-0.109426	-0.0623522	0.00108144	0.0761663	0.166895	0.255608	0.336807	0.391904	0.407565	0.378128	0.306995	0.206429	0.0993561	0.00294541	-0.0740063	-0.134005	-0.191269	-0.258136	-0.33529	-0.423612	-0.501578	-0.572803	-0.635966	-0.694908	-0.750848	-0.80545	-0.838069	-0.837605	-0.795891	-0.708273	-0.577018	-0.423202	-0.284431	-0.160297	-0.0583879	0.0292852	0.111675	0.19014	
-0.230108	-0.230108	-0.230317	-0.228196	-0.227532	-0.22501	-0.220569	-0.218345	-0.207752	-0.20139	-0.182948	-0.161583	-0.129513	-0.0807675	-0.0222279	0.0590022	0.150168	0.251808	0.349582	0.432854	0.481652	0.494025	0.459557	0.39022	0.300165	0.203592	0.10779	0.0178348	-0.0836815	-0.197903	-0.326224	-0.457763	-0.572266	-0.667367	-0.7372	-0.795102	-0.84932	-0.890925	-0.906774	-0.901967	-0.856824	-0.779162	-0.669585	-0.540322	-0.406692	-0.28898	-0.194319	-0.112769	-0.0311471	0.059934	
-0.221132	-0.221132	-0.221532	-0.220913	-0.221964	-0.219679	-0.219871	-0.215142	-0.210368	-0.201664	-0.186327	-0.166915	-0.135169	-0.0915069	-0.0353637	0.0440111	0.132013	0.240181	0.34795	0.450151	0.530804	0.577008	0.581641	0.546001	0.478134	0.387131	0.28299	0.167857	0.0308076	-0.122069	-0.292314	-0.461048	-0.60519	-0.713994	-0.79062	-0.844431	-0.893098	-0.928829	-0.942971	-0.931641	-0.88576	-0.813344	-0.723634	-0.622734	-0.503698	-0.393729	-0.302165	-0.226784	-0.155295	-0.076015	
-0.2095	-0.2095	-0.208249	-0.208764	-0.206428	-0.205038	-0.203892	-0.198356	-0.197199	-0.187152	-0.178843	-0.162092	-0.135985	-0.101601	-0.0476908	0.0213556	0.109712	0.216796	0.332812	0.449021	0.55438	0.62899	0.666858	0.662914	0.615021	0.533467	0.426233	0.288773	0.127249	-0.055627	-0.259421	-0.452098	-0.61512	-0.734351	-0.812872	-0.862358	-0.903458	-0.936413	-0.950187	-0.92761	-0.883076	-0.819126	-0.745525	-0.664615	-0.568994	-0.46974	-0.390351	-0.329906	-0.27544	-0.211828	
-0.178105	-0.178105	-0.178355	-0.17914	-0.179637	-0.180778	-0.181274	-0.181084	-0.181187	-0.176899	-0.173259	-0.161368	-0.144594	-0.117799	-0.0739055	-0.017596	0.0649011	0.163559	0.282108	0.409827	0.533659	0.640082	0.711167	0.738845	0.711978	0.637871	0.519068	0.358159	0.173913	-0.0366362	-0.25677	-0.457104	-0.632445	-0.761212	-0.838984	-0.892286	-0.922165	-0.933686	-0.929899	-0.897585	-0.852139	-0.805711	-0.752909	-0.688193	-0.618542	-0.547987	-0.490703	-0.447056	-0.40881	-0.3574	
-0.14757	-0.14757	-0.150002	-0.150067	-0.155653	-0.157682	-0.16298	-0.167712	-0.170672	-0.174711	-0.17449	-0.170842	-0.162038	-0.14213	-0.110007	-0.0615151	0.0115733	0.104621	0.222835	0.359353	0.498588	0.631572	0.734676	0.787974	0.786013	0.716115	0.584937	0.404755	0.190458	-0.048813	-0.280678	-0.49597	-0.677487	-0.805565	-0.880829	-0.922769	-0.927958	-0.90847	-0.877123	-0.83369	-0.782925	-0.746345	-0.721595	-0.693601	-0.660923	-0.630398	-0.599051	-0.57462	-0.548745	-0.510149	
-0.146445	-0.146445	-0.146992	-0.148033	-0.149854	-0.152351	-0.155496	-0.160079	-0.163855	-0.169627	-0.172214	-0.174049	-0.170094	-0.157292	-0.133349	-0.0899433	-0.0251779	0.0663765	0.185671	0.327882	0.483791	0.635625	0.764071	0.840208	0.853977	0.785348	0.641345	0.438108	0.188715	-0.0746182	-0.325226	-0.55624	-0.734693	-0.857196	-0.928254	-0.938741	-0.909476	-0.857713	-0.789006	-0.724526	-0.673443	-0.644504	-0.649281	-0.668948	-0.681383	-0.68696	-0.689078	-0.690868	-0.678045	-0.64838	
-0.162867	-0.162867	-0.161165	-0.163957	-0.160428	-0.164068	-0.161907	-0.164679	-0.165335	-0.167202	-0.16826	-0.167858	-0.163281	-0.151601	-0.130035	-0.0886493	-0.0289013	0.0620378	0.182445	0.328078	0.497678	0.663645	0.80753	0.903222	0.916746	0.845083	0.681213	0.447196	0.169232	-0.112974	-0.379632	-0.60805	-0.781514	-0.89984	-0.959057	-0.943726	-0.880412	-0.789266	-0.681633	-0.596369	-0.551234	-0.538211	-0.557675	-0.605577	-0.666541	-0.715069	-0.748699	-0.767941	-0.775747	-0.765244	
-0.178518	-0.178518	-0.177831	-0.178789	-0.177087	-0.178129	-0.176237	-0.176059	-0.174207	-0.171772	-0.168082	-0.161551	-0.151014	-0.133446	-0.105908	-0.0614832	0.00204998	0.0941526	0.215291	0.364092	0.53526	0.707227	0.855425	0.953853	0.964259	0.881991	0.699819	0.44144	0.145106	-0.152382	-0.42354	-0.64296	-0.811413	-0.921377	-0.963092	-0.935541	-0.846684	-0.720597	-0.592057	-0.495099	-0.446192	-0.441232	-0.46804	-0.5309	-0.624062	-0.712277	-0.772169	-0.803939	-0.82889	-0.85025	
-0.190209	-0.190209	-0.191289	-0.188202	-0.190299	-0.185575	-0.186154	-0.181115	-0.178186	-0.172026	-0.164548	-0.153772	-0.138225	-0.116386	-0.0821545	-0.0359167	0.0343826	0.127427	0.249402	0.401657	0.568046	0.740545	0.887838	0.976517	0.98786	0.891637	0.700226	0.43113	0.12468	-0.180045	-0.448025	-0.664724	-0.826632	-0.927912	-0.959662	-0.926154	-0.824808	-0.681719	-0.548468	-0.444833	-0.383589	-0.374698	-0.414188	-0.490067	-0.58516	-0.687684	-0.770694	-0.819365	-0.845978	-0.887358	
-0.190209	-0.190209	-0.191289	-0.188202	-0.190299	-0.185575	-0.186154	-0.181115	-0.178186	-0.172026	-0.164548	-0.153772	-0.138225	-0.116386	-0.0821545	-0.0359167	0.0343826	0.127427	0.249402	0.401657	0.568046	0.740545	0.887838	0.976517	0.98786	0.891637	0.700226	0.43113	0.12468	-0.180045	-0.448025	-0.664724	-0.826632	-0.927912	-0.959662	-0.926154	-0.824808	-0.681719	-0.548468	-0.444833	-0.383589	-0.374698	-0.414188	-0.490067	-0.58516	-0.687684	-0.770694	-0.819365	-0.845978	-0.887358	
