0.387283	0.33348	0.257192	0.155974	0.0386735	-0.0820512	-0.19533	-0.291074	-0.362278	-0.410502	-0.434225	-0.453901	-0.470585	-0.474825	-0.460853	-0.427088	-0.380627	-0.308356	-0.209218	-0.0985054	-0.0090908	0.0341851	0.0422713	0.029503	-0.00325383	-0.0497832	-0.0992114	-0.156508	-0.235045	-0.328456	-0.408457	-0.435123	-0.398316	-0.312485	-0.192578	-0.0437851	0.127588	0.306241	0.465418	0.595855	0.695373	0.751417	0.75134	0.6881	0.576606	0.43531	0.29933	0.194984	0.137573	0.137573	
0.33348	0.274051	0.193567	0.0847275	-0.0398473	-0.171254	-0.291193	-0.379841	-0.43791	-0.467956	-0.474617	-0.455061	-0.423091	-0.38744	-0.339613	-0.285346	-0.223387	-0.143451	-0.0452992	0.06283	0.141124	0.170319	0.172463	0.152243	0.106867	0.0511466	-0.00374718	-0.0655594	-0.148993	-0.240318	-0.324058	-0.368646	-0.358706	-0.301334	-0.195758	-0.0509333	0.117345	0.285816	0.439848	0.561662	0.648347	0.692499	0.685418	0.628955	0.528601	0.407289	0.284513	0.186961	0.131282	0.131282	
0.257192	0.193567	0.111931	0.00697826	-0.114927	-0.248447	-0.363107	-0.440125	-0.486229	-0.501866	-0.48712	-0.436832	-0.370757	-0.30526	-0.231893	-0.155828	-0.078793	0.00477632	0.100718	0.199808	0.272497	0.300564	0.307716	0.290772	0.242461	0.189056	0.131813	0.0679234	-0.0135876	-0.108249	-0.197312	-0.264388	-0.284324	-0.25575	-0.169131	-0.0343793	0.11716	0.266348	0.405359	0.524203	0.605208	0.646584	0.639197	0.587969	0.508066	0.413418	0.317328	0.235466	0.188046	0.188046	
0.155974	0.0847275	0.00697826	-0.0886455	-0.194243	-0.309463	-0.410382	-0.480068	-0.516489	-0.508668	-0.470687	-0.398773	-0.314696	-0.227853	-0.134476	-0.04597	0.0379714	0.124524	0.217826	0.303376	0.375158	0.414128	0.432919	0.42805	0.393539	0.352967	0.307135	0.249736	0.169572	0.069966	-0.0352509	-0.125197	-0.170736	-0.168835	-0.108791	-0.00140259	0.119359	0.245153	0.371756	0.487033	0.570792	0.617012	0.618827	0.583389	0.524461	0.456093	0.388102	0.330701	0.300871	0.300871	
0.0386735	-0.0398473	-0.114927	-0.194243	-0.271351	-0.353308	-0.433425	-0.494234	-0.516157	-0.48952	-0.43247	-0.347	-0.247946	-0.144034	-0.0410702	0.0482746	0.139532	0.229329	0.32073	0.396781	0.46819	0.516555	0.542717	0.550956	0.53999	0.526144	0.49824	0.450608	0.36981	0.262264	0.142348	0.0352158	-0.0306812	-0.05219	-0.0243583	0.0405739	0.126122	0.229786	0.343795	0.455781	0.540917	0.59475	0.616093	0.60674	0.577492	0.536854	0.496746	0.472654	0.464171	0.464171	
-0.0820512	-0.171254	-0.248447	-0.309463	-0.353308	-0.396566	-0.445267	-0.483914	-0.489033	-0.452551	-0.383099	-0.282294	-0.166727	-0.0476464	0.0621354	0.153373	0.24826	0.340486	0.427845	0.500126	0.567612	0.614358	0.644814	0.666621	0.685034	0.701925	0.693579	0.650977	0.564629	0.448291	0.320343	0.19898	0.112145	0.0652634	0.0561472	0.0818223	0.134414	0.217708	0.318808	0.424464	0.515578	0.57986	0.623263	0.647163	0.653171	0.646548	0.637165	0.641891	0.649806	0.649806	
-0.19533	-0.291193	-0.363107	-0.410382	-0.433425	-0.445267	-0.450924	-0.456069	-0.441325	-0.396084	-0.31854	-0.210493	-0.0787025	0.0551229	0.175886	0.277531	0.375111	0.467435	0.555046	0.622812	0.679925	0.720101	0.7504	0.782556	0.820095	0.860106	0.869197	0.831993	0.741248	0.622951	0.492137	0.359664	0.248358	0.169947	0.125937	0.119626	0.148495	0.211509	0.29794	0.397027	0.495398	0.573508	0.635001	0.686412	0.725954	0.753944	0.776377	0.799381	0.814086	0.814086	
-0.291074	-0.379841	-0.440125	-0.480068	-0.494234	-0.483914	-0.456069	-0.4195	-0.370676	-0.307593	-0.22162	-0.107841	0.0329183	0.17828	0.306389	0.414872	0.513357	0.601148	0.67984	0.742197	0.790889	0.825978	0.860712	0.899396	0.943381	0.996749	1.0199	0.986309	0.8991	0.779801	0.644799	0.505302	0.370779	0.26248	0.189879	0.15614	0.163997	0.206048	0.273192	0.360568	0.460045	0.55067	0.630496	0.705335	0.774491	0.837444	0.890947	0.931447	0.950746	0.950746	
-0.362278	-0.43791	-0.486229	-0.516489	-0.516157	-0.489033	-0.441325	-0.370676	-0.287238	-0.199658	-0.0973102	0.0258857	0.175527	0.322793	0.449705	0.562457	0.652599	0.721829	0.783031	0.842772	0.887139	0.926611	0.971101	1.01215	1.05772	1.10747	1.13006	1.1019	1.02004	0.903044	0.76662	0.622794	0.478048	0.350321	0.255612	0.194115	0.174196	0.189517	0.2349	0.304422	0.396072	0.49843	0.597719	0.696115	0.79259	0.885796	0.967167	1.02771	1.05568	1.05568	
-0.410502	-0.467956	-0.501866	-0.508668	-0.48952	-0.452551	-0.396084	-0.307593	-0.199658	-0.0853815	0.0414893	0.180809	0.329364	0.471737	0.595526	0.705125	0.782715	0.828592	0.873862	0.92396	0.964604	1.00644	1.05719	1.10358	1.14242	1.17949	1.1954	1.1686	1.09798	0.984993	0.847166	0.700867	0.553728	0.421981	0.316702	0.234598	0.182739	0.171954	0.195139	0.24275	0.322176	0.425709	0.535277	0.651556	0.770067	0.888059	0.995313	1.0727	1.11432	1.11432	
-0.434225	-0.474617	-0.48712	-0.470687	-0.43247	-0.383099	-0.31854	-0.22162	-0.0973102	0.0414893	0.188384	0.338418	0.484515	0.623627	0.741261	0.836214	0.895068	0.921444	0.94123	0.974033	1.00663	1.04892	1.10701	1.15634	1.18934	1.21423	1.2182	1.18848	1.12516	1.01985	0.88713	0.743093	0.601381	0.475216	0.369876	0.269084	0.192049	0.157307	0.1576	0.189629	0.253278	0.349631	0.45741	0.576725	0.709775	0.843358	0.963727	1.05384	1.10224	1.10224	
-0.453901	-0.455061	-0.436832	-0.398773	-0.347	-0.282294	-0.210493	-0.107841	0.0258857	0.180809	0.338418	0.491745	0.638909	0.770845	0.868806	0.939582	0.983075	0.991257	0.991799	1.00658	1.02711	1.06036	1.10952	1.15298	1.18334	1.20077	1.19676	1.16148	1.0998	1.00933	0.894091	0.765073	0.638522	0.523995	0.415713	0.30444	0.213022	0.158965	0.139261	0.146313	0.188056	0.262289	0.352254	0.467788	0.602943	0.74636	0.877921	0.97945	1.03649	1.03649	
-0.470585	-0.423091	-0.370757	-0.314696	-0.247946	-0.166727	-0.0787025	0.0329183	0.175527	0.329364	0.484515	0.638909	0.78057	0.89594	0.968789	1.01693	1.04411	1.04103	1.03156	1.03057	1.03142	1.03672	1.06124	1.0953	1.12231	1.14158	1.13805	1.09851	1.04249	0.970861	0.885136	0.783352	0.678588	0.570466	0.453407	0.334977	0.236278	0.172427	0.129192	0.111165	0.122444	0.164371	0.233716	0.334955	0.464379	0.605969	0.746293	0.861659	0.929169	0.929169	
-0.474825	-0.38744	-0.30526	-0.227853	-0.144034	-0.0476464	0.0551229	0.17828	0.322793	0.471737	0.623627	0.770845	0.89594	0.987271	1.03943	1.06868	1.08249	1.07302	1.05867	1.04249	1.01462	0.987268	0.984124	1.00123	1.02193	1.04199	1.04251	1.01209	0.96981	0.924653	0.868098	0.796838	0.70972	0.603303	0.478956	0.354532	0.25513	0.178794	0.121338	0.0844234	0.0697843	0.0812126	0.124444	0.204768	0.313643	0.443576	0.581421	0.703885	0.776181	0.776181	
-0.460853	-0.339613	-0.231893	-0.134476	-0.0410702	0.0621354	0.175886	0.306389	0.449705	0.595526	0.741261	0.868806	0.968789	1.03943	1.07997	1.10438	1.11232	1.09835	1.07433	1.03967	0.987565	0.937234	0.91109	0.906752	0.914022	0.922085	0.92109	0.904977	0.884627	0.862326	0.830858	0.783684	0.713974	0.615668	0.493979	0.373355	0.267177	0.176331	0.107744	0.060634	0.0294588	0.0142403	0.0283702	0.0816563	0.167404	0.282853	0.41213	0.527246	0.594969	0.594969	
-0.427088	-0.285346	-0.155828	-0.04597	0.0482746	0.153373	0.277531	0.414872	0.562457	0.705125	0.836214	0.939582	1.01693	1.06868	1.10438	1.13252	1.13844	1.11797	1.07906	1.02382	0.957013	0.893484	0.851943	0.836733	0.83064	0.824074	0.815477	0.80761	0.800533	0.787659	0.769434	0.742858	0.691316	0.605818	0.49615	0.378211	0.26205	0.155084	0.0724646	0.0184091	-0.0231768	-0.056591	-0.0635655	-0.0317593	0.0411558	0.148401	0.265973	0.365805	0.421064	0.421064	
-0.380627	-0.223387	-0.078793	0.0379714	0.139532	0.24826	0.375111	0.513357	0.652599	0.782715	0.895068	0.983075	1.04411	1.08249	1.11232	1.13844	1.14236	1.11688	1.06783	0.998941	0.920519	0.848606	0.799104	0.777357	0.768894	0.755885	0.742253	0.737066	0.729666	0.719019	0.713166	0.706011	0.672469	0.600447	0.495863	0.375827	0.251763	0.128961	0.0310415	-0.0385921	-0.0918091	-0.134691	-0.155449	-0.13308	-0.0680421	0.0299676	0.135422	0.217655	0.26236	0.26236	
-0.308356	-0.143451	0.00477632	0.124524	0.229329	0.340486	0.467435	0.601148	0.721829	0.828592	0.921444	0.991257	1.04103	1.07302	1.09835	1.11797	1.11688	1.08861	1.02794	0.944481	0.856615	0.781102	0.732673	0.716996	0.720262	0.720469	0.710775	0.700067	0.687269	0.677323	0.681116	0.687168	0.671014	0.610369	0.510319	0.386338	0.256769	0.122966	-0.00064722	-0.0940865	-0.165836	-0.219401	-0.245004	-0.228164	-0.171039	-0.0839304	0.00967357	0.0862966	0.126924	0.126924	
-0.209218	-0.0452992	0.100718	0.217826	0.32073	0.427845	0.555046	0.67984	0.783031	0.873862	0.94123	0.991799	1.03156	1.05867	1.07433	1.07906	1.06783	1.02794	0.956614	0.860277	0.771456	0.703426	0.664296	0.660355	0.681877	0.699728	0.696566	0.683976	0.670575	0.667621	0.674919	0.681837	0.675407	0.626152	0.528198	0.405176	0.271495	0.125178	-0.0216765	-0.143332	-0.236552	-0.30269	-0.333212	-0.317962	-0.265922	-0.184616	-0.0866545	-0.0015664	0.0477546	0.0477546	
-0.0985054	0.06283	0.199808	0.303376	0.396781	0.500126	0.622812	0.742197	0.842772	0.92396	0.974033	1.00658	1.03057	1.04249	1.03967	1.02382	0.998941	0.944481	0.860277	0.760221	0.677955	0.623555	0.603096	0.617865	0.655253	0.691326	0.69492	0.683783	0.677833	0.680148	0.687047	0.691501	0.688621	0.645602	0.552119	0.427655	0.287993	0.13008	-0.0351878	-0.176511	-0.291986	-0.372995	-0.40818	-0.394767	-0.342584	-0.257334	-0.147972	-0.0461876	0.0144417	0.0144417	
-0.0090908	0.141124	0.272497	0.375158	0.46819	0.567612	0.679925	0.790889	0.887139	0.964604	1.00663	1.02711	1.03142	1.01462	0.987565	0.957013	0.920519	0.856615	0.771456	0.677955	0.604857	0.562735	0.555639	0.584155	0.637855	0.68464	0.699339	0.698292	0.698279	0.708217	0.718742	0.72602	0.725583	0.684349	0.591948	0.463812	0.313111	0.143857	-0.0306182	-0.189902	-0.327522	-0.42811	-0.473214	-0.460242	-0.40125	-0.300908	-0.177012	-0.060222	0.00961812	0.00961812	
0.0341851	0.170319	0.300564	0.414128	0.516555	0.614358	0.720101	0.825978	0.926611	1.00644	1.04892	1.06036	1.03672	0.987268	0.937234	0.893484	0.848606	0.781102	0.703426	0.623555	0.562735	0.526759	0.528138	0.571644	0.636178	0.692476	0.721516	0.735044	0.744888	0.75973	0.77727	0.787358	0.782431	0.73718	0.63682	0.495105	0.324115	0.141533	-0.0413685	-0.210516	-0.360335	-0.471675	-0.520111	-0.502242	-0.423374	-0.301467	-0.162172	-0.0387576	0.0350072	0.0350072	
0.0422713	0.172463	0.307716	0.432919	0.542717	0.644814	0.7504	0.860712	0.971101	1.05719	1.10701	1.10952	1.06124	0.984124	0.91109	0.851943	0.799104	0.732673	0.664296	0.603096	0.555639	0.528138	0.538787	0.592343	0.656975	0.713081	0.753299	0.780707	0.801458	0.824116	0.844234	0.852267	0.837681	0.783826	0.67216	0.509179	0.317058	0.1145	-0.0794391	-0.253208	-0.399554	-0.505398	-0.54718	-0.513008	-0.408423	-0.257645	-0.101503	0.0284803	0.103628	0.103628	
0.029503	0.152243	0.290772	0.42805	0.550956	0.666621	0.782556	0.899396	1.01215	1.10358	1.15634	1.15298	1.0953	1.00123	0.906752	0.836733	0.777357	0.716996	0.660355	0.617865	0.584155	0.571644	0.592343	0.643209	0.705189	0.75471	0.796853	0.828629	0.854152	0.884723	0.906358	0.907453	0.882807	0.815675	0.686176	0.505396	0.297598	0.0785648	-0.127048	-0.299981	-0.433273	-0.520591	-0.544371	-0.491365	-0.365508	-0.194773	-0.0225987	0.115976	0.192934	0.192934	
-0.00325383	0.106867	0.242461	0.393539	0.53999	0.685034	0.820095	0.943381	1.05772	1.14242	1.18934	1.18334	1.12231	1.02193	0.914022	0.83064	0.768894	0.720262	0.681877	0.655253	0.637855	0.636178	0.656975	0.705189	0.764676	0.817447	0.856955	0.879159	0.906853	0.93946	0.961622	0.961136	0.922863	0.832922	0.677753	0.480534	0.265311	0.0418564	-0.166363	-0.334622	-0.451631	-0.515103	-0.512397	-0.439911	-0.304965	-0.127226	0.0565761	0.202817	0.283667	0.283667	
-0.0497832	0.0511466	0.189056	0.352967	0.526144	0.701925	0.860106	0.996749	1.10747	1.17949	1.21423	1.20077	1.14158	1.04199	0.922085	0.824074	0.755885	0.720469	0.699728	0.691326	0.68464	0.692476	0.713081	0.75471	0.817447	0.870638	0.904854	0.92315	0.947011	0.977994	1.00347	1.0046	0.955164	0.840212	0.663042	0.450117	0.23112	0.00945993	-0.191959	-0.352627	-0.459316	-0.49799	-0.468789	-0.376723	-0.232957	-0.0495424	0.144138	0.298698	0.382977	0.382977	
-0.0992114	-0.00374718	0.131813	0.307135	0.49824	0.693579	0.869197	1.0199	1.13006	1.1954	1.2182	1.19676	1.13805	1.04251	0.92109	0.815477	0.742253	0.710775	0.696566	0.69492	0.699339	0.721516	0.753299	0.796853	0.856955	0.904854	0.940455	0.960063	0.980422	1.00321	1.02326	1.01853	0.956167	0.829819	0.648868	0.431087	0.205695	-0.0112616	-0.202634	-0.354241	-0.448459	-0.468622	-0.418847	-0.309264	-0.152877	0.0395212	0.237349	0.392682	0.476995	0.476995	
-0.156508	-0.0655594	0.0679234	0.249736	0.450608	0.650977	0.831993	0.986309	1.1019	1.1686	1.18848	1.16148	1.09851	1.01209	0.904977	0.80761	0.737066	0.700067	0.683976	0.683783	0.698292	0.735044	0.780707	0.828629	0.879159	0.92315	0.960063	0.984814	1.00617	1.01609	1.01797	0.990324	0.91274	0.790731	0.624554	0.417106	0.195159	-0.0128125	-0.191865	-0.328524	-0.408248	-0.415734	-0.356157	-0.237167	-0.0707457	0.120172	0.308573	0.452871	0.532502	0.532502	
-0.235045	-0.148993	-0.0135876	0.169572	0.36981	0.564629	0.741248	0.8991	1.02004	1.09798	1.12516	1.0998	1.04249	0.96981	0.884627	0.800533	0.729666	0.687269	0.670575	0.677833	0.698279	0.744888	0.801458	0.854152	0.906853	0.947011	0.980422	1.00617	1.02061	1.01318	0.982955	0.927266	0.84021	0.724476	0.577517	0.390459	0.187328	-0.00673948	-0.170876	-0.292339	-0.35818	-0.35756	-0.293821	-0.167967	-0.00298475	0.17407	0.339733	0.468323	0.540532	0.540532	
-0.328456	-0.240318	-0.108249	0.069966	0.262264	0.448291	0.622951	0.779801	0.903044	0.984993	1.01985	1.00933	0.970861	0.924653	0.862326	0.787659	0.719019	0.677323	0.667621	0.680148	0.708217	0.75973	0.824116	0.884723	0.93946	0.977994	1.00321	1.01609	1.01318	0.977046	0.920426	0.851838	0.761957	0.649548	0.513851	0.352396	0.172089	-0.00270957	-0.154277	-0.264291	-0.323245	-0.322892	-0.25623	-0.132669	0.0224412	0.17932	0.324065	0.43823	0.502429	0.502429	
-0.408457	-0.324058	-0.197312	-0.0352509	0.142348	0.320343	0.492137	0.644799	0.76662	0.847166	0.88713	0.894091	0.885136	0.868098	0.830858	0.769434	0.713166	0.681116	0.674919	0.687047	0.718742	0.77727	0.844234	0.906358	0.961622	1.00347	1.02326	1.01797	0.982955	0.920426	0.848866	0.772542	0.675227	0.557794	0.429931	0.288819	0.132439	-0.0207599	-0.151559	-0.25022	-0.305731	-0.308436	-0.25087	-0.144737	-0.011882	0.126415	0.25442	0.353982	0.406636	0.406636	
-0.435123	-0.368646	-0.264388	-0.125197	0.0352158	0.19898	0.359664	0.505302	0.622794	0.700867	0.743093	0.765073	0.783352	0.796838	0.783684	0.742858	0.706011	0.687168	0.681837	0.691501	0.72602	0.787358	0.852267	0.907453	0.961136	1.0046	1.01853	0.990324	0.927266	0.851838	0.772542	0.682627	0.569644	0.447082	0.323342	0.193796	0.0572033	-0.0673694	-0.169111	-0.249628	-0.295639	-0.300882	-0.263381	-0.192216	-0.0937527	0.0191362	0.123929	0.200786	0.238565	0.238565	
-0.398316	-0.358706	-0.284324	-0.170736	-0.0306812	0.112145	0.248358	0.370779	0.478048	0.553728	0.601381	0.638522	0.678588	0.70972	0.713974	0.691316	0.672469	0.671014	0.675407	0.688621	0.725583	0.782431	0.837681	0.882807	0.922863	0.955164	0.956167	0.91274	0.84021	0.761957	0.675227	0.569644	0.447997	0.325722	0.204943	0.0835049	-0.0322981	-0.125667	-0.201663	-0.263882	-0.302413	-0.315011	-0.301501	-0.269117	-0.206561	-0.125576	-0.0509339	0.00562202	0.0330786	0.0330786	
-0.312485	-0.301334	-0.25575	-0.168835	-0.05219	0.0652634	0.169947	0.26248	0.350321	0.421981	0.475216	0.523995	0.570466	0.603303	0.615668	0.605818	0.600447	0.610369	0.626152	0.645602	0.684349	0.73718	0.783826	0.815675	0.832922	0.840212	0.829819	0.790731	0.724476	0.649548	0.557794	0.447082	0.325722	0.205454	0.0849679	-0.025392	-0.120007	-0.193256	-0.247139	-0.29551	-0.327584	-0.346687	-0.353024	-0.345677	-0.319641	-0.279069	-0.239672	-0.206053	-0.18481	-0.18481	
-0.192578	-0.195758	-0.169131	-0.108791	-0.0243583	0.0561472	0.125937	0.189879	0.255612	0.316702	0.369876	0.415713	0.453407	0.478956	0.493979	0.49615	0.495863	0.510319	0.528198	0.552119	0.591948	0.63682	0.67216	0.686176	0.677753	0.663042	0.648868	0.624554	0.577517	0.513851	0.429931	0.323342	0.204943	0.0849679	-0.0254716	-0.119416	-0.196741	-0.25523	-0.296915	-0.32695	-0.353904	-0.374827	-0.388059	-0.401549	-0.408726	-0.412175	-0.412825	-0.407503	-0.401636	-0.401636	
-0.0437851	-0.0509333	-0.0343793	-0.00140259	0.0405739	0.0818223	0.119626	0.15614	0.194115	0.234598	0.269084	0.30444	0.334977	0.354532	0.373355	0.378211	0.375827	0.386338	0.405176	0.427655	0.463812	0.495105	0.509179	0.505396	0.480534	0.450117	0.431087	0.417106	0.390459	0.352396	0.288819	0.193796	0.0835049	-0.025392	-0.119416	-0.193875	-0.256964	-0.305684	-0.333783	-0.352715	-0.368187	-0.380968	-0.395279	-0.421848	-0.460174	-0.500528	-0.541259	-0.57442	-0.593048	-0.593048	
0.127588	0.117345	0.11716	0.119359	0.126122	0.134414	0.148495	0.163997	0.174196	0.182739	0.192049	0.213022	0.236278	0.25513	0.267177	0.26205	0.251763	0.256769	0.271495	0.287993	0.313111	0.324115	0.317058	0.297598	0.265311	0.23112	0.205695	0.195159	0.187328	0.172089	0.132439	0.0572033	-0.0322981	-0.120007	-0.196741	-0.256964	-0.304889	-0.338186	-0.356592	-0.365281	-0.369888	-0.368626	-0.37701	-0.409811	-0.463861	-0.533065	-0.608673	-0.679	-0.719755	-0.719755	
0.306241	0.285816	0.266348	0.245153	0.229786	0.217708	0.211509	0.206048	0.189517	0.171954	0.157307	0.158965	0.172427	0.178794	0.176331	0.155084	0.128961	0.122966	0.125178	0.13008	0.143857	0.141533	0.1145	0.0785648	0.0418564	0.00945993	-0.0112616	-0.0128125	-0.00673948	-0.00270957	-0.0207599	-0.0673694	-0.125667	-0.193256	-0.25523	-0.305684	-0.338186	-0.35306	-0.357058	-0.352431	-0.345267	-0.333172	-0.333998	-0.364762	-0.428215	-0.520804	-0.628834	-0.72281	-0.776257	-0.776257	
0.465418	0.439848	0.405359	0.371756	0.343795	0.318808	0.29794	0.273192	0.2349	0.195139	0.1576	0.139261	0.129192	0.121338	0.107744	0.0724646	0.0310415	-0.00064722	-0.0216765	-0.0351878	-0.0306182	-0.0413685	-0.0794391	-0.127048	-0.166363	-0.191959	-0.202634	-0.191865	-0.170876	-0.154277	-0.151559	-0.169111	-0.201663	-0.247139	-0.296915	-0.333783	-0.356592	-0.357058	-0.33897	-0.315939	-0.292727	-0.272367	-0.267778	-0.297103	-0.37169	-0.48481	-0.610688	-0.71661	-0.773663	-0.773663	
0.595855	0.561662	0.524203	0.487033	0.455781	0.424464	0.397027	0.360568	0.304422	0.24275	0.189629	0.146313	0.111165	0.0844234	0.060634	0.0184091	-0.0385921	-0.0940865	-0.143332	-0.176511	-0.189902	-0.210516	-0.253208	-0.299981	-0.334622	-0.352627	-0.354241	-0.328524	-0.292339	-0.264291	-0.25022	-0.249628	-0.263882	-0.29551	-0.32695	-0.352715	-0.365281	-0.352431	-0.315939	-0.268539	-0.227784	-0.19687	-0.191121	-0.230863	-0.317445	-0.437783	-0.563387	-0.66727	-0.727473	-0.727473	
0.695373	0.648347	0.605208	0.570792	0.540917	0.515578	0.495398	0.460045	0.396072	0.322176	0.253278	0.188056	0.122444	0.0697843	0.0294588	-0.0231768	-0.0918091	-0.165836	-0.236552	-0.291986	-0.327522	-0.360335	-0.399554	-0.433273	-0.451631	-0.459316	-0.448459	-0.408248	-0.35818	-0.323245	-0.305731	-0.295639	-0.302413	-0.327584	-0.353904	-0.368187	-0.369888	-0.345267	-0.292727	-0.227784	-0.162945	-0.121188	-0.121351	-0.175972	-0.274678	-0.394374	-0.5156	-0.61959	-0.684052	-0.684052	
0.751417	0.692499	0.646584	0.617012	0.59475	0.57986	0.573508	0.55067	0.49843	0.425709	0.349631	0.262289	0.164371	0.0812126	0.0142403	-0.056591	-0.134691	-0.219401	-0.30269	-0.372995	-0.42811	-0.471675	-0.505398	-0.520591	-0.515103	-0.49799	-0.468622	-0.415734	-0.35756	-0.322892	-0.308436	-0.300882	-0.315011	-0.346687	-0.374827	-0.380968	-0.368626	-0.333172	-0.272367	-0.19687	-0.121188	-0.0793344	-0.08936	-0.154526	-0.255995	-0.3783	-0.504778	-0.614012	-0.681798	-0.681798	
0.75134	0.685418	0.639197	0.618827	0.616093	0.623263	0.635001	0.630496	0.597719	0.535277	0.45741	0.352254	0.233716	0.124444	0.0283702	-0.0635655	-0.155449	-0.245004	-0.333212	-0.40818	-0.473214	-0.520111	-0.54718	-0.544371	-0.512397	-0.468789	-0.418847	-0.356157	-0.293821	-0.25623	-0.25087	-0.263381	-0.301501	-0.353024	-0.388059	-0.395279	-0.37701	-0.333998	-0.267778	-0.191121	-0.121351	-0.08936	-0.105846	-0.171081	-0.276562	-0.414033	-0.561611	-0.685093	-0.757819	-0.757819	
0.6881	0.628955	0.587969	0.583389	0.60674	0.647163	0.686412	0.705335	0.696115	0.651556	0.576725	0.467788	0.334955	0.204768	0.0816563	-0.0317593	-0.13308	-0.228164	-0.317962	-0.394767	-0.460242	-0.502242	-0.513008	-0.491365	-0.439911	-0.376723	-0.309264	-0.237167	-0.167967	-0.132669	-0.144737	-0.192216	-0.269117	-0.345677	-0.401549	-0.421848	-0.409811	-0.364762	-0.297103	-0.230863	-0.175972	-0.154526	-0.171081	-0.236985	-0.356483	-0.518844	-0.692076	-0.833767	-0.914851	-0.914851	
0.576606	0.528601	0.508066	0.524461	0.577492	0.653171	0.725954	0.774491	0.79259	0.770067	0.709775	0.602943	0.464379	0.313643	0.167404	0.0411558	-0.0680421	-0.171039	-0.265922	-0.342584	-0.40125	-0.423374	-0.408423	-0.365508	-0.304965	-0.232957	-0.152877	-0.0707457	-0.00298475	0.0224412	-0.011882	-0.0937527	-0.206561	-0.319641	-0.408726	-0.460174	-0.463861	-0.428215	-0.37169	-0.317445	-0.274678	-0.255995	-0.276562	-0.356483	-0.502803	-0.696502	-0.896543	-1.05813	-1.15005	-1.15005	
0.43531	0.407289	0.413418	0.456093	0.536854	0.646548	0.753944	0.837444	0.885796	0.888059	0.843358	0.74636	0.605969	0.443576	0.282853	0.148401	0.0299676	-0.0839304	-0.184616	-0.257334	-0.300908	-0.301467	-0.257645	-0.194773	-0.127226	-0.0495424	0.0395212	0.120172	0.17407	0.17932	0.126415	0.0191362	-0.125576	-0.279069	-0.412175	-0.500528	-0.533065	-0.520804	-0.48481	-0.437783	-0.394374	-0.3783	-0.414033	-0.518844	-0.696502	-0.922521	-1.15071	-1.33406	-1.43468	-1.43468	
0.29933	0.284513	0.317328	0.388102	0.496746	0.637165	0.776377	0.890947	0.967167	0.995313	0.963727	0.877921	0.746293	0.581421	0.41213	0.265973	0.135422	0.00967357	-0.0866545	-0.147972	-0.177012	-0.162172	-0.101503	-0.0225987	0.0565761	0.144138	0.237349	0.308573	0.339733	0.324065	0.25442	0.123929	-0.0509339	-0.239672	-0.412825	-0.541259	-0.608673	-0.628834	-0.610688	-0.563387	-0.5156	-0.504778	-0.561611	-0.692076	-0.896543	-1.15071	-1.40869	-1.61381	-1.72501	-1.72501	
0.194984	0.186961	0.235466	0.330701	0.472654	0.641891	0.799381	0.931447	1.02771	1.0727	1.05384	0.97945	0.861659	0.703885	0.527246	0.365805	0.217655	0.0862966	-0.0015664	-0.0461876	-0.060222	-0.0387576	0.0284803	0.115976	0.202817	0.298698	0.392682	0.452871	0.468323	0.43823	0.353982	0.200786	0.00562202	-0.206053	-0.407503	-0.57442	-0.679	-0.72281	-0.71661	-0.66727	-0.61959	-0.614012	-0.685093	-0.833767	-1.05813	-1.33406	-1.61381	-1.84293	-1.96738	-1.96738	
0.137573	0.131282	0.188046	0.300871	0.464171	0.649806	0.814086	0.950746	1.05568	1.11432	1.10224	1.03649	0.929169	0.776181	0.594969	0.421064	0.26236	0.126924	0.0477546	0.0144417	0.00961812	0.0350072	0.103628	0.192934	0.283667	0.382977	0.476995	0.532502	0.540532	0.502429	0.406636	0.238565	0.0330786	-0.18481	-0.401636	-0.593048	-0.719755	-0.776257	-0.773663	-0.727473	-0.684052	-0.681798	-0.757819	-0.914851	-1.15005	-1.43468	-1.72501	-1.96738	-2.10348	-2.10348	
0.137573	0.131282	0.188046	0.300871	0.464171	0.649806	0.814086	0.950746	1.05568	1.11432	1.10224	1.03649	0.929169	0.776181	0.594969	0.421064	0.26236	0.126924	0.0477546	0.0144417	0.00961812	0.0350072	0.103628	0.192934	0.283667	0.382977	0.476995	0.532502	0.540532	0.502429	0.406636	0.238565	0.0330786	-0.18481	-0.401636	-0.593048	-0.719755	-0.776257	-0.773663	-0.727473	-0.684052	-0.681798	-0.757819	-0.914851	-1.15005	-1.43468	-1.72501	-1.96738	-2.10348	-2.10348	
