-0.0563005	-0.0563005	-0.0592138	-0.0559007	-0.0595671	-0.0591712	-0.0574115	-0.0610533	-0.0570262	-0.0584963	-0.0603533	-0.0570491	-0.0603087	-0.0622073	-0.0581266	-0.0587691	-0.0615785	-0.0601751	-0.0605663	-0.0645053	-0.0595558	-0.0628364	-0.0643511	-0.0653656	-0.0607078	-0.0688145	-0.0670171	-0.0627404	-0.070175	-0.0707067	-0.0671511	-0.0685792	-0.0757659	-0.0715716	-0.0729177	-0.0718864	-0.0820295	-0.0775358	-0.074797	-0.0782599	-0.0910338	-0.0832499	-0.077876	-0.0863392	-0.0943667	-0.0879529	-0.0763897	-0.0616861	-0.0470674	-0.01217	
-0.0563005	-0.0563005	-0.0592138	-0.0559007	-0.0595671	-0.0591712	-0.0574115	-0.0610533	-0.0570262	-0.0584963	-0.0603533	-0.0570491	-0.0603087	-0.0622073	-0.0581266	-0.0587691	-0.0615785	-0.0601751	-0.0605663	-0.0645053	-0.0595558	-0.0628364	-0.0643511	-0.0653656	-0.0607078	-0.0688145	-0.0670171	-0.0627404	-0.070175	-0.0707067	-0.0671511	-0.0685792	-0.0757659	-0.0715716	-0.0729177	-0.0718864	-0.0820295	-0.0775358	-0.074797	-0.0782599	-0.0910338	-0.0832499	-0.077876	-0.0863392	-0.0943667	-0.0879529	-0.0763897	-0.0616861	-0.0470674	-0.01217	
-0.0592138	-0.0592138	-0.0615406	-0.0559214	-0.0580945	-0.0574255	-0.0537827	-0.0595048	-0.0579852	-0.0581731	-0.0607136	-0.0598841	-0.057291	-0.0582579	-0.0598812	-0.0647515	-0.0629315	-0.060265	-0.061276	-0.063865	-0.0632968	-0.0633724	-0.0652962	-0.0642954	-0.0627749	-0.0683221	-0.0672554	-0.0640125	-0.0694057	-0.0709249	-0.0670192	-0.0704182	-0.0738721	-0.0734493	-0.0719335	-0.0747704	-0.0800074	-0.0796946	-0.0752506	-0.0808177	-0.0902297	-0.0844764	-0.0807417	-0.0873872	-0.094787	-0.0883761	-0.0768524	-0.0635753	-0.0450416	-0.0106243	
-0.0559007	-0.0559007	-0.0559214	-0.058682	-0.0585191	-0.0603876	-0.0605886	-0.0594531	-0.0585501	-0.0581094	-0.0591271	-0.05719	-0.0615204	-0.0631357	-0.05859	-0.0561996	-0.0594298	-0.0608349	-0.0615015	-0.0629031	-0.0604735	-0.0616952	-0.0633255	-0.0654892	-0.0632818	-0.0666351	-0.0659263	-0.065778	-0.0690345	-0.0695499	-0.0684733	-0.0700318	-0.0734829	-0.0720012	-0.0734891	-0.0736486	-0.0789835	-0.0771304	-0.0766997	-0.0797562	-0.0860871	-0.0830821	-0.0805919	-0.0867286	-0.0902796	-0.0861448	-0.0764597	-0.0630965	-0.0444262	-0.0066314	
-0.0595671	-0.0595671	-0.0580945	-0.0585191	-0.0578566	-0.0562794	-0.0583143	-0.0579647	-0.0583852	-0.0604117	-0.0586355	-0.0600393	-0.0586459	-0.0576387	-0.0608694	-0.0634361	-0.0614273	-0.0617956	-0.0621062	-0.0601099	-0.0635942	-0.0647594	-0.064594	-0.0626426	-0.0653228	-0.0654691	-0.066908	-0.067195	-0.0677425	-0.0685448	-0.0697227	-0.0714363	-0.0711508	-0.0734266	-0.0734558	-0.0765316	-0.0761642	-0.0789076	-0.0788514	-0.0824356	-0.0836738	-0.0844967	-0.0856281	-0.0875893	-0.0895789	-0.0854389	-0.0781677	-0.064663	-0.0416158	-0.000455157	
-0.0591712	-0.0591712	-0.0574255	-0.0603876	-0.0562794	-0.0589115	-0.0584293	-0.0549969	-0.0608207	-0.0575752	-0.0580071	-0.0623114	-0.0597738	-0.0592	-0.0614891	-0.0605015	-0.0602525	-0.0622412	-0.0626213	-0.0618804	-0.0667557	-0.0609963	-0.0626185	-0.0654015	-0.0687238	-0.0633213	-0.0656447	-0.0703912	-0.0664947	-0.0687138	-0.0705368	-0.0727913	-0.069064	-0.0746436	-0.0738674	-0.0780899	-0.0734794	-0.079579	-0.0807442	-0.0835309	-0.0795832	-0.085775	-0.0882128	-0.0882281	-0.0856248	-0.0852028	-0.0779713	-0.0664555	-0.0375076	0.0063504	
-0.0574115	-0.0574115	-0.0537827	-0.0605886	-0.0583143	-0.0584293	-0.0644583	-0.0582163	-0.0612296	-0.0600588	-0.0567291	-0.0593122	-0.0578117	-0.0598484	-0.0624172	-0.0574027	-0.0592974	-0.0615027	-0.0626213	-0.057864	-0.0629621	-0.0637838	-0.0636336	-0.0639156	-0.0665439	-0.0629201	-0.0671088	-0.0710845	-0.0655867	-0.067794	-0.0732254	-0.0716417	-0.0694565	-0.0738098	-0.0762103	-0.0769454	-0.0727437	-0.0786094	-0.0831094	-0.0822183	-0.0758665	-0.0858344	-0.0896849	-0.086136	-0.08153	-0.0819553	-0.0785157	-0.0639567	-0.0336926	0.016202	
-0.0610533	-0.0610533	-0.0595048	-0.0594531	-0.0579647	-0.0549969	-0.0582163	-0.0536851	-0.0586762	-0.0600915	-0.0580041	-0.064819	-0.0607799	-0.0589499	-0.0626922	-0.0614089	-0.0632469	-0.0639322	-0.0626213	-0.062003	-0.0666851	-0.0639962	-0.0617235	-0.0653337	-0.0687938	-0.0621145	-0.0670011	-0.0708831	-0.064854	-0.0674761	-0.0735555	-0.0707565	-0.0687697	-0.0740475	-0.0767508	-0.076758	-0.0724114	-0.079686	-0.0860143	-0.0821715	-0.0764819	-0.0886971	-0.0944489	-0.0872619	-0.0819525	-0.0841288	-0.0810513	-0.0651048	-0.0296752	0.0258358	
-0.0570262	-0.0570262	-0.0579852	-0.0585501	-0.0583852	-0.0608207	-0.0612296	-0.0586762	-0.0627764	-0.0586074	-0.0573897	-0.0600946	-0.0572237	-0.0586535	-0.0622088	-0.0589785	-0.060564	-0.0616899	-0.0606991	-0.0617928	-0.0651651	-0.0627369	-0.0629766	-0.066859	-0.0682448	-0.0629692	-0.0684784	-0.0719493	-0.0656552	-0.0700136	-0.074427	-0.0716265	-0.070215	-0.0756758	-0.0778198	-0.0767334	-0.0732327	-0.0805536	-0.086424	-0.0804679	-0.0753857	-0.0892099	-0.0927152	-0.0847304	-0.0773613	-0.0824072	-0.0776203	-0.0611094	-0.0214438	0.0367104	
-0.0584963	-0.0584963	-0.0581731	-0.0581094	-0.0604117	-0.0575752	-0.0600588	-0.0600915	-0.0586074	-0.0592376	-0.0605585	-0.0604622	-0.059614	-0.0632804	-0.0616219	-0.0601355	-0.0612202	-0.0617731	-0.063493	-0.0629594	-0.060831	-0.0652396	-0.0641493	-0.065521	-0.064363	-0.0648678	-0.0684003	-0.0691638	-0.0656328	-0.0696057	-0.0731401	-0.0696819	-0.0713329	-0.0742782	-0.0774367	-0.0747008	-0.0749477	-0.0800124	-0.0864741	-0.0785549	-0.0785231	-0.0894612	-0.0939736	-0.0833286	-0.079837	-0.0825903	-0.0790927	-0.0581879	-0.0161966	0.0442995	
-0.0603533	-0.0603533	-0.0607136	-0.0591271	-0.0586355	-0.0580071	-0.0567291	-0.0580041	-0.0573897	-0.0605585	-0.0614616	-0.0602542	-0.0633009	-0.0606286	-0.0592207	-0.0628366	-0.0638262	-0.0642686	-0.0611912	-0.0652699	-0.0644398	-0.0658795	-0.0624941	-0.0662448	-0.067482	-0.066648	-0.0675458	-0.0679872	-0.068909	-0.0704117	-0.0718933	-0.0705865	-0.0733638	-0.074581	-0.0769569	-0.0752758	-0.077625	-0.0808415	-0.0853775	-0.0793695	-0.0823022	-0.0904906	-0.092587	-0.08436	-0.0812135	-0.0839234	-0.0769967	-0.0539382	-0.00924575	0.0524917	
-0.0570491	-0.0570491	-0.0598841	-0.05719	-0.0600393	-0.0623114	-0.0593122	-0.064819	-0.0600946	-0.0604622	-0.0602542	-0.0550595	-0.0607092	-0.0588179	-0.0580724	-0.0663978	-0.0583158	-0.0610966	-0.0622264	-0.0647285	-0.0604389	-0.0654951	-0.0681392	-0.0647609	-0.0662594	-0.0685937	-0.0691975	-0.0681782	-0.0718505	-0.0719043	-0.0711165	-0.0738905	-0.0749238	-0.0762289	-0.0759667	-0.0779173	-0.0797789	-0.0813784	-0.082944	-0.0807707	-0.0855484	-0.087945	-0.0893796	-0.0831186	-0.0816334	-0.0813419	-0.0713775	-0.0466087	-0.000638978	0.0589916	
-0.0603087	-0.0603087	-0.057291	-0.0615204	-0.0586459	-0.0597738	-0.0578117	-0.0607799	-0.0572237	-0.059614	-0.0633009	-0.0607092	-0.0646232	-0.0647071	-0.0625073	-0.0641557	-0.059076	-0.0625417	-0.0667924	-0.06316	-0.063779	-0.0643554	-0.0658434	-0.061486	-0.0673805	-0.0689946	-0.064534	-0.0661368	-0.0723862	-0.0688721	-0.067707	-0.0736733	-0.0736931	-0.0737035	-0.0729272	-0.0785131	-0.0792805	-0.0800374	-0.078869	-0.0844018	-0.0874314	-0.0865735	-0.0880281	-0.0863229	-0.0867848	-0.0816988	-0.0706242	-0.0434425	0.00275886	0.0592604	
-0.0622073	-0.0622073	-0.0582579	-0.0631357	-0.0576387	-0.0592	-0.0598484	-0.0589499	-0.0586535	-0.0632804	-0.0606286	-0.0588179	-0.0647071	-0.056747	-0.0589197	-0.0625216	-0.0649747	-0.0650795	-0.0652819	-0.0609546	-0.065151	-0.0668888	-0.0688559	-0.0639724	-0.070362	-0.0702183	-0.0666004	-0.0700023	-0.0765203	-0.0686586	-0.0716735	-0.0770636	-0.0770609	-0.0741312	-0.0763703	-0.0819163	-0.0827794	-0.0801063	-0.079568	-0.0903176	-0.088999	-0.0855269	-0.0859974	-0.090189	-0.0874939	-0.0782032	-0.0648983	-0.0344199	0.00717281	0.0663833	
-0.0581266	-0.0581266	-0.0598812	-0.05859	-0.0608694	-0.0614891	-0.0624172	-0.0626922	-0.0622088	-0.0616219	-0.0592207	-0.0580724	-0.0625073	-0.0589197	-0.0664406	-0.0648193	-0.0610556	-0.0602995	-0.0624119	-0.0665008	-0.0640084	-0.0672502	-0.0651271	-0.0648802	-0.0683044	-0.0705067	-0.0653137	-0.0708298	-0.0744899	-0.0672106	-0.0730408	-0.0759961	-0.0765947	-0.0716349	-0.0785613	-0.0803045	-0.0841655	-0.0754047	-0.0820094	-0.0911054	-0.0891695	-0.0815553	-0.0857904	-0.0937471	-0.0870728	-0.0759855	-0.0595775	-0.0300337	0.00789345	0.0705574	
-0.0587691	-0.0587691	-0.0647515	-0.0561996	-0.0634361	-0.0605015	-0.0574027	-0.0614089	-0.0589785	-0.0601355	-0.0628366	-0.0663978	-0.0641557	-0.0625216	-0.0648193	-0.060689	-0.0606609	-0.0670905	-0.0650066	-0.0654755	-0.0634148	-0.0659228	-0.0646871	-0.0662801	-0.0696599	-0.0680664	-0.0651645	-0.0720581	-0.0725627	-0.0678859	-0.0729665	-0.0763023	-0.0742576	-0.0733438	-0.0779287	-0.0817451	-0.0817299	-0.0754952	-0.083849	-0.092752	-0.0879345	-0.0796161	-0.0892701	-0.0964049	-0.0878791	-0.0741062	-0.0556802	-0.0299382	0.00871222	0.0743281	
-0.0615785	-0.0615785	-0.0629315	-0.0594298	-0.0614273	-0.0602525	-0.0592974	-0.0632469	-0.060564	-0.0612202	-0.0638262	-0.0583158	-0.059076	-0.0649747	-0.0610556	-0.0606609	-0.0685439	-0.0673233	-0.0622794	-0.0669363	-0.0653417	-0.0680089	-0.0694374	-0.0701423	-0.0681664	-0.0691186	-0.0717952	-0.0741988	-0.0716371	-0.071741	-0.0769099	-0.0770806	-0.0759884	-0.0767681	-0.0813473	-0.0833009	-0.0827701	-0.0787537	-0.0888464	-0.0941568	-0.0875581	-0.0818068	-0.093505	-0.0981541	-0.0866453	-0.0703199	-0.0518312	-0.0273849	0.0120207	0.0838373	
-0.0601751	-0.0601751	-0.060265	-0.0608349	-0.0617956	-0.0622412	-0.0615027	-0.0639322	-0.0616899	-0.0617731	-0.0642686	-0.0610966	-0.0625417	-0.0650795	-0.0602995	-0.0670905	-0.0673233	-0.0580167	-0.0628718	-0.0677209	-0.0665025	-0.0659444	-0.0667988	-0.0671579	-0.0660954	-0.0715348	-0.0714621	-0.0694407	-0.0698399	-0.0754038	-0.0749948	-0.0739065	-0.0755983	-0.0782536	-0.0801435	-0.0811235	-0.0804557	-0.0811538	-0.0886591	-0.0909282	-0.0845095	-0.0838877	-0.0950696	-0.0961967	-0.0844982	-0.067193	-0.0514438	-0.0285211	0.0137453	0.0913806	
-0.0605663	-0.0605663	-0.061276	-0.0615015	-0.0621062	-0.0626213	-0.0626213	-0.0626213	-0.0606991	-0.063493	-0.0611912	-0.0622264	-0.0667924	-0.0652819	-0.0624119	-0.0650066	-0.0622794	-0.0628718	-0.0698203	-0.0696736	-0.0635118	-0.0655528	-0.0686732	-0.0712317	-0.067017	-0.0724448	-0.0712709	-0.0688665	-0.0740072	-0.077364	-0.0729978	-0.073876	-0.0792551	-0.0797849	-0.0802815	-0.0798666	-0.083103	-0.0848295	-0.0900743	-0.087437	-0.0874234	-0.0885018	-0.0976368	-0.094357	-0.0836978	-0.0668162	-0.0532131	-0.0286111	0.0173469	0.105202	
-0.0645053	-0.0645053	-0.063865	-0.0629031	-0.0601099	-0.0618804	-0.057864	-0.062003	-0.0617928	-0.0629594	-0.0652699	-0.0647285	-0.06316	-0.0609546	-0.0665008	-0.0654755	-0.0669363	-0.0677209	-0.0696736	-0.0641806	-0.0652825	-0.0695341	-0.0742161	-0.0679115	-0.0663099	-0.0738694	-0.0741889	-0.0681082	-0.0770748	-0.0760528	-0.0733289	-0.075664	-0.0821363	-0.0799447	-0.0800341	-0.0808705	-0.0859583	-0.0897181	-0.0874038	-0.087897	-0.090977	-0.0955161	-0.0968721	-0.0933498	-0.0841563	-0.0686877	-0.0565201	-0.0281339	0.025069	0.117852	
-0.0595558	-0.0595558	-0.0632968	-0.0604735	-0.0635942	-0.0667557	-0.0629621	-0.0666851	-0.0651651	-0.060831	-0.0644398	-0.0604389	-0.063779	-0.065151	-0.0640084	-0.0634148	-0.0653417	-0.0665025	-0.0635118	-0.0652825	-0.0707266	-0.0708262	-0.068214	-0.0660043	-0.072086	-0.0777477	-0.070363	-0.0697983	-0.079563	-0.0775412	-0.0731314	-0.0792319	-0.0827689	-0.081088	-0.0798124	-0.0824757	-0.0893553	-0.0902817	-0.0840345	-0.0874392	-0.09552	-0.0968025	-0.0918103	-0.0904356	-0.082015	-0.0712785	-0.0555637	-0.0250952	0.036735	0.128157	
-0.0628364	-0.0628364	-0.0633724	-0.0616952	-0.0647594	-0.0609963	-0.0637838	-0.0639962	-0.0627369	-0.0652396	-0.0658795	-0.0654951	-0.0643554	-0.0668888	-0.0672502	-0.0659228	-0.0680089	-0.0659444	-0.0655528	-0.0695341	-0.0708262	-0.0656493	-0.0666283	-0.0726284	-0.0722525	-0.0713023	-0.0674544	-0.0750026	-0.0780629	-0.0733609	-0.0727855	-0.0801695	-0.0816034	-0.0788998	-0.07906	-0.0833279	-0.0913574	-0.0876413	-0.0816359	-0.0907567	-0.100836	-0.0969203	-0.0896201	-0.091589	-0.0872054	-0.0770576	-0.0593645	-0.021425	0.0450215	0.132057	
-0.0643511	-0.0643511	-0.0652962	-0.0633255	-0.064594	-0.0626185	-0.0636336	-0.0617235	-0.0629766	-0.0641493	-0.0624941	-0.0681392	-0.0658434	-0.0688559	-0.0651271	-0.0646871	-0.0694374	-0.0667988	-0.0686732	-0.0742161	-0.068214	-0.0666283	-0.0731678	-0.0766869	-0.0691854	-0.071899	-0.0755735	-0.0789397	-0.0748793	-0.075194	-0.0789379	-0.0831817	-0.0815037	-0.0807622	-0.0825211	-0.0884226	-0.093492	-0.0862233	-0.0851218	-0.0970222	-0.106018	-0.0940912	-0.0903687	-0.0935532	-0.0930268	-0.0806433	-0.0577652	-0.0133104	0.0539021	0.133559	
-0.0653656	-0.0653656	-0.0642954	-0.0654892	-0.0626426	-0.0654015	-0.0639156	-0.0653337	-0.066859	-0.065521	-0.0662448	-0.0647609	-0.061486	-0.0639724	-0.0648802	-0.0662801	-0.0701423	-0.0671579	-0.0712317	-0.0679115	-0.0660043	-0.0726284	-0.0766869	-0.0716279	-0.0696612	-0.0760617	-0.0801524	-0.0748937	-0.074938	-0.0800875	-0.083477	-0.0810878	-0.0819203	-0.0830828	-0.0868571	-0.0907257	-0.0913635	-0.0858401	-0.0893926	-0.102556	-0.103207	-0.0913506	-0.0898219	-0.0968654	-0.0964269	-0.0803625	-0.0527167	-0.00280142	0.0575391	0.130124	
-0.0607078	-0.0607078	-0.0627749	-0.0632818	-0.0653228	-0.0687238	-0.0665439	-0.0687938	-0.0682448	-0.064363	-0.067482	-0.0662594	-0.0673805	-0.070362	-0.0683044	-0.0696599	-0.0681664	-0.0660954	-0.067017	-0.0663099	-0.072086	-0.0722525	-0.0691854	-0.0696612	-0.070898	-0.0752649	-0.0761528	-0.0714387	-0.0745547	-0.0818144	-0.0791112	-0.0771123	-0.0801662	-0.0844193	-0.0860395	-0.0875661	-0.0857072	-0.0865598	-0.0934104	-0.101656	-0.0977063	-0.0896601	-0.0933162	-0.102061	-0.100366	-0.0815277	-0.0480509	-0.00142225	0.0518247	0.117798	
-0.0688145	-0.0688145	-0.0683221	-0.0666351	-0.0654691	-0.0633213	-0.0629201	-0.0621145	-0.0629692	-0.0648678	-0.066648	-0.0685937	-0.0689946	-0.0702183	-0.0705067	-0.0680664	-0.0691186	-0.0715348	-0.0724448	-0.0738694	-0.0777477	-0.0713023	-0.071899	-0.0760617	-0.0752649	-0.080054	-0.0783654	-0.0736835	-0.080318	-0.0866447	-0.079711	-0.0799543	-0.0864162	-0.0903122	-0.0895217	-0.0882581	-0.0895361	-0.0966029	-0.101162	-0.102701	-0.0979897	-0.0974734	-0.101854	-0.110015	-0.103496	-0.079888	-0.0433657	-0.00158607	0.0440501	0.111927	
-0.0670171	-0.0670171	-0.0672554	-0.0659263	-0.066908	-0.0656447	-0.0671088	-0.0670011	-0.0684784	-0.0684003	-0.0675458	-0.0691975	-0.064534	-0.0666004	-0.0653137	-0.0651645	-0.0717952	-0.0714621	-0.0712709	-0.0741889	-0.070363	-0.0674544	-0.0755735	-0.0801524	-0.0761528	-0.0783654	-0.0748427	-0.0773267	-0.0863246	-0.0852549	-0.0772455	-0.0833881	-0.0909109	-0.0911394	-0.0875213	-0.0866881	-0.0937782	-0.101541	-0.0998909	-0.095727	-0.0979489	-0.100866	-0.105727	-0.108881	-0.0996854	-0.0724799	-0.0392545	-0.00738993	0.0344407	0.106877	
-0.0627404	-0.0627404	-0.0640125	-0.065778	-0.067195	-0.0703912	-0.0710845	-0.0708831	-0.0719493	-0.0691638	-0.0679872	-0.0681782	-0.0661368	-0.0700023	-0.0708298	-0.0720581	-0.0741988	-0.0694407	-0.0688665	-0.0681082	-0.0697983	-0.0750026	-0.0789397	-0.0748937	-0.0714387	-0.0736835	-0.0773267	-0.0830897	-0.0828762	-0.0768968	-0.0780721	-0.0879659	-0.0900829	-0.0868307	-0.0842195	-0.0880837	-0.0983453	-0.102432	-0.0936724	-0.0931017	-0.102222	-0.107836	-0.108468	-0.108986	-0.0967824	-0.0708411	-0.0460537	-0.0216506	0.0216966	0.104384	
-0.070175	-0.070175	-0.0694057	-0.0690345	-0.0677425	-0.0664947	-0.0655867	-0.064854	-0.0656552	-0.0656328	-0.068909	-0.0718505	-0.0723862	-0.0765203	-0.0744899	-0.0725627	-0.0716371	-0.0698399	-0.0740072	-0.0770748	-0.079563	-0.0780629	-0.0748793	-0.074938	-0.0745547	-0.080318	-0.0863246	-0.0828762	-0.0758803	-0.0803238	-0.0888491	-0.0909762	-0.0876195	-0.0868462	-0.0887	-0.0956612	-0.104571	-0.101604	-0.0926679	-0.0992742	-0.11379	-0.115634	-0.11262	-0.109396	-0.0969767	-0.0758148	-0.0597631	-0.0366464	0.0163269	0.109289	
-0.0707067	-0.0707067	-0.0709249	-0.0695499	-0.0685448	-0.0687138	-0.067794	-0.0674761	-0.0700136	-0.0696057	-0.0704117	-0.0719043	-0.0688721	-0.0686586	-0.0672106	-0.0678859	-0.071741	-0.0754038	-0.077364	-0.0760528	-0.0775412	-0.0733609	-0.075194	-0.0800875	-0.0818144	-0.0866447	-0.0852549	-0.0768968	-0.0803238	-0.0942014	-0.0931677	-0.087821	-0.0878786	-0.0928566	-0.0953645	-0.102441	-0.104594	-0.0985001	-0.0939321	-0.108285	-0.119526	-0.116335	-0.10837	-0.104432	-0.0941436	-0.0819243	-0.0711275	-0.0428894	0.0207456	0.119272	
-0.0671511	-0.0671511	-0.0670192	-0.0684733	-0.0697227	-0.0705368	-0.0732254	-0.0735555	-0.074427	-0.0731401	-0.0718933	-0.0711165	-0.067707	-0.0716735	-0.0730408	-0.0729665	-0.0769099	-0.0749948	-0.0729978	-0.0733289	-0.0731314	-0.0727855	-0.0789379	-0.083477	-0.0791112	-0.079711	-0.0772455	-0.0780721	-0.0888491	-0.0931677	-0.0836809	-0.0829238	-0.0901769	-0.0941684	-0.0971441	-0.100069	-0.0981989	-0.0940555	-0.0996816	-0.114454	-0.120718	-0.112675	-0.105214	-0.103516	-0.101491	-0.0977119	-0.0864303	-0.0479537	0.0239019	0.123171	
-0.0685792	-0.0685792	-0.0704182	-0.0700318	-0.0714363	-0.0727913	-0.0716417	-0.0707565	-0.0716265	-0.0696819	-0.0705865	-0.0738905	-0.0736733	-0.0770636	-0.0759961	-0.0763023	-0.0770806	-0.0739065	-0.073876	-0.075664	-0.0792319	-0.0801695	-0.0831817	-0.0810878	-0.0771123	-0.0799543	-0.0833881	-0.0879659	-0.0909762	-0.087821	-0.0829238	-0.0899561	-0.0952739	-0.0990857	-0.100078	-0.0990632	-0.0959126	-0.102	-0.111236	-0.120969	-0.120051	-0.111782	-0.1061	-0.110104	-0.116234	-0.114763	-0.0944051	-0.0451148	0.0306859	0.126055	
-0.0757659	-0.0757659	-0.0738721	-0.0734829	-0.0711508	-0.069064	-0.0694565	-0.0687697	-0.070215	-0.0713329	-0.0733638	-0.0749238	-0.0736931	-0.0770609	-0.0765947	-0.0742576	-0.0759884	-0.0755983	-0.0792551	-0.0821363	-0.0827689	-0.0816034	-0.0815037	-0.0819203	-0.0801662	-0.0864162	-0.0909109	-0.0900829	-0.0876195	-0.0878786	-0.0901769	-0.0952739	-0.10003	-0.102804	-0.100578	-0.0956201	-0.10194	-0.114216	-0.119816	-0.120115	-0.118125	-0.112025	-0.110995	-0.122322	-0.132988	-0.125224	-0.0929048	-0.0365356	0.0359694	0.124744	
-0.0715716	-0.0715716	-0.0734493	-0.0720012	-0.0734266	-0.0746436	-0.0738098	-0.0740475	-0.0756758	-0.0742782	-0.074581	-0.0762289	-0.0737035	-0.0741312	-0.0716349	-0.0733438	-0.0767681	-0.0782536	-0.0797849	-0.0799447	-0.081088	-0.0788998	-0.0807622	-0.0830828	-0.0844193	-0.0903122	-0.0911394	-0.0868307	-0.0868462	-0.0928566	-0.0941684	-0.0990857	-0.102804	-0.102565	-0.094823	-0.0982285	-0.112518	-0.12264	-0.11669	-0.114507	-0.115179	-0.113271	-0.118472	-0.135643	-0.143749	-0.124476	-0.0833975	-0.0296087	0.035049	0.112043	
-0.0729177	-0.0729177	-0.0719335	-0.0734891	-0.0734558	-0.0738674	-0.0762103	-0.0767508	-0.0778198	-0.0774367	-0.0769569	-0.0759667	-0.0729272	-0.0763703	-0.0785613	-0.0779287	-0.0813473	-0.0801435	-0.0802815	-0.0800341	-0.0798124	-0.07906	-0.0825211	-0.0868571	-0.0860395	-0.0895217	-0.0875213	-0.0842195	-0.0887	-0.0953645	-0.0971441	-0.100078	-0.100578	-0.094823	-0.0953224	-0.108075	-0.122372	-0.119961	-0.11059	-0.112474	-0.118575	-0.122017	-0.133723	-0.152015	-0.14973	-0.119567	-0.0781532	-0.0314609	0.0216327	0.0860849	
-0.0718864	-0.0718864	-0.0747704	-0.0736486	-0.0765316	-0.0780899	-0.0769454	-0.076758	-0.0767334	-0.0747008	-0.0752758	-0.0779173	-0.0785131	-0.0819163	-0.0803045	-0.0817451	-0.0833009	-0.0811235	-0.0798666	-0.0808705	-0.0824757	-0.0833279	-0.0884226	-0.0907257	-0.0875661	-0.0882581	-0.0866881	-0.0880837	-0.0956612	-0.102441	-0.100069	-0.0990632	-0.0956201	-0.0982285	-0.108075	-0.121332	-0.122608	-0.114907	-0.109582	-0.117817	-0.127904	-0.136211	-0.150994	-0.160337	-0.145559	-0.111256	-0.0764589	-0.0419178	-0.000804813	0.046209	
-0.0820295	-0.0820295	-0.0800074	-0.0789835	-0.0761642	-0.0734794	-0.0727437	-0.0724114	-0.0732327	-0.0749477	-0.077625	-0.0797789	-0.0792805	-0.0827794	-0.0841655	-0.0817299	-0.0827701	-0.0804557	-0.083103	-0.0859583	-0.0893553	-0.0913574	-0.093492	-0.0913635	-0.0857072	-0.0895361	-0.0937782	-0.0983453	-0.104571	-0.104594	-0.0981989	-0.0959126	-0.10194	-0.112518	-0.122372	-0.122608	-0.118414	-0.114185	-0.116161	-0.128233	-0.142142	-0.154126	-0.161982	-0.158679	-0.136025	-0.106573	-0.0838702	-0.0605243	-0.0357967	-0.00537927	
-0.0775358	-0.0775358	-0.0796946	-0.0771304	-0.0789076	-0.079579	-0.0786094	-0.079686	-0.0805536	-0.0800124	-0.0808415	-0.0813784	-0.0800374	-0.0801063	-0.0754047	-0.0754952	-0.0787537	-0.0811538	-0.0848295	-0.0897181	-0.0902817	-0.0876413	-0.0862233	-0.0858401	-0.0865598	-0.0966029	-0.101541	-0.102432	-0.101604	-0.0985001	-0.0940555	-0.102	-0.114216	-0.12264	-0.119961	-0.114907	-0.114185	-0.116559	-0.122086	-0.137415	-0.155169	-0.161015	-0.157073	-0.143886	-0.125015	-0.108043	-0.0984337	-0.0920361	-0.085348	-0.0706883	
-0.074797	-0.074797	-0.0752506	-0.0766997	-0.0788514	-0.0807442	-0.0831094	-0.0860143	-0.086424	-0.0864741	-0.0853775	-0.082944	-0.078869	-0.079568	-0.0820094	-0.083849	-0.0888464	-0.0886591	-0.0900743	-0.0874038	-0.0840345	-0.0816359	-0.0851218	-0.0893926	-0.0934104	-0.101162	-0.0998909	-0.0936724	-0.0926679	-0.0939321	-0.0996816	-0.111236	-0.119816	-0.11669	-0.11059	-0.109582	-0.116161	-0.122086	-0.131863	-0.152657	-0.16609	-0.160978	-0.14692	-0.137398	-0.130813	-0.127579	-0.134187	-0.144295	-0.154572	-0.143593	
-0.0782599	-0.0782599	-0.0808177	-0.0797562	-0.0824356	-0.0835309	-0.0822183	-0.0821715	-0.0804679	-0.0785549	-0.0793695	-0.0807707	-0.0844018	-0.0903176	-0.0911054	-0.092752	-0.0941568	-0.0909282	-0.087437	-0.087897	-0.0874392	-0.0907567	-0.0970222	-0.102556	-0.101656	-0.102701	-0.095727	-0.0931017	-0.0992742	-0.108285	-0.114454	-0.120969	-0.120115	-0.114507	-0.112474	-0.117817	-0.128233	-0.137415	-0.152657	-0.169324	-0.171024	-0.153097	-0.141353	-0.142777	-0.148953	-0.159648	-0.181076	-0.208149	-0.224034	-0.204637	
-0.0910338	-0.0910338	-0.0902297	-0.0860871	-0.0836738	-0.0795832	-0.0758665	-0.0764819	-0.0753857	-0.0785231	-0.0823022	-0.0855484	-0.0874314	-0.088999	-0.0891695	-0.0879345	-0.0875581	-0.0845095	-0.0874234	-0.090977	-0.09552	-0.100836	-0.106018	-0.103207	-0.0977063	-0.0979897	-0.0979489	-0.102222	-0.11379	-0.119526	-0.120718	-0.120051	-0.118125	-0.115179	-0.118575	-0.127904	-0.142142	-0.155169	-0.16609	-0.171024	-0.158714	-0.141449	-0.140884	-0.155765	-0.174707	-0.199219	-0.238377	-0.273108	-0.284214	-0.247992	
-0.0832499	-0.0832499	-0.0844764	-0.0830821	-0.0844967	-0.085775	-0.0858344	-0.0886971	-0.0892099	-0.0894612	-0.0904906	-0.087945	-0.0865735	-0.0855269	-0.0815553	-0.0796161	-0.0818068	-0.0838877	-0.0885018	-0.0955161	-0.0968025	-0.0969203	-0.0940912	-0.0913506	-0.0896601	-0.0974734	-0.100866	-0.107836	-0.115634	-0.116335	-0.112675	-0.111782	-0.112025	-0.113271	-0.122017	-0.136211	-0.154126	-0.161015	-0.160978	-0.153097	-0.141449	-0.135261	-0.150418	-0.179064	-0.211798	-0.254941	-0.304678	-0.338264	-0.334722	-0.279216	
-0.077876	-0.077876	-0.0807417	-0.0805919	-0.0856281	-0.0882128	-0.0896849	-0.0944489	-0.0927152	-0.0939736	-0.092587	-0.0893796	-0.0880281	-0.0859974	-0.0857904	-0.0892701	-0.093505	-0.0950696	-0.0976368	-0.0968721	-0.0918103	-0.0896201	-0.0903687	-0.0898219	-0.0933162	-0.101854	-0.105727	-0.108468	-0.11262	-0.10837	-0.105214	-0.1061	-0.110995	-0.118472	-0.133723	-0.150994	-0.161982	-0.157073	-0.14692	-0.141353	-0.140884	-0.150418	-0.180865	-0.223313	-0.273414	-0.327056	-0.376459	-0.394428	-0.370062	-0.293687	
-0.0863392	-0.0863392	-0.0873872	-0.0867286	-0.0875893	-0.0882281	-0.086136	-0.0872619	-0.0847304	-0.0833286	-0.08436	-0.0831186	-0.0863229	-0.090189	-0.0937471	-0.0964049	-0.0981541	-0.0961967	-0.094357	-0.0933498	-0.0904356	-0.091589	-0.0935532	-0.0968654	-0.102061	-0.110015	-0.108881	-0.108986	-0.109396	-0.104432	-0.103516	-0.110104	-0.122322	-0.135643	-0.152015	-0.160337	-0.158679	-0.143886	-0.137398	-0.142777	-0.155765	-0.179064	-0.223313	-0.281583	-0.340107	-0.392872	-0.426158	-0.422633	-0.376575	-0.277501	
-0.0943667	-0.0943667	-0.094787	-0.0902796	-0.0895789	-0.0856248	-0.08153	-0.0819525	-0.0773613	-0.079837	-0.0812135	-0.0816334	-0.0867848	-0.0874939	-0.0870728	-0.0878791	-0.0866453	-0.0844982	-0.0836978	-0.0841563	-0.082015	-0.0872054	-0.0930268	-0.0964269	-0.100366	-0.103496	-0.0996854	-0.0967824	-0.0969767	-0.0941436	-0.101491	-0.116234	-0.132988	-0.143749	-0.14973	-0.145559	-0.136025	-0.125015	-0.130813	-0.148953	-0.174707	-0.211798	-0.273414	-0.340107	-0.397389	-0.43498	-0.44794	-0.423558	-0.356354	-0.233542	
-0.0879529	-0.0879529	-0.0883761	-0.0861448	-0.0854389	-0.0852028	-0.0819553	-0.0841288	-0.0824072	-0.0825903	-0.0839234	-0.0813419	-0.0816988	-0.0782032	-0.0759855	-0.0741062	-0.0703199	-0.067193	-0.0668162	-0.0686877	-0.0712785	-0.0770576	-0.0806433	-0.0803625	-0.0815277	-0.079888	-0.0724799	-0.0708411	-0.0758148	-0.0819243	-0.0977119	-0.114763	-0.125224	-0.124476	-0.119567	-0.111256	-0.106573	-0.108043	-0.127579	-0.159648	-0.199219	-0.254941	-0.327056	-0.392872	-0.43498	-0.453692	-0.446816	-0.40262	-0.312418	-0.163291	
-0.0763897	-0.0763897	-0.0768524	-0.0764597	-0.0781677	-0.0779713	-0.0785157	-0.0810513	-0.0776203	-0.0790927	-0.0769967	-0.0713775	-0.0706242	-0.0648983	-0.0595775	-0.0556802	-0.0518312	-0.0514438	-0.0532131	-0.0565201	-0.0555637	-0.0593645	-0.0577652	-0.0527167	-0.0480509	-0.0433657	-0.0392545	-0.0460537	-0.0597631	-0.0711275	-0.0864303	-0.0944051	-0.0929048	-0.0833975	-0.0781532	-0.0764589	-0.0838702	-0.0984337	-0.134187	-0.181076	-0.238377	-0.304678	-0.376459	-0.426158	-0.44794	-0.446816	-0.41952	-0.351799	-0.233755	-0.0589215	
-0.0616861	-0.0616861	-0.0635753	-0.0630965	-0.064663	-0.0664555	-0.0639567	-0.0651048	-0.0611094	-0.0581879	-0.0539382	-0.0466087	-0.0434425	-0.0344199	-0.0300337	-0.0299382	-0.0273849	-0.0285211	-0.0286111	-0.0281339	-0.0250952	-0.021425	-0.0133104	-0.00280142	-0.00142225	-0.00158607	-0.00738993	-0.0216506	-0.0366464	-0.0428894	-0.0479537	-0.0451148	-0.0365356	-0.0296087	-0.0314609	-0.0419178	-0.0605243	-0.0920361	-0.144295	-0.208149	-0.273108	-0.338264	-0.394428	-0.422633	-0.423558	-0.40262	-0.351799	-0.25672	-0.112132	0.0781624	
-0.0470674	-0.0470674	-0.0450416	-0.0444262	-0.0416158	-0.0375076	-0.0336926	-0.0296752	-0.0214438	-0.0161966	-0.00924575	-0.000638978	0.00275886	0.00717281	0.00789345	0.00871222	0.0120207	0.0137453	0.0173469	0.025069	0.036735	0.0450215	0.0539021	0.0575391	0.0518247	0.0440501	0.0344407	0.0216966	0.0163269	0.0207456	0.0239019	0.0306859	0.0359694	0.035049	0.0216327	-0.000804813	-0.0357967	-0.085348	-0.154572	-0.224034	-0.284214	-0.334722	-0.370062	-0.376575	-0.356354	-0.312418	-0.233755	-0.112132	0.0494961	0.242856	
-0.01217	-0.01217	-0.0106243	-0.0066314	-0.000455157	0.0063504	0.016202	0.0258358	0.0367104	0.0442995	0.0524917	0.0589916	0.0592604	0.0663833	0.0705574	0.0743281	0.0838373	0.0913806	0.105202	0.117852	0.128157	0.132057	0.133559	0.130124	0.117798	0.111927	0.106877	0.104384	0.109289	0.119272	0.123171	0.126055	0.124744	0.112043	0.0860849	0.046209	-0.00537927	-0.0706883	-0.143593	-0.204637	-0.247992	-0.279216	-0.293687	-0.277501	-0.233542	-0.163291	-0.0589215	0.0781624	0.242856	0.425236	
