-0.430146	-0.48128	-0.487067	-0.46146	-0.409149	-0.359183	-0.339724	-0.351188	-0.383206	-0.439061	-0.509961	-0.579315	-0.631789	-0.652286	-0.627235	-0.556253	-0.445442	-0.320273	-0.199684	-0.0905125	-0.0109944	0.0125764	-0.0247341	-0.0926398	-0.186908	-0.290232	-0.369552	-0.400543	-0.388875	-0.339822	-0.257649	-0.171536	-0.0886637	-0.0138683	0.0435197	0.0800521	0.112404	0.142025	0.164408	0.196046	0.237908	0.296209	0.364906	0.436178	0.51894	0.599755	0.659084	0.702179	0.734574	0.734574	
-0.48128	-0.550194	-0.565564	-0.52404	-0.450598	-0.39022	-0.352211	-0.342032	-0.359303	-0.401867	-0.465802	-0.544221	-0.609882	-0.642059	-0.634047	-0.578735	-0.47743	-0.362325	-0.251364	-0.149379	-0.0826079	-0.0726511	-0.111727	-0.182171	-0.269789	-0.359341	-0.427694	-0.440242	-0.413524	-0.356937	-0.272012	-0.172547	-0.0771966	-0.00354073	0.0629926	0.107101	0.136443	0.170553	0.202367	0.240878	0.290671	0.354205	0.425456	0.498003	0.573765	0.650437	0.712762	0.754446	0.78422	0.78422	
-0.487067	-0.565564	-0.575388	-0.520861	-0.444128	-0.384388	-0.333264	-0.308993	-0.316974	-0.352515	-0.424828	-0.516857	-0.59463	-0.643585	-0.650284	-0.607247	-0.521675	-0.418952	-0.320043	-0.233112	-0.177628	-0.171084	-0.206975	-0.268628	-0.346888	-0.429415	-0.482666	-0.484656	-0.448428	-0.371279	-0.264668	-0.141811	-0.0251809	0.0624377	0.138094	0.193463	0.224353	0.2493	0.279931	0.318333	0.359948	0.408734	0.467348	0.529481	0.58807	0.642473	0.692775	0.730465	0.746747	0.746747	
-0.46146	-0.52404	-0.520861	-0.466548	-0.393547	-0.331681	-0.282896	-0.260246	-0.263157	-0.301331	-0.385996	-0.492476	-0.584201	-0.649945	-0.671661	-0.644051	-0.572372	-0.476744	-0.385042	-0.311727	-0.266563	-0.264599	-0.298725	-0.354393	-0.426144	-0.495392	-0.533524	-0.526477	-0.475999	-0.373018	-0.237563	-0.0900363	0.0530376	0.168677	0.255532	0.313244	0.347133	0.365793	0.377526	0.39616	0.424738	0.452565	0.488588	0.533963	0.570874	0.599053	0.624389	0.642717	0.645411	0.645411	
-0.409149	-0.450598	-0.444128	-0.393547	-0.327974	-0.265068	-0.216309	-0.185628	-0.188057	-0.238738	-0.33685	-0.458659	-0.577659	-0.660796	-0.686634	-0.668482	-0.602256	-0.511143	-0.428143	-0.368703	-0.333425	-0.332284	-0.366836	-0.431263	-0.504039	-0.564606	-0.592126	-0.560998	-0.479508	-0.348887	-0.184503	-0.0129908	0.143795	0.274411	0.370701	0.430101	0.46422	0.478212	0.47852	0.470687	0.473141	0.482083	0.490242	0.508327	0.521684	0.527692	0.533262	0.532917	0.528405	0.528405	
-0.359183	-0.39022	-0.384388	-0.331681	-0.265068	-0.200877	-0.141772	-0.102559	-0.100536	-0.163373	-0.277645	-0.413815	-0.548182	-0.638587	-0.670223	-0.656519	-0.594586	-0.511441	-0.439523	-0.38575	-0.364007	-0.374463	-0.416943	-0.497205	-0.57405	-0.622654	-0.633472	-0.578041	-0.463383	-0.302725	-0.111124	0.072922	0.231595	0.366172	0.46152	0.518116	0.541483	0.545316	0.54316	0.523383	0.504362	0.491528	0.476402	0.466398	0.454442	0.444971	0.438766	0.4315	0.429641	0.429641	
-0.339724	-0.352211	-0.333264	-0.282896	-0.216309	-0.141772	-0.0701517	-0.0269619	-0.0320273	-0.0969007	-0.20929	-0.352112	-0.489554	-0.576015	-0.608087	-0.600856	-0.54488	-0.470537	-0.411487	-0.371382	-0.363626	-0.386828	-0.44672	-0.536651	-0.611267	-0.645817	-0.638972	-0.564319	-0.421907	-0.244378	-0.0482418	0.139434	0.303575	0.431128	0.513437	0.562341	0.578081	0.574823	0.55787	0.533829	0.509148	0.475177	0.443883	0.411107	0.384494	0.370022	0.355494	0.352405	0.353969	0.353969	
-0.351188	-0.342032	-0.308993	-0.260246	-0.185628	-0.102559	-0.0269619	0.0194785	0.0118909	-0.0448782	-0.146976	-0.275872	-0.396695	-0.470784	-0.501858	-0.48737	-0.438428	-0.383581	-0.337298	-0.31657	-0.328291	-0.37631	-0.451726	-0.541159	-0.611766	-0.634761	-0.608694	-0.52078	-0.369422	-0.185646	0.00861707	0.197045	0.355764	0.470351	0.540103	0.572637	0.577264	0.565596	0.535069	0.500082	0.468255	0.4259	0.387544	0.350053	0.319752	0.305318	0.291053	0.285922	0.287132	0.287132	
-0.383206	-0.359303	-0.316974	-0.263157	-0.188057	-0.100536	-0.0320273	0.0118909	0.0201934	-0.0160015	-0.0946458	-0.195237	-0.285585	-0.341859	-0.355985	-0.327259	-0.280892	-0.237382	-0.209245	-0.215006	-0.250867	-0.322965	-0.416162	-0.503376	-0.567163	-0.587049	-0.548038	-0.44911	-0.300078	-0.119622	0.0679339	0.242638	0.38202	0.485591	0.545441	0.559859	0.552238	0.525456	0.484559	0.437703	0.388841	0.34482	0.310301	0.282372	0.257919	0.241136	0.226745	0.213899	0.208941	0.208941	
-0.439061	-0.401867	-0.352515	-0.301331	-0.238738	-0.163373	-0.0969007	-0.0448782	-0.0160015	-0.0247334	-0.0656647	-0.124737	-0.172827	-0.193558	-0.172189	-0.123478	-0.0731528	-0.033742	-0.0201717	-0.0529569	-0.114855	-0.208586	-0.321359	-0.409034	-0.47031	-0.493817	-0.455851	-0.35605	-0.215982	-0.0488511	0.124778	0.281066	0.399473	0.479166	0.524044	0.530159	0.512167	0.466017	0.407845	0.352804	0.2953	0.248597	0.214942	0.193813	0.174579	0.156849	0.143366	0.126217	0.12029	0.12029	
-0.509961	-0.465802	-0.424828	-0.385996	-0.33685	-0.277645	-0.20929	-0.146976	-0.0946458	-0.0656647	-0.0568073	-0.0628769	-0.0551772	-0.0208786	0.046912	0.12961	0.192226	0.226235	0.220193	0.16566	0.0812994	-0.0298562	-0.152321	-0.249873	-0.322528	-0.360283	-0.332767	-0.242133	-0.11837	0.0283972	0.179977	0.312397	0.411192	0.467324	0.489512	0.47905	0.438967	0.380002	0.312689	0.248095	0.192705	0.146394	0.111205	0.0855671	0.0596863	0.0441269	0.0335935	0.0190047	0.0186739	0.0186739	
-0.579315	-0.544221	-0.516857	-0.492476	-0.458659	-0.413815	-0.352112	-0.275872	-0.195237	-0.124737	-0.0628769	-0.00168691	0.0768274	0.184327	0.299539	0.411402	0.493405	0.521614	0.497499	0.435871	0.332739	0.203196	0.0776257	-0.0430449	-0.135793	-0.183341	-0.173499	-0.110192	-0.0104424	0.108639	0.231709	0.340198	0.40988	0.446467	0.444443	0.403832	0.340095	0.268062	0.199992	0.135534	0.078542	0.032133	-0.00278963	-0.0397848	-0.0710933	-0.0847895	-0.0977026	-0.104399	-0.102236	-0.102236	
-0.631789	-0.609882	-0.59463	-0.584201	-0.577659	-0.548182	-0.489554	-0.396695	-0.285585	-0.172827	-0.0551772	0.0768274	0.226636	0.404341	0.576222	0.709604	0.800294	0.82832	0.794547	0.720872	0.605499	0.465341	0.326466	0.183738	0.0744719	0.0107262	-0.00881098	0.0262208	0.103247	0.193925	0.288008	0.367617	0.404385	0.412122	0.37989	0.318139	0.241934	0.154115	0.0809261	0.0160462	-0.0472002	-0.100566	-0.14079	-0.180034	-0.208145	-0.218023	-0.230779	-0.236123	-0.232762	-0.232762	
-0.652286	-0.642059	-0.643585	-0.649945	-0.660796	-0.638587	-0.576015	-0.470784	-0.341859	-0.193558	-0.0208786	0.184327	0.404341	0.632588	0.845746	0.997164	1.08857	1.11526	1.0765	0.981715	0.856714	0.710708	0.548769	0.3894	0.26543	0.183654	0.142582	0.15816	0.210738	0.275721	0.346774	0.397984	0.40986	0.383925	0.318828	0.238652	0.149647	0.0539103	-0.0305857	-0.109793	-0.180985	-0.238163	-0.281555	-0.316303	-0.339484	-0.349798	-0.361573	-0.370005	-0.370733	-0.370733	
-0.627235	-0.634047	-0.650284	-0.671661	-0.686634	-0.670223	-0.608087	-0.501858	-0.355985	-0.172189	0.046912	0.299539	0.576222	0.845746	1.07126	1.23378	1.32471	1.34707	1.30392	1.19808	1.05615	0.894232	0.714835	0.543007	0.405542	0.316909	0.269467	0.263982	0.30602	0.36176	0.406623	0.424411	0.412221	0.364903	0.280359	0.186018	0.081526	-0.0243381	-0.123125	-0.218073	-0.294919	-0.356248	-0.402146	-0.433347	-0.458386	-0.47686	-0.491077	-0.502098	-0.507743	-0.507743	
-0.556253	-0.578735	-0.607247	-0.644051	-0.668482	-0.656519	-0.600856	-0.48737	-0.327259	-0.123478	0.12961	0.411402	0.709604	0.997164	1.23378	1.40273	1.48997	1.50566	1.44884	1.32469	1.16773	0.996559	0.805918	0.625827	0.48397	0.389274	0.344296	0.342624	0.389684	0.439041	0.462323	0.461867	0.42534	0.359177	0.269301	0.162936	0.0487453	-0.0701628	-0.186682	-0.286031	-0.367634	-0.43837	-0.492908	-0.53007	-0.561213	-0.588633	-0.604613	-0.615062	-0.62252	-0.62252	
-0.445442	-0.47743	-0.521675	-0.572372	-0.602256	-0.594586	-0.54488	-0.438428	-0.280892	-0.0731528	0.192226	0.493405	0.800294	1.08857	1.32471	1.48997	1.56286	1.56312	1.49258	1.35127	1.18269	0.999901	0.802469	0.625473	0.494093	0.410926	0.384204	0.398533	0.442596	0.4855	0.502594	0.500128	0.459968	0.386516	0.289319	0.167722	0.0438124	-0.0837998	-0.208149	-0.311801	-0.401686	-0.47639	-0.540286	-0.589079	-0.627178	-0.66164	-0.679648	-0.692194	-0.701705	-0.701705	
-0.320273	-0.362325	-0.418952	-0.476744	-0.511143	-0.511441	-0.470537	-0.383581	-0.237382	-0.033742	0.226235	0.521614	0.82832	1.11526	1.34707	1.50566	1.56312	1.53638	1.44347	1.29074	1.1091	0.914665	0.724751	0.561417	0.442347	0.380721	0.372781	0.401448	0.449085	0.497895	0.526487	0.528166	0.499637	0.430783	0.329215	0.203243	0.0695644	-0.0611212	-0.185771	-0.292207	-0.388825	-0.471783	-0.539909	-0.598411	-0.641263	-0.675707	-0.698402	-0.710112	-0.719056	-0.719056	
-0.199684	-0.251364	-0.320043	-0.385042	-0.428143	-0.439523	-0.411487	-0.337298	-0.209245	-0.0201717	0.220193	0.497499	0.794547	1.0765	1.30392	1.44884	1.49258	1.44347	1.32917	1.16885	0.973514	0.772738	0.592802	0.444132	0.341739	0.300469	0.310639	0.352036	0.416261	0.483169	0.531049	0.546092	0.523403	0.459743	0.362675	0.247081	0.118	-0.0104311	-0.126415	-0.230659	-0.327292	-0.409735	-0.477844	-0.539041	-0.584877	-0.618332	-0.644555	-0.658391	-0.663838	-0.663838	
-0.0905125	-0.149379	-0.233112	-0.311727	-0.368703	-0.38575	-0.371382	-0.31657	-0.215006	-0.0529569	0.16566	0.435871	0.720872	0.981715	1.19808	1.32469	1.35127	1.29074	1.16885	1.00567	0.801815	0.596473	0.420015	0.28939	0.208711	0.182255	0.216192	0.283058	0.363986	0.443182	0.510345	0.539193	0.521306	0.470005	0.382204	0.282526	0.174355	0.0604957	-0.0398527	-0.137464	-0.225431	-0.293871	-0.35266	-0.406376	-0.451047	-0.481272	-0.507865	-0.529906	-0.53409	-0.53409	
-0.0109944	-0.0826079	-0.177628	-0.266563	-0.333425	-0.364007	-0.363626	-0.328291	-0.250867	-0.114855	0.0812994	0.332739	0.605499	0.856714	1.05615	1.16773	1.18269	1.1091	0.973514	0.801815	0.597978	0.401436	0.242602	0.125232	0.0566732	0.0469024	0.0963106	0.183922	0.290065	0.393704	0.474587	0.511816	0.505278	0.466557	0.401392	0.324254	0.23662	0.145545	0.0637716	-0.0146179	-0.0875557	-0.14492	-0.190515	-0.229632	-0.257895	-0.27823	-0.299176	-0.315919	-0.322035	-0.322035	
0.0125764	-0.0726511	-0.171084	-0.264599	-0.332284	-0.374463	-0.386828	-0.37631	-0.322965	-0.208586	-0.0298562	0.203196	0.465341	0.710708	0.894232	0.996559	0.999901	0.914665	0.772738	0.596473	0.401436	0.218211	0.0743018	-0.030119	-0.0890617	-0.0838699	-0.0210575	0.0828489	0.208417	0.332322	0.423456	0.472274	0.491076	0.472237	0.429174	0.372063	0.304265	0.238303	0.17711	0.123938	0.0743836	0.0349861	0.00535112	-0.0174496	-0.0285652	-0.0399492	-0.0484801	-0.0508145	-0.0559864	-0.0559864	
-0.0247341	-0.111727	-0.206975	-0.298725	-0.366836	-0.416943	-0.44672	-0.451726	-0.416162	-0.321359	-0.152321	0.0776257	0.326466	0.548769	0.714835	0.805918	0.802469	0.724751	0.592802	0.420015	0.242602	0.0743018	-0.0721981	-0.171115	-0.211344	-0.185975	-0.0986088	0.0259751	0.155864	0.28172	0.380469	0.447769	0.486367	0.484496	0.46325	0.420171	0.373788	0.334703	0.290882	0.26192	0.244844	0.23488	0.225616	0.219645	0.216118	0.206712	0.209128	0.214854	0.212347	0.212347	
-0.0926398	-0.182171	-0.268628	-0.354393	-0.431263	-0.497205	-0.536651	-0.541159	-0.503376	-0.409034	-0.249873	-0.0430449	0.183738	0.3894	0.543007	0.625827	0.625473	0.561417	0.444132	0.28939	0.125232	-0.030119	-0.171115	-0.261609	-0.283086	-0.23648	-0.132248	-0.00126075	0.144462	0.281538	0.382934	0.455884	0.498306	0.507021	0.501811	0.480295	0.455373	0.433543	0.410311	0.402799	0.40716	0.413286	0.415902	0.42601	0.436062	0.434926	0.446395	0.459577	0.458734	0.458734	
-0.186908	-0.269789	-0.346888	-0.426144	-0.504039	-0.57405	-0.611267	-0.611766	-0.567163	-0.47031	-0.322528	-0.135793	0.0744719	0.26543	0.405542	0.48397	0.494093	0.442347	0.341739	0.208711	0.0566732	-0.0890617	-0.211344	-0.283086	-0.288698	-0.223375	-0.112111	0.0221715	0.174435	0.316348	0.424274	0.496473	0.54391	0.561645	0.560175	0.550315	0.535497	0.528797	0.524069	0.525637	0.538505	0.548932	0.560313	0.584449	0.60809	0.621644	0.636999	0.647742	0.645537	0.645537	
-0.290232	-0.359341	-0.429415	-0.495392	-0.564606	-0.622654	-0.645817	-0.634761	-0.587049	-0.493817	-0.360283	-0.183341	0.0107262	0.183654	0.316909	0.389274	0.410926	0.380721	0.300469	0.182255	0.0469024	-0.0838699	-0.185975	-0.23648	-0.223375	-0.149689	-0.0384143	0.100712	0.245034	0.381829	0.493212	0.567	0.617133	0.634401	0.628167	0.61733	0.605207	0.605445	0.612906	0.616102	0.629526	0.647833	0.664027	0.690208	0.716991	0.736323	0.751224	0.758074	0.757591	0.757591	
-0.369552	-0.427694	-0.482666	-0.533524	-0.592126	-0.633472	-0.638972	-0.608694	-0.548038	-0.455851	-0.332767	-0.173499	-0.00881098	0.142582	0.269467	0.344296	0.384204	0.372781	0.310639	0.216192	0.0963106	-0.0210575	-0.0986088	-0.132248	-0.112111	-0.0384143	0.0728795	0.217732	0.359959	0.484744	0.588787	0.65588	0.688736	0.697503	0.688414	0.676837	0.666273	0.657206	0.659753	0.666421	0.678458	0.697828	0.718762	0.73704	0.755402	0.77203	0.781874	0.794035	0.801375	0.801375	
-0.400543	-0.440242	-0.484656	-0.526477	-0.560998	-0.578041	-0.564319	-0.52078	-0.44911	-0.35605	-0.242133	-0.110192	0.0262208	0.15816	0.263982	0.342624	0.398533	0.401448	0.352036	0.283058	0.183922	0.0828489	0.0259751	-0.00126075	0.0221715	0.100712	0.217732	0.358654	0.49278	0.605574	0.689659	0.738412	0.749695	0.746281	0.73544	0.717174	0.69874	0.682604	0.673752	0.671359	0.678306	0.693487	0.714247	0.725698	0.733697	0.746525	0.753577	0.765595	0.774599	0.774599	
-0.388875	-0.413524	-0.448428	-0.475999	-0.479508	-0.463383	-0.421907	-0.369422	-0.300078	-0.215982	-0.11837	-0.0104424	0.103247	0.210738	0.30602	0.389684	0.442596	0.449085	0.416261	0.363986	0.290065	0.208417	0.155864	0.144462	0.174435	0.245034	0.359959	0.49278	0.606774	0.703372	0.77253	0.803881	0.80421	0.785499	0.760368	0.729815	0.696322	0.671009	0.65465	0.64237	0.641265	0.646603	0.653032	0.659997	0.666368	0.678323	0.686914	0.688511	0.691271	0.691271	
-0.339822	-0.356937	-0.371279	-0.373018	-0.348887	-0.302725	-0.244378	-0.185646	-0.119622	-0.0488511	0.0283972	0.108639	0.193925	0.275721	0.36176	0.439041	0.4855	0.497895	0.483169	0.443182	0.393704	0.332322	0.28172	0.281538	0.316348	0.381829	0.484744	0.605574	0.703372	0.777775	0.826259	0.838924	0.825455	0.791792	0.753236	0.708042	0.66292	0.62785	0.60314	0.590552	0.581696	0.569687	0.56193	0.56741	0.572269	0.578893	0.584813	0.578061	0.578104	0.578104	
-0.257649	-0.272012	-0.264668	-0.237563	-0.184503	-0.111124	-0.0482418	0.00861707	0.0679339	0.124778	0.179977	0.231709	0.288008	0.346774	0.406623	0.462323	0.502594	0.526487	0.531049	0.510345	0.474587	0.423456	0.380469	0.382934	0.424274	0.493212	0.588787	0.689659	0.77253	0.826259	0.848686	0.844764	0.814534	0.772695	0.717272	0.652913	0.603698	0.562293	0.53218	0.511754	0.490686	0.476092	0.468868	0.46788	0.464419	0.460471	0.460491	0.45854	0.460134	0.460134	
-0.171536	-0.172547	-0.141811	-0.0900363	-0.0129908	0.072922	0.139434	0.197045	0.242638	0.281066	0.312397	0.340198	0.367617	0.397984	0.424411	0.461867	0.500128	0.528166	0.546092	0.539193	0.511816	0.472274	0.447769	0.455884	0.496473	0.567	0.65588	0.738412	0.803881	0.838924	0.844764	0.827191	0.78039	0.722442	0.654184	0.586127	0.534815	0.49052	0.447668	0.412943	0.38974	0.376342	0.372134	0.362324	0.350815	0.346846	0.342453	0.343228	0.347192	0.347192	
-0.0886637	-0.0771966	-0.0251809	0.0530376	0.143795	0.231595	0.303575	0.355764	0.38202	0.399473	0.411192	0.40988	0.404385	0.40986	0.412221	0.42534	0.459968	0.499637	0.523403	0.521306	0.505278	0.491076	0.486367	0.498306	0.54391	0.617133	0.688736	0.749695	0.80421	0.825455	0.814534	0.78039	0.722102	0.649226	0.575384	0.515122	0.458812	0.408608	0.359377	0.322732	0.303705	0.282539	0.27041	0.256468	0.246951	0.249013	0.241866	0.238734	0.242185	0.242185	
-0.0138683	-0.00354073	0.0624377	0.168677	0.274411	0.366172	0.431128	0.470351	0.485591	0.479166	0.467324	0.446467	0.412122	0.383925	0.364903	0.359177	0.386516	0.430783	0.459743	0.470005	0.466557	0.472237	0.484496	0.507021	0.561645	0.634401	0.697503	0.746281	0.785499	0.791792	0.772695	0.722442	0.649226	0.579325	0.503886	0.436494	0.370789	0.311613	0.273899	0.2455	0.22066	0.199904	0.185459	0.17154	0.165716	0.164855	0.156385	0.150772	0.149388	0.149388	
0.0435197	0.0629926	0.138094	0.255532	0.370701	0.46152	0.513437	0.540103	0.545441	0.524044	0.489512	0.444443	0.37989	0.318828	0.280359	0.269301	0.289319	0.329215	0.362675	0.382204	0.401392	0.429174	0.46325	0.501811	0.560175	0.628167	0.688414	0.73544	0.760368	0.753236	0.717272	0.654184	0.575384	0.503886	0.429999	0.354888	0.289174	0.238031	0.205908	0.174428	0.145902	0.129147	0.114341	0.104354	0.096653	0.0904711	0.0886321	0.0843386	0.0819951	0.0819951	
0.0800521	0.107101	0.193463	0.313244	0.430101	0.518116	0.562341	0.572637	0.559859	0.530159	0.47905	0.403832	0.318139	0.238652	0.186018	0.162936	0.167722	0.203243	0.247081	0.282526	0.324254	0.372063	0.420171	0.480295	0.550315	0.61733	0.676837	0.717174	0.729815	0.708042	0.652913	0.586127	0.515122	0.436494	0.354888	0.282332	0.226613	0.180854	0.141315	0.109757	0.0882222	0.0721734	0.0582651	0.0523564	0.045107	0.0353815	0.0349861	0.035298	0.0315964	0.0315964	
0.112404	0.136443	0.224353	0.347133	0.46422	0.541483	0.578081	0.577264	0.552238	0.512167	0.438967	0.340095	0.241934	0.149647	0.081526	0.0487453	0.0438124	0.0695644	0.118	0.174355	0.23662	0.304265	0.373788	0.455373	0.535497	0.605207	0.666273	0.69874	0.696322	0.66292	0.603698	0.534815	0.458812	0.370789	0.289174	0.226613	0.175393	0.126055	0.0870382	0.0643052	0.0437201	0.026448	0.0172224	0.0127896	0.00706138	-0.00244874	-0.00354872	-0.000667525	-0.00464902	-0.00464902	
0.142025	0.170553	0.2493	0.365793	0.478212	0.545316	0.574823	0.565596	0.525456	0.466017	0.380002	0.268062	0.154115	0.0539103	-0.0243381	-0.0701628	-0.0837998	-0.0611212	-0.0104311	0.0604957	0.145545	0.238303	0.334703	0.433543	0.528797	0.605445	0.657206	0.682604	0.671009	0.62785	0.562293	0.49052	0.408608	0.311613	0.238031	0.180854	0.126055	0.0816805	0.0507414	0.0305393	0.00937812	-0.0023956	-0.00947864	-0.017238	-0.0224047	-0.0272033	-0.0275684	-0.0292169	-0.0302601	-0.0302601	
0.164408	0.202367	0.279931	0.377526	0.47852	0.54316	0.55787	0.535069	0.484559	0.407845	0.312689	0.199992	0.0809261	-0.0305857	-0.123125	-0.186682	-0.208149	-0.185771	-0.126415	-0.0398527	0.0637716	0.17711	0.290882	0.410311	0.524069	0.612906	0.659753	0.673752	0.65465	0.60314	0.53218	0.447668	0.359377	0.273899	0.205908	0.141315	0.0870382	0.0507414	0.0206561	0.00136299	-0.0154504	-0.0219137	-0.0279203	-0.0400853	-0.041088	-0.0389697	-0.0436096	-0.0499978	-0.0483969	-0.0483969	
0.196046	0.240878	0.318333	0.39616	0.470687	0.523383	0.533829	0.500082	0.437703	0.352804	0.248095	0.135534	0.0160462	-0.109793	-0.218073	-0.286031	-0.311801	-0.292207	-0.230659	-0.137464	-0.0146179	0.123938	0.26192	0.402799	0.525637	0.616102	0.666421	0.671359	0.64237	0.590552	0.511754	0.412943	0.322732	0.2455	0.174428	0.109757	0.0643052	0.0305393	0.00136299	-0.0161988	-0.0311599	-0.0393849	-0.047695	-0.0572699	-0.0557957	-0.0520443	-0.0548954	-0.0582465	-0.0531293	-0.0531293	
0.237908	0.290671	0.359948	0.424738	0.473141	0.504362	0.509148	0.468255	0.388841	0.2953	0.192705	0.078542	-0.0472002	-0.180985	-0.294919	-0.367634	-0.401686	-0.388825	-0.327292	-0.225431	-0.0875557	0.0743836	0.244844	0.40716	0.538505	0.629526	0.678458	0.678306	0.641265	0.581696	0.490686	0.38974	0.303705	0.22066	0.145902	0.0882222	0.0437201	0.00937812	-0.0154504	-0.0311599	-0.0426382	-0.0499929	-0.0540359	-0.0559076	-0.0579969	-0.06314	-0.0660111	-0.064877	-0.0633602	-0.0633602	
0.296209	0.354205	0.408734	0.452565	0.482083	0.491528	0.475177	0.4259	0.34482	0.248597	0.146394	0.032133	-0.100566	-0.238163	-0.356248	-0.43837	-0.47639	-0.471783	-0.409735	-0.293871	-0.14492	0.0349861	0.23488	0.413286	0.548932	0.647833	0.697828	0.693487	0.646603	0.569687	0.476092	0.376342	0.282539	0.199904	0.129147	0.0721734	0.026448	-0.0023956	-0.0219137	-0.0393849	-0.0499929	-0.0595545	-0.0612821	-0.0578534	-0.0626035	-0.0702632	-0.0697458	-0.0655256	-0.0703184	-0.0703184	
0.364906	0.425456	0.467348	0.488588	0.490242	0.476402	0.443883	0.387544	0.310301	0.214942	0.111205	-0.00278963	-0.14079	-0.281555	-0.402146	-0.492908	-0.540286	-0.539909	-0.477844	-0.35266	-0.190515	0.00535112	0.225616	0.415902	0.560313	0.664027	0.718762	0.714247	0.653032	0.56193	0.468868	0.372134	0.27041	0.185459	0.114341	0.0582651	0.0172224	-0.00947864	-0.0279203	-0.047695	-0.0540359	-0.0612821	-0.0691663	-0.067592	-0.0711473	-0.0731591	-0.0661155	-0.0632214	-0.0728415	-0.0728415	
0.436178	0.498003	0.529481	0.533963	0.508327	0.466398	0.411107	0.350053	0.282372	0.193813	0.0855671	-0.0397848	-0.180034	-0.316303	-0.433347	-0.53007	-0.589079	-0.598411	-0.539041	-0.406376	-0.229632	-0.0174496	0.219645	0.42601	0.584449	0.690208	0.73704	0.725698	0.659997	0.56741	0.46788	0.362324	0.256468	0.17154	0.104354	0.0523564	0.0127896	-0.017238	-0.0400853	-0.0572699	-0.0559076	-0.0578534	-0.067592	-0.0708236	-0.070887	-0.0695122	-0.069364	-0.0697085	-0.0753912	-0.0753912	
0.51894	0.573765	0.58807	0.570874	0.521684	0.454442	0.384494	0.319752	0.257919	0.174579	0.0596863	-0.0710933	-0.208145	-0.339484	-0.458386	-0.561213	-0.627178	-0.641263	-0.584877	-0.451047	-0.257895	-0.0285652	0.216118	0.436062	0.60809	0.716991	0.755402	0.733697	0.666368	0.572269	0.464419	0.350815	0.246951	0.165716	0.096653	0.045107	0.00706138	-0.0224047	-0.041088	-0.0557957	-0.0579969	-0.0626035	-0.0711473	-0.070887	-0.0671914	-0.0679605	-0.0777488	-0.0778595	-0.06759	-0.06759	
0.599755	0.650437	0.642473	0.599053	0.527692	0.444971	0.370022	0.305318	0.241136	0.156849	0.0441269	-0.0847895	-0.218023	-0.349798	-0.47686	-0.588633	-0.66164	-0.675707	-0.618332	-0.481272	-0.27823	-0.0399492	0.206712	0.434926	0.621644	0.736323	0.77203	0.746525	0.678323	0.578893	0.460471	0.346846	0.249013	0.164855	0.0904711	0.0353815	-0.00244874	-0.0272033	-0.0389697	-0.0520443	-0.06314	-0.0702632	-0.0731591	-0.0695122	-0.0679605	-0.0716987	-0.0769161	-0.0745317	-0.0672098	-0.0672098	
0.659084	0.712762	0.692775	0.624389	0.533262	0.438766	0.355494	0.291053	0.226745	0.143366	0.0335935	-0.0977026	-0.230779	-0.361573	-0.491077	-0.604613	-0.679648	-0.698402	-0.644555	-0.507865	-0.299176	-0.0484801	0.209128	0.446395	0.636999	0.751224	0.781874	0.753577	0.686914	0.584813	0.460491	0.342453	0.241866	0.156385	0.0886321	0.0349861	-0.00354872	-0.0275684	-0.0436096	-0.0548954	-0.0660111	-0.0697458	-0.0661155	-0.069364	-0.0777488	-0.0769161	-0.0659549	-0.0657548	-0.0790442	-0.0790442	
0.702179	0.754446	0.730465	0.642717	0.532917	0.4315	0.352405	0.285922	0.213899	0.126217	0.0190047	-0.104399	-0.236123	-0.370005	-0.502098	-0.615062	-0.692194	-0.710112	-0.658391	-0.529906	-0.315919	-0.0508145	0.214854	0.459577	0.647742	0.758074	0.794035	0.765595	0.688511	0.578061	0.45854	0.343228	0.238734	0.150772	0.0843386	0.035298	-0.000667525	-0.0292169	-0.0499978	-0.0582465	-0.064877	-0.0655256	-0.0632214	-0.0697085	-0.0778595	-0.0745317	-0.0657548	-0.070969	-0.0800373	-0.0800373	
0.734574	0.78422	0.746747	0.645411	0.528405	0.429641	0.353969	0.287132	0.208941	0.12029	0.0186739	-0.102236	-0.232762	-0.370733	-0.507743	-0.62252	-0.701705	-0.719056	-0.663838	-0.53409	-0.322035	-0.0559864	0.212347	0.458734	0.645537	0.757591	0.801375	0.774599	0.691271	0.578104	0.460134	0.347192	0.242185	0.149388	0.0819951	0.0315964	-0.00464902	-0.0302601	-0.0483969	-0.0531293	-0.0633602	-0.0703184	-0.0728415	-0.0753912	-0.06759	-0.0672098	-0.0790442	-0.0800373	-0.0636622	-0.0636622	
0.734574	0.78422	0.746747	0.645411	0.528405	0.429641	0.353969	0.287132	0.208941	0.12029	0.0186739	-0.102236	-0.232762	-0.370733	-0.507743	-0.62252	-0.701705	-0.719056	-0.663838	-0.53409	-0.322035	-0.0559864	0.212347	0.458734	0.645537	0.757591	0.801375	0.774599	0.691271	0.578104	0.460134	0.347192	0.242185	0.149388	0.0819951	0.0315964	-0.00464902	-0.0302601	-0.0483969	-0.0531293	-0.0633602	-0.0703184	-0.0728415	-0.0753912	-0.06759	-0.0672098	-0.0790442	-0.0800373	-0.0636622	-0.0636622	
