-0.441421	-0.441421	-0.440505	-0.444717	-0.452302	-0.46062	-0.461829	-0.461054	-0.463296	-0.472828	-0.470095	-0.454383	-0.431055	-0.411069	-0.392551	-0.383998	-0.391389	-0.410034	-0.425361	-0.436073	-0.45724	-0.485511	-0.504731	-0.506111	-0.491805	-0.462914	-0.424261	-0.393093	-0.376521	-0.370055	-0.373778	-0.386013	-0.402687	-0.412584	-0.417685	-0.397965	-0.34087	-0.250646	-0.133432	0.00395645	0.154525	0.296915	0.425093	0.528476	0.601437	0.637918	0.636572	0.615209	0.57127	0.522259	
-0.4853	-0.4853	-0.488837	-0.490348	-0.484605	-0.475373	-0.451635	-0.427554	-0.410306	-0.408517	-0.408291	-0.420379	-0.4399	-0.46684	-0.491094	-0.511289	-0.538264	-0.57743	-0.616679	-0.643049	-0.666677	-0.685424	-0.698221	-0.703624	-0.690822	-0.655012	-0.606193	-0.562385	-0.526855	-0.499933	-0.492497	-0.495992	-0.499407	-0.496613	-0.497242	-0.476539	-0.420787	-0.338232	-0.235514	-0.116282	0.0200056	0.158646	0.292793	0.405965	0.482244	0.528519	0.546318	0.547964	0.522205	0.48776	
-0.492619	-0.492619	-0.491552	-0.482348	-0.461019	-0.430939	-0.380423	-0.330424	-0.291602	-0.269931	-0.264653	-0.297031	-0.356479	-0.426028	-0.489936	-0.541695	-0.594474	-0.657912	-0.717627	-0.761431	-0.796108	-0.817504	-0.829775	-0.838315	-0.830875	-0.793126	-0.738573	-0.685748	-0.646789	-0.61507	-0.597606	-0.585949	-0.573809	-0.557582	-0.549727	-0.52856	-0.478638	-0.400592	-0.314762	-0.218784	-0.096965	0.0455762	0.185385	0.308112	0.393506	0.45308	0.485475	0.503229	0.496145	0.474277	
-0.466885	-0.466885	-0.450714	-0.420213	-0.379436	-0.328154	-0.256527	-0.188185	-0.134388	-0.0965501	-0.0790939	-0.116731	-0.197143	-0.298182	-0.393978	-0.480227	-0.564668	-0.65237	-0.726461	-0.782405	-0.833744	-0.867852	-0.887145	-0.900167	-0.899389	-0.870448	-0.819625	-0.77065	-0.732763	-0.704288	-0.680113	-0.657022	-0.628149	-0.601202	-0.586881	-0.566825	-0.524829	-0.463167	-0.393086	-0.305634	-0.186708	-0.0511556	0.0872311	0.214566	0.314409	0.389377	0.441187	0.469838	0.478213	0.464581	
-0.406703	-0.406703	-0.377704	-0.325138	-0.259544	-0.18369	-0.101013	-0.0255131	0.0317694	0.0808631	0.107261	0.0809791	-0.00341825	-0.115218	-0.233034	-0.344331	-0.458579	-0.569879	-0.660468	-0.728775	-0.792717	-0.843099	-0.87435	-0.893846	-0.901346	-0.890475	-0.861887	-0.825937	-0.792511	-0.763166	-0.733385	-0.699466	-0.662715	-0.635628	-0.622467	-0.60345	-0.570733	-0.524836	-0.471539	-0.391168	-0.279297	-0.150718	-0.0168758	0.115677	0.229527	0.319573	0.38452	0.422512	0.439221	0.42994	
-0.31793	-0.31793	-0.282104	-0.217279	-0.131242	-0.0359508	0.0530285	0.127376	0.186497	0.237246	0.26697	0.251342	0.17994	0.0778027	-0.0393136	-0.160743	-0.292054	-0.420744	-0.529165	-0.610175	-0.683547	-0.747464	-0.793546	-0.822637	-0.845097	-0.862512	-0.865472	-0.8477	-0.818826	-0.78896	-0.754283	-0.718614	-0.687002	-0.665305	-0.6471	-0.62559	-0.605374	-0.577189	-0.536867	-0.468488	-0.372834	-0.258284	-0.126957	0.00604421	0.128182	0.22814	0.300236	0.341246	0.360081	0.360662	
-0.206356	-0.206356	-0.16331	-0.0960137	-0.013858	0.0866552	0.176671	0.255094	0.310353	0.353534	0.373767	0.366412	0.316431	0.239512	0.139813	0.0205565	-0.109365	-0.238418	-0.353938	-0.445463	-0.524654	-0.596285	-0.660218	-0.707575	-0.749544	-0.785975	-0.814696	-0.821514	-0.804158	-0.774081	-0.7409	-0.718628	-0.703147	-0.686475	-0.666817	-0.646296	-0.633355	-0.617199	-0.589632	-0.536121	-0.454892	-0.351666	-0.229247	-0.107989	0.00820393	0.108217	0.188658	0.231307	0.253286	0.261293	
-0.0845187	-0.0845187	-0.0362983	0.0201007	0.0834973	0.168636	0.257978	0.332943	0.381998	0.405632	0.417419	0.418167	0.392446	0.342941	0.265922	0.163295	0.0513851	-0.0557989	-0.161442	-0.25353	-0.336433	-0.41906	-0.496873	-0.56305	-0.619332	-0.674372	-0.721005	-0.747257	-0.74284	-0.723679	-0.702611	-0.692662	-0.692154	-0.691496	-0.683556	-0.66902	-0.656	-0.643449	-0.619571	-0.578266	-0.512886	-0.423292	-0.316793	-0.213995	-0.114548	-0.0206561	0.0569654	0.105033	0.1286	0.148542	
0.0404314	0.0404314	0.0761101	0.112937	0.157262	0.221444	0.290772	0.348344	0.38435	0.393684	0.400929	0.40967	0.40193	0.375118	0.327254	0.25515	0.176425	0.100554	0.0171672	-0.0654583	-0.149148	-0.236503	-0.321563	-0.396697	-0.470442	-0.538391	-0.598737	-0.638215	-0.653294	-0.649045	-0.640829	-0.644129	-0.660494	-0.675563	-0.678261	-0.669213	-0.658988	-0.649029	-0.629932	-0.591721	-0.530101	-0.447609	-0.363478	-0.291064	-0.21909	-0.144938	-0.075964	-0.0263844	0.00300564	0.0370743	
0.171829	0.171829	0.182743	0.195902	0.222351	0.258901	0.289392	0.315656	0.334817	0.33488	0.335154	0.341578	0.342255	0.335735	0.323095	0.290075	0.248448	0.20075	0.143548	0.0789679	0.00558402	-0.0787822	-0.159097	-0.235539	-0.315092	-0.389636	-0.453682	-0.507415	-0.545598	-0.565045	-0.57378	-0.584775	-0.606079	-0.627268	-0.641378	-0.638885	-0.630467	-0.627632	-0.613854	-0.573332	-0.50654	-0.4298	-0.368583	-0.320518	-0.282823	-0.24053	-0.193948	-0.150119	-0.112071	-0.0635101	
0.294717	0.294717	0.289406	0.278237	0.276503	0.27415	0.267337	0.257997	0.256515	0.242048	0.232358	0.228091	0.232641	0.244625	0.263486	0.269003	0.259668	0.238501	0.206225	0.166991	0.108548	0.0337893	-0.0341104	-0.0953578	-0.163013	-0.233792	-0.301093	-0.367172	-0.424126	-0.464189	-0.489331	-0.506313	-0.523251	-0.541603	-0.556793	-0.558885	-0.555553	-0.561553	-0.555479	-0.51605	-0.451185	-0.388041	-0.349285	-0.323721	-0.308658	-0.294318	-0.271137	-0.235543	-0.195829	-0.136385	
0.397751	0.397751	0.384472	0.35127	0.310992	0.27002	0.228828	0.186313	0.153451	0.124375	0.103097	0.0908847	0.0938021	0.11692	0.154479	0.18958	0.210116	0.214932	0.208532	0.19207	0.155142	0.104163	0.0621185	0.0217864	-0.0308635	-0.0879903	-0.150694	-0.223489	-0.294937	-0.34285	-0.374986	-0.401835	-0.423687	-0.436678	-0.440016	-0.435149	-0.431554	-0.440783	-0.444619	-0.417181	-0.371866	-0.332174	-0.315838	-0.309498	-0.314684	-0.320533	-0.315384	-0.29525	-0.257666	-0.19345	
0.467216	0.467216	0.441	0.39004	0.322584	0.249354	0.170437	0.0942774	0.0346192	-0.00442617	-0.0332951	-0.0523457	-0.0519609	-0.0273332	0.0192051	0.0705604	0.111912	0.137716	0.157302	0.168183	0.161399	0.146332	0.132291	0.110296	0.0719614	0.0303708	-0.021296	-0.0923969	-0.158538	-0.202698	-0.240749	-0.282967	-0.307146	-0.304921	-0.296722	-0.2853	-0.27611	-0.279981	-0.293849	-0.289895	-0.270662	-0.26497	-0.278094	-0.294046	-0.314684	-0.336553	-0.350533	-0.348714	-0.322349	-0.264179	
0.507209	0.507209	0.465801	0.40424	0.324801	0.22248	0.106513	0.00378594	-0.0708192	-0.120111	-0.159934	-0.185012	-0.187571	-0.164791	-0.123401	-0.0715447	-0.026371	0.0182192	0.065164	0.10739	0.131919	0.151188	0.165347	0.161685	0.139231	0.113527	0.0776909	0.0190238	-0.0362554	-0.0716069	-0.106528	-0.15054	-0.170856	-0.160514	-0.140702	-0.124626	-0.111364	-0.114179	-0.136559	-0.154799	-0.166906	-0.195086	-0.238107	-0.285757	-0.326389	-0.364281	-0.393494	-0.410544	-0.398811	-0.346377	
0.523413	0.523413	0.478822	0.413079	0.321417	0.198959	0.0646463	-0.049249	-0.137239	-0.201995	-0.254796	-0.285136	-0.292127	-0.279884	-0.254667	-0.215624	-0.169702	-0.109869	-0.0402531	0.0231216	0.069872	0.116401	0.157903	0.178765	0.174155	0.166558	0.14866	0.106999	0.0647235	0.0409576	0.0186038	-0.0148696	-0.0254825	-0.00817702	0.015384	0.0335117	0.0475148	0.0432628	0.00896923	-0.030351	-0.0694969	-0.131034	-0.203402	-0.277581	-0.337575	-0.390965	-0.434432	-0.4692	-0.475349	-0.432303	
0.525162	0.525162	0.489931	0.422782	0.318159	0.196026	0.0679608	-0.0473057	-0.151992	-0.230717	-0.294148	-0.332749	-0.352915	-0.358594	-0.350553	-0.321038	-0.272536	-0.207022	-0.129793	-0.0562941	0.0039341	0.0646739	0.12591	0.173237	0.192165	0.199224	0.198456	0.180927	0.159757	0.142408	0.126401	0.109791	0.114011	0.137837	0.162731	0.183888	0.195583	0.185165	0.143044	0.0890889	0.0299428	-0.0528241	-0.146462	-0.238792	-0.316442	-0.388393	-0.452132	-0.503469	-0.523647	-0.493923	
0.53066	0.53066	0.506685	0.44135	0.341067	0.234739	0.12677	0.0102589	-0.102605	-0.195584	-0.270202	-0.326639	-0.365738	-0.390322	-0.395052	-0.372472	-0.329504	-0.269489	-0.198453	-0.123991	-0.0589179	0.00468115	0.072766	0.136503	0.179281	0.206599	0.228409	0.239232	0.237644	0.224422	0.215157	0.216787	0.234375	0.256257	0.281651	0.303033	0.31215	0.295369	0.257695	0.207824	0.140519	0.0462929	-0.0554691	-0.158838	-0.254774	-0.348817	-0.430048	-0.498191	-0.534672	-0.513849	
0.537256	0.537256	0.519951	0.46829	0.390612	0.310294	0.220215	0.113311	-0.00166106	-0.106978	-0.198012	-0.269315	-0.327156	-0.367398	-0.383882	-0.375787	-0.348109	-0.302869	-0.244967	-0.181683	-0.119713	-0.0622517	0.000407602	0.070699	0.133184	0.183435	0.22686	0.266577	0.287362	0.289627	0.294412	0.311053	0.330905	0.346163	0.365966	0.381777	0.385157	0.374131	0.354016	0.317229	0.248582	0.155307	0.0513079	-0.0550779	-0.161374	-0.270252	-0.368909	-0.453679	-0.505873	-0.502285	
0.52959	0.52959	0.517835	0.486523	0.440326	0.386778	0.317021	0.225841	0.115514	0.0020916	-0.0953545	-0.1758	-0.24762	-0.303017	-0.331109	-0.343538	-0.334703	-0.309274	-0.27195	-0.226295	-0.169133	-0.119098	-0.0662895	0.00227876	0.0779728	0.14156	0.203219	0.269552	0.324535	0.349745	0.365672	0.387541	0.404612	0.411312	0.416933	0.421842	0.41928	0.415495	0.417732	0.396393	0.333957	0.249694	0.153486	0.0563584	-0.0498155	-0.160936	-0.272054	-0.371786	-0.440258	-0.455139	
0.491001	0.491001	0.485668	0.470788	0.451239	0.421896	0.375794	0.301227	0.205569	0.101522	0.0103159	-0.0758606	-0.159854	-0.225427	-0.268097	-0.299189	-0.313346	-0.309117	-0.295571	-0.263957	-0.210951	-0.16212	-0.115703	-0.0555865	0.0195385	0.0997002	0.182351	0.270886	0.344089	0.391521	0.419356	0.439138	0.444177	0.433364	0.425137	0.410385	0.395697	0.395494	0.413674	0.410841	0.363786	0.299934	0.222666	0.140647	0.05126	-0.0497904	-0.154633	-0.259917	-0.342663	-0.37432	
0.392314	0.392314	0.393142	0.388643	0.382722	0.376051	0.353076	0.304162	0.237668	0.166441	0.0916098	0.00819061	-0.0771406	-0.147104	-0.200092	-0.247958	-0.282512	-0.301673	-0.30143	-0.279688	-0.234086	-0.191226	-0.147675	-0.0935744	-0.0187001	0.0666791	0.158757	0.256543	0.343615	0.400042	0.429729	0.446162	0.441301	0.416108	0.385984	0.349313	0.320671	0.320807	0.348709	0.358545	0.330536	0.288023	0.231602	0.175556	0.114218	0.043567	-0.0434354	-0.142761	-0.230401	-0.28179	
0.252843	0.252843	0.258503	0.259059	0.259488	0.267187	0.267255	0.248725	0.222014	0.190151	0.140188	0.0704546	-0.00415851	-0.0733578	-0.134014	-0.193859	-0.244875	-0.279295	-0.28981	-0.281134	-0.249067	-0.206963	-0.162847	-0.110549	-0.0404395	0.0406674	0.127289	0.22124	0.306164	0.359447	0.38599	0.394859	0.379677	0.343051	0.296027	0.245303	0.207372	0.202558	0.227267	0.247981	0.244703	0.225106	0.197555	0.17267	0.145494	0.106615	0.042548	-0.0428779	-0.131053	-0.196054	
0.113149	0.113149	0.120061	0.127274	0.135195	0.151207	0.168411	0.179524	0.188392	0.190916	0.166814	0.119947	0.0632548	0.00310725	-0.0615912	-0.125982	-0.187469	-0.232204	-0.259318	-0.26804	-0.248697	-0.207823	-0.161783	-0.110726	-0.0502848	0.0147936	0.0885979	0.169691	0.232367	0.268679	0.286824	0.290214	0.27001	0.225564	0.172968	0.115385	0.0720291	0.0558661	0.073949	0.106352	0.127954	0.139911	0.150164	0.157597	0.164639	0.154176	0.11545	0.0449382	-0.0367025	-0.106464	
-0.00395678	-0.00395678	0.00225448	0.0218117	0.0438088	0.0663813	0.0949411	0.13073	0.164657	0.189888	0.1886	0.167834	0.137574	0.0927413	0.03439	-0.0276376	-0.0891614	-0.146699	-0.189784	-0.214096	-0.209967	-0.183025	-0.143445	-0.094451	-0.046708	-0.00613071	0.0418175	0.0922763	0.129234	0.144042	0.147368	0.141916	0.123788	0.0848116	0.0313676	-0.0234389	-0.0695998	-0.0898956	-0.0731191	-0.0306917	0.0201223	0.064184	0.11137	0.156605	0.197483	0.216176	0.197607	0.144832	0.0681652	-0.01175	
-0.0768767	-0.0768767	-0.0706495	-0.0374695	0.000118502	0.0306495	0.0681658	0.120502	0.166649	0.204499	0.220875	0.225232	0.220658	0.196878	0.151687	0.101731	0.0453374	-0.0143106	-0.0657939	-0.106163	-0.128693	-0.12144	-0.0949348	-0.0663651	-0.0469967	-0.0324365	-0.0176972	-0.0101505	-0.0100284	-0.015585	-0.0262331	-0.04029	-0.0614108	-0.0956388	-0.136484	-0.176263	-0.2086	-0.217449	-0.194788	-0.138465	-0.0584228	0.0233853	0.110298	0.192149	0.261808	0.299388	0.295442	0.249622	0.174793	0.0864002	
-0.0966137	-0.0966137	-0.0892555	-0.0506285	-0.00116096	0.0379275	0.0857781	0.142639	0.196254	0.243246	0.275664	0.295773	0.311299	0.309318	0.282428	0.246198	0.200162	0.150231	0.0994876	0.0409634	-0.0113014	-0.0320536	-0.0370234	-0.0490077	-0.0670302	-0.0876157	-0.117128	-0.151441	-0.181911	-0.206854	-0.232484	-0.259024	-0.284353	-0.30564	-0.321609	-0.339763	-0.349709	-0.333871	-0.291051	-0.211471	-0.101248	0.0171176	0.139273	0.24805	0.334114	0.383646	0.385195	0.341137	0.264969	0.170668	
-0.0671965	-0.0671965	-0.0608711	-0.0259029	0.0251065	0.0734073	0.125389	0.182123	0.241556	0.300142	0.342682	0.372214	0.403472	0.42015	0.408877	0.383907	0.354054	0.318935	0.270125	0.197221	0.120998	0.0625988	0.00769854	-0.0555831	-0.115768	-0.180648	-0.252838	-0.325144	-0.383553	-0.425007	-0.458507	-0.492181	-0.518229	-0.521895	-0.515873	-0.506416	-0.481072	-0.432565	-0.361668	-0.257346	-0.119591	0.028306	0.171203	0.295738	0.389666	0.442206	0.439173	0.395783	0.320086	0.219127	
-0.00756695	-0.00756695	-0.00403495	0.0202238	0.0658417	0.116046	0.166672	0.219774	0.284571	0.349637	0.399706	0.439244	0.483502	0.512705	0.515211	0.503208	0.488663	0.463655	0.416617	0.336949	0.23997	0.140325	0.0361333	-0.0744958	-0.182758	-0.28966	-0.397673	-0.503878	-0.591068	-0.641088	-0.677658	-0.714968	-0.73698	-0.723449	-0.6935	-0.649404	-0.586991	-0.506162	-0.405531	-0.278088	-0.124526	0.0438805	0.197825	0.327888	0.418693	0.464837	0.454797	0.406458	0.32987	0.235465	
0.0551989	0.0551989	0.0556471	0.0682431	0.107312	0.1505	0.196003	0.241302	0.307499	0.370422	0.428383	0.477921	0.530269	0.570692	0.590279	0.591423	0.580665	0.558334	0.511558	0.427606	0.310446	0.174701	0.0336216	-0.112519	-0.258366	-0.399229	-0.538397	-0.666784	-0.769357	-0.830184	-0.874775	-0.905938	-0.914048	-0.888374	-0.829594	-0.747239	-0.655361	-0.5507	-0.426479	-0.283002	-0.121545	0.0545747	0.210028	0.337341	0.422151	0.457577	0.439319	0.389379	0.312413	0.228624	
0.104226	0.104226	0.101634	0.109781	0.139533	0.174753	0.206614	0.247086	0.304555	0.361602	0.419221	0.47517	0.532927	0.584217	0.618123	0.621817	0.610939	0.586261	0.531074	0.434208	0.304589	0.150462	-0.0166966	-0.189035	-0.350437	-0.509586	-0.664783	-0.804327	-0.908555	-0.983511	-1.03214	-1.04604	-1.03642	-0.99516	-0.913685	-0.801519	-0.681726	-0.558216	-0.419705	-0.273619	-0.112875	0.0561842	0.207197	0.332507	0.408434	0.436472	0.415139	0.360852	0.288261	0.21037	
0.14214	0.14214	0.14088	0.146624	0.167767	0.18887	0.20953	0.241573	0.286865	0.328958	0.378377	0.433331	0.490459	0.543493	0.577144	0.579277	0.566293	0.533178	0.46102	0.354539	0.224345	0.0649275	-0.11722	-0.293725	-0.456886	-0.618754	-0.777996	-0.906865	-1.00876	-1.08834	-1.12846	-1.12518	-1.1009	-1.04174	-0.935406	-0.799429	-0.664978	-0.530312	-0.388413	-0.241904	-0.0929699	0.0601426	0.207322	0.324133	0.394263	0.422116	0.402166	0.351254	0.282477	0.208635	
0.167374	0.167374	0.170434	0.174273	0.18272	0.190788	0.202545	0.225129	0.253702	0.278672	0.313563	0.356693	0.398355	0.436141	0.456066	0.451977	0.42784	0.380004	0.295963	0.192988	0.0705042	-0.0832324	-0.256704	-0.42007	-0.571661	-0.726144	-0.866658	-0.971384	-1.05764	-1.12819	-1.15489	-1.13339	-1.0877	-1.01253	-0.896794	-0.754591	-0.612394	-0.477792	-0.34083	-0.206996	-0.0780084	0.060169	0.202095	0.314474	0.390355	0.424932	0.414523	0.374506	0.313048	0.240518	
0.171079	0.171079	0.178008	0.17891	0.172094	0.171169	0.173608	0.186242	0.196021	0.206331	0.219482	0.23873	0.253085	0.263091	0.259093	0.23676	0.199502	0.142144	0.0608135	-0.0329382	-0.137029	-0.259665	-0.401458	-0.543594	-0.675297	-0.798787	-0.906049	-0.988919	-1.05036	-1.09434	-1.10283	-1.07169	-1.00766	-0.918034	-0.804194	-0.670196	-0.535772	-0.40913	-0.284359	-0.170617	-0.0628753	0.0569073	0.188165	0.301489	0.385143	0.433288	0.447079	0.424747	0.378463	0.309747	
0.139228	0.139228	0.147995	0.144564	0.127911	0.118329	0.113938	0.113718	0.107386	0.0992959	0.0881826	0.0781725	0.0609098	0.0363553	0.00144514	-0.0390814	-0.0855931	-0.144439	-0.216259	-0.290274	-0.363149	-0.439427	-0.535036	-0.639294	-0.738773	-0.820921	-0.890392	-0.939473	-0.970954	-0.988852	-0.980499	-0.941054	-0.867052	-0.776619	-0.670053	-0.555308	-0.444335	-0.329169	-0.224792	-0.136518	-0.0522316	0.0479237	0.164493	0.271299	0.366635	0.433117	0.473794	0.478944	0.457256	0.399721	
0.0827718	0.0827718	0.0889918	0.082865	0.0619466	0.045308	0.031785	0.016833	-0.0106207	-0.0420443	-0.0780837	-0.117361	-0.17011	-0.229988	-0.289721	-0.340221	-0.392518	-0.450904	-0.507229	-0.550316	-0.584637	-0.613523	-0.653621	-0.706902	-0.757334	-0.791253	-0.811593	-0.824118	-0.824109	-0.817812	-0.796288	-0.754748	-0.685599	-0.603699	-0.521407	-0.440325	-0.35497	-0.255423	-0.173922	-0.114746	-0.0533292	0.023864	0.120273	0.224024	0.323146	0.405103	0.469221	0.505018	0.512198	0.475762	
0.0186216	0.0186216	0.0181234	0.00985562	-0.00999969	-0.0342977	-0.0599083	-0.0941636	-0.145295	-0.202418	-0.260874	-0.328646	-0.411689	-0.493523	-0.564251	-0.618623	-0.671997	-0.719152	-0.752839	-0.765252	-0.767062	-0.751204	-0.733323	-0.729679	-0.727439	-0.707353	-0.676461	-0.649779	-0.620406	-0.58802	-0.558695	-0.525798	-0.473828	-0.411859	-0.363017	-0.322208	-0.264277	-0.192997	-0.138663	-0.0996112	-0.054861	-0.00282823	0.0686667	0.162502	0.257306	0.347829	0.433944	0.499668	0.537586	0.526681	
-0.0306553	-0.0306553	-0.0401463	-0.0522815	-0.0717528	-0.105726	-0.147121	-0.20272	-0.275812	-0.356714	-0.433817	-0.523683	-0.621252	-0.71242	-0.782799	-0.836542	-0.877038	-0.907874	-0.919155	-0.907281	-0.878245	-0.825808	-0.760493	-0.70127	-0.647715	-0.578029	-0.499501	-0.428908	-0.371021	-0.321756	-0.286524	-0.261531	-0.232548	-0.205107	-0.198817	-0.201753	-0.180325	-0.142398	-0.113843	-0.0951368	-0.0704229	-0.0356738	0.0192064	0.100226	0.19097	0.286684	0.384409	0.472787	0.538236	0.552336	
-0.0411302	-0.0411302	-0.0586952	-0.0797746	-0.105977	-0.152948	-0.21181	-0.288064	-0.378623	-0.475401	-0.564985	-0.661904	-0.761392	-0.850428	-0.914258	-0.955004	-0.977566	-0.992976	-0.985358	-0.948361	-0.888021	-0.812057	-0.715708	-0.612123	-0.510488	-0.399581	-0.285459	-0.182206	-0.101689	-0.0397198	-2.23157e-05	0.0189096	0.0267909	0.0118654	-0.0300807	-0.0713206	-0.0881621	-0.0920827	-0.0936754	-0.089738	-0.0837922	-0.0639521	-0.0192534	0.054442	0.14321	0.243612	0.349438	0.457904	0.53908	0.569464	
-0.0105835	-0.0105835	-0.0332036	-0.066042	-0.108006	-0.166535	-0.2419	-0.332521	-0.430987	-0.530264	-0.62165	-0.71295	-0.800283	-0.876919	-0.926051	-0.951221	-0.960812	-0.957995	-0.929731	-0.868621	-0.791696	-0.700272	-0.582023	-0.44496	-0.309968	-0.178152	-0.0420382	0.0774231	0.174855	0.243036	0.285401	0.297571	0.286534	0.238898	0.160771	0.0839927	0.0289832	-0.0163964	-0.0474344	-0.0663318	-0.0731435	-0.0640943	-0.0266499	0.0385253	0.132301	0.235232	0.353612	0.477923	0.568841	0.60688	
0.0598303	0.0598303	0.0373894	-0.00642272	-0.0661537	-0.133367	-0.218989	-0.313803	-0.409743	-0.49997	-0.587121	-0.660361	-0.726274	-0.783415	-0.818399	-0.829242	-0.825007	-0.803571	-0.757317	-0.683505	-0.593111	-0.488288	-0.358775	-0.207938	-0.0589954	0.0827326	0.223692	0.343729	0.436828	0.501856	0.544293	0.555866	0.526126	0.45656	0.357933	0.260102	0.175363	0.102761	0.0476528	0.00469489	-0.0159175	-0.0160546	0.0153269	0.0793002	0.172139	0.278426	0.405771	0.538074	0.634819	0.676613	
0.148781	0.148781	0.132606	0.0845917	0.0158602	-0.0543764	-0.136063	-0.223222	-0.305954	-0.38274	-0.458133	-0.506269	-0.548903	-0.585921	-0.608244	-0.60105	-0.584281	-0.548987	-0.491283	-0.408799	-0.306034	-0.197578	-0.070966	0.0754455	0.225225	0.365516	0.488622	0.592784	0.666941	0.725002	0.75393	0.761098	0.725785	0.647097	0.540855	0.436924	0.346502	0.261435	0.188204	0.141054	0.11045	0.103143	0.126715	0.185637	0.269533	0.378317	0.508859	0.637828	0.732095	0.767856	
0.223382	0.223382	0.217158	0.17791	0.115065	0.0540401	-0.00818911	-0.0736085	-0.133995	-0.194806	-0.248227	-0.275648	-0.293061	-0.313589	-0.314447	-0.295535	-0.265832	-0.220946	-0.149203	-0.0623254	0.0374613	0.138555	0.253535	0.3837	0.513041	0.630904	0.72709	0.797392	0.846383	0.887471	0.908411	0.90121	0.861671	0.7913	0.702546	0.60766	0.525046	0.450631	0.379811	0.331364	0.299442	0.292936	0.310978	0.35724	0.428817	0.526082	0.643515	0.758383	0.841011	0.865024	
0.263262	0.263262	0.267722	0.249091	0.208153	0.169181	0.138352	0.107825	0.0746907	0.0361864	0.0072449	6.5959e-06	0.00305222	0.00287055	0.019572	0.0493678	0.0930874	0.150274	0.228432	0.310766	0.40134	0.490205	0.584199	0.679699	0.773311	0.857434	0.920945	0.952549	0.971717	0.989809	1.00144	0.985813	0.949759	0.895237	0.832151	0.761903	0.703159	0.64959	0.594363	0.554257	0.534505	0.531957	0.543259	0.578466	0.63257	0.709685	0.801745	0.890533	0.947185	0.946186	
0.260036	0.260036	0.272911	0.280378	0.271488	0.263925	0.270498	0.281879	0.28013	0.271542	0.271534	0.286703	0.308026	0.330853	0.362805	0.407239	0.463621	0.530457	0.605137	0.682481	0.758698	0.828245	0.89131	0.946548	0.998422	1.04332	1.06925	1.06611	1.05845	1.06073	1.05828	1.03934	1.01413	0.986187	0.949499	0.908058	0.878593	0.847236	0.816199	0.793626	0.785426	0.788472	0.797007	0.821132	0.85752	0.91292	0.976212	1.02509	1.0472	1.01645	
0.220648	0.220648	0.238627	0.267289	0.294188	0.318716	0.364427	0.413155	0.450042	0.478127	0.516137	0.555834	0.599918	0.648966	0.700796	0.758433	0.822549	0.891642	0.961171	1.0279	1.08163	1.12283	1.15542	1.17459	1.18497	1.18985	1.18075	1.15294	1.12778	1.12224	1.11358	1.09336	1.07787	1.07481	1.06922	1.06034	1.05347	1.04092	1.02765	1.02063	1.0235	1.03626	1.04659	1.06312	1.08761	1.11965	1.15037	1.16404	1.14574	1.08894	
0.172525	0.172525	0.190223	0.231749	0.285569	0.34136	0.414859	0.49495	0.569486	0.642608	0.719853	0.789943	0.861988	0.940333	1.01199	1.07819	1.14606	1.21098	1.26658	1.30921	1.33734	1.35298	1.3562	1.34209	1.31849	1.29191	1.2584	1.22344	1.19388	1.17629	1.16128	1.14833	1.14651	1.15708	1.17548	1.19327	1.20055	1.20267	1.20673	1.21555	1.23394	1.25682	1.27161	1.28386	1.30585	1.32032	1.32308	1.30285	1.24127	1.15091	
0.135344	0.135344	0.148474	0.194284	0.261667	0.344834	0.431339	0.535542	0.64157	0.762776	0.876029	0.981501	1.08376	1.19064	1.28188	1.35481	1.42041	1.47253	1.50651	1.52015	1.5187	1.50846	1.48154	1.44245	1.39446	1.34523	1.2977	1.26388	1.23718	1.21128	1.19341	1.18826	1.1928	1.21506	1.2517	1.29009	1.30689	1.32103	1.34575	1.371	1.40376	1.43403	1.46129	1.47694	1.49486	1.49979	1.47916	1.42032	1.32528	1.20101	
0.115913	0.115913	0.125384	0.165877	0.2425	0.339012	0.43573	0.547867	0.683639	0.839609	0.985545	1.11943	1.24817	1.37813	1.484	1.5627	1.61688	1.65376	1.66474	1.65131	1.62127	1.5829	1.53299	1.47679	1.41956	1.3545	1.29758	1.26831	1.25184	1.22752	1.20582	1.20174	1.20959	1.23723	1.28589	1.33865	1.3692	1.38925	1.42115	1.46685	1.51838	1.56106	1.60004	1.62482	1.63535	1.63481	1.59453	1.50684	1.38423	1.23107	
0.11239	0.11239	0.119995	0.153938	0.235675	0.335378	0.438731	0.549259	0.705241	0.876321	1.04435	1.19025	1.33897	1.47867	1.59499	1.67265	1.72153	1.74947	1.74483	1.71124	1.66264	1.61321	1.54958	1.48252	1.41674	1.34457	1.28728	1.26545	1.25365	1.22064	1.19873	1.20078	1.21163	1.23646	1.29506	1.35414	1.38581	1.4157	1.4606	1.51949	1.57582	1.62987	1.674	1.70171	1.71484	1.71032	1.65804	1.55334	1.41126	1.24265	
0.11239	0.11239	0.119995	0.153938	0.235675	0.335378	0.438731	0.549259	0.705241	0.876321	1.04435	1.19025	1.33897	1.47867	1.59499	1.67265	1.72153	1.74947	1.74483	1.71124	1.66264	1.61321	1.54958	1.48252	1.41674	1.34457	1.28728	1.26545	1.25365	1.22064	1.19873	1.20078	1.21163	1.23646	1.29506	1.35414	1.38581	1.4157	1.4606	1.51949	1.57582	1.62987	1.674	1.70171	1.71484	1.71032	1.65804	1.55334	1.41126	1.24265	
