-0.075795	-0.0887064	-0.0843094	-0.0797859	-0.088665	-0.0970732	-0.0921573	-0.0928949	-0.109199	-0.118388	-0.116671	-0.113743	-0.121875	-0.149539	-0.172739	-0.173201	-0.165059	-0.163431	-0.188128	-0.259697	-0.365789	-0.478095	-0.578998	-0.643456	-0.64047	-0.56379	-0.42597	-0.231892	0.0119785	0.276314	0.522071	0.727407	0.886425	0.988031	1.01098	0.942407	0.795554	0.607342	0.4202	0.264543	0.15228	0.0805457	0.0393323	0.0178103	0.00750864	0.00295859	0.00109543	0.000390555	0.000162598	0.000162598	
-0.0887064	-0.086361	-0.075964	-0.0838225	-0.0959485	-0.0979861	-0.0942602	-0.100764	-0.115124	-0.119185	-0.116261	-0.117774	-0.135512	-0.164424	-0.176802	-0.169986	-0.164001	-0.173448	-0.219226	-0.310424	-0.422666	-0.529796	-0.615425	-0.651673	-0.614671	-0.508709	-0.346757	-0.131986	0.122817	0.382458	0.612029	0.797406	0.933932	1.00711	0.996487	0.896979	0.730917	0.538994	0.360685	0.219974	0.122863	0.0631532	0.0300122	0.0132429	0.00544679	0.00209596	0.000758452	0.000264197	0.000107374	0.000107374	
-0.0843094	-0.075964	-0.0817169	-0.0974142	-0.101505	-0.0963556	-0.093936	-0.10874	-0.12298	-0.119625	-0.116118	-0.126582	-0.152358	-0.175537	-0.176026	-0.166553	-0.16793	-0.194415	-0.263602	-0.369468	-0.480998	-0.577244	-0.640925	-0.643609	-0.57202	-0.438447	-0.253436	-0.0206331	0.239189	0.48795	0.697848	0.861342	0.972536	1.01382	0.968165	0.839939	0.6596	0.469192	0.303314	0.179004	0.0969118	0.0483626	0.0223466	0.00960013	0.00384897	0.0014453	0.000510761	0.000173704	6.88577e-05	6.88577e-05	
-0.0797859	-0.0838225	-0.0974142	-0.102455	-0.0956162	-0.0920714	-0.104281	-0.123795	-0.123504	-0.114828	-0.121977	-0.142842	-0.168564	-0.180175	-0.171669	-0.165994	-0.181139	-0.229767	-0.320608	-0.433272	-0.537026	-0.616283	-0.651094	-0.616581	-0.51174	-0.35263	-0.146144	0.100345	0.358044	0.590113	0.777654	0.91725	0.999752	1.00598	0.925251	0.772196	0.583493	0.399852	0.249432	0.142302	0.0746073	0.036115	0.0162115	0.00677517	0.00264581	0.000968776	0.000334115	0.000110866	4.28329e-05	4.28329e-05	
-0.088665	-0.0959485	-0.101505	-0.0956162	-0.0922965	-0.10371	-0.120531	-0.125347	-0.116742	-0.119247	-0.136941	-0.160007	-0.179337	-0.178403	-0.167169	-0.173289	-0.208336	-0.280743	-0.386986	-0.497232	-0.586481	-0.64209	-0.641732	-0.568904	-0.433669	-0.251192	-0.0258408	0.228047	0.475846	0.68637	0.849559	0.962829	1.0129	0.981783	0.867792	0.695448	0.50492	0.33294	0.20021	0.110315	0.0559612	0.0262553	0.0114407	0.00464795	0.00176672	0.000630362	0.000212033	6.86063e-05	2.58151e-05	2.58151e-05	
-0.0970732	-0.0979861	-0.0963556	-0.0920714	-0.10371	-0.118269	-0.12487	-0.121803	-0.118273	-0.131072	-0.153708	-0.175525	-0.183186	-0.171789	-0.168451	-0.194432	-0.252337	-0.345466	-0.457584	-0.556189	-0.624438	-0.649474	-0.609534	-0.500078	-0.338095	-0.134551	0.105346	0.358544	0.588922	0.774384	0.911538	0.995383	1.00934	0.940125	0.796832	0.612154	0.426481	0.27031	0.156549	0.0832398	0.0408257	0.0185512	0.00784168	0.00309491	0.00114432	0.000397622	0.00013037	4.11131e-05	1.50576e-05	1.50576e-05	
-0.0921573	-0.0942602	-0.093936	-0.104281	-0.120531	-0.12487	-0.124646	-0.118661	-0.124558	-0.149969	-0.173475	-0.184091	-0.177104	-0.167422	-0.184203	-0.233149	-0.31266	-0.419454	-0.525952	-0.604446	-0.645433	-0.633634	-0.552697	-0.410655	-0.22563	-0.00397231	0.243877	0.487179	0.693835	0.852044	0.961236	1.0119	0.986796	0.880949	0.714513	0.525391	0.350832	0.213538	0.119011	0.0610222	0.028917	0.0127183	0.00521205	0.00199723	0.000717935	0.000242819	7.7567e-05	2.38305e-05	8.49065e-06	8.49065e-06	
-0.0928949	-0.100764	-0.10874	-0.123795	-0.125347	-0.121803	-0.118661	-0.121474	-0.148029	-0.174445	-0.18266	-0.179556	-0.170117	-0.1774	-0.218949	-0.289384	-0.386481	-0.495751	-0.584512	-0.636145	-0.644068	-0.590976	-0.471134	-0.301906	-0.0973138	0.137934	0.384811	0.609107	0.787675	0.917282	0.995817	1.00929	0.943868	0.805544	0.624027	0.438603	0.280438	0.16379	0.0877876	0.0433802	0.0198508	0.00844626	0.00335405	0.00124728	0.000435692	0.000143371	4.46033e-05	1.33453e-05	4.62357e-06	4.62357e-06	
-0.109199	-0.115124	-0.12298	-0.123504	-0.116742	-0.118273	-0.124558	-0.148029	-0.175461	-0.181351	-0.178949	-0.174174	-0.17485	-0.207389	-0.273148	-0.361769	-0.467558	-0.564559	-0.625872	-0.646029	-0.615527	-0.519711	-0.366369	-0.175542	0.04498	0.286819	0.522216	0.71992	0.868106	0.967748	1.01198	0.984906	0.880524	0.716678	0.529391	0.355268	0.217331	0.121723	0.0627081	0.0298494	0.0131842	0.0054246	0.00208654	0.000752712	0.000255415	8.17454e-05	2.47594e-05	7.21265e-06	2.42902e-06	2.42902e-06	
-0.118388	-0.119185	-0.119625	-0.114828	-0.119247	-0.131072	-0.149969	-0.174445	-0.181351	-0.178156	-0.176896	-0.175334	-0.19873	-0.261254	-0.345723	-0.444572	-0.544832	-0.615891	-0.644545	-0.629238	-0.556022	-0.420432	-0.241174	-0.0336209	0.197935	0.436547	0.649958	0.816152	0.933086	1.00051	1.00626	0.937167	0.798514	0.618512	0.435062	0.278524	0.162918	0.087463	0.0432925	0.0198441	0.00845747	0.00336399	0.00125297	0.000438361	0.000144456	4.49546e-05	1.32532e-05	3.75827e-06	1.22999e-06	1.22999e-06	
-0.116671	-0.116261	-0.116118	-0.121977	-0.136941	-0.153708	-0.173475	-0.18266	-0.178949	-0.176896	-0.175998	-0.194088	-0.253222	-0.336635	-0.42888	-0.527093	-0.606161	-0.64259	-0.636254	-0.580835	-0.464087	-0.296389	-0.0988559	0.121178	0.356176	0.579726	0.762688	0.895378	0.980341	1.01199	0.975705	0.866325	0.701548	0.516239	0.345429	0.210833	0.117873	0.0606388	0.0288323	0.0127238	0.00523164	0.00201128	0.000725286	0.000246043	7.87271e-05	2.38185e-05	6.83382e-06	1.88626e-06	5.9982e-07	5.9982e-07	
-0.113743	-0.117774	-0.126582	-0.142842	-0.160007	-0.175525	-0.184091	-0.179556	-0.174174	-0.175334	-0.194088	-0.250282	-0.332592	-0.420379	-0.513775	-0.597223	-0.641067	-0.640143	-0.596397	-0.497135	-0.342126	-0.152601	0.0574284	0.284689	0.512056	0.708886	0.856623	0.95576	1.00684	0.99839	0.918851	0.774996	0.595091	0.41547	0.264277	0.153729	0.0821345	0.0404858	0.0184903	0.00785551	0.00311589	0.00115773	0.000404173	0.000132938	4.12989e-05	1.21464e-05	3.39133e-06	9.11111e-07	2.8149e-07	2.8149e-07	
-0.121875	-0.135512	-0.152358	-0.168564	-0.179337	-0.183186	-0.177104	-0.170117	-0.17485	-0.19873	-0.253222	-0.332592	-0.41778	-0.506708	-0.590661	-0.63998	-0.6428	-0.605545	-0.520181	-0.378391	-0.196339	0.00603507	0.224334	0.450089	0.65644	0.81803	0.92964	0.995158	1.00867	0.95667	0.836696	0.668305	0.485753	0.321496	0.194341	0.107733	0.0550084	0.0259826	0.0113992	0.00466269	0.00178427	0.000640772	0.000216571	6.90676e-05	2.08329e-05	5.95634e-06	1.61839e-06	4.23226e-07	1.27041e-07	1.27041e-07	
-0.149539	-0.164424	-0.175537	-0.180175	-0.178403	-0.171789	-0.167422	-0.1774	-0.207389	-0.261254	-0.336635	-0.420379	-0.506708	-0.588224	-0.639359	-0.644609	-0.610598	-0.534714	-0.405048	-0.230675	-0.0341658	0.17589	0.396505	0.607561	0.780717	0.903737	0.980368	1.01029	0.981737	0.88595	0.733369	0.553431	0.380352	0.238557	0.137043	0.0724118	0.0353438	0.0160014	0.00674541	0.00265703	0.00098112	0.000340608	0.000111469	3.44726e-05	1.00968e-05	2.80655e-06	7.42157e-07	1.88942e-07	5.51083e-08	5.51083e-08	
-0.172739	-0.176802	-0.176026	-0.171669	-0.167169	-0.168451	-0.184203	-0.218949	-0.273148	-0.345723	-0.42888	-0.513775	-0.590661	-0.639359	-0.645276	-0.612876	-0.542515	-0.422325	-0.255537	-0.0640718	0.139128	0.353049	0.564573	0.746071	0.879203	0.964835	1.00666	0.996748	0.923343	0.788795	0.616046	0.438567	0.284863	0.169327	0.0924735	0.0465939	0.0217496	0.00944219	0.00382607	0.00145185	0.000517467	0.00017371	5.50592e-05	1.65154e-05	4.69799e-06	1.26981e-06	3.26852e-07	8.10232e-08	2.29662e-08	2.29662e-08	
-0.173201	-0.169986	-0.166553	-0.165994	-0.173289	-0.194432	-0.233149	-0.289384	-0.361769	-0.444572	-0.527093	-0.597223	-0.63998	-0.644609	-0.612876	-0.544948	-0.430748	-0.270618	-0.0840519	0.113428	0.320503	0.529466	0.715721	0.857025	0.950087	1.00045	1.00454	0.950369	0.834129	0.671764	0.493971	0.331527	0.203541	0.11472	0.059598	0.0286544	0.0127999	0.00533163	0.00207777	0.000759888	0.000261534	8.49259e-05	2.60793e-05	7.5897e-06	2.09737e-06	5.51371e-07	1.38179e-07	3.33607e-08	9.19189e-09	9.19189e-09	
-0.165059	-0.164001	-0.16793	-0.181139	-0.208336	-0.252337	-0.31266	-0.386481	-0.467558	-0.544832	-0.606161	-0.641067	-0.6428	-0.610598	-0.542515	-0.430748	-0.275673	-0.0940945	0.098228	0.298978	0.503639	0.69131	0.838222	0.937128	0.993556	1.00767	0.968987	0.869775	0.71948	0.544716	0.37677	0.238417	0.138445	0.0740509	0.0366278	0.0168186	0.00719527	0.00287767	0.00107924	0.000380629	0.000126567	3.97741e-05	1.18382e-05	3.34381e-06	8.97979e-07	2.2967e-07	5.60543e-08	1.31847e-08	3.53229e-09	3.53229e-09	
-0.163431	-0.173448	-0.194415	-0.229767	-0.280743	-0.345466	-0.419454	-0.495751	-0.564559	-0.615891	-0.64259	-0.640143	-0.605545	-0.534714	-0.422325	-0.270618	-0.0940945	0.0931957	0.288297	0.4879	0.674226	0.823836	0.926692	0.987235	1.00816	0.981217	0.896722	0.758776	0.589397	0.418928	0.272576	0.162751	0.0894813	0.0454721	0.0214385	0.00941107	0.00385955	0.00148332	0.00053576	0.000182338	5.86127e-05	1.78349e-05	5.14744e-06	1.41176e-06	3.68578e-07	9.17473e-08	2.18146e-08	5.00061e-09	1.3031e-09	1.3031e-09	
-0.188128	-0.219226	-0.263602	-0.320608	-0.386986	-0.457584	-0.525952	-0.584512	-0.625872	-0.644545	-0.636254	-0.596397	-0.520181	-0.405048	-0.255537	-0.0840519	0.098228	0.288297	0.48262	0.665439	0.814783	0.919362	0.982266	1.00745	0.988855	0.916229	0.789778	0.62709	0.456571	0.304645	0.186624	0.105277	0.0548805	0.0265327	0.0119385	0.00501603	0.00197401	0.000729715	0.000254042	8.34934e-05	2.59627e-05	7.65395e-06	2.14325e-06	5.71039e-07	1.44999e-07	3.51421e-08	8.14316e-09	1.81991e-09	4.6146e-10	4.6146e-10	
-0.259697	-0.310424	-0.369468	-0.433272	-0.497232	-0.556189	-0.604446	-0.636145	-0.646029	-0.629238	-0.580835	-0.497135	-0.378391	-0.230675	-0.0640718	0.113428	0.298978	0.4879	0.665439	0.811691	0.915577	0.979116	1.00653	0.993325	0.929566	0.812959	0.657306	0.488574	0.333351	0.209009	0.12073	0.0644518	0.0319083	0.0146988	0.00632084	0.00254503	0.000962182	0.00034245	0.000115014	3.65327e-05	1.09969e-05	3.14296e-06	8.54364e-07	2.21252e-07	5.46671e-08	1.29055e-08	2.91559e-09	6.35536e-10	1.5687e-10	1.5687e-10	
-0.365789	-0.422666	-0.480998	-0.537026	-0.586481	-0.624438	-0.645433	-0.644068	-0.615527	-0.556022	-0.464087	-0.342126	-0.196339	-0.0341658	0.139128	0.320503	0.503639	0.674226	0.814783	0.915577	0.978039	1.00593	0.995622	0.937812	0.828925	0.679877	0.51412	0.357604	0.228891	0.135087	0.073719	0.0373154	0.0175761	0.00772731	0.0031804	0.00122879	0.000446811	0.000153268	4.97064e-05	1.52717e-05	4.4534e-06	1.23477e-06	3.2604e-07	8.21121e-08	1.97517e-08	4.54405e-09	1.00131e-09	2.12974e-10	5.11956e-11	5.11956e-11	
-0.478095	-0.529796	-0.577244	-0.616283	-0.64209	-0.649474	-0.633634	-0.590976	-0.519711	-0.420432	-0.296389	-0.152601	0.00603507	0.17589	0.353049	0.529466	0.69131	0.823836	0.919362	0.979116	1.00593	0.996324	0.941737	0.838243	0.694833	0.532671	0.376532	0.245365	0.147615	0.0821857	0.0424654	0.0204234	0.00916959	0.00385407	0.00152052	0.000564481	0.000197651	6.54153e-05	2.05051e-05	6.09892e-06	1.72429e-06	4.64122e-07	1.19118e-07	2.91914e-08	6.83976e-09	1.53418e-09	3.2989e-10	6.84965e-11	1.6043e-11	1.6043e-11	
-0.578998	-0.615425	-0.640925	-0.651094	-0.641732	-0.609534	-0.552697	-0.471134	-0.366369	-0.241174	-0.0988559	0.0574284	0.224334	0.396505	0.564573	0.715721	0.838222	0.926692	0.982266	1.00653	0.995622	0.941737	0.841302	0.702273	0.543908	0.389494	0.257685	0.157653	0.0893689	0.0470555	0.0230748	0.0105669	0.00453094	0.00182375	0.000690749	0.000246734	8.32929e-05	2.66263e-05	8.07483e-06	2.32714e-06	6.38369e-07	1.6693e-07	4.16694e-08	9.94249e-09	2.27042e-09	4.96774e-10	1.04284e-10	2.11474e-11	4.82829e-12	4.82829e-12	
-0.643456	-0.651673	-0.643609	-0.616581	-0.568904	-0.500078	-0.410655	-0.301906	-0.175542	-0.0336209	0.121178	0.284689	0.450089	0.607561	0.746071	0.857025	0.937128	0.987235	1.00745	0.993325	0.937812	0.838243	0.702273	0.547669	0.396076	0.265302	0.164663	0.0948408	0.0507968	0.0253598	0.0118303	0.00516951	0.00212102	0.000818973	0.000298238	0.000102639	3.34457e-05	1.03379e-05	3.03613e-06	8.48564e-07	2.26033e-07	5.74626e-08	1.39603e-08	3.24513e-09	7.22614e-10	1.54311e-10	3.16395e-11	6.26918e-12	1.39598e-12	1.39598e-12	
-0.64047	-0.614671	-0.57202	-0.51174	-0.433669	-0.338095	-0.22563	-0.0973138	0.04498	0.197935	0.356176	0.512056	0.65644	0.780717	0.879203	0.950087	0.993556	1.00816	0.988855	0.929566	0.828925	0.694833	0.543908	0.396076	0.267878	0.168266	0.0982666	0.0534426	0.0271219	0.012872	0.00572584	0.0023925	0.000941047	0.000349146	0.000122429	4.06486e-05	1.2801e-05	3.82991e-06	1.09032e-06	2.95783e-07	7.65668e-08	1.89373e-08	4.48061e-09	1.01531e-09	2.20586e-10	4.59965e-11	9.21596e-12	1.78512e-12	3.87865e-13	3.87865e-13	
-0.56379	-0.508709	-0.438447	-0.35263	-0.251192	-0.134551	-0.00397231	0.137934	0.286819	0.436547	0.579726	0.708886	0.81803	0.903737	0.964835	1.00045	1.00767	0.981217	0.916229	0.812959	0.679877	0.532671	0.389494	0.265302	0.168266	0.0994329	0.054813	0.0282341	0.013615	0.00615838	0.00261812	0.00104819	0.000395961	0.00014139	4.78086e-05	1.53334e-05	4.67202e-06	1.35443e-06	3.74122e-07	9.85956e-08	2.48224e-08	5.97715e-09	1.37818e-09	3.04615e-10	6.46063e-11	1.31615e-11	2.57814e-12	4.88406e-13	1.03599e-13	1.03599e-13	
-0.42597	-0.346757	-0.253436	-0.146144	-0.0258408	0.105346	0.243877	0.384811	0.522216	0.649958	0.762688	0.856623	0.92964	0.980368	1.00666	1.00454	0.968987	0.896722	0.789778	0.657306	0.51412	0.376532	0.257685	0.164663	0.0982666	0.054813	0.0286144	0.0140017	0.00643296	0.00277996	0.00113197	0.000435081	0.000158118	5.44241e-05	1.777e-05	5.51231e-06	1.62688e-06	4.57462e-07	1.22716e-07	3.14437e-08	7.70496e-09	1.80759e-09	4.06429e-10	8.76738e-11	1.81625e-11	3.61666e-12	6.92953e-13	1.28448e-13	2.66122e-14	2.66122e-14	
-0.231892	-0.131986	-0.0206331	0.100345	0.228047	0.358544	0.487179	0.609107	0.71992	0.816152	0.895378	0.95576	0.995158	1.01029	0.996748	0.950369	0.869775	0.758776	0.62709	0.488574	0.357604	0.245365	0.157653	0.0948408	0.0534426	0.0282341	0.0140017	0.0065271	0.0028645	0.00118536	0.000463252	0.000171249	5.9973e-05	1.99272e-05	6.29115e-06	1.88976e-06	5.40823e-07	1.47648e-07	3.84989e-08	9.59898e-09	2.29106e-09	5.2401e-10	1.14967e-10	2.42187e-11	4.90315e-12	9.54829e-13	1.79027e-13	3.24856e-14	6.57708e-15	6.57708e-15	
0.0119785	0.122817	0.239189	0.358044	0.475846	0.588922	0.693835	0.787675	0.868106	0.933086	0.980341	1.00684	1.00867	0.981737	0.923343	0.834129	0.71948	0.589397	0.456571	0.333351	0.228891	0.147615	0.0893689	0.0507968	0.0271219	0.013615	0.00643296	0.0028645	0.0012037	0.000478004	0.000179639	6.39797e-05	2.16251e-05	6.94606e-06	2.12302e-06	6.18243e-07	1.71744e-07	4.55654e-08	1.15587e-08	2.80654e-09	6.52936e-10	1.45693e-10	3.12095e-11	6.42403e-12	1.27168e-12	2.42305e-13	4.44787e-14	7.90436e-15	1.56462e-15	1.56462e-15	
0.276314	0.382458	0.48795	0.590113	0.68637	0.774384	0.852044	0.917282	0.967748	1.00051	1.01199	0.99839	0.95667	0.88595	0.788795	0.671764	0.544716	0.418928	0.304645	0.209009	0.135087	0.0821857	0.0470555	0.0253598	0.012872	0.00615838	0.00277996	0.00118536	0.000478004	0.000182525	6.60813e-05	2.27119e-05	7.41981e-06	2.30694e-06	6.83446e-07	1.93156e-07	5.21358e-08	1.34544e-08	3.32313e-09	7.86368e-10	1.78451e-10	3.88717e-11	8.13496e-12	1.63704e-12	3.17031e-13	5.91327e-14	1.06319e-14	1.85123e-15	3.5843e-16	3.5843e-16	
0.522071	0.612029	0.697848	0.777654	0.849559	0.911538	0.961236	0.995817	1.01198	1.00626	0.975705	0.918851	0.836696	0.733369	0.616046	0.493971	0.37677	0.272576	0.186624	0.12073	0.073719	0.0424654	0.0230748	0.0118303	0.00572584	0.00261812	0.00113197	0.000463252	0.000179639	6.60813e-05	2.3086e-05	7.66857e-06	2.42479e-06	7.30667e-07	2.10055e-07	5.76744e-08	1.514e-08	3.80369e-09	9.15469e-10	2.11278e-10	4.67989e-11	9.95788e-12	2.03712e-12	4.00993e-13	7.60098e-14	1.38849e-14	2.4463e-15	4.17521e-16	7.91094e-17	7.91094e-17	
0.727407	0.797406	0.861342	0.91725	0.962829	0.995383	1.0119	1.00929	0.984906	0.937167	0.866325	0.774996	0.668305	0.553431	0.438567	0.331527	0.238417	0.162751	0.105277	0.0644518	0.0373154	0.0204234	0.0105669	0.00516951	0.0023925	0.00104819	0.000435081	0.000171249	6.39797e-05	2.27119e-05	7.66857e-06	2.46539e-06	7.55479e-07	2.20892e-07	6.1688e-08	1.64711e-08	4.20893e-09	1.03029e-09	2.41814e-10	5.44668e-11	1.17837e-11	2.45071e-12	4.90356e-13	9.44663e-14	1.75352e-14	3.13855e-15	5.42085e-16	9.07272e-17	1.68302e-17	1.68302e-17	
0.886425	0.933932	0.972536	0.999752	1.0129	1.00934	0.986796	0.943868	0.880524	0.798514	0.701548	0.595091	0.485753	0.380352	0.284863	0.203541	0.138445	0.0894813	0.0548805	0.0319083	0.0175761	0.00916959	0.00453094	0.00212102	0.000941047	0.000395961	0.000158118	5.9973e-05	2.16251e-05	7.41981e-06	2.42479e-06	7.55479e-07	2.24626e-07	6.37978e-08	1.7325e-08	4.50267e-09	1.12097e-09	2.67564e-10	6.12848e-11	1.34813e-11	2.85051e-12	5.79782e-13	1.13525e-13	2.14151e-14	3.89459e-15	6.83308e-16	1.15746e-16	1.90044e-17	3.45301e-18	3.45301e-18	
0.988031	1.00711	1.01382	1.00598	0.981783	0.940125	0.880949	0.805544	0.716678	0.618512	0.516239	0.41547	0.321496	0.238557	0.169327	0.11472	0.0740509	0.0454721	0.0265327	0.0146988	0.00772731	0.00385407	0.00182375	0.000818973	0.000349146	0.00014139	5.44241e-05	1.99272e-05	6.94606e-06	2.30694e-06	7.30667e-07	2.20892e-07	6.37978e-08	1.76193e-08	4.6571e-09	1.17914e-09	2.86229e-10	6.66688e-11	1.49124e-11	3.20582e-12	6.62871e-13	1.3193e-13	2.52931e-14	4.67419e-15	8.3321e-16	1.43362e-16	2.3826e-17	3.83926e-18	6.83546e-19	6.83546e-19	
1.01098	0.996487	0.968165	0.925251	0.867792	0.796832	0.714513	0.624027	0.529391	0.435062	0.345429	0.264277	0.194341	0.137043	0.0924735	0.059598	0.0366278	0.0214385	0.0119385	0.00632084	0.0031804	0.00152052	0.000690749	0.000298238	0.000122429	4.78086e-05	1.777e-05	6.29115e-06	2.12302e-06	6.83446e-07	2.10055e-07	6.1688e-08	1.7325e-08	4.6571e-09	1.19919e-09	2.96041e-10	7.01225e-11	1.59495e-11	3.48628e-12	7.32874e-13	1.48275e-13	2.88928e-14	5.42621e-15	9.82836e-16	1.71801e-16	2.90008e-17	4.73069e-18	7.48404e-19	1.30621e-19	1.30621e-19	
0.942407	0.896979	0.839939	0.772196	0.695448	0.612154	0.525391	0.438603	0.355268	0.278524	0.210833	0.153729	0.107733	0.0724118	0.0465939	0.0286544	0.0168186	0.00941107	0.00501603	0.00254503	0.00122879	0.000564481	0.000246734	0.000102639	4.06486e-05	1.53334e-05	5.51231e-06	1.88976e-06	6.18243e-07	1.93156e-07	5.76744e-08	1.64711e-08	4.50267e-09	1.17914e-09	2.96041e-10	7.13128e-11	1.64947e-11	3.66615e-12	7.83584e-13	1.6117e-13	3.19234e-14	6.09341e-15	1.12157e-15	1.99198e-16	3.41597e-17	5.65946e-18	9.06467e-19	1.40844e-19	2.41072e-20	2.41072e-20	
0.795554	0.730917	0.6596	0.583493	0.50492	0.426481	0.350832	0.280438	0.217331	0.162918	0.117873	0.0821345	0.0550084	0.0353438	0.0217496	0.0127999	0.00719527	0.00385955	0.00197401	0.000962182	0.000446811	0.000197651	8.32929e-05	3.34457e-05	1.2801e-05	4.67202e-06	1.62688e-06	5.40823e-07	1.71744e-07	5.21358e-08	1.514e-08	4.20893e-09	1.12097e-09	2.86229e-10	7.01225e-11	1.64947e-11	3.72814e-12	8.10234e-13	1.69436e-13	3.41176e-14	6.6194e-15	1.23826e-15	2.23479e-16	3.8937e-17	6.55317e-18	1.066e-18	1.67709e-19	2.56019e-20	4.29914e-21	4.29914e-21	
0.607342	0.538994	0.469192	0.399852	0.33294	0.27031	0.213538	0.16379	0.121723	0.087463	0.0606388	0.0404858	0.0259826	0.0160014	0.00944219	0.00533163	0.00287767	0.00148332	0.000729715	0.00034245	0.000153268	6.54153e-05	2.66263e-05	1.03379e-05	3.82991e-06	1.35443e-06	4.57462e-07	1.47648e-07	4.55654e-08	1.34544e-08	3.80369e-09	1.03029e-09	2.67564e-10	6.66688e-11	1.59495e-11	3.66615e-12	8.10234e-13	1.72285e-13	3.52704e-14	6.95645e-15	1.3227e-15	2.42606e-16	4.29515e-17	7.34429e-18	1.21359e-18	1.93904e-19	2.9975e-20	4.49732e-21	7.41184e-22	7.41184e-22	
0.4202	0.360685	0.303314	0.249432	0.20021	0.156549	0.119011	0.0877876	0.0627081	0.0432925	0.0288323	0.0184903	0.0113992	0.00674541	0.00382607	0.00207777	0.00107924	0.00053576	0.000254042	0.000115014	4.97064e-05	2.05051e-05	8.07483e-06	3.03613e-06	1.09032e-06	3.74122e-07	1.22716e-07	3.84989e-08	1.15587e-08	3.32313e-09	9.15469e-10	2.41814e-10	6.12848e-11	1.49124e-11	3.48628e-12	7.83584e-13	1.69436e-13	3.52704e-14	7.07256e-15	1.36704e-15	2.54856e-16	4.58541e-17	7.96694e-18	1.33747e-18	2.17071e-19	3.40787e-20	5.1782e-21	7.63828e-22	1.23592e-22	1.23592e-22	
0.264543	0.219974	0.179004	0.142302	0.110315	0.0832398	0.0610222	0.0433802	0.0298494	0.0198441	0.0127238	0.00785551	0.00466269	0.00265703	0.00145185	0.000759888	0.000380629	0.000182338	8.34934e-05	3.65327e-05	1.52717e-05	6.09892e-06	2.32714e-06	8.48564e-07	2.95783e-07	9.85956e-08	3.14437e-08	9.59898e-09	2.80654e-09	7.86368e-10	2.11278e-10	5.44668e-11	1.34813e-11	3.20582e-12	7.32874e-13	1.6117e-13	3.41176e-14	6.95645e-15	1.36704e-15	2.59074e-16	4.73779e-17	8.36548e-18	1.42698e-18	2.35288e-19	3.75208e-20	5.78985e-21	8.65027e-22	1.2549e-22	1.99423e-23	1.99423e-23	
0.15228	0.122863	0.0969118	0.0746073	0.0559612	0.0408257	0.028917	0.0198508	0.0131842	0.00845747	0.00523164	0.00311589	0.00178427	0.00098112	0.000517467	0.000261534	0.000126567	5.86127e-05	2.59627e-05	1.09969e-05	4.4534e-06	1.72429e-06	6.38369e-07	2.26033e-07	7.65668e-08	2.48224e-08	7.70496e-09	2.29106e-09	6.52936e-10	1.78451e-10	4.67989e-11	1.17837e-11	2.85051e-12	6.62871e-13	1.48275e-13	3.19234e-14	6.6194e-15	1.3227e-15	2.54856e-16	4.73779e-17	8.50268e-18	1.47394e-18	2.4694e-19	4.00058e-20	6.27052e-21	9.51391e-22	1.39806e-22	1.99526e-23	3.1152e-24	3.1152e-24	
0.0805457	0.0631532	0.0483626	0.036115	0.0262553	0.0185512	0.0127183	0.00844626	0.0054246	0.00336399	0.00201128	0.00115773	0.000640772	0.000340608	0.00017371	8.49259e-05	3.97741e-05	1.78349e-05	7.65395e-06	3.14296e-06	1.23477e-06	4.64122e-07	1.6693e-07	5.74626e-08	1.89373e-08	5.97715e-09	1.80759e-09	5.2401e-10	1.45693e-10	3.88717e-11	9.95788e-12	2.45071e-12	5.79782e-13	1.3193e-13	2.88928e-14	6.09341e-15	1.23826e-15	2.42606e-16	4.58541e-17	8.36548e-18	1.47394e-18	2.5095e-19	4.1309e-20	6.57778e-21	1.01371e-21	1.51276e-22	2.18712e-23	3.07166e-24	4.71325e-25	4.71325e-25	
0.0393323	0.0300122	0.0223466	0.0162115	0.0114407	0.00784168	0.00521205	0.00335405	0.00208654	0.00125297	0.000725286	0.000404173	0.000216571	0.000111469	5.50592e-05	2.60793e-05	1.18382e-05	5.14744e-06	2.14325e-06	8.54364e-07	3.2604e-07	1.19118e-07	4.16694e-08	1.39603e-08	4.48061e-09	1.37818e-09	4.06429e-10	1.14967e-10	3.12095e-11	8.13496e-12	2.03712e-12	4.90356e-13	1.13525e-13	2.52931e-14	5.42621e-15	1.12157e-15	2.23479e-16	4.29515e-17	7.96694e-18	1.42698e-18	2.4694e-19	4.1309e-20	6.6835e-21	1.04638e-21	1.58607e-22	2.32869e-23	3.31343e-24	4.58066e-25	6.90995e-26	6.90995e-26	
0.0178103	0.0132429	0.00960013	0.00677517	0.00464795	0.00309491	0.00199723	0.00124728	0.000752712	0.000438361	0.000246043	0.000132938	6.90676e-05	3.44726e-05	1.65154e-05	7.5897e-06	3.34381e-06	1.41176e-06	5.71039e-07	2.21252e-07	8.21121e-08	2.91914e-08	9.94249e-09	3.24513e-09	1.01531e-09	3.04615e-10	8.76738e-11	2.42187e-11	6.42403e-12	1.63704e-12	4.00993e-13	9.44663e-14	2.14151e-14	4.67419e-15	9.82836e-16	1.99198e-16	3.8937e-17	7.34429e-18	1.33747e-18	2.35288e-19	4.00058e-20	6.57778e-21	1.04638e-21	1.61129e-22	2.4029e-23	3.47206e-24	4.86342e-25	6.62006e-26	9.82065e-27	9.82065e-27	
0.00750864	0.00544679	0.00384897	0.00264581	0.00176672	0.00114432	0.000717935	0.000435692	0.000255415	0.000144456	7.87271e-05	4.12989e-05	2.08329e-05	1.00968e-05	4.69799e-06	2.09737e-06	8.97979e-07	3.68578e-07	1.44999e-07	5.46671e-08	1.97517e-08	6.83976e-09	2.27042e-09	7.22614e-10	2.20586e-10	6.46063e-11	1.81625e-11	4.90315e-12	1.27168e-12	3.17031e-13	7.60098e-14	1.75352e-14	3.89459e-15	8.3321e-16	1.71801e-16	3.41597e-17	6.55317e-18	1.21359e-18	2.17071e-19	3.75208e-20	6.27052e-21	1.01371e-21	1.58607e-22	2.4029e-23	3.52663e-24	5.01647e-25	6.91927e-26	9.27613e-27	1.35364e-27	1.35364e-27	
0.00295859	0.00209596	0.0014453	0.000968776	0.000630362	0.000397622	0.000242819	0.000143371	8.17454e-05	4.49546e-05	2.38185e-05	1.21464e-05	5.95634e-06	2.80655e-06	1.26981e-06	5.51371e-07	2.2967e-07	9.17473e-08	3.51421e-08	1.29055e-08	4.54405e-09	1.53418e-09	4.96774e-10	1.54311e-10	4.59965e-11	1.31615e-11	3.61666e-12	9.54829e-13	2.42305e-13	5.91327e-14	1.38849e-14	3.13855e-15	6.83308e-16	1.43362e-16	2.90008e-17	5.65946e-18	1.066e-18	1.93904e-19	3.40787e-20	5.78985e-21	9.51391e-22	1.51276e-22	2.32869e-23	3.47206e-24	5.01647e-25	7.02658e-26	9.54613e-27	1.26076e-27	1.8103e-28	1.8103e-28	
0.00109543	0.000758452	0.000510761	0.000334115	0.000212033	0.00013037	7.7567e-05	4.46033e-05	2.47594e-05	1.32532e-05	6.83382e-06	3.39133e-06	1.61839e-06	7.42157e-07	3.26852e-07	1.38179e-07	5.60543e-08	2.18146e-08	8.14316e-09	2.91559e-09	1.00131e-09	3.2989e-10	1.04284e-10	3.16395e-11	9.21596e-12	2.57814e-12	6.92953e-13	1.79027e-13	4.44787e-14	1.06319e-14	2.4463e-15	5.42085e-16	1.15746e-16	2.3826e-17	4.73069e-18	9.06467e-19	1.67709e-19	2.9975e-20	5.1782e-21	8.65027e-22	1.39806e-22	2.18712e-23	3.31343e-24	4.86342e-25	6.91927e-26	9.54613e-27	1.27774e-27	1.66284e-28	2.35e-29	2.35e-29	
0.000390555	0.000264197	0.000173704	0.000110866	6.86063e-05	4.11131e-05	2.38305e-05	1.33453e-05	7.21265e-06	3.75827e-06	1.88626e-06	9.11111e-07	4.23226e-07	1.88942e-07	8.10232e-08	3.33607e-08	1.31847e-08	5.00061e-09	1.81991e-09	6.35536e-10	2.12974e-10	6.84965e-11	2.11474e-11	6.26918e-12	1.78512e-12	4.88406e-13	1.28448e-13	3.24856e-14	7.90436e-15	1.85123e-15	4.17521e-16	9.07272e-17	1.90044e-17	3.83926e-18	7.48404e-19	1.40844e-19	2.56019e-20	4.49732e-21	7.63828e-22	1.2549e-22	1.99526e-23	3.07166e-24	4.58066e-25	6.62006e-26	9.27613e-27	1.26076e-27	1.66284e-28	2.13274e-29	2.96713e-30	2.96713e-30	
0.000162598	0.000107374	6.88577e-05	4.28329e-05	2.58151e-05	1.50576e-05	8.49065e-06	4.62357e-06	2.42902e-06	1.22999e-06	5.9982e-07	2.8149e-07	1.27041e-07	5.51083e-08	2.29662e-08	9.19189e-09	3.53229e-09	1.3031e-09	4.6146e-10	1.5687e-10	5.11956e-11	1.6043e-11	4.82829e-12	1.39598e-12	3.87865e-13	1.03599e-13	2.66122e-14	6.57708e-15	1.56462e-15	3.5843e-16	7.91094e-17	1.68302e-17	3.45301e-18	6.83546e-19	1.30621e-19	2.41072e-20	4.29914e-21	7.41184e-22	1.23592e-22	1.99423e-23	3.1152e-24	4.71325e-25	6.90995e-26	9.82065e-27	1.35364e-27	1.8103e-28	2.35e-29	2.96713e-30	4.05875e-31	4.05875e-31	
0.000162598	0.000107374	6.88577e-05	4.28329e-05	2.58151e-05	1.50576e-05	8.49065e-06	4.62357e-06	2.42902e-06	1.22999e-06	5.9982e-07	2.8149e-07	1.27041e-07	5.51083e-08	2.29662e-08	9.19189e-09	3.53229e-09	1.3031e-09	4.6146e-10	1.5687e-10	5.11956e-11	1.6043e-11	4.82829e-12	1.39598e-12	3.87865e-13	1.03599e-13	2.66122e-14	6.57708e-15	1.56462e-15	3.5843e-16	7.91094e-17	1.68302e-17	3.45301e-18	6.83546e-19	1.30621e-19	2.41072e-20	4.29914e-21	7.41184e-22	1.23592e-22	1.99423e-23	3.1152e-24	4.71325e-25	6.90995e-26	9.82065e-27	1.35364e-27	1.8103e-28	2.35e-29	2.96713e-30	4.05875e-31	4.05875e-31	
