1.47089	1.47089	1.4878	1.5223	1.58898	1.67591	1.7243	1.69232	1.58222	1.40058	1.1555	0.872039	0.571084	0.259149	-0.0473322	-0.327011	-0.579763	-0.8055	-0.988819	-1.0919	-1.10811	-1.0663	-1.01477	-0.979482	-0.967562	-0.973529	-0.978673	-0.971077	-0.921153	-0.831597	-0.7339	-0.65131	-0.574391	-0.517176	-0.512908	-0.580367	-0.718217	-0.904591	-1.10225	-1.28414	-1.3907	-1.37582	-1.23132	-0.986259	-0.674548	-0.327854	0.0364964	0.384164	0.686672	0.929615	
1.47089	1.47089	1.4878	1.5223	1.58898	1.67591	1.7243	1.69232	1.58222	1.40058	1.1555	0.872039	0.571084	0.259149	-0.0473322	-0.327011	-0.579763	-0.8055	-0.988819	-1.0919	-1.10811	-1.0663	-1.01477	-0.979482	-0.967562	-0.973529	-0.978673	-0.971077	-0.921153	-0.831597	-0.7339	-0.65131	-0.574391	-0.517176	-0.512908	-0.580367	-0.718217	-0.904591	-1.10225	-1.28414	-1.3907	-1.37582	-1.23132	-0.986259	-0.674548	-0.327854	0.0364964	0.384164	0.686672	0.929615	
1.4878	1.4878	1.50959	1.54206	1.5879	1.64214	1.66023	1.61372	1.50059	1.3218	1.08202	0.80963	0.526321	0.234023	-0.0552559	-0.319462	-0.552536	-0.752598	-0.912068	-1.00334	-1.02435	-0.996365	-0.957461	-0.927571	-0.916454	-0.923488	-0.932743	-0.928687	-0.880189	-0.78993	-0.694987	-0.623064	-0.566547	-0.534706	-0.554197	-0.636566	-0.778887	-0.95769	-1.14066	-1.30423	-1.39402	-1.36669	-1.21126	-0.953569	-0.627427	-0.268452	0.098763	0.437084	0.724121	0.950291	
1.5223	1.5223	1.54206	1.55938	1.57155	1.57562	1.54867	1.47195	1.34934	1.1747	0.951347	0.704226	0.45195	0.192972	-0.064163	-0.295905	-0.493218	-0.656408	-0.784512	-0.861847	-0.887466	-0.878653	-0.861796	-0.850146	-0.849739	-0.861395	-0.870405	-0.864237	-0.813978	-0.728014	-0.644675	-0.593661	-0.565899	-0.567031	-0.616781	-0.723257	-0.874934	-1.04826	-1.20919	-1.34086	-1.39929	-1.34699	-1.17506	-0.903613	-0.562618	-0.191036	0.180547	0.512896	0.781437	0.985369	
1.58898	1.58898	1.5879	1.57155	1.53856	1.49414	1.41598	1.30025	1.15497	0.984215	0.785543	0.575075	0.362719	0.145276	-0.0668658	-0.25301	-0.408238	-0.536268	-0.639695	-0.70338	-0.730509	-0.737012	-0.747225	-0.764723	-0.785959	-0.804218	-0.809119	-0.794359	-0.744684	-0.670964	-0.610817	-0.587619	-0.590622	-0.622346	-0.701288	-0.828218	-0.989315	-1.15143	-1.28538	-1.37759	-1.39521	-1.3121	-1.12001	-0.837527	-0.491468	-0.116869	0.253208	0.575836	0.82915	1.00585	
1.67591	1.67591	1.64214	1.57562	1.49414	1.40016	1.277	1.11821	0.948096	0.776101	0.602784	0.432089	0.26577	0.0993741	-0.0595817	-0.196713	-0.31244	-0.412588	-0.494176	-0.544945	-0.56788	-0.585231	-0.617057	-0.660979	-0.701736	-0.728764	-0.733721	-0.720013	-0.679023	-0.626054	-0.593215	-0.601034	-0.637682	-0.702897	-0.806382	-0.94553	-1.09731	-1.23588	-1.33544	-1.38972	-1.37375	-1.26156	-1.04957	-0.755765	-0.407666	-0.0409149	0.313614	0.618489	0.845291	0.99402	
1.7243	1.7243	1.66023	1.54867	1.41598	1.277	1.11326	0.927662	0.740744	0.57168	0.420721	0.291366	0.178926	0.072343	-0.0294524	-0.120038	-0.2016	-0.276004	-0.339807	-0.379747	-0.402062	-0.42526	-0.468404	-0.525098	-0.579659	-0.618405	-0.636049	-0.633303	-0.607655	-0.573696	-0.564793	-0.601136	-0.671993	-0.769697	-0.894955	-1.03406	-1.16947	-1.27813	-1.34892	-1.37661	-1.3349	-1.1997	-0.965412	-0.657027	-0.308649	0.0451883	0.375589	0.647621	0.843114	0.957881	
1.69232	1.69232	1.61372	1.47195	1.30025	1.11821	0.927662	0.729357	0.543649	0.383214	0.257086	0.16909	0.110934	0.0622102	0.0131739	-0.0346574	-0.0819889	-0.133048	-0.182909	-0.220853	-0.243514	-0.266502	-0.306252	-0.365037	-0.429207	-0.485195	-0.520918	-0.534254	-0.52375	-0.508469	-0.521797	-0.582206	-0.678616	-0.797783	-0.931541	-1.0687	-1.19008	-1.28348	-1.33889	-1.34796	-1.28669	-1.12853	-0.87665	-0.55876	-0.212667	0.125874	0.429086	0.670903	0.831389	0.9198	
1.58222	1.58222	1.50059	1.34934	1.15497	0.948096	0.740744	0.543649	0.367385	0.226247	0.129103	0.0809875	0.0670101	0.0639814	0.0586798	0.050843	0.0350616	0.00438564	-0.0389701	-0.0780445	-0.10306	-0.122427	-0.15713	-0.214948	-0.288372	-0.35865	-0.411646	-0.439007	-0.444213	-0.447514	-0.479127	-0.553975	-0.660542	-0.784197	-0.918796	-1.0533	-1.17528	-1.26714	-1.31739	-1.31184	-1.22705	-1.04875	-0.783522	-0.463194	-0.125956	0.194848	0.47095	0.676725	0.806017	0.868488	
1.40058	1.40058	1.3218	1.1747	0.984215	0.776101	0.57168	0.383214	0.226247	0.11158	0.04814	0.0325667	0.0504273	0.0807995	0.111626	0.134795	0.141657	0.123401	0.0870122	0.0477277	0.018951	-0.00731445	-0.0454524	-0.106379	-0.182675	-0.261173	-0.327088	-0.369945	-0.391994	-0.409482	-0.449531	-0.522784	-0.623459	-0.739768	-0.865881	-0.998158	-1.12159	-1.21763	-1.26819	-1.25141	-1.15253	-0.961602	-0.693869	-0.378289	-0.0528229	0.247714	0.492543	0.665316	0.76368	0.809547	
1.1555	1.1555	1.08202	0.951347	0.785543	0.602784	0.420721	0.257086	0.129103	0.04814	0.0154181	0.0254966	0.0663644	0.125329	0.184021	0.22699	0.243398	0.232446	0.202303	0.162688	0.120507	0.0747748	0.02025	-0.0463628	-0.124846	-0.206782	-0.283675	-0.339465	-0.372159	-0.3945	-0.428135	-0.485665	-0.567544	-0.665347	-0.776496	-0.898665	-1.02106	-1.12087	-1.17519	-1.15817	-1.05473	-0.863817	-0.601102	-0.296467	0.0110527	0.28792	0.505405	0.650628	0.7298	0.759616	
0.872039	0.872039	0.80963	0.704226	0.575075	0.432089	0.291366	0.16909	0.0809875	0.0325667	0.0254966	0.0532941	0.111519	0.188569	0.264189	0.316772	0.33831	0.330391	0.300357	0.251748	0.192432	0.125671	0.0568216	-0.019635	-0.103259	-0.191465	-0.275273	-0.336186	-0.372888	-0.392896	-0.415835	-0.450171	-0.504306	-0.575304	-0.661483	-0.766711	-0.880557	-0.979442	-1.03849	-1.02483	-0.927043	-0.744169	-0.49516	-0.208518	0.0760688	0.327824	0.52255	0.653994	0.723258	0.739858	
0.571084	0.571084	0.526321	0.45195	0.362719	0.26577	0.178926	0.110934	0.0670101	0.0504273	0.0663644	0.111519	0.178051	0.259151	0.337931	0.397223	0.424773	0.415896	0.37527	0.311428	0.237634	0.160902	0.0817903	-0.00510169	-0.101129	-0.196944	-0.284093	-0.345413	-0.381814	-0.400105	-0.410221	-0.417718	-0.439047	-0.477899	-0.53656	-0.618848	-0.71547	-0.803703	-0.858904	-0.848444	-0.759176	-0.590684	-0.360868	-0.0973948	0.159955	0.386322	0.561829	0.679898	0.735099	0.727857	
0.259149	0.259149	0.234023	0.192972	0.145276	0.0993741	0.072343	0.0622102	0.0639814	0.0807995	0.125329	0.188569	0.259151	0.333605	0.407726	0.468494	0.497539	0.483981	0.4327	0.358858	0.278952	0.195635	0.108659	0.00841531	-0.0999461	-0.204776	-0.296063	-0.358566	-0.397279	-0.412671	-0.407914	-0.384775	-0.369923	-0.376835	-0.406207	-0.460576	-0.530081	-0.595284	-0.638001	-0.627006	-0.548525	-0.400219	-0.195759	0.040571	0.270749	0.470943	0.622485	0.716316	0.745665	0.707664	
-0.0473322	-0.0473322	-0.0552559	-0.064163	-0.0668658	-0.0595817	-0.0294524	0.0131739	0.0586798	0.111626	0.184021	0.264189	0.337931	0.407726	0.472244	0.520102	0.537064	0.51785	0.469674	0.401756	0.322038	0.232494	0.134325	0.0231309	-0.0966621	-0.209729	-0.305819	-0.371112	-0.41084	-0.422946	-0.4036	-0.352282	-0.306126	-0.283293	-0.283101	-0.304672	-0.339593	-0.374443	-0.397177	-0.379281	-0.309202	-0.181856	-0.00806691	0.196116	0.39568	0.568479	0.689466	0.747637	0.736772	0.662899	
-0.327011	-0.327011	-0.319462	-0.295905	-0.25301	-0.196713	-0.120038	-0.0346574	0.050843	0.134795	0.22699	0.316772	0.397223	0.468494	0.520102	0.542394	0.536443	0.515649	0.483471	0.434602	0.362821	0.268978	0.161745	0.0392966	-0.0912688	-0.213104	-0.313382	-0.378312	-0.415417	-0.422691	-0.393208	-0.325349	-0.258497	-0.212523	-0.182227	-0.167444	-0.165676	-0.169404	-0.168451	-0.139493	-0.0712875	0.0360269	0.179024	0.350713	0.522236	0.66672	0.754723	0.77062	0.719031	0.610427	
-0.579763	-0.579763	-0.552536	-0.493218	-0.408238	-0.31244	-0.2016	-0.0819889	0.0350616	0.141657	0.243398	0.33831	0.424773	0.497539	0.537064	0.536443	0.514111	0.494388	0.479459	0.451691	0.394228	0.304321	0.194075	0.0654887	-0.0730365	-0.203289	-0.308272	-0.371965	-0.403163	-0.403997	-0.371705	-0.301344	-0.229769	-0.170092	-0.112648	-0.0621211	-0.0254306	0.000603983	0.0240005	0.0683101	0.1367	0.228565	0.343556	0.48636	0.632296	0.753039	0.81108	0.792765	0.705586	0.567406	
-0.8055	-0.8055	-0.752598	-0.656408	-0.536268	-0.412588	-0.276004	-0.133048	0.00438564	0.123401	0.232446	0.330391	0.415896	0.483981	0.51785	0.515649	0.494388	0.480324	0.474716	0.462006	0.41734	0.336439	0.23149	0.107749	-0.0319772	-0.170096	-0.283754	-0.350624	-0.377437	-0.374571	-0.34323	-0.277836	-0.208686	-0.1417	-0.0653495	0.0113491	0.0733094	0.119392	0.162013	0.217797	0.289688	0.371413	0.469146	0.593685	0.723102	0.825253	0.86478	0.825827	0.719248	0.556777	
-0.988819	-0.988819	-0.912068	-0.784512	-0.639695	-0.494176	-0.339807	-0.182909	-0.0389701	0.0870122	0.202303	0.300357	0.37527	0.4327	0.469674	0.483471	0.479459	0.474716	0.474383	0.465802	0.428143	0.356147	0.267381	0.159607	0.0297424	-0.10926	-0.228254	-0.300505	-0.331962	-0.333216	-0.306503	-0.245394	-0.17743	-0.110067	-0.0286202	0.0561396	0.125954	0.181088	0.232578	0.297963	0.375948	0.460648	0.558039	0.677911	0.797235	0.886392	0.914164	0.868761	0.754876	0.578591	
-1.0919	-1.0919	-1.00334	-0.861847	-0.70338	-0.544945	-0.379747	-0.220853	-0.0780445	0.0477277	0.162688	0.251748	0.311428	0.358858	0.401756	0.434602	0.451691	0.462006	0.465802	0.45808	0.421819	0.362423	0.290549	0.20342	0.0897797	-0.0367757	-0.149384	-0.225577	-0.266329	-0.27682	-0.254652	-0.19364	-0.128107	-0.0658342	0.00643457	0.0829756	0.145516	0.192516	0.240718	0.306353	0.393461	0.494735	0.609729	0.738873	0.855055	0.93404	0.956693	0.912707	0.803082	0.626127	
-1.10811	-1.10811	-1.02435	-0.887466	-0.730509	-0.56788	-0.402062	-0.243514	-0.10306	0.018951	0.120507	0.192432	0.237634	0.278952	0.322038	0.362821	0.394228	0.41734	0.428143	0.421819	0.39402	0.345869	0.290814	0.221839	0.133026	0.0320129	-0.0606632	-0.127268	-0.16645	-0.179504	-0.159768	-0.106528	-0.0503082	-0.00524983	0.0472959	0.10376	0.14596	0.175011	0.209576	0.27058	0.365925	0.485344	0.620755	0.760051	0.876198	0.950956	0.97384	0.937406	0.839571	0.675936	
-1.0663	-1.0663	-0.996365	-0.878653	-0.737012	-0.585231	-0.42526	-0.266502	-0.122427	-0.00731445	0.0747748	0.125671	0.160902	0.195635	0.232494	0.268978	0.304321	0.336439	0.356147	0.362423	0.345869	0.311873	0.270472	0.225056	0.164883	0.0946655	0.0337201	-0.00423433	-0.0229259	-0.0275019	-0.0128261	0.028902	0.0651556	0.0855769	0.105755	0.129855	0.14478	0.152907	0.174305	0.227864	0.320312	0.441744	0.578815	0.718904	0.83738	0.919344	0.953575	0.930019	0.848388	0.708779	
-1.01477	-1.01477	-0.957461	-0.861796	-0.747225	-0.617057	-0.468404	-0.306252	-0.15713	-0.0454524	0.02025	0.0568216	0.0817903	0.108659	0.134325	0.161745	0.194075	0.23149	0.267381	0.290549	0.290814	0.270472	0.251978	0.236248	0.210131	0.177803	0.160052	0.16238	0.170168	0.173433	0.18681	0.213751	0.228135	0.212487	0.188613	0.170873	0.154616	0.144311	0.154701	0.196827	0.27386	0.373919	0.491666	0.619167	0.73858	0.830756	0.880117	0.876047	0.820763	0.715552	
-0.979482	-0.979482	-0.927571	-0.850146	-0.764723	-0.660979	-0.525098	-0.365037	-0.214948	-0.106379	-0.0463628	-0.019635	-0.00510169	0.00841531	0.0231309	0.0392966	0.0654887	0.107749	0.159607	0.20342	0.221839	0.225056	0.236248	0.258972	0.279631	0.300727	0.333321	0.369894	0.394231	0.406301	0.418481	0.432326	0.417152	0.362114	0.291556	0.228676	0.174972	0.13635	0.126187	0.151162	0.203987	0.27433	0.361996	0.469172	0.582787	0.682138	0.747031	0.766951	0.746952	0.688367	
-0.967562	-0.967562	-0.916454	-0.849739	-0.785959	-0.701736	-0.579659	-0.429207	-0.288372	-0.182675	-0.124846	-0.103259	-0.101129	-0.0999461	-0.0966621	-0.0912688	-0.0730365	-0.0319772	0.0297424	0.0897797	0.133026	0.164883	0.210131	0.279631	0.362776	0.447756	0.524381	0.584374	0.624351	0.646124	0.657101	0.649652	0.605278	0.517072	0.407593	0.297736	0.191629	0.105795	0.060089	0.0577116	0.0818754	0.119786	0.179446	0.268062	0.376401	0.48199	0.56352	0.613085	0.631693	0.61388	
-0.973529	-0.973529	-0.923488	-0.861395	-0.804218	-0.728764	-0.618405	-0.485195	-0.35865	-0.261173	-0.206782	-0.191465	-0.196944	-0.204776	-0.209729	-0.213104	-0.203289	-0.170096	-0.10926	-0.0367757	0.0320129	0.0946655	0.177803	0.300727	0.447756	0.584934	0.693643	0.77679	0.835394	0.865461	0.867188	0.83855	0.769857	0.656551	0.512748	0.353517	0.191311	0.053633	-0.0350618	-0.0746005	-0.0881408	-0.0829998	-0.0468521	0.0297931	0.13699	0.249529	0.346037	0.419955	0.470323	0.491262	
-0.978673	-0.978673	-0.932743	-0.870405	-0.809119	-0.733721	-0.636049	-0.520918	-0.411646	-0.327088	-0.283675	-0.275273	-0.284093	-0.296063	-0.305819	-0.313382	-0.308272	-0.283754	-0.228254	-0.149384	-0.0606632	0.0337201	0.160052	0.333321	0.524381	0.693643	0.827724	0.933963	1.0052	1.03611	1.03056	0.986753	0.895566	0.755016	0.576953	0.377573	0.173679	-0.00376603	-0.136058	-0.220022	-0.273992	-0.2976	-0.277087	-0.208945	-0.108516	0.00278608	0.108121	0.202791	0.279291	0.327814	
-0.971077	-0.971077	-0.928687	-0.864237	-0.794359	-0.720013	-0.633303	-0.534254	-0.439007	-0.369945	-0.339465	-0.336186	-0.345413	-0.358566	-0.371112	-0.378312	-0.371965	-0.350624	-0.300505	-0.225577	-0.127268	-0.00423433	0.16238	0.369894	0.584374	0.77679	0.933963	1.05513	1.13179	1.16672	1.16239	1.10486	0.986533	0.815826	0.608884	0.380693	0.149456	-0.0614533	-0.234605	-0.357475	-0.440793	-0.480122	-0.468963	-0.412176	-0.325729	-0.223587	-0.11654	-0.0100295	0.0824087	0.154351	
-0.921153	-0.921153	-0.880189	-0.813978	-0.744684	-0.679023	-0.607655	-0.52375	-0.444213	-0.391994	-0.372159	-0.372888	-0.381814	-0.397279	-0.41084	-0.415417	-0.403163	-0.377437	-0.331962	-0.266329	-0.16645	-0.0229259	0.170168	0.394231	0.624351	0.835394	1.0052	1.13179	1.21395	1.25779	1.25066	1.17663	1.03673	0.846132	0.619945	0.371444	0.117774	-0.119682	-0.324609	-0.475558	-0.578226	-0.627863	-0.623323	-0.577143	-0.504231	-0.408094	-0.29895	-0.187653	-0.086371	0.000252956	
-0.831597	-0.831597	-0.78993	-0.728014	-0.670964	-0.626054	-0.573696	-0.508469	-0.447514	-0.409482	-0.3945	-0.392896	-0.400105	-0.412671	-0.422946	-0.422691	-0.403997	-0.374571	-0.333216	-0.27682	-0.179504	-0.0275019	0.173433	0.406301	0.646124	0.865461	1.03611	1.16672	1.25779	1.30159	1.28323	1.19862	1.04888	0.846637	0.605462	0.342303	0.0771191	-0.172691	-0.393902	-0.562601	-0.679811	-0.734651	-0.733561	-0.692403	-0.624465	-0.532494	-0.429307	-0.319338	-0.212873	-0.110937	
-0.7339	-0.7339	-0.694987	-0.644675	-0.610817	-0.593215	-0.564793	-0.521797	-0.479127	-0.449531	-0.428135	-0.415835	-0.410221	-0.407914	-0.4036	-0.393208	-0.371705	-0.34323	-0.306503	-0.254652	-0.159768	-0.0128261	0.18681	0.418481	0.657101	0.867188	1.03056	1.16239	1.25066	1.28323	1.25615	1.16929	1.01499	0.80281	0.557977	0.297022	0.0391664	-0.203324	-0.424716	-0.601189	-0.723457	-0.783511	-0.789126	-0.753292	-0.68878	-0.600224	-0.499205	-0.390763	-0.2805	-0.172098	
-0.65131	-0.65131	-0.623064	-0.593661	-0.587619	-0.601034	-0.601136	-0.582206	-0.553975	-0.522784	-0.485665	-0.450171	-0.417718	-0.384775	-0.352282	-0.325349	-0.301344	-0.277836	-0.245394	-0.19364	-0.106528	0.028902	0.213751	0.432326	0.649652	0.83855	0.986753	1.10486	1.17663	1.19862	1.16929	1.08319	0.924085	0.716919	0.486847	0.245341	0.0102089	-0.209301	-0.412958	-0.576871	-0.696348	-0.765785	-0.785723	-0.756202	-0.691228	-0.599419	-0.495399	-0.384123	-0.275214	-0.174921	
-0.574391	-0.574391	-0.566547	-0.565899	-0.590622	-0.637682	-0.671993	-0.678616	-0.660542	-0.623459	-0.567544	-0.504306	-0.439047	-0.369923	-0.306126	-0.258497	-0.229769	-0.208686	-0.17743	-0.128107	-0.0503082	0.0651556	0.228135	0.417152	0.605278	0.769857	0.895566	0.986533	1.03673	1.04888	1.01499	0.924085	0.772954	0.585915	0.383053	0.170403	-0.0307658	-0.211802	-0.375211	-0.509789	-0.619342	-0.698307	-0.7289	-0.701603	-0.633304	-0.536296	-0.428456	-0.319988	-0.216339	-0.126357	
-0.517176	-0.517176	-0.534706	-0.567031	-0.622346	-0.702897	-0.769697	-0.797783	-0.784197	-0.739768	-0.665347	-0.575304	-0.477899	-0.376835	-0.283293	-0.212523	-0.170092	-0.1417	-0.110067	-0.0658342	-0.00524983	0.0855769	0.212487	0.362114	0.517072	0.656551	0.755016	0.815826	0.846132	0.846637	0.80281	0.716919	0.585915	0.427023	0.255158	0.0798197	-0.0779137	-0.210518	-0.322929	-0.420146	-0.511042	-0.582468	-0.608336	-0.578295	-0.507908	-0.411093	-0.307475	-0.205094	-0.109045	-0.035571	
-0.512908	-0.512908	-0.554197	-0.616781	-0.701288	-0.806382	-0.894955	-0.931541	-0.918796	-0.865881	-0.776496	-0.661483	-0.53656	-0.406207	-0.283101	-0.182227	-0.112648	-0.0653495	-0.0286202	0.00643457	0.0472959	0.105755	0.188613	0.291556	0.407593	0.512748	0.576953	0.608884	0.619945	0.605462	0.557977	0.486847	0.383053	0.255158	0.123686	-0.00142791	-0.107408	-0.183501	-0.241248	-0.295297	-0.351977	-0.399633	-0.416422	-0.38719	-0.320891	-0.232517	-0.139903	-0.0493136	0.0301287	0.0789275	
-0.580367	-0.580367	-0.636566	-0.723257	-0.828218	-0.94553	-1.03406	-1.0687	-1.0533	-0.998158	-0.898665	-0.766711	-0.618848	-0.460576	-0.304672	-0.167444	-0.0621211	0.0113491	0.0561396	0.0829756	0.10376	0.129855	0.170873	0.228676	0.297736	0.353517	0.377573	0.380693	0.371444	0.342303	0.297022	0.245341	0.170403	0.0798197	-0.00142791	-0.0683219	-0.110563	-0.124232	-0.123779	-0.128985	-0.143185	-0.164968	-0.174829	-0.14957	-0.0950718	-0.0246557	0.0508519	0.119136	0.167894	0.188556	
-0.718217	-0.718217	-0.778887	-0.874934	-0.989315	-1.09731	-1.16947	-1.19008	-1.17528	-1.12159	-1.02106	-0.880557	-0.71547	-0.530081	-0.339593	-0.165676	-0.0254306	0.0733094	0.125954	0.145516	0.14596	0.14478	0.154616	0.174972	0.191629	0.191311	0.173679	0.149456	0.117774	0.0771191	0.0391664	0.0102089	-0.0307658	-0.0779137	-0.107408	-0.110563	-0.0885048	-0.0435352	0.00458346	0.0428967	0.0675612	0.0725462	0.0790608	0.10437	0.143726	0.193543	0.243868	0.276075	0.290125	0.277095	
-0.904591	-0.904591	-0.95769	-1.04826	-1.15143	-1.23588	-1.27813	-1.28348	-1.26714	-1.21763	-1.12087	-0.979442	-0.803703	-0.595284	-0.374443	-0.169404	0.000603983	0.119392	0.181088	0.192516	0.175011	0.152907	0.144311	0.13635	0.105795	0.053633	-0.00376603	-0.0614533	-0.119682	-0.172691	-0.203324	-0.209301	-0.211802	-0.210518	-0.183501	-0.124232	-0.0435352	0.043485	0.123965	0.193371	0.248008	0.286748	0.314219	0.338202	0.363983	0.395442	0.417025	0.416979	0.396473	0.352699	
-1.10225	-1.10225	-1.14066	-1.20919	-1.28538	-1.33544	-1.34892	-1.33889	-1.31739	-1.26819	-1.17519	-1.03849	-0.858904	-0.638001	-0.397177	-0.168451	0.0240005	0.162013	0.232578	0.240718	0.209576	0.174305	0.154701	0.126187	0.060089	-0.0350618	-0.136058	-0.234605	-0.324609	-0.393902	-0.424716	-0.412958	-0.375211	-0.322929	-0.241248	-0.123779	0.00458346	0.123965	0.226554	0.316009	0.400265	0.466273	0.506753	0.527633	0.545513	0.559452	0.555911	0.529834	0.485811	0.411906	
-1.28414	-1.28414	-1.30423	-1.34086	-1.37759	-1.38972	-1.37661	-1.34796	-1.31184	-1.25141	-1.15817	-1.02483	-0.848444	-0.627006	-0.379281	-0.139493	0.0683101	0.217797	0.297963	0.306353	0.27058	0.227864	0.196827	0.151162	0.0577116	-0.0746005	-0.220022	-0.357475	-0.475558	-0.562601	-0.601189	-0.576871	-0.509789	-0.420146	-0.295297	-0.128985	0.0428967	0.193371	0.316009	0.430977	0.534579	0.611974	0.651113	0.668627	0.677653	0.67391	0.650999	0.613669	0.550456	0.461309	
-1.3907	-1.3907	-1.39402	-1.39929	-1.39521	-1.37375	-1.3349	-1.28669	-1.22705	-1.15253	-1.05473	-0.927043	-0.759176	-0.548525	-0.309202	-0.0712875	0.1367	0.289688	0.375948	0.393461	0.365925	0.320312	0.27386	0.203987	0.0818754	-0.0881408	-0.273992	-0.440793	-0.578226	-0.679811	-0.723457	-0.696348	-0.619342	-0.511042	-0.351977	-0.143185	0.0675612	0.248008	0.400265	0.534579	0.640553	0.705672	0.735633	0.749169	0.748679	0.736788	0.716133	0.676263	0.611038	0.520348	
-1.37582	-1.37582	-1.36669	-1.34699	-1.3121	-1.26156	-1.1997	-1.12853	-1.04875	-0.961602	-0.863817	-0.744169	-0.590684	-0.400219	-0.181856	0.0360269	0.228565	0.371413	0.460648	0.494735	0.485344	0.441744	0.373919	0.27433	0.119786	-0.0829998	-0.2976	-0.480122	-0.627863	-0.734651	-0.783511	-0.765785	-0.698307	-0.582468	-0.399633	-0.164968	0.0725462	0.286748	0.466273	0.611974	0.705672	0.755917	0.77822	0.784937	0.782646	0.778086	0.762372	0.727893	0.672347	0.589131	
-1.23132	-1.23132	-1.21126	-1.17506	-1.12001	-1.04957	-0.965412	-0.87665	-0.783522	-0.693869	-0.601102	-0.49516	-0.360868	-0.195759	-0.00806691	0.179024	0.343556	0.469146	0.558039	0.609729	0.620755	0.578815	0.491666	0.361996	0.179446	-0.0468521	-0.277087	-0.468963	-0.623323	-0.733561	-0.789126	-0.785723	-0.7289	-0.608336	-0.416422	-0.174829	0.0790608	0.314219	0.506753	0.651113	0.735633	0.77822	0.794877	0.805752	0.816312	0.822866	0.813796	0.790231	0.74785	0.679428	
-0.986259	-0.986259	-0.953569	-0.903613	-0.837527	-0.755765	-0.657027	-0.55876	-0.463194	-0.378289	-0.296467	-0.208518	-0.0973948	0.040571	0.196116	0.350713	0.48636	0.593685	0.677911	0.738873	0.760051	0.718904	0.619167	0.469172	0.268062	0.0297931	-0.208945	-0.412176	-0.577143	-0.692403	-0.753292	-0.756202	-0.701603	-0.578295	-0.38719	-0.14957	0.10437	0.338202	0.527633	0.668627	0.749169	0.784937	0.805752	0.835181	0.864483	0.883742	0.885929	0.879278	0.852531	0.801161	
-0.674548	-0.674548	-0.627427	-0.562618	-0.491468	-0.407666	-0.308649	-0.212667	-0.125956	-0.0528229	0.0110527	0.0760688	0.159955	0.270749	0.39568	0.522236	0.632296	0.723102	0.797235	0.855055	0.876198	0.83738	0.73858	0.582787	0.376401	0.13699	-0.108516	-0.325729	-0.504231	-0.624465	-0.68878	-0.691228	-0.633304	-0.507908	-0.320891	-0.0950718	0.143726	0.363983	0.545513	0.677653	0.748679	0.782646	0.816312	0.864483	0.909718	0.94741	0.975601	0.986025	0.976156	0.944652	
-0.327854	-0.327854	-0.268452	-0.191036	-0.116869	-0.0409149	0.0451883	0.125874	0.194848	0.247714	0.28792	0.327824	0.386322	0.470943	0.568479	0.66672	0.753039	0.825253	0.886392	0.93404	0.950956	0.919344	0.830756	0.682138	0.48199	0.249529	0.00278608	-0.223587	-0.408094	-0.532494	-0.600224	-0.599419	-0.536296	-0.411093	-0.232517	-0.0246557	0.193543	0.395442	0.559452	0.67391	0.736788	0.778086	0.822866	0.883742	0.94741	1.01319	1.0694	1.10032	1.10765	1.09126	
0.0364964	0.0364964	0.098763	0.180547	0.253208	0.313614	0.375589	0.429086	0.47095	0.492543	0.505405	0.52255	0.561829	0.622485	0.689466	0.754723	0.81108	0.86478	0.914164	0.956693	0.97384	0.953575	0.880117	0.747031	0.56352	0.346037	0.108121	-0.11654	-0.29895	-0.429307	-0.499205	-0.495399	-0.428456	-0.307475	-0.139903	0.0508519	0.243868	0.417025	0.555911	0.650999	0.716133	0.762372	0.813796	0.885929	0.975601	1.0694	1.15128	1.20106	1.22443	1.21729	
0.384164	0.384164	0.437084	0.512896	0.575836	0.618489	0.647621	0.670903	0.676725	0.665316	0.650628	0.653994	0.679898	0.716316	0.747637	0.77062	0.792765	0.825827	0.868761	0.912707	0.937406	0.930019	0.876047	0.766951	0.613085	0.419955	0.202791	-0.0100295	-0.187653	-0.319338	-0.390763	-0.384123	-0.319988	-0.205094	-0.0493136	0.119136	0.276075	0.416979	0.529834	0.613669	0.676263	0.727893	0.790231	0.879278	0.986025	1.10032	1.20106	1.2724	1.30309	1.29643	
0.686672	0.686672	0.724121	0.781437	0.82915	0.845291	0.843114	0.831389	0.806017	0.76368	0.7298	0.723258	0.735099	0.745665	0.736772	0.719031	0.705586	0.719248	0.754876	0.803082	0.839571	0.848388	0.820763	0.746952	0.631693	0.470323	0.279291	0.0824087	-0.086371	-0.212873	-0.2805	-0.275214	-0.216339	-0.109045	0.0301287	0.167894	0.290125	0.396473	0.485811	0.550456	0.611038	0.672347	0.74785	0.852531	0.976156	1.10765	1.22443	1.30309	1.33762	1.3328	
0.929615	0.929615	0.950291	0.985369	1.00585	0.99402	0.957881	0.9198	0.868488	0.809547	0.759616	0.739858	0.727857	0.707664	0.662899	0.610427	0.567406	0.556777	0.578591	0.626127	0.675936	0.708779	0.715552	0.688367	0.61388	0.491262	0.327814	0.154351	0.000252956	-0.110937	-0.172098	-0.174921	-0.126357	-0.035571	0.0789275	0.188556	0.277095	0.352699	0.411906	0.461309	0.520348	0.589131	0.679428	0.801161	0.944652	1.09126	1.21729	1.29643	1.3328	1.33026	
