1.49163	1.49163	1.47086	1.44183	1.41989	1.39562	1.32962	1.19968	1.02461	0.816279	0.56739	0.298891	0.041169	-0.200679	-0.41801	-0.600891	-0.746386	-0.850278	-0.915742	-0.946501	-0.950038	-0.932596	-0.90151	-0.864102	-0.826111	-0.788318	-0.757829	-0.732601	-0.715214	-0.705739	-0.703889	-0.710898	-0.72469	-0.74768	-0.775889	-0.810916	-0.848641	-0.886173	-0.92105	-0.945923	-0.950792	-0.932273	-0.880688	-0.793132	-0.663986	-0.495464	-0.291962	-0.0575877	0.193639	0.459509	
1.1594	1.1594	1.19875	1.25425	1.30705	1.34924	1.35974	1.30608	1.18421	1.0194	0.821612	0.588879	0.339135	0.0932642	-0.138087	-0.344873	-0.522443	-0.668057	-0.780425	-0.860551	-0.911817	-0.940125	-0.949507	-0.944294	-0.931866	-0.914568	-0.896545	-0.881084	-0.869507	-0.862492	-0.862101	-0.866081	-0.876552	-0.890393	-0.907321	-0.925107	-0.939682	-0.948631	-0.946886	-0.92616	-0.884477	-0.816527	-0.71711	-0.585021	-0.419519	-0.224454	-0.00165321	0.239818	0.489476	0.732604	
0.837666	0.837666	0.923536	1.052	1.17436	1.26949	1.33398	1.35205	1.30201	1.18798	1.03298	0.847619	0.635229	0.407388	0.177431	-0.0422951	-0.24175	-0.416028	-0.562831	-0.681559	-0.772356	-0.838861	-0.885969	-0.916179	-0.933348	-0.942344	-0.944597	-0.944099	-0.942469	-0.940937	-0.940833	-0.941392	-0.943277	-0.943899	-0.943206	-0.937332	-0.924121	-0.900307	-0.860327	-0.801397	-0.721104	-0.613592	-0.478046	-0.314425	-0.124652	0.0877857	0.315356	0.545399	0.765781	0.962869	
0.557181	0.557181	0.663623	0.83501	1.01332	1.15866	1.2634	1.33099	1.35077	1.30782	1.20641	1.0642	0.893762	0.702646	0.498554	0.289963	0.0868184	-0.102293	-0.272046	-0.419893	-0.54406	-0.643928	-0.722343	-0.782721	-0.826985	-0.859029	-0.881193	-0.895632	-0.904355	-0.908733	-0.909125	-0.906317	-0.899154	-0.88721	-0.868598	-0.84096	-0.802207	-0.748682	-0.677294	-0.586436	-0.472251	-0.333616	-0.172413	0.0094478	0.20767	0.415318	0.622286	0.819435	0.999023	1.15329	
0.338769	0.338769	0.439345	0.614791	0.820096	1.00882	1.1553	1.25933	1.32635	1.34976	1.31911	1.23583	1.11172	0.959555	0.789384	0.608541	0.423642	0.241846	0.0695319	-0.0890984	-0.231589	-0.355493	-0.459621	-0.545311	-0.613918	-0.667084	-0.707238	-0.735859	-0.754533	-0.764456	-0.76601	-0.759652	-0.744561	-0.720308	-0.684995	-0.637278	-0.575016	-0.496052	-0.399326	-0.283529	-0.148167	0.00430904	0.171507	0.350078	0.53453	0.717845	0.893003	1.05339	1.19007	1.2913	
0.187436	0.187436	0.265523	0.413189	0.608562	0.816648	1.0021	1.14614	1.24934	1.31694	1.34638	1.33117	1.27036	1.1705	1.04188	0.89456	0.736611	0.574815	0.415373	0.263331	0.121786	-0.00721597	-0.121575	-0.220236	-0.303309	-0.370934	-0.423988	-0.463372	-0.489877	-0.504163	-0.506644	-0.497286	-0.475903	-0.441852	-0.394331	-0.332571	-0.255609	-0.163094	-0.0550528	0.0682789	0.205128	0.35324	0.510189	0.671711	0.832023	0.984495	1.12172	1.23444	1.31202	1.34596	
0.0941793	0.0941793	0.145669	0.250951	0.407577	0.600431	0.8018	0.982634	1.12626	1.2312	1.30169	1.33857	1.33923	1.30241	1.23106	1.13175	1.01237	0.880463	0.742959	0.606103	0.474791	0.352128	0.240278	0.140995	0.0551803	-0.0166915	-0.0744074	-0.11812	-0.148006	-0.164237	-0.16699	-0.156197	-0.131852	-0.0936717	-0.0415588	0.0246733	0.104958	0.198879	0.305808	0.424421	0.552577	0.687673	0.825606	0.960594	1.08592	1.19424	1.27774	1.32902	1.34345	1.3207	
0.0429675	0.0429675	0.0723681	0.137102	0.244381	0.395131	0.577971	0.770252	0.947253	1.09281	1.20257	1.27889	1.3244	1.33979	1.32526	1.28249	1.21521	1.12851	1.02804	0.91972	0.809253	0.70144	0.599822	0.507074	0.425133	0.355218	0.298164	0.254439	0.224286	0.207829	0.205107	0.216124	0.24085	0.2792	0.330963	0.395793	0.473008	0.561578	0.659925	0.765634	0.875519	0.985346	1.08969	1.18263	1.25836	1.31149	1.33764	1.33428	1.30079	1.23694	
0.0178209	0.0178209	0.0325555	0.0673305	0.130892	0.231327	0.370465	0.539733	0.721139	0.893916	1.04237	1.15945	1.24485	1.30099	1.33038	1.33508	1.31726	1.27966	1.22557	1.15879	1.08359	1.00436	0.92517	0.849443	0.780013	0.719052	0.668165	0.628503	0.600828	0.585608	0.583086	0.593285	0.616057	0.651012	0.697525	0.754615	0.820874	0.894385	0.972576	1.05223	1.12956	1.20025	1.25991	1.30454	1.33063	1.3352	1.3159	1.27071	1.19733	1.09315	
0.00673336	0.00673336	0.0132824	0.0297743	0.0627126	0.120449	0.210294	0.334496	0.487234	0.655077	0.821286	0.97134	1.09636	1.19321	1.26258	1.3069	1.32911	1.3322	1.31912	1.29274	1.25597	1.21187	1.16361	1.11422	1.06645	1.02272	0.985009	0.954887	0.933497	0.921602	0.919609	0.927582	0.945254	0.972003	1.00685	1.04839	1.09481	1.14388	1.19295	1.23909	1.27917	1.31008	1.32883	1.33255	1.31833	1.28321	1.22419	1.13857	1.02473	0.884021	
0.00232374	0.00232374	0.00492718	0.0118925	0.0269689	0.0559469	0.105875	0.183015	0.289979	0.423485	0.574317	0.729812	0.877505	1.00799	1.11602	1.19999	1.26083	1.30091	1.32323	1.3309	1.32686	1.31388	1.29458	1.27143	1.24672	1.22252	1.20063	1.18253	1.16937	1.16195	1.16069	1.16568	1.17662	1.19286	1.2134	1.23688	1.26163	1.28567	1.3068	1.32262	1.33057	1.32794	1.31186	1.27925	1.22706	1.15257	1.05416	0.932268	0.790569	0.636819	
0.000734618	0.000734618	0.00166695	0.00430662	0.0104545	0.0232867	0.0474783	0.0886781	0.152102	0.240557	0.35279	0.483147	0.622816	0.762027	0.89217	1.00708	1.10338	1.18011	1.23814	1.27944	1.30655	1.32214	1.3288	1.32893	1.3247	1.31802	1.3105	1.3035	1.29803	1.29483	1.29428	1.29645	1.30108	1.30758	1.31503	1.32224	1.32767	1.32953	1.32577	1.31407	1.2919	1.2566	1.20556	1.1365	1.04804	0.940317	0.815683	0.679176	0.53852	0.403235	
0.000213385	0.000213385	0.000516028	0.00141957	0.00367	0.00873005	0.0190672	0.0382557	0.070635	0.120393	0.190262	0.280356	0.387717	0.506808	0.63071	0.752497	0.866336	0.968083	1.05542	1.12764	1.18531	1.22979	1.2629	1.28661	1.30288	1.31349	1.32001	1.32373	1.32567	1.32651	1.32664	1.32612	1.32469	1.32179	1.31653	1.30774	1.29395	1.27346	1.24436	1.20467	1.15248	1.0862	1.00491	0.908744	0.799341	0.680106	0.556241	0.434338	0.321478	0.223924	
5.71228e-05	5.71228e-05	0.000146658	0.000427627	0.00117204	0.00296304	0.00689661	0.0147829	0.0292203	0.0533898	0.0904914	0.142929	0.211529	0.295113	0.390605	0.493596	0.599139	0.702515	0.799799	0.888157	0.965907	1.0324	1.08779	1.13281	1.16849	1.19601	1.21654	1.23112	1.24059	1.24557	1.24639	1.24311	1.2355	1.22307	1.20504	1.18046	1.14819	1.10706	1.05593	0.993933	0.920657	0.836397	0.742399	0.641032	0.535807	0.431178	0.332086	0.243256	0.168389	0.109467	
1.41345e-05	1.41345e-05	3.83923e-05	0.000118177	0.000342014	0.000914997	0.00225909	0.00514796	0.010838	0.02112	0.0382043	0.0643941	0.101601	0.150849	0.21194	0.283398	0.362693	0.446639	0.531861	0.615204	0.694021	0.766323	0.830805	0.886774	0.934026	0.972703	1.00315	1.0258	1.04108	1.0493	1.05066	1.04521	1.0328	1.01315	0.98588	0.950549	0.906761	0.854277	0.793145	0.723845	0.647426	0.565599	0.48076	0.395888	0.314314	0.239357	0.173864	0.119775	0.0778096	0.047408	
3.24198e-06	3.24198e-06	9.28675e-06	3.00708e-05	9.15716e-05	0.000258272	0.000673649	0.00162486	0.00362687	0.00750279	0.0144177	0.0258182	0.0432524	0.0680955	0.101252	0.142927	0.192528	0.248723	0.309622	0.373023	0.436661	0.498423	0.556491	0.609418	0.656136	0.695921	0.728328	0.753117	0.770184	0.779496	0.78105	0.774845	0.760883	0.739178	0.709799	0.672925	0.628908	0.578352	0.522182	0.461691	0.398555	0.334782	0.2726	0.214265	0.161824	0.116861	0.0802769	0.0521852	0.0319395	0.0183176	
6.9116e-07	6.9116e-07	2.08195e-06	7.06957e-06	2.2582e-05	6.69225e-05	0.000183742	0.00046731	0.00110145	0.00240873	0.00489659	0.00927736	0.0164373	0.0273413	0.0428843	0.0637217	0.0901249	0.121899	0.158377	0.19849	0.240884	0.284055	0.326489	0.366762	0.40362	0.436014	0.463113	0.484291	0.499104	0.507268	0.508633	0.503178	0.490997	0.47232	0.447522	0.417154	0.381963	0.342911	0.301173	0.258113	0.215219	0.174015	0.135932	0.102171	0.0735696	0.0505164	0.0329205	0.0202649	0.0117301	0.0063582	
1.3731e-07	1.3731e-07	4.3381e-07	1.54052e-06	5.1475e-06	1.59815e-05	4.60424e-05	0.000123054	0.000305177	0.000702918	0.00150596	0.00300764	0.00561539	0.00983462	0.0162196	0.0252957	0.0374675	0.0529356	0.0716398	0.0932406	0.11714	0.142534	0.168484	0.193994	0.218078	0.239824	0.25843	0.273234	0.283727	0.289558	0.290535	0.286628	0.277964	0.264828	0.247668	0.227085	0.203827	0.178769	0.152871	0.127135	0.10253	0.0799247	0.0600067	0.0432235	0.0297468	0.0194756	0.0120774	0.00706362	0.00388067	0.00199545	
2.54823e-08	2.54823e-08	8.42386e-08	3.12078e-07	1.08815e-06	3.5301e-06	1.06417e-05	2.97984e-05	7.75144e-05	0.000187434	0.000421808	0.000885049	0.00173561	0.00319047	0.00551639	0.00900498	0.0139332	0.0205162	0.0288626	0.0389409	0.0505649	0.0633987	0.0769799	0.0907563	0.104128	0.116493	0.127285	0.136008	0.142263	0.145763	0.146352	0.144	0.138816	0.131035	0.121013	0.109209	0.0961664	0.0824768	0.0687464	0.0555519	0.0433963	0.0326699	0.0236205	0.0163405	0.0107741	0.00674371	0.00399097	0.00222457	0.00116372	0.000569542	
4.42769e-09	4.42769e-09	1.52824e-08	5.89362e-08	2.13969e-07	7.23634e-07	2.2769e-06	6.66229e-06	1.81275e-05	4.58848e-05	0.000108148	0.000237698	0.000488175	0.000939235	0.00169795	0.00289388	0.00466654	0.0071461	0.0104304	0.0145626	0.0195143	0.0251771	0.0313644	0.0378229	0.0442516	0.050326	0.0557237	0.0601492	0.0633554	0.0651618	0.0654657	0.0642499	0.0615835	0.057617	0.0525729	0.0467297	0.0404021	0.0339168	0.0275873	0.0216887	0.0164359	0.0119694	0.00834898	0.00555845	0.00351919	0.002111	0.00119537	0.00063678	0.000318108	0.000148619	
7.21864e-10	7.21864e-10	2.59634e-09	1.04026e-08	3.9247e-08	1.38081e-07	4.52478e-07	1.38024e-06	3.91856e-06	1.03565e-05	2.54982e-05	5.85508e-05	0.000125609	0.000252301	0.000475739	0.00084462	0.00141645	0.00225142	0.00340338	0.0049093	0.00677923	0.00898874	0.0114756	0.0141411	0.0168568	0.0194745	0.0218393	0.0238036	0.0252404	0.0260547	0.0261919	0.0256428	0.0244442	0.0226759	0.0204533	0.0179175	0.0152221	0.0125196	0.00994772	0.00761812	0.00560799	0.0039567	0.0026672	0.00171212	0.001043	0.000600923	0.000326363	0.000166566	7.96658e-05	3.56237e-05	
1.1065e-10	1.1065e-10	4.13976e-10	1.7202e-09	6.73245e-09	2.45953e-08	8.37699e-08	2.65834e-07	7.85753e-07	2.16342e-06	5.55111e-06	1.32863e-05	2.97046e-05	6.21501e-05	0.000121968	0.000225106	0.000391851	0.000645342	0.00100871	0.00150111	0.0021333	0.00290356	0.00379494	0.00477438	0.0057942	0.00679568	0.00771448	0.00848704	0.00905718	0.00938209	0.00943691	0.00921741	0.00874045	0.00804214	0.00717401	0.00619746	0.00517733	0.0041753	0.00324401	0.00242263	0.00173455	0.00118731	0.000774671	0.000480276	0.000282036	0.000156386	8.16338e-05	4.00059e-05	1.83616e-05	7.877e-06	
1.59769e-11	1.59769e-11	6.20759e-11	2.67093e-10	1.08266e-09	4.10004e-09	1.44885e-08	4.77412e-08	1.46629e-07	4.19722e-07	1.12006e-06	2.78846e-06	6.48358e-06	1.41017e-05	2.87467e-05	5.50517e-05	9.93002e-05	0.000169177	0.000273029	0.000418623	0.000611546	0.00085352	0.001141	0.00146438	0.00180808	0.00215158	0.00247134	0.00274331	0.00294571	0.00306165	0.00308124	0.00300278	0.002833	0.00258623	0.00228259	0.00194556	0.00159922	0.00126556	0.000962309	0.000701505	0.000489054	0.000325184	0.000205645	0.000123326	6.99293e-05	3.73845e-05	1.87924e-05	8.86082e-06	3.91073e-06	1.61287e-06	
2.17699e-12	2.17699e-12	8.77088e-12	3.90205e-11	1.6358e-10	6.41178e-10	2.34698e-09	8.01664e-09	2.55389e-08	7.58649e-08	2.10164e-07	5.43203e-07	1.31111e-06	2.959e-06	6.25476e-06	1.24084e-05	2.31559e-05	4.07522e-05	6.78172e-05	0.000107006	0.000160516	0.00022951	0.000313554	0.000410229	0.000515008	0.000621492	0.000721998	0.00080842	0.00087325	0.000910573	0.000916886	0.00089159	0.000837071	0.00075837	0.000662476	0.000557383	0.000451059	0.000350503	0.000261033	0.000185912	0.000126327	8.16876e-05	5.01333e-05	2.91222e-05	1.59689e-05	8.24424e-06	3.99768e-06	1.81685e-06	7.72511e-07	3.06869e-07	
2.80399e-13	2.80399e-13	1.16982e-12	5.37415e-12	2.32693e-11	9.42713e-11	3.56921e-10	1.26183e-09	4.16295e-09	1.28122e-08	3.67831e-08	9.85381e-08	2.46478e-07	5.76267e-07	1.26111e-06	2.58776e-06	4.98916e-06	9.05836e-06	1.55254e-05	2.51824e-05	3.87526e-05	5.67173e-05	7.91313e-05	0.000105471	0.000134558	0.000164596	0.000193326	0.000218289	0.000237159	0.000248075	0.000249923	0.000242514	0.000226607	0.000203794	0.000176258	0.000146445	0.000116731	8.91221e-05	6.50523e-05	4.53019e-05	3.00305e-05	1.89039e-05	1.12718e-05	6.35036e-06	3.372e-06	1.68362e-06	7.88757e-07	3.46081e-07	1.42001e-07	5.44226e-08	
3.41932e-14	3.41932e-14	1.47534e-13	6.99037e-13	3.12236e-12	1.30581e-11	5.10686e-11	1.86605e-10	6.36632e-10	2.02698e-09	6.02177e-09	1.66943e-08	4.32099e-08	1.04501e-07	2.36423e-07	5.01117e-07	9.96884e-07	1.86503e-06	3.28865e-06	5.4782e-06	8.64088e-06	1.29352e-05	1.84179e-05	2.49948e-05	3.23898e-05	4.01453e-05	4.76583e-05	5.42526e-05	5.9274e-05	6.2192e-05	6.26867e-05	6.07032e-05	5.64604e-05	5.04142e-05	4.31816e-05	3.54426e-05	2.78395e-05	2.08943e-05	1.49571e-05	1.01919e-05	6.59643e-06	4.04601e-06	2.34635e-06	1.2835e-06	6.60787e-07	3.19505e-07	1.4482e-07	6.14366e-08	2.43625e-08	9.02227e-09	
3.95366e-15	3.95366e-15	1.76218e-14	8.602e-14	3.95925e-13	1.70727e-12	6.8886e-12	2.59831e-11	9.15476e-11	3.01133e-10	9.24459e-10	2.64862e-09	7.084e-09	1.7698e-08	4.13398e-08	9.03971e-08	1.85334e-07	3.56902e-07	6.46834e-07	1.10559e-06	1.78605e-06	2.73283e-06	3.96876e-06	5.48109e-06	7.21146e-06	9.05345e-06	1.086e-05	1.24613e-05	1.36893e-05	1.4406e-05	1.45277e-05	1.40398e-05	1.29999e-05	1.1527e-05	9.78046e-06	7.93275e-06	6.14263e-06	4.53414e-06	3.18491e-06	2.12488e-06	1.34376e-06	8.03773e-07	4.53762e-07	2.41258e-07	1.20563e-07	5.65215e-08	2.48186e-08	1.01934e-08	3.91191e-09	1.40182e-09	
4.34078e-16	4.34078e-16	1.9964e-15	1.00299e-14	4.75224e-14	2.11067e-13	8.77641e-13	3.4132e-12	1.24048e-11	4.21032e-11	1.33399e-10	3.94481e-10	1.08889e-09	2.80675e-09	6.76091e-09	1.52348e-08	3.21568e-08	6.36782e-08	1.1851e-07	2.07679e-07	3.43365e-07	5.36671e-07	7.94497e-07	1.11611e-06	1.49038e-06	1.8946e-06	2.29584e-06	2.65485e-06	2.9321e-06	3.09463e-06	3.12226e-06	3.01148e-06	2.77618e-06	2.4449e-06	2.0554e-06	1.64786e-06	1.25834e-06	9.13895e-07	6.3023e-07	4.1193e-07	2.54703e-07	1.48686e-07	8.17837e-08	4.2304e-08	2.05413e-08	9.34747e-09	3.98085e-09	1.58485e-09	5.89361e-10	2.04617e-10	
4.53133e-17	4.53133e-17	2.14831e-16	1.1098e-15	5.40784e-15	2.47143e-14	1.05796e-13	4.23775e-13	1.58692e-12	5.55143e-12	1.81323e-11	5.52798e-11	1.57298e-10	4.17859e-10	1.03685e-09	2.40515e-09	5.22142e-09	1.06228e-08	2.02848e-08	3.64182e-08	6.15834e-08	9.82654e-08	1.48222e-07	2.11717e-07	2.86831e-07	3.69109e-07	4.51743e-07	5.26367e-07	5.84386e-07	6.18542e-07	6.24354e-07	6.01044e-07	5.51699e-07	4.82629e-07	4.02093e-07	3.18729e-07	2.40094e-07	1.71634e-07	1.16253e-07	7.4481e-08	4.50555e-08	2.5687e-08	1.37769e-08	6.93915e-09	3.27701e-09	1.44894e-09	5.99127e-10	2.31467e-10	8.35026e-11	2.81203e-11	
4.50323e-18	4.50323e-18	2.19877e-17	1.16694e-16	5.84291e-16	2.74513e-15	1.20864e-14	4.98146e-14	1.92011e-13	6.91594e-13	2.32623e-12	7.30374e-12	2.14016e-11	5.85314e-11	1.4946e-10	3.56559e-10	7.95421e-10	1.66119e-09	3.25226e-09	5.97792e-09	1.03328e-08	1.68233e-08	2.5844e-08	3.752e-08	5.1556e-08	6.71442e-08	8.29796e-08	9.74102e-08	1.08704e-07	1.15381e-07	1.16518e-07	1.11956e-07	1.02331e-07	8.89342e-08	7.34402e-08	5.75701e-08	4.27921e-08	3.01202e-08	2.00465e-08	1.25953e-08	7.45846e-09	4.15552e-09	2.17481e-09	1.06749e-09	4.90725e-10	2.11021e-10	8.4802e-11	3.18257e-11	1.11497e-11	3.64592e-12	
4.2656e-19	4.2656e-19	2.1431e-18	1.16757e-17	6.00227e-17	2.89664e-16	1.31056e-15	5.55289e-15	2.20107e-14	8.15489e-14	2.82196e-13	9.11589e-13	2.74804e-12	7.73015e-12	2.02943e-11	4.97481e-11	1.13947e-10	2.44096e-10	4.89618e-10	9.20801e-10	1.62597e-09	2.69995e-09	4.22241e-09	6.22838e-09	8.67792e-09	1.14353e-08	1.42679e-08	1.68722e-08	1.89237e-08	2.01414e-08	2.03491e-08	1.95161e-08	1.77641e-08	1.53393e-08	1.25572e-08	9.73669e-09	7.14326e-09	4.95224e-09	3.23985e-09	1.9972e-09	1.15831e-09	6.31058e-10	3.22488e-10	1.5437e-10	6.91344e-11	2.89381e-11	1.13125e-11	4.12806e-12	1.40581e-12	4.46804e-13	
3.85558e-20	3.85558e-20	1.99161e-19	1.113e-18	5.87018e-18	2.90761e-17	1.35076e-16	5.87859e-16	2.39419e-15	9.11624e-15	3.24258e-14	1.07672e-13	3.33626e-13	9.64419e-13	2.60094e-12	6.54599e-12	1.53825e-11	3.37764e-11	6.93678e-11	1.334e-10	2.40525e-10	4.07153e-10	6.47967e-10	9.70827e-10	1.37118e-09	1.82783e-09	2.30214e-09	2.74203e-09	3.09077e-09	3.29859e-09	3.33409e-09	3.19174e-09	2.89334e-09	2.48259e-09	2.01498e-09	1.54571e-09	1.11952e-09	7.64673e-10	4.91921e-10	2.97644e-10	1.6915e-10	9.01626e-11	4.50183e-11	2.10303e-11	9.18239e-12	3.74428e-12	1.42506e-12	5.06071e-13	1.67678e-13	5.18449e-14	
3.32904e-21	3.32904e-21	1.76667e-20	1.01203e-19	5.47232e-19	2.78e-18	1.32506e-17	5.91873e-17	2.47476e-16	9.67629e-16	3.5348e-15	1.20553e-14	3.83626e-14	1.13868e-13	3.15211e-13	8.13876e-13	1.96076e-12	4.41013e-12	9.26791e-12	1.82152e-11	3.35186e-11	5.78175e-11	9.36037e-11	1.42406e-10	2.0384e-10	2.74828e-10	3.49361e-10	4.19082e-10	4.74703e-10	5.07981e-10	5.13671e-10	4.90853e-10	4.43166e-10	3.77882e-10	3.04128e-10	2.30847e-10	1.65098e-10	1.11132e-10	7.03225e-11	4.178e-11	2.32763e-11	1.2145e-11	5.9283e-12	2.70441e-12	1.15203e-12	4.57967e-13	1.6983e-13	5.87405e-14	1.89516e-14	5.70532e-15	
2.74862e-22	2.74862e-22	1.49749e-21	8.78756e-21	4.86834e-20	2.53482e-19	1.23875e-18	5.67487e-18	2.43421e-17	9.76607e-17	3.66118e-16	1.28145e-15	4.18473e-15	1.27443e-14	3.61853e-14	9.57847e-14	2.36422e-13	5.44361e-13	1.16992e-12	2.34879e-12	4.40911e-12	7.74696e-12	1.27544e-11	1.96982e-11	2.85693e-11	3.89515e-11	4.9969e-11	6.03624e-11	6.87056e-11	7.37166e-11	7.45746e-11	7.11348e-11	6.3968e-11	5.42088e-11	4.3267e-11	3.25014e-11	2.29573e-11	1.52327e-11	9.48416e-12	5.53478e-12	3.0241e-12	1.54533e-12	7.37832e-13	3.28885e-13	1.36772e-13	5.3043e-14	1.91795e-14	6.46597e-15	2.03292e-15	5.96343e-16	
2.17219e-23	2.17219e-23	1.21413e-22	7.29416e-22	4.1377e-21	2.20669e-20	1.10494e-19	5.18794e-19	2.28134e-18	9.38494e-18	3.60799e-17	1.29508e-16	4.337e-16	1.35422e-15	3.94114e-15	1.06882e-14	2.70119e-14	6.36317e-14	1.39783e-13	2.86529e-13	5.48465e-13	9.8125e-13	1.64238e-12	2.5743e-12	3.7823e-12	5.21393e-12	6.74917e-12	8.20957e-12	9.38908e-12	1.01003e-11	1.02222e-11	9.73347e-12	8.71835e-12	7.3433e-12	5.81312e-12	4.32209e-12	3.01572e-12	1.97291e-12	1.20898e-12	6.93256e-13	3.71629e-13	1.86068e-13	8.69424e-14	3.78883e-14	1.53916e-14	5.82712e-15	2.05584e-15	6.76024e-16	2.07271e-16	5.92886e-17	
1.64465e-24	1.64465e-24	9.42516e-24	5.79366e-23	3.36323e-22	1.83611e-21	9.41424e-21	4.52745e-20	2.03967e-19	8.59789e-19	3.38741e-18	1.24611e-17	4.27647e-17	1.3682e-16	4.07868e-16	1.13255e-15	2.92893e-15	7.05525e-15	1.58339e-14	3.31236e-14	6.46281e-14	1.17694e-13	2.00211e-13	3.18413e-13	4.73837e-13	6.60327e-13	8.62391e-13	1.0562e-12	1.21367e-12	1.30898e-12	1.32534e-12	1.25978e-12	1.124e-12	9.41025e-13	7.38914e-13	5.43843e-13	3.74908e-13	2.41876e-13	1.45918e-13	8.22418e-14	4.32702e-14	2.12359e-14	9.71538e-15	4.1414e-15	1.64437e-15	6.08094e-16	2.09463e-16	6.72268e-17	2.01141e-17	5.61413e-18	
1.19405e-25	1.19405e-25	7.01178e-25	4.40774e-24	2.61702e-23	1.46172e-22	7.66993e-22	3.77582e-21	1.74167e-20	7.51826e-20	3.03363e-19	1.14297e-18	4.01723e-18	1.31609e-17	4.01637e-17	1.14123e-16	3.01851e-16	7.43122e-16	1.70306e-15	3.63438e-15	7.22532e-15	1.33892e-14	2.31426e-14	3.73366e-14	5.6265e-14	7.92553e-14	1.04421e-13	1.28756e-13	1.48648e-13	1.60733e-13	1.6281e-13	1.54488e-13	1.37305e-13	1.14269e-13	8.90088e-14	6.48578e-14	4.41809e-14	2.81153e-14	1.6702e-14	9.2553e-15	4.78099e-15	2.30086e-15	1.03111e-15	4.30149e-16	1.67023e-16	6.03664e-17	2.03137e-17	6.36729e-18	1.86023e-18	5.06959e-19	
8.31982e-27	8.31982e-27	5.00342e-26	3.21484e-25	1.95126e-24	1.11446e-23	5.98127e-23	3.01247e-22	1.42192e-21	6.28196e-21	2.5945e-20	1.00059e-19	3.59959e-19	1.20686e-18	3.76823e-18	1.09508e-17	2.96078e-17	7.44612e-17	1.74181e-16	3.79039e-16	7.6754e-16	1.44689e-15	2.54041e-15	4.15677e-15	6.34238e-15	9.02915e-15	1.2e-14	1.48959e-14	1.72772e-14	1.87293e-14	1.89792e-14	1.79783e-14	1.59175e-14	1.31689e-14	1.01766e-14	7.34227e-15	4.94298e-15	3.10327e-15	1.81574e-15	9.89545e-16	5.02036e-16	2.37008e-16	1.04084e-16	4.25135e-17	1.61512e-17	5.70828e-18	1.87759e-18	5.75102e-19	1.64159e-19	4.37072e-20	
5.56797e-28	5.56797e-28	3.42742e-27	2.24988e-26	1.39532e-25	8.14504e-25	4.46896e-24	2.30153e-23	1.11105e-22	5.02095e-22	2.12138e-21	8.36964e-21	3.08015e-20	1.05629e-19	3.3726e-19	1.00189e-18	2.76767e-18	7.10718e-18	1.69626e-17	3.76263e-17	7.75814e-17	1.48731e-16	2.65204e-16	4.40026e-16	6.7967e-16	9.77789e-16	1.31073e-15	1.63787e-15	1.90846e-15	2.07409e-15	2.10263e-15	1.98835e-15	1.75376e-15	1.44244e-15	1.10595e-15	7.90144e-16	5.2579e-16	3.25717e-16	1.8775e-16	1.00655e-16	5.01697e-17	2.32422e-17	1.00064e-17	4.0035e-18	1.48883e-18	5.14805e-19	1.65603e-19	4.95937e-20	1.38387e-20	3.6017e-21	
3.58184e-29	3.58184e-29	2.25568e-28	1.51207e-27	9.5774e-27	5.71135e-26	3.20203e-25	1.6854e-24	8.317e-24	3.8426e-23	1.65998e-22	6.69659e-22	2.51977e-21	8.83396e-21	2.88287e-20	8.75016e-20	2.46857e-19	6.46999e-19	1.57489e-18	3.55971e-18	7.47125e-18	1.45624e-17	2.63646e-17	4.4349e-17	6.93368e-17	1.00789e-16	1.36264e-16	1.71396e-16	2.00626e-16	2.18582e-16	2.2168e-16	2.09279e-16	1.83893e-16	1.50373e-16	1.14398e-16	8.09429e-17	5.32461e-17	3.25527e-17	1.84893e-17	9.75345e-18	4.77748e-18	2.17264e-18	9.1734e-19	3.59661e-19	1.30984e-19	4.43323e-20	1.39537e-20	4.08774e-21	1.11564e-21	2.83981e-22	
2.21647e-30	2.21647e-30	1.42734e-29	9.76661e-29	6.3153e-28	3.8456e-27	2.20205e-26	1.18404e-25	5.96995e-25	2.81855e-24	1.24434e-23	5.13022e-23	1.97275e-22	7.06711e-22	2.35609e-21	7.30338e-21	2.1033e-20	5.62416e-20	1.39571e-19	3.21351e-19	6.86345e-19	1.35976e-18	2.49902e-18	4.2611e-18	6.74219e-18	9.90163e-18	1.35001e-17	1.70919e-17	2.00974e-17	2.19506e-17	2.22708e-17	2.09896e-17	1.83747e-17	1.49389e-17	1.12776e-17	7.90317e-18	5.14006e-18	3.10175e-18	1.73628e-18	9.01451e-19	4.34047e-19	1.93829e-19	8.02895e-20	3.08596e-20	1.10108e-20	3.64938e-21	1.12444e-21	3.22385e-22	8.61001e-23	2.14454e-23	
1.32029e-31	1.32029e-31	8.69028e-31	6.06734e-30	4.00357e-29	2.48837e-28	1.45468e-27	7.98696e-27	4.1127e-26	1.98327e-25	8.94393e-25	3.76677e-24	1.47956e-23	5.41354e-23	1.84297e-22	5.83182e-22	1.71377e-21	4.67349e-21	1.182e-20	2.7713e-20	6.02153e-20	1.21229e-19	2.26121e-19	3.90758e-19	6.25648e-19	9.28212e-19	1.27618e-18	1.62619e-18	1.92076e-18	2.10304e-18	2.13458e-18	2.00844e-18	1.75171e-18	1.41604e-18	1.06082e-18	7.36369e-19	4.73555e-19	2.82106e-19	1.55664e-19	7.95594e-20	3.76665e-20	1.6522e-20	6.71654e-21	2.53168e-21	8.85348e-22	2.87472e-22	8.67462e-23	2.43519e-23	6.36721e-24	1.55255e-24	
7.57566e-33	7.57566e-33	5.0945e-32	3.62784e-31	2.44192e-30	1.54854e-29	9.23825e-29	5.1772e-28	2.72144e-27	1.33987e-26	6.16955e-26	2.65308e-25	1.06402e-24	3.97457e-24	1.38112e-23	4.45958e-23	1.33673e-22	3.71628e-22	9.57582e-22	2.28556e-21	5.05083e-21	1.03309e-20	1.95532e-20	3.42398e-20	5.54678e-20	8.31243e-20	1.15237e-19	1.47788e-19	1.75339e-19	1.9245e-19	1.95414e-19	1.83563e-19	1.59509e-19	1.28213e-19	9.53227e-20	6.55468e-20	4.16853e-20	2.45184e-20	1.33384e-20	6.71249e-21	3.12555e-21	1.34704e-21	5.37588e-22	1.98791e-22	6.81623e-23	2.16911e-23	6.41293e-24	1.76347e-24	4.51608e-25	1.0785e-25	
4.18986e-34	4.18986e-34	2.87754e-33	2.08926e-32	1.434e-31	9.27484e-31	5.6444e-30	3.22733e-29	1.73113e-28	8.69815e-28	4.08772e-27	1.79412e-26	7.34365e-26	2.79939e-25	9.92514e-25	3.26895e-24	9.9908e-24	2.83068e-23	7.42868e-23	1.80448e-22	4.05469e-22	8.42393e-22	1.61755e-21	2.8698e-21	4.70324e-21	7.11893e-21	9.95063e-21	1.28429e-20	1.53048e-20	1.68393e-20	1.71055e-20	1.60418e-20	1.38887e-20	1.11009e-20	8.1911e-21	5.58e-21	3.50968e-21	2.03846e-21	1.09352e-21	5.41962e-22	2.48253e-22	1.05152e-22	4.12101e-23	1.49548e-23	5.02952e-24	1.56923e-24	4.54729e-25	1.22538e-25	3.07483e-26	7.19478e-27	
2.23499e-35	2.23499e-35	1.567e-34	1.15963e-33	8.11336e-33	5.35014e-32	3.3202e-31	1.93618e-30	1.05938e-29	5.43014e-29	2.60351e-28	1.16582e-27	4.86834e-27	1.89311e-26	6.84568e-26	2.299e-25	7.16179e-25	2.06726e-24	5.5238e-24	1.36516e-23	3.1183e-23	6.57907e-23	1.28143e-22	2.30306e-22	3.81801e-22	5.83644e-22	8.22484e-22	1.06829e-21	1.27869e-21	1.4103e-21	1.43317e-21	1.34185e-21	1.15752e-21	9.20005e-22	6.73786e-22	4.54761e-22	2.82919e-22	1.62285e-22	8.58589e-23	4.19156e-23	1.88922e-23	7.86662e-24	3.02845e-24	1.07886e-24	3.56007e-25	1.08942e-25	3.09541e-26	8.1773e-27	2.01135e-27	4.61314e-28	
1.15055e-36	1.15055e-36	8.23219e-36	6.20727e-35	4.42552e-34	2.97434e-33	1.88159e-32	1.11869e-31	6.24128e-31	3.2624e-30	1.59521e-29	7.28503e-29	3.10247e-28	1.23023e-27	4.53563e-27	1.5526e-26	4.9282e-26	1.4488e-25	3.94047e-25	9.90572e-25	2.29957e-24	4.92602e-24	9.73054e-24	1.77136e-23	2.97014e-23	4.58505e-23	6.51391e-23	8.51398e-23	1.02356e-22	1.13163e-22	1.15043e-22	1.07537e-22	9.24298e-23	7.30557e-23	5.31072e-23	3.55153e-23	2.18566e-23	1.23832e-23	6.46232e-24	3.1082e-24	1.37878e-24	5.64533e-25	2.13544e-25	7.47019e-26	2.41945e-26	7.26409e-27	2.02449e-27	5.24492e-28	1.26505e-28	2.84505e-29	
5.71932e-38	5.71932e-38	4.1746e-37	3.20628e-36	2.32869e-35	1.59463e-34	1.02798e-33	6.22911e-33	3.54242e-32	1.88762e-31	9.40965e-31	4.38101e-30	1.90205e-29	7.68839e-29	2.889e-28	1.00768e-27	3.25809e-27	9.75214e-27	2.69908e-26	6.89981e-26	1.62753e-25	3.53912e-25	7.0889e-25	1.30692e-24	2.21622e-24	3.45463e-24	4.94758e-24	6.50722e-24	7.85714e-24	8.70752e-24	8.85567e-24	8.26458e-24	7.07797e-24	5.56347e-24	4.01453e-24	2.66027e-24	1.61964e-24	9.06478e-25	4.66688e-25	2.21184e-25	9.65846e-26	3.88953e-26	1.44603e-26	4.96877e-27	1.58e-27	4.65579e-28	1.27317e-28	3.2359e-29	7.65605e-30	1.68895e-30	
2.74704e-39	2.74704e-39	2.04483e-38	1.59926e-37	1.1829e-36	8.25059e-36	5.41839e-35	3.34526e-34	1.93854e-33	1.05269e-32	5.34802e-32	2.53769e-31	1.12284e-30	4.6251e-30	1.77076e-29	6.29155e-29	2.07147e-28	6.31122e-28	1.77704e-27	4.61849e-27	1.10671e-26	2.44255e-26	4.96028e-26	9.26034e-26	1.58797e-25	2.49934e-25	3.60818e-25	4.77517e-25	5.7908e-25	6.43285e-25	6.54486e-25	6.0982e-25	5.20394e-25	4.06795e-25	2.91388e-25	1.91345e-25	1.15258e-25	6.37297e-26	3.23729e-26	1.51212e-26	6.50116e-27	2.57555e-27	9.41323e-28	3.17799e-28	9.92453e-29	2.87109e-29	7.7061e-30	1.92207e-30	4.46236e-31	9.65938e-32	
1.33247e-40	1.33247e-40	1.01201e-39	8.06367e-39	6.0771e-38	4.31962e-37	2.89145e-36	1.81981e-35	1.07517e-34	5.95331e-34	3.08417e-33	1.49239e-32	6.73373e-32	2.82828e-31	1.10398e-30	3.99818e-30	1.34138e-29	4.16271e-29	1.19322e-28	3.15501e-28	7.68546e-28	1.7227e-27	3.54919e-27	6.71373e-27	1.16487e-26	1.85214e-26	2.69645e-26	3.59202e-26	4.37598e-26	4.87341e-26	4.96032e-26	4.61396e-26	3.92247e-26	3.04844e-26	2.16673e-26	1.40928e-26	8.39411e-27	4.58263e-27	2.29534e-27	1.05594e-27	4.46685e-28	1.7397e-28	6.24645e-29	2.0706e-29	6.34619e-30	1.80123e-30	4.74212e-31	1.16001e-31	2.64106e-32	5.60632e-33	
1.33247e-40	1.33247e-40	1.01201e-39	8.06367e-39	6.0771e-38	4.31962e-37	2.89145e-36	1.81981e-35	1.07517e-34	5.95331e-34	3.08417e-33	1.49239e-32	6.73373e-32	2.82828e-31	1.10398e-30	3.99818e-30	1.34138e-29	4.16271e-29	1.19322e-28	3.15501e-28	7.68546e-28	1.7227e-27	3.54919e-27	6.71373e-27	1.16487e-26	1.85214e-26	2.69645e-26	3.59202e-26	4.37598e-26	4.87341e-26	4.96032e-26	4.61396e-26	3.92247e-26	3.04844e-26	2.16673e-26	1.40928e-26	8.39411e-27	4.58263e-27	2.29534e-27	1.05594e-27	4.46685e-28	1.7397e-28	6.24645e-29	2.0706e-29	6.34619e-30	1.80123e-30	4.74212e-31	1.16001e-31	2.64106e-32	5.60632e-33	
