0.0533895	0.0533895	0.0583731	0.067152	0.0808791	0.0979929	0.118209	0.141535	0.164547	0.191104	0.212962	0.23478	0.254203	0.262957	0.271804	0.270601	0.261803	0.250504	0.230957	0.206756	0.174692	0.13672	0.0913722	0.0444	-0.0112409	-0.068168	-0.12288	-0.174538	-0.222927	-0.263401	-0.299602	-0.335395	-0.359944	-0.38253	-0.396483	-0.39526	-0.372841	-0.333195	-0.262351	-0.169325	-0.0609637	0.0430795	0.129976	0.180418	0.179017	0.118974	0.0113146	-0.136793	-0.309156	-0.475559	
-0.292276	-0.292276	-0.285719	-0.272605	-0.253505	-0.227865	-0.198734	-0.162645	-0.126029	-0.0859057	-0.0446769	-0.0058588	0.0338425	0.0691996	0.104203	0.133703	0.158023	0.179934	0.187154	0.188732	0.180563	0.161509	0.132094	0.0942892	0.0491126	0.000511004	-0.0483137	-0.100971	-0.152916	-0.20114	-0.24997	-0.298766	-0.337737	-0.373621	-0.399466	-0.405895	-0.392364	-0.359331	-0.298979	-0.220229	-0.130065	-0.0402137	0.0431782	0.102308	0.117359	0.0716781	-0.0309548	-0.186356	-0.374031	-0.559954	
-0.568747	-0.568747	-0.56325	-0.547162	-0.528606	-0.501879	-0.469272	-0.433681	-0.392501	-0.34551	-0.298216	-0.244153	-0.186968	-0.131545	-0.071751	-0.0166861	0.0346167	0.081258	0.118269	0.149842	0.168951	0.175113	0.171692	0.160306	0.136922	0.105631	0.0684867	0.0229477	-0.0275483	-0.0809259	-0.139318	-0.19896	-0.249496	-0.297995	-0.332437	-0.347718	-0.345402	-0.328179	-0.288422	-0.233278	-0.162533	-0.0802919	0.00730678	0.0779234	0.102474	0.0621071	-0.0419856	-0.20693	-0.410812	-0.621232	
-0.769058	-0.769058	-0.763419	-0.751515	-0.735161	-0.710056	-0.681866	-0.644624	-0.601329	-0.55302	-0.496792	-0.436547	-0.371992	-0.305618	-0.233915	-0.165361	-0.0967798	-0.0268546	0.0315697	0.0878867	0.133079	0.171656	0.201323	0.218885	0.224159	0.218969	0.202922	0.169734	0.127666	0.0767108	0.0165132	-0.0461089	-0.101223	-0.15488	-0.195693	-0.223137	-0.241183	-0.249038	-0.234773	-0.201044	-0.140529	-0.0593848	0.0334214	0.107094	0.132532	0.0922684	-0.0156187	-0.191873	-0.417098	-0.65452	
-0.901515	-0.901515	-0.897301	-0.88181	-0.865105	-0.839502	-0.806932	-0.77109	-0.727046	-0.677907	-0.624511	-0.56422	-0.500131	-0.430643	-0.358403	-0.284265	-0.208408	-0.132924	-0.0614898	0.0132994	0.0838414	0.146894	0.204948	0.252699	0.289261	0.310979	0.317624	0.305707	0.281155	0.244033	0.194749	0.144721	0.0952941	0.0419868	-0.0084313	-0.0533804	-0.0979007	-0.128248	-0.133974	-0.110371	-0.0560999	0.0233987	0.112106	0.181124	0.20322	0.161291	0.0475258	-0.144487	-0.391248	-0.648241	
-0.946232	-0.946232	-0.941014	-0.926688	-0.910659	-0.884252	-0.854767	-0.819927	-0.776302	-0.731058	-0.67933	-0.621765	-0.563488	-0.501314	-0.434251	-0.367819	-0.295116	-0.21926	-0.141016	-0.0579915	0.0206987	0.0994584	0.177442	0.244806	0.301881	0.347028	0.378967	0.392023	0.395909	0.387134	0.366648	0.338313	0.300634	0.246973	0.189381	0.128327	0.0690689	0.0275187	0.0152523	0.031982	0.078797	0.14887	0.227229	0.288118	0.30394	0.257141	0.132147	-0.0754647	-0.334411	-0.599227	
-0.8925	-0.8925	-0.888367	-0.877832	-0.864125	-0.844459	-0.820229	-0.792425	-0.758694	-0.724322	-0.683612	-0.641043	-0.596472	-0.543114	-0.489131	-0.428418	-0.361678	-0.290834	-0.218201	-0.139207	-0.0588589	0.0226704	0.102515	0.174967	0.244858	0.307336	0.361555	0.407556	0.44808	0.475414	0.484095	0.480988	0.455206	0.410021	0.354308	0.296203	0.238074	0.200408	0.184641	0.193525	0.227194	0.283016	0.347222	0.394277	0.398213	0.340635	0.204937	-0.00674802	-0.26282	-0.517915	
-0.750141	-0.750141	-0.749707	-0.744036	-0.740755	-0.733302	-0.723799	-0.71549	-0.70029	-0.68461	-0.66491	-0.637118	-0.608175	-0.56961	-0.527849	-0.480422	-0.424351	-0.368312	-0.303018	-0.234545	-0.165998	-0.0980341	-0.0249836	0.0459915	0.12133	0.197578	0.275303	0.348313	0.416482	0.469076	0.504383	0.52341	0.517719	0.493847	0.462133	0.42456	0.383498	0.356141	0.339671	0.341375	0.361224	0.401663	0.445268	0.471796	0.458111	0.390532	0.255012	0.0528578	-0.183813	-0.422932	
-0.559861	-0.559861	-0.562574	-0.569815	-0.578332	-0.588139	-0.599438	-0.609138	-0.615243	-0.62204	-0.619909	-0.615151	-0.60573	-0.585728	-0.562571	-0.531242	-0.492631	-0.45237	-0.404753	-0.357134	-0.306152	-0.246251	-0.180309	-0.11058	-0.030626	0.0541471	0.138554	0.222074	0.301999	0.368864	0.421522	0.464056	0.487785	0.50065	0.505507	0.498741	0.483694	0.472525	0.462517	0.460313	0.468799	0.488571	0.50552	0.506778	0.476679	0.408416	0.282259	0.101504	-0.11178	-0.331172	
-0.39879	-0.39879	-0.403064	-0.413838	-0.425925	-0.44484	-0.463312	-0.485182	-0.506795	-0.5269	-0.545169	-0.558927	-0.570137	-0.572343	-0.574748	-0.568833	-0.557267	-0.543772	-0.518764	-0.487762	-0.444787	-0.393495	-0.333801	-0.266459	-0.19062	-0.112452	-0.0332353	0.0474389	0.124214	0.194561	0.26244	0.329927	0.384363	0.435062	0.476755	0.505771	0.522214	0.536214	0.538715	0.538786	0.536689	0.536248	0.529969	0.513337	0.480597	0.42071	0.31289	0.155704	-0.0323848	-0.228518	
-0.294402	-0.294402	-0.297915	-0.306924	-0.318322	-0.333907	-0.352699	-0.373919	-0.397127	-0.423216	-0.449579	-0.478074	-0.506935	-0.534293	-0.561126	-0.581627	-0.594137	-0.602583	-0.591838	-0.576545	-0.548622	-0.509502	-0.460515	-0.405224	-0.342892	-0.278252	-0.212804	-0.144164	-0.0722256	0.00128745	0.0814963	0.162981	0.240777	0.320026	0.394955	0.455534	0.506017	0.544884	0.563268	0.567992	0.561413	0.552232	0.537234	0.521344	0.497224	0.45267	0.363384	0.229188	0.0682471	-0.105202	
-0.237486	-0.237486	-0.237539	-0.24602	-0.249961	-0.262863	-0.276939	-0.294099	-0.318774	-0.345788	-0.377443	-0.414506	-0.451397	-0.489597	-0.526702	-0.55776	-0.585476	-0.604816	-0.613521	-0.617333	-0.607215	-0.584919	-0.559699	-0.523433	-0.482481	-0.435112	-0.383265	-0.319196	-0.251774	-0.178213	-0.0952271	-0.00616706	0.0844197	0.181604	0.275262	0.356673	0.42947	0.483462	0.514353	0.526931	0.530635	0.529957	0.528873	0.528831	0.524104	0.499021	0.431217	0.326804	0.195228	0.0475389	
-0.202373	-0.202373	-0.204017	-0.211078	-0.217674	-0.230736	-0.245929	-0.263835	-0.28848	-0.312675	-0.342097	-0.373989	-0.405284	-0.439685	-0.473952	-0.505938	-0.537453	-0.565708	-0.588561	-0.607742	-0.618766	-0.625802	-0.626824	-0.615626	-0.595544	-0.564645	-0.52258	-0.469255	-0.408173	-0.336253	-0.250428	-0.161061	-0.066859	0.0335142	0.128683	0.212251	0.287629	0.345011	0.384642	0.414902	0.442475	0.4696	0.49859	0.528177	0.554475	0.557855	0.525509	0.459052	0.362368	0.236711	
-0.205595	-0.205595	-0.208319	-0.214062	-0.221989	-0.232627	-0.245423	-0.259335	-0.276478	-0.293311	-0.312569	-0.33463	-0.354194	-0.380681	-0.405073	-0.430984	-0.462321	-0.492286	-0.523427	-0.558433	-0.590799	-0.618474	-0.641749	-0.652163	-0.655253	-0.645126	-0.621526	-0.579997	-0.526246	-0.458103	-0.377208	-0.294511	-0.205544	-0.116628	-0.0364623	0.0321057	0.0989804	0.153	0.204408	0.257338	0.317329	0.381408	0.45051	0.524264	0.595372	0.646644	0.664361	0.646332	0.58448	0.474442	
-0.25495	-0.25495	-0.254188	-0.255871	-0.255052	-0.256461	-0.258016	-0.258642	-0.263052	-0.265409	-0.271771	-0.279399	-0.287936	-0.303399	-0.318217	-0.339998	-0.369216	-0.395951	-0.43605	-0.474642	-0.514417	-0.55348	-0.593463	-0.623099	-0.648065	-0.656912	-0.649484	-0.625559	-0.589134	-0.535786	-0.470862	-0.40547	-0.335786	-0.270001	-0.21307	-0.160003	-0.102322	-0.0490743	0.0152013	0.0896724	0.181478	0.282156	0.400032	0.528214	0.661507	0.77498	0.854827	0.889208	0.858533	0.761352	
-0.307278	-0.307278	-0.306328	-0.297822	-0.292769	-0.28122	-0.271039	-0.259536	-0.24856	-0.23877	-0.231092	-0.22755	-0.226428	-0.232174	-0.242621	-0.258736	-0.282699	-0.309081	-0.345738	-0.381198	-0.422261	-0.468312	-0.510092	-0.547858	-0.578593	-0.601056	-0.611378	-0.612003	-0.599654	-0.574876	-0.544093	-0.51266	-0.473898	-0.434842	-0.39826	-0.353425	-0.301466	-0.243828	-0.170115	-0.0764499	0.0389442	0.176993	0.343713	0.533004	0.732799	0.912959	1.05817	1.1442	1.14727	1.06803	
-0.315457	-0.315457	-0.314581	-0.305473	-0.30007	-0.287499	-0.274313	-0.261794	-0.245471	-0.231553	-0.220227	-0.209012	-0.203634	-0.204428	-0.207407	-0.219095	-0.237435	-0.257837	-0.287421	-0.318928	-0.354439	-0.390689	-0.423197	-0.455781	-0.488682	-0.518036	-0.54243	-0.565592	-0.586912	-0.603001	-0.617322	-0.626049	-0.621509	-0.610715	-0.590467	-0.552658	-0.50266	-0.441021	-0.356585	-0.247332	-0.109004	0.063403	0.274459	0.51733	0.772395	1.01202	1.2165	1.35522	1.40053	1.35285	
-0.27626	-0.27626	-0.275699	-0.27341	-0.272157	-0.267043	-0.264005	-0.258441	-0.251728	-0.247044	-0.240701	-0.234515	-0.23308	-0.230214	-0.230446	-0.237628	-0.24451	-0.255097	-0.274514	-0.289254	-0.308288	-0.329649	-0.350759	-0.379084	-0.407813	-0.440665	-0.479354	-0.529321	-0.580377	-0.631918	-0.684771	-0.72879	-0.757705	-0.774939	-0.773597	-0.745874	-0.70197	-0.635092	-0.538167	-0.410022	-0.247476	-0.0458209	0.198245	0.474365	0.764996	1.04661	1.30063	1.49085	1.58613	1.58429	
-0.222429	-0.222429	-0.225706	-0.226543	-0.233545	-0.23855	-0.245624	-0.25438	-0.260854	-0.269631	-0.27485	-0.279912	-0.284366	-0.28329	-0.285643	-0.283842	-0.27873	-0.278451	-0.273191	-0.269854	-0.271704	-0.281497	-0.292326	-0.316878	-0.346409	-0.391509	-0.446456	-0.511059	-0.579928	-0.653656	-0.730972	-0.796176	-0.851939	-0.893147	-0.912219	-0.898365	-0.863926	-0.789589	-0.680165	-0.530407	-0.348213	-0.123599	0.135662	0.425934	0.729762	1.03583	1.32465	1.55707	1.70019	1.7463	
-0.190912	-0.190912	-0.1937	-0.200727	-0.209113	-0.221884	-0.234333	-0.251264	-0.266267	-0.282416	-0.299155	-0.309952	-0.321509	-0.326059	-0.324447	-0.31942	-0.304425	-0.291825	-0.271405	-0.259012	-0.250736	-0.248635	-0.256215	-0.280945	-0.318916	-0.368776	-0.429998	-0.502038	-0.580052	-0.662189	-0.745614	-0.820921	-0.889641	-0.946015	-0.974878	-0.974459	-0.943426	-0.866737	-0.748264	-0.589755	-0.39676	-0.164661	0.0965474	0.385494	0.688801	1.00453	1.31059	1.56741	1.74599	1.82768	
-0.202854	-0.202854	-0.202078	-0.211172	-0.21414	-0.224839	-0.237031	-0.248184	-0.263658	-0.279002	-0.290979	-0.30374	-0.312236	-0.314416	-0.313843	-0.309723	-0.297714	-0.289147	-0.275504	-0.264722	-0.258107	-0.255866	-0.26873	-0.293593	-0.327224	-0.374108	-0.436319	-0.507	-0.580693	-0.66206	-0.743079	-0.816142	-0.882627	-0.935143	-0.959083	-0.95911	-0.926186	-0.85111	-0.736617	-0.586398	-0.39915	-0.175477	0.0779105	0.357578	0.655078	0.970081	1.27566	1.53798	1.73145	1.83313	
-0.242822	-0.242822	-0.242786	-0.247124	-0.247031	-0.253187	-0.254958	-0.2577	-0.26144	-0.261494	-0.261311	-0.263229	-0.2609	-0.26063	-0.264409	-0.262783	-0.265772	-0.270352	-0.270526	-0.276972	-0.286018	-0.29749	-0.317352	-0.337544	-0.367777	-0.408909	-0.460089	-0.514429	-0.579731	-0.650111	-0.716249	-0.77265	-0.82437	-0.855203	-0.862089	-0.850763	-0.812623	-0.741575	-0.643225	-0.514428	-0.35003	-0.148894	0.0842064	0.345713	0.629037	0.929774	1.21677	1.46499	1.65238	1.75848	
-0.297051	-0.297051	-0.295128	-0.292214	-0.285889	-0.280354	-0.2699	-0.260983	-0.250662	-0.238278	-0.231371	-0.222681	-0.21722	-0.218039	-0.219263	-0.224684	-0.238681	-0.253802	-0.27407	-0.301259	-0.328415	-0.35279	-0.38172	-0.407099	-0.439422	-0.469787	-0.504012	-0.541367	-0.583026	-0.624389	-0.658636	-0.690392	-0.711968	-0.71572	-0.701651	-0.679981	-0.633655	-0.571172	-0.490253	-0.389079	-0.254314	-0.0894021	0.109298	0.335521	0.589247	0.856494	1.11062	1.33036	1.50332	1.60248	
-0.323035	-0.323035	-0.31919	-0.311821	-0.302429	-0.288395	-0.276359	-0.260428	-0.246422	-0.234107	-0.221391	-0.214019	-0.208375	-0.20938	-0.215052	-0.227784	-0.251173	-0.27398	-0.309068	-0.343974	-0.380302	-0.418046	-0.460376	-0.496149	-0.527696	-0.553976	-0.574515	-0.587517	-0.593629	-0.596805	-0.590171	-0.582943	-0.56768	-0.544334	-0.515347	-0.483664	-0.433885	-0.379771	-0.313646	-0.234555	-0.13047	-0.00815296	0.141614	0.314642	0.516607	0.73155	0.939331	1.12775	1.28454	1.37853	
-0.28932	-0.28932	-0.290011	-0.284189	-0.283074	-0.276133	-0.270581	-0.263816	-0.256958	-0.251301	-0.246785	-0.2469	-0.249843	-0.257897	-0.273502	-0.290205	-0.317335	-0.342445	-0.379605	-0.416692	-0.457761	-0.505937	-0.547885	-0.582387	-0.611861	-0.631781	-0.635079	-0.623459	-0.602489	-0.564771	-0.517943	-0.469761	-0.422054	-0.369637	-0.328221	-0.284039	-0.236843	-0.188607	-0.137375	-0.0759892	-0.00521229	0.0720828	0.163037	0.269693	0.401895	0.548559	0.701672	0.86006	1.00347	1.10461	
-0.234768	-0.234768	-0.238893	-0.236478	-0.244554	-0.246387	-0.252486	-0.261179	-0.268411	-0.278653	-0.292748	-0.304079	-0.32122	-0.339079	-0.357723	-0.381808	-0.408404	-0.440148	-0.476433	-0.515265	-0.553053	-0.592939	-0.618933	-0.646141	-0.663127	-0.665066	-0.64964	-0.621549	-0.575965	-0.511479	-0.441452	-0.367604	-0.288745	-0.21199	-0.152621	-0.092573	-0.042766	0.0004192	0.0362564	0.0762295	0.109314	0.14064	0.171928	0.212224	0.271945	0.346152	0.446369	0.572833	0.707863	0.821026	
-0.201652	-0.201652	-0.204256	-0.210072	-0.219871	-0.230028	-0.246828	-0.263881	-0.283296	-0.306892	-0.329611	-0.353724	-0.380344	-0.407999	-0.433281	-0.468371	-0.495668	-0.529469	-0.558763	-0.587106	-0.610196	-0.630989	-0.64279	-0.652419	-0.644204	-0.62425	-0.591585	-0.547931	-0.487662	-0.417293	-0.337944	-0.250231	-0.152693	-0.0640563	0.0180805	0.0960521	0.155054	0.194097	0.217403	0.229738	0.22183	0.206742	0.183286	0.168836	0.16456	0.179165	0.231275	0.324571	0.445489	0.564138	
-0.215357	-0.215357	-0.214538	-0.225905	-0.228941	-0.244099	-0.258858	-0.275993	-0.30046	-0.326819	-0.355984	-0.391628	-0.427703	-0.464756	-0.501277	-0.537917	-0.562914	-0.589059	-0.607239	-0.615495	-0.622949	-0.619944	-0.609628	-0.588025	-0.557389	-0.519037	-0.473806	-0.418756	-0.35309	-0.278527	-0.196845	-0.106877	-0.00904105	0.0828486	0.178233	0.262847	0.325797	0.361124	0.375195	0.357785	0.314053	0.254663	0.188168	0.130347	0.0801997	0.0561105	0.0725135	0.137727	0.235858	0.353839	
-0.262616	-0.262616	-0.263613	-0.271476	-0.27585	-0.290536	-0.303277	-0.322618	-0.347407	-0.373728	-0.405861	-0.441613	-0.476901	-0.511617	-0.548412	-0.574232	-0.597338	-0.615018	-0.61826	-0.610286	-0.598081	-0.564935	-0.527087	-0.482893	-0.434625	-0.381286	-0.323582	-0.258759	-0.187361	-0.112897	-0.0350242	0.0527594	0.141874	0.226425	0.312181	0.384438	0.435154	0.461919	0.462742	0.423989	0.357507	0.268309	0.174515	0.0845145	0.00791153	-0.0382288	-0.040399	0.00230446	0.0772921	0.188906	
-0.332297	-0.332297	-0.339159	-0.345529	-0.361578	-0.378309	-0.397213	-0.421961	-0.443918	-0.468409	-0.492917	-0.515289	-0.536291	-0.555851	-0.574093	-0.581642	-0.592832	-0.58937	-0.573041	-0.554339	-0.517914	-0.468459	-0.418179	-0.358354	-0.289599	-0.218842	-0.145981	-0.0720881	1.62503e-05	0.0717656	0.146546	0.225786	0.293624	0.358402	0.417755	0.460916	0.482229	0.489097	0.468986	0.41905	0.343324	0.24783	0.143179	0.0376985	-0.0539766	-0.112252	-0.12662	-0.104127	-0.0478241	0.0518126	
-0.460209	-0.460209	-0.466292	-0.474013	-0.489371	-0.504583	-0.522354	-0.542009	-0.55743	-0.572791	-0.585035	-0.589423	-0.592805	-0.588933	-0.577345	-0.562143	-0.542538	-0.510578	-0.479539	-0.444288	-0.393141	-0.343196	-0.28539	-0.209456	-0.130972	-0.0488413	0.0329899	0.115159	0.191313	0.263419	0.327912	0.382387	0.421336	0.457716	0.480941	0.483615	0.472527	0.451409	0.409479	0.35072	0.278173	0.193328	0.0978013	-0.00390209	-0.0968114	-0.160352	-0.188871	-0.186416	-0.145155	-0.0611166	
-0.643876	-0.643876	-0.644345	-0.647192	-0.650113	-0.652032	-0.657042	-0.656846	-0.657943	-0.65472	-0.647214	-0.634027	-0.616107	-0.588987	-0.554706	-0.517807	-0.469835	-0.420028	-0.371573	-0.312169	-0.252831	-0.194562	-0.123917	-0.048033	0.0249546	0.10532	0.190093	0.274395	0.350311	0.411759	0.460108	0.487101	0.498285	0.497176	0.47796	0.442561	0.405384	0.358058	0.299723	0.236041	0.172617	0.1035	0.029893	-0.0525884	-0.128393	-0.189733	-0.231103	-0.248698	-0.222017	-0.157471	
-0.822084	-0.822084	-0.81891	-0.812208	-0.803684	-0.789229	-0.776405	-0.754919	-0.735028	-0.709861	-0.678732	-0.648782	-0.608462	-0.566658	-0.519267	-0.465825	-0.405562	-0.343661	-0.273962	-0.198731	-0.126686	-0.0519547	0.0273892	0.0953015	0.166015	0.23859	0.312395	0.374869	0.42967	0.473126	0.50429	0.506901	0.492196	0.45804	0.403539	0.341581	0.28066	0.214584	0.147494	0.0879492	0.0319105	-0.0218172	-0.0764271	-0.13187	-0.182116	-0.23089	-0.277403	-0.307114	-0.296018	-0.253986	
-0.931882	-0.931882	-0.926655	-0.915483	-0.898748	-0.877775	-0.849522	-0.817996	-0.780775	-0.738882	-0.693017	-0.644987	-0.590083	-0.536216	-0.475846	-0.411648	-0.344206	-0.271524	-0.192209	-0.112573	-0.0309354	0.0521653	0.131346	0.200078	0.269564	0.327919	0.370848	0.400482	0.425722	0.443036	0.440591	0.420185	0.390027	0.339282	0.267902	0.193695	0.116563	0.0388259	-0.0299691	-0.083451	-0.132212	-0.173162	-0.214117	-0.24573	-0.274484	-0.305202	-0.344917	-0.37039	-0.371807	-0.351405	
-0.946922	-0.946922	-0.940208	-0.928895	-0.908135	-0.885996	-0.851375	-0.817165	-0.772541	-0.723886	-0.673008	-0.612455	-0.553031	-0.486885	-0.417233	-0.345928	-0.270824	-0.193996	-0.116142	-0.0384067	0.0381936	0.115541	0.183103	0.24694	0.300316	0.33489	0.349328	0.357457	0.350762	0.327506	0.288916	0.252753	0.209958	0.149978	0.0831357	0.015341	-0.0617021	-0.141343	-0.206502	-0.259348	-0.300786	-0.333668	-0.359424	-0.375499	-0.388843	-0.405975	-0.42672	-0.434464	-0.43674	-0.429957	
-0.867882	-0.867882	-0.861239	-0.848846	-0.829673	-0.804636	-0.773273	-0.736706	-0.692765	-0.644422	-0.589997	-0.527907	-0.465207	-0.393044	-0.32213	-0.247946	-0.173845	-0.102044	-0.03206	0.0336394	0.0950541	0.152059	0.195823	0.235887	0.258782	0.265983	0.264303	0.250329	0.21273	0.16211	0.109295	0.0570919	-0.0042303	-0.0658655	-0.116638	-0.169611	-0.232877	-0.295704	-0.350162	-0.402119	-0.441768	-0.47056	-0.482689	-0.487574	-0.490108	-0.498241	-0.496099	-0.484789	-0.4765	-0.469972	
-0.703718	-0.703718	-0.698136	-0.685651	-0.669417	-0.643625	-0.61639	-0.578218	-0.53701	-0.489129	-0.433193	-0.376091	-0.311972	-0.246402	-0.181454	-0.114743	-0.0527634	0.0068106	0.060434	0.105564	0.144746	0.168905	0.183956	0.189923	0.180873	0.165323	0.144317	0.103289	0.0526406	-0.000525386	-0.0572126	-0.122017	-0.188147	-0.24155	-0.284471	-0.328634	-0.370962	-0.404422	-0.441654	-0.483756	-0.522367	-0.548729	-0.558131	-0.557176	-0.55446	-0.550486	-0.531185	-0.508256	-0.48826	-0.468989	
-0.474859	-0.474859	-0.468203	-0.454468	-0.434754	-0.408151	-0.377107	-0.339173	-0.299452	-0.254448	-0.207426	-0.16082	-0.10933	-0.0621482	-0.0124193	0.0342774	0.0767763	0.114739	0.14253	0.161354	0.168546	0.160812	0.149305	0.123959	0.0915088	0.0566202	0.010678	-0.0432838	-0.0913754	-0.142813	-0.19947	-0.258411	-0.312115	-0.356968	-0.398576	-0.435949	-0.459261	-0.472841	-0.492455	-0.5155	-0.541357	-0.562203	-0.576113	-0.579178	-0.575447	-0.555574	-0.524791	-0.49552	-0.466698	-0.427423	
-0.173505	-0.173505	-0.166653	-0.153429	-0.133446	-0.11	-0.0799776	-0.0495312	-0.0157781	0.0187813	0.0511775	0.0846008	0.114749	0.141382	0.166383	0.183913	0.197084	0.202173	0.199119	0.189328	0.168264	0.142272	0.108341	0.062133	0.0142258	-0.039328	-0.0985598	-0.148293	-0.194385	-0.243664	-0.290336	-0.334178	-0.373343	-0.408623	-0.443521	-0.47119	-0.483927	-0.492784	-0.500711	-0.505434	-0.510225	-0.519286	-0.532838	-0.544714	-0.542853	-0.515866	-0.480618	-0.447397	-0.409537	-0.353211	
0.200089	0.200089	0.202684	0.207972	0.21591	0.226042	0.239626	0.253624	0.271331	0.288013	0.304301	0.319696	0.327911	0.332813	0.328722	0.316726	0.298409	0.272745	0.243536	0.20968	0.171605	0.131752	0.0816113	0.0289738	-0.025058	-0.0840364	-0.137524	-0.183573	-0.232028	-0.274085	-0.307963	-0.33689	-0.36024	-0.384861	-0.411519	-0.428152	-0.436117	-0.445301	-0.448445	-0.443412	-0.434643	-0.431351	-0.436605	-0.448419	-0.448233	-0.430403	-0.403557	-0.369584	-0.320647	-0.254921	
0.575164	0.575164	0.574955	0.574321	0.573191	0.572226	0.569552	0.566909	0.562371	0.555159	0.546345	0.532713	0.514823	0.493174	0.464249	0.431508	0.392613	0.348421	0.299939	0.246456	0.192047	0.135395	0.0793989	0.0302557	-0.0191818	-0.0668286	-0.109959	-0.157107	-0.20223	-0.235341	-0.260452	-0.27666	-0.289221	-0.306076	-0.319071	-0.323417	-0.331943	-0.34123	-0.339653	-0.329571	-0.318154	-0.308176	-0.301789	-0.298107	-0.291883	-0.286689	-0.275528	-0.24386	-0.186471	-0.11713	
0.899897	0.899897	0.898661	0.895409	0.890036	0.881389	0.867949	0.850533	0.82612	0.797034	0.76255	0.722611	0.680902	0.635323	0.588052	0.539187	0.486495	0.430865	0.371263	0.309144	0.247019	0.18591	0.132434	0.0839493	0.0387035	0.000555193	-0.0362333	-0.0729699	-0.10133	-0.125455	-0.147021	-0.162742	-0.175905	-0.180882	-0.173815	-0.171885	-0.182285	-0.186537	-0.179522	-0.1693	-0.159185	-0.146394	-0.130523	-0.109304	-0.0927336	-0.0903759	-0.0882521	-0.0623906	-0.00975349	0.0549315	
1.15724	1.15724	1.15181	1.14109	1.12509	1.10358	1.07732	1.04571	1.00911	0.968293	0.922064	0.871921	0.817966	0.759482	0.699624	0.637606	0.575654	0.515694	0.457988	0.403723	0.351608	0.301917	0.253989	0.20561	0.162996	0.127926	0.0990719	0.0806823	0.0678554	0.0512305	0.0332634	0.0156128	0.00436641	0.0083464	0.0169817	0.0164329	0.0171707	0.0250585	0.0295928	0.0308397	0.0379868	0.0521162	0.0720517	0.0968385	0.114911	0.121675	0.127785	0.146024	0.178317	0.225782	
1.2938	1.2938	1.28591	1.27085	1.24869	1.22063	1.18769	1.14988	1.1091	1.06454	1.01673	0.966266	0.911847	0.855144	0.796773	0.737471	0.680275	0.626213	0.576378	0.531196	0.489571	0.450972	0.413039	0.377589	0.346961	0.319462	0.298029	0.283529	0.270363	0.259641	0.252866	0.247239	0.244598	0.241145	0.232565	0.232458	0.249328	0.263866	0.263764	0.259499	0.261882	0.272423	0.29064	0.307992	0.318435	0.329485	0.345484	0.357711	0.365359	0.385564	
1.29071	1.29071	1.28517	1.27409	1.25736	1.23525	1.20764	1.17508	1.13831	1.0976	1.05485	1.01063	0.965922	0.922425	0.879262	0.837203	0.795956	0.754651	0.714144	0.675347	0.639961	0.609516	0.585002	0.566799	0.550702	0.534202	0.517722	0.500015	0.484989	0.479212	0.480462	0.484382	0.484841	0.475122	0.464435	0.467736	0.478286	0.484221	0.48867	0.492488	0.491573	0.492345	0.50002	0.505947	0.509693	0.521866	0.539417	0.54471	0.535437	0.529401	
1.20207	1.20207	1.19856	1.19128	1.18046	1.16585	1.14747	1.12586	1.10092	1.0737	1.04497	1.01526	0.986047	0.957592	0.930081	0.90409	0.878748	0.853939	0.829996	0.807083	0.786164	0.768117	0.753871	0.742463	0.732358	0.723965	0.715793	0.707142	0.700878	0.696703	0.692872	0.690419	0.688187	0.687308	0.690444	0.690143	0.680123	0.673054	0.679061	0.688166	0.689028	0.682286	0.670876	0.660629	0.660596	0.66936	0.674342	0.667856	0.651912	0.632065	
1.07751	1.07751	1.07503	1.07022	1.06349	1.05513	1.04573	1.0356	1.02482	1.01381	1.00208	0.989735	0.976873	0.963199	0.949807	0.937232	0.926157	0.917687	0.911608	0.90711	0.903152	0.898401	0.89209	0.884675	0.878687	0.875793	0.875722	0.878012	0.87924	0.875097	0.867117	0.859214	0.855574	0.85969	0.864577	0.858357	0.844128	0.832927	0.826718	0.825347	0.827302	0.819531	0.794834	0.771181	0.763972	0.761075	0.747298	0.727962	0.709779	0.687823	
0.954646	0.954646	0.954211	0.953487	0.952528	0.951568	0.950838	0.950375	0.950415	0.950908	0.951684	0.95281	0.953961	0.955076	0.956444	0.957975	0.960144	0.963317	0.967264	0.971763	0.976267	0.979957	0.982265	0.983672	0.985098	0.986574	0.988556	0.991015	0.991802	0.990059	0.987047	0.983132	0.979358	0.976028	0.970471	0.962921	0.95641	0.947362	0.93203	0.917053	0.907477	0.895604	0.875786	0.853909	0.833403	0.809275	0.780655	0.754465	0.733524	0.712741	
0.879355	0.879355	0.880543	0.882858	0.886131	0.890263	0.895021	0.90034	0.906228	0.912608	0.919807	0.927847	0.93679	0.946787	0.957272	0.967903	0.978177	0.98733	0.995369	1.00265	1.0096	1.01698	1.02516	1.0334	1.0401	1.04433	1.04584	1.04498	1.04408	1.04523	1.04704	1.04708	1.04295	1.03291	1.02112	1.01378	1.00895	1.00122	0.988796	0.968713	0.941843	0.921296	0.913871	0.90228	0.869839	0.826575	0.790744	0.763856	0.740514	0.720296	
0.879355	0.879355	0.880543	0.882858	0.886131	0.890263	0.895021	0.90034	0.906228	0.912608	0.919807	0.927847	0.93679	0.946787	0.957272	0.967903	0.978177	0.98733	0.995369	1.00265	1.0096	1.01698	1.02516	1.0334	1.0401	1.04433	1.04584	1.04498	1.04408	1.04523	1.04704	1.04708	1.04295	1.03291	1.02112	1.01378	1.00895	1.00122	0.988796	0.968713	0.941843	0.921296	0.913871	0.90228	0.869839	0.826575	0.790744	0.763856	0.740514	0.720296	
