0.176114	0.176114	0.267944	0.443405	0.67491	0.913766	1.11413	1.26206	1.36668	1.42191	1.40556	1.31875	1.1848	1.01422	0.810619	0.586325	0.354199	0.127264	-0.0839014	-0.273074	-0.437033	-0.574346	-0.684317	-0.769894	-0.836052	-0.883691	-0.917548	-0.940468	-0.954352	-0.960944	-0.962412	-0.957035	-0.946452	-0.927422	-0.898506	-0.857306	-0.798824	-0.720531	-0.621239	-0.494906	-0.341426	-0.162137	0.0409025	0.262227	0.494144	0.722797	0.93635	1.12124	1.26948	1.3775	
0.094504	0.094504	0.157486	0.288297	0.48349	0.717209	0.945111	1.13116	1.26931	1.36821	1.4207	1.40955	1.33577	1.21583	1.06217	0.883342	0.687581	0.483353	0.280661	0.0883452	-0.0875452	-0.244116	-0.378803	-0.489805	-0.579376	-0.650092	-0.70282	-0.741158	-0.766223	-0.779296	-0.781762	-0.772826	-0.753213	-0.720249	-0.673729	-0.610308	-0.527914	-0.42576	-0.30088	-0.152494	0.0158394	0.202174	0.401452	0.606298	0.806583	0.992984	1.15781	1.29211	1.38624	1.42437	
0.0462313	0.0462313	0.0843022	0.170106	0.31414	0.51329	0.741325	0.957912	1.1339	1.26605	1.36138	1.41513	1.41548	1.36111	1.26178	1.12968	0.975595	0.807578	0.632726	0.458445	0.291571	0.136596	-0.0040219	-0.127353	-0.231337	-0.316879	-0.384021	-0.433823	-0.467447	-0.485649	-0.488666	-0.476989	-0.449727	-0.406535	-0.346407	-0.268038	-0.171375	-0.0559955	0.078153	0.227774	0.390221	0.562236	0.737708	0.909437	1.06992	1.21199	1.32588	1.3997	1.42217	1.38882	
0.0205765	0.0205765	0.0409425	0.0905844	0.183575	0.330373	0.526148	0.74539	0.952431	1.12256	1.25202	1.34611	1.40369	1.41825	1.3872	1.31505	1.2109	1.08464	0.94468	0.798266	0.65222	0.512396	0.382359	0.264336	0.160918	0.0735391	0.00264424	-0.0511707	-0.0880672	-0.108214	-0.111505	-0.098237	-0.067955	-0.0209583	0.0431847	0.124026	0.220971	0.333339	0.45897	0.595133	0.73925	0.886299	1.02975	1.16247	1.2766	1.36284	1.41126	1.41514	1.37406	1.29375	
0.00832792	0.00832792	0.0180118	0.0434338	0.0961023	0.189802	0.33318	0.520604	0.729181	0.928295	1.09588	1.22599	1.32168	1.38464	1.41307	1.40536	1.3633	1.29229	1.19937	1.09168	0.976045	0.859083	0.746393	0.641666	0.547595	0.4665	0.39967	0.348102	0.312406	0.292878	0.289651	0.302782	0.332113	0.377399	0.438212	0.513658	0.602683	0.703492	0.813346	0.929104	1.04603	1.15775	1.25746	1.33812	1.39257	1.41447	1.40045	1.35096	1.2682	1.15226	
0.00306712	0.00306712	0.00717881	0.0187527	0.0450417	0.0970949	0.187063	0.322016	0.496916	0.69284	0.884329	1.05122	1.18497	1.28571	1.35589	1.39687	1.40936	1.39496	1.35694	1.29972	1.22825	1.14785	1.06406	0.981817	0.90492	0.83646	0.778779	0.733482	0.701728	0.684231	0.681311	0.693072	0.719205	0.759216	0.812102	0.876475	0.950347	1.03088	1.11455	1.19695	1.27268	1.33624	1.38251	1.40682	1.40536	1.37584	1.3174	1.2291	1.10883	0.954896	
0.00102949	0.00102949	0.00259579	0.00730263	0.0189304	0.0442715	0.0930508	0.175601	0.297953	0.45659	0.637147	0.819355	0.985163	1.12407	1.23302	1.3131	1.36666	1.39616	1.40419	1.39373	1.36801	1.33048	1.28491	1.23528	1.18535	1.13837	1.09712	1.06375	1.03985	1.0265	1.02425	1.0332	1.05298	1.08273	1.12107	1.16607	1.21521	1.26538	1.31305	1.35429	1.38518	1.40215	1.40188	1.38128	1.33762	1.26843	1.17128	1.04434	0.888567	0.71117	
0.000315601	0.000315601	0.000853442	0.00257177	0.00715568	0.0180466	0.0411153	0.0845181	0.15683	0.263387	0.402491	0.564265	0.73353	0.895035	1.03767	1.15574	1.24798	1.31566	1.36135	1.38814	1.39925	1.39779	1.3867	1.3689	1.34726	1.32445	1.30284	1.28444	1.27081	1.26303	1.26171	1.26694	1.27833	1.29499	1.31554	1.33815	1.36056	1.38024	1.39438	1.40006	1.39434	1.37421	1.33646	1.27793	1.19578	1.08808	0.954899	0.799946	0.632127	0.465367	
8.85834e-05	8.85834e-05	0.000255824	0.000821719	0.00244165	0.00660346	0.016207	0.0360511	0.0726803	0.133014	0.221789	0.338909	0.478387	0.629755	0.781153	0.922341	1.04637	1.14978	1.23191	1.29402	1.33848	1.36816	1.38596	1.39465	1.39676	1.39459	1.39015	1.38512	1.38083	1.3782	1.37774	1.37954	1.38326	1.38813	1.393	1.3963	1.39617	1.39042	1.3766	1.35202	1.31383	1.25911	1.18523	1.09039	0.974382	0.839434	0.691053	0.538263	0.392571	0.265418	
2.28257e-05	2.28257e-05	7.01233e-05	0.000239035	0.000755063	0.00217874	0.00572777	0.0137017	0.029816	0.0590811	0.106878	0.177276	0.271257	0.385802	0.5144	0.648695	0.780411	0.902799	1.01132	1.10364	1.17934	1.23932	1.28533	1.31949	1.344	1.36093	1.37213	1.37916	1.38323	1.38519	1.3855	1.38424	1.3811	1.37539	1.36604	1.35161	1.33039	1.30036	1.25936	1.20521	1.13598	1.05034	0.948138	0.830878	0.70219	0.567975	0.436029	0.314895	0.212062	0.1321	
5.41435e-06	5.41435e-06	1.76306e-05	6.35311e-05	0.00021247	0.000651143	0.0018243	0.00466676	0.0108953	0.0232291	0.0453104	0.081129	0.133981	0.20533	0.294095	0.396708	0.507874	0.62167	0.732559	0.836084	0.929178	1.01017	1.07859	1.13483	1.17984	1.21486	1.24118	1.25998	1.27225	1.27872	1.27979	1.27552	1.26565	1.24957	1.22641	1.19503	1.15418	1.10257	1.03912	0.96315	0.874763	0.775115	0.666698	0.553432	0.440483	0.333727	0.238848	0.160231	0.10001	0.0576965	
1.18553e-06	1.18553e-06	4.07837e-06	1.54816e-05	5.46185e-05	0.00017706	0.000526283	0.00143253	0.00356885	0.00813998	0.0170206	0.032711	0.0580017	0.0953649	0.146262	0.210641	0.286819	0.371773	0.46169	0.552584	0.640804	0.723378	0.798163	0.863831	0.919752	0.965812	1.00224	1.02942	1.04778	1.05768	1.05932	1.05275	1.03782	1.01422	0.981555	0.939393	0.887427	0.825614	0.754353	0.674676	0.588391	0.498147	0.407354	0.319917	0.239792	0.170393	0.113995	0.0713156	0.0414581	0.0222739	
2.40263e-07	2.40263e-07	8.70598e-07	3.47067e-06	1.2875e-05	4.39918e-05	0.000138173	0.000398446	0.00105419	0.00255922	0.00570616	0.0117082	0.0221758	0.0389324	0.0636765	0.0975825	0.140975	0.193187	0.252632	0.317048	0.383823	0.450313	0.5141	0.573156	0.62591	0.671238	0.708403	0.736964	0.756688	0.767469	0.769269	0.762082	0.745931	0.720887	0.687125	0.64499	0.59509	0.538386	0.476265	0.410576	0.343595	0.277903	0.216162	0.160815	0.113755	0.0760389	0.0477336	0.0279739	0.0152225	0.00765701	
4.51856e-08	4.51856e-08	1.71992e-07	7.18084e-07	2.79297e-06	1.00267e-05	3.31619e-05	0.000100919	0.00028238	0.000726389	0.00171891	0.0037475	0.0075459	0.0140815	0.0244576	0.0397345	0.0607101	0.0877261	0.120555	0.158397	0.199968	0.24366	0.287713	0.330383	0.370066	0.40538	0.435202	0.458668	0.47516	0.484274	0.485801	0.479705	0.466124	0.445383	0.41801	0.384768	0.346675	0.305012	0.261302	0.217246	0.174617	0.135104	0.100142	0.0707414	0.0473636	0.0298869	0.0176754	0.00974668	0.00498822	0.00236047	
7.90563e-09	7.90563e-09	3.15321e-08	1.37537e-07	5.59439e-07	2.10421e-06	7.30552e-06	2.3383e-05	6.89412e-05	0.00018718	0.000468166	0.00107992	0.0023019	0.00454694	0.00835342	0.0143348	0.0230879	0.035078	0.050532	0.0693658	0.0911625	0.115203	0.140537	0.166071	0.190669	0.213236	0.232785	0.248482	0.25968	0.265927	0.266975	0.262785	0.25352	0.239551	0.221448	0.199973	0.176056	0.150756	0.125204	0.10052	0.0777245	0.0576384	0.0408061	0.0274451	0.0174467	0.010429	0.00583318	0.00303901	0.00146901	0.00065678	
1.28981e-09	1.28981e-09	5.37872e-09	2.44562e-08	1.03792e-07	4.07992e-07	1.48287e-06	4.97702e-06	1.54122e-05	4.40147e-05	0.000115938	0.000281901	0.000633696	0.00132004	0.00255594	0.00461724	0.0078148	0.0124489	0.0187523	0.026835	0.0366442	0.0479479	0.0603447	0.0732958	0.0861729	0.0983124	0.109069	0.117863	0.12422	0.127795	0.128397	0.125992	0.120711	0.112837	0.102798	0.0911334	0.0784692	0.0654675	0.0527775	0.0409801	0.0305365	0.021749	0.0147415	0.0094651	0.00572994	0.00325535	0.00172809	0.000853768	0.000391272	0.000165904	
1.96677e-10	1.96677e-10	8.55768e-10	4.04807e-09	1.78882e-08	7.33212e-08	2.78295e-07	9.76883e-07	3.16825e-06	9.48836e-06	2.62377e-05	6.70272e-05	0.000158372	0.000346755	0.000705348	0.00133724	0.00237164	0.00395082	0.00620837	0.00924234	0.0130892	0.0177048	0.0229559	0.0286251	0.0344271	0.040034	0.0451056	0.0493201	0.0524029	0.0541498	0.0544443	0.0532667	0.0506955	0.0469018	0.0421344	0.0366995	0.0309338	0.0251739	0.0197254	0.0148355	0.0106721	0.00731476	0.00475734	0.00292335	0.00168997	0.000915259	0.000462585	0.000217442	9.47941e-05	3.82462e-05	
2.80894e-11	2.80894e-11	1.27289e-10	6.25295e-10	2.87171e-09	1.2249e-08	4.84456e-08	1.77434e-07	6.01176e-07	1.883e-06	5.45102e-06	1.45881e-05	3.61235e-05	8.28894e-05	0.000176626	0.000350462	0.000649628	0.00112901	0.00184679	0.00285454	0.00418552	0.00584362	0.00779553	0.00996816	0.012252	0.0145104	0.0165923	0.0183487	0.0196476	0.0203887	0.0205139	0.0200132	0.018926	0.0173371	0.0153671	0.0131603	0.0108688	0.00863676	0.00658594	0.00480467	0.00334212	0.00220853	0.0013811	0.000814083	0.000450532	0.000233223	0.000112545	5.04808e-05	2.09966e-05	8.08464e-06	
3.76508e-12	3.76508e-12	1.7739e-11	9.03489e-11	4.30507e-10	1.90744e-09	7.84567e-09	2.99189e-08	1.05663e-07	3.45318e-07	1.0439e-06	2.9192e-06	7.55594e-06	1.81231e-05	4.03511e-05	8.35909e-05	0.000161571	0.00029232	0.00049677	0.000795838	0.00120626	0.00173591	0.00237973	0.00311719	0.00391214	0.00471529	0.00546902	0.00611387	0.00659569	0.00687238	0.00691919	0.00673189	0.0063273	0.00574117	0.00502361	0.00423282	0.00342801	0.00266247	0.00197803	0.00140157	0.000944121	0.000602512	0.000362961	0.000205649	0.000109199	5.41612e-05	2.50178e-05	1.07355e-05	4.27139e-06	1.57366e-06	
4.74545e-13	4.74545e-13	2.32095e-12	1.22382e-11	6.04104e-11	2.77572e-10	1.18526e-09	4.69724e-09	1.72568e-08	5.87199e-08	1.8496e-07	5.39237e-07	1.45557e-06	3.64088e-06	8.45102e-06	1.8238e-05	3.66826e-05	6.89573e-05	0.000121532	0.000201474	0.000315225	0.000467007	0.00065719	0.000881025	0.00112812	0.00138289	0.00162605	0.00183687	0.00199593	0.00208782	0.0021034	0.00204107	0.0019071	0.00171463	0.00148179	0.00122914	0.000976847	0.000742198	0.000537764	0.000370526	0.000242028	0.000149389	8.68395e-05	4.73821e-05	2.41889e-05	1.15198e-05	5.10494e-06	2.1006e-06	8.01355e-07	2.8314e-07	
5.63424e-14	5.63424e-14	2.85652e-13	1.55726e-12	7.95222e-12	3.78355e-11	1.67457e-10	6.885e-10	2.62651e-09	9.2877e-09	3.04227e-08	9.22805e-08	2.59235e-07	6.74837e-07	1.62967e-06	3.65662e-06	7.63892e-06	1.48944e-05	2.71803e-05	4.65608e-05	7.51024e-05	0.000114416	0.000165119	0.000226358	0.000295511	0.000368211	0.000438721	0.000500633	0.000547779	0.000575175	0.000579825	0.000561212	0.000521386	0.000464624	0.000396735	0.000324147	0.000252965	0.000188165	0.000133085	8.926e-05	5.6606e-05	3.38393e-05	1.90102e-05	1.00056e-05	4.91977e-06	2.25409e-06	9.6023e-07	3.79668e-07	1.39164e-07	4.72533e-08	
6.3123e-15	6.3123e-15	3.31309e-14	1.86507e-13	9.84015e-13	4.84136e-12	2.21772e-11	9.44519e-11	3.7354e-10	1.37034e-09	4.65952e-09	1.46782e-08	4.28333e-08	1.15828e-07	2.90481e-07	6.76462e-07	1.46534e-06	2.95882e-06	5.58276e-06	9.86934e-06	1.63928e-05	2.56552e-05	3.79363e-05	5.31412e-05	7.06887e-05	8.94832e-05	0.000107995	0.000124449	0.00013709	0.000144477	0.000145732	0.000140705	0.000129997	0.000114851	9.69327e-05	7.80444e-05	5.98414e-05	4.36079e-05	3.01317e-05	1.96909e-05	1.21367e-05	7.0356e-06	3.82501e-06	1.94493e-06	9.22605e-07	4.07377e-07	1.67126e-07	6.36144e-08	2.24455e-08	7.33785e-09	
6.68396e-16	6.68396e-16	3.62742e-15	2.10624e-14	1.14679e-13	5.82728e-13	2.75909e-12	1.21553e-11	4.97622e-11	1.89096e-10	6.66385e-10	2.1765e-09	6.58671e-09	1.84715e-08	4.80281e-08	1.15897e-07	2.59926e-07	5.42758e-07	1.05747e-06	1.92695e-06	3.29241e-06	5.28847e-06	8.00637e-06	1.14525e-05	1.55139e-05	1.99428e-05	2.43705e-05	2.83525e-05	3.14383e-05	3.32511e-05	3.35597e-05	3.2324e-05	2.9703e-05	2.60232e-05	2.17156e-05	1.72365e-05	1.29919e-05	9.28082e-06	6.26948e-06	3.99537e-06	2.3958e-06	1.34827e-06	7.10257e-07	3.49382e-07	1.60127e-07	6.82463e-08	2.70074e-08	9.91295e-09	3.37254e-09	1.0633e-09	
6.69938e-17	6.69938e-17	3.75518e-16	2.24666e-15	1.26101e-14	6.61027e-14	3.23112e-13	1.47059e-12	6.22378e-12	2.44636e-11	8.92194e-11	3.01683e-10	9.45372e-10	2.74524e-09	7.38951e-09	1.8451e-08	4.27838e-08	9.2268e-08	1.85409e-07	3.47882e-07	6.10861e-07	1.00622e-06	1.55853e-06	2.27516e-06	3.13702e-06	4.09336e-06	5.06336e-06	5.94575e-06	6.63526e-06	7.04244e-06	7.11187e-06	6.83388e-06	6.2467e-06	5.42821e-06	4.47984e-06	3.50674e-06	2.59947e-06	1.82133e-06	1.20367e-06	7.48604e-07	4.37112e-07	2.39049e-07	1.22159e-07	5.82055e-08	2.58087e-08	1.06325e-08	4.06478e-09	1.44086e-09	4.7339e-10	1.44155e-10	
6.36526e-18	6.36526e-18	3.68123e-17	2.26715e-16	1.31049e-15	7.07944e-15	3.5685e-14	1.67594e-13	7.32339e-13	2.97375e-12	1.1209e-11	3.91855e-11	1.26977e-10	3.81286e-10	1.06106e-09	2.73777e-09	6.55537e-09	1.45839e-08	3.01926e-08	5.82741e-08	1.0507e-07	1.77351e-07	2.80863e-07	4.18201e-07	5.86655e-07	7.76765e-07	9.72319e-07	1.1522e-06	1.29391e-06	1.37802e-06	1.39238e-06	1.33487e-06	1.21389e-06	1.04642e-06	8.54309e-07	6.5972e-07	4.81143e-07	3.30815e-07	2.14011e-07	1.29989e-07	7.39684e-08	3.93471e-08	1.95255e-08	9.02172e-09	3.8749e-09	1.54506e-09	5.7139e-10	1.95876e-10	6.22331e-11	1.8329e-11	
5.74076e-19	5.74076e-19	3.42223e-18	2.16766e-17	1.2892e-16	7.17014e-16	3.72327e-15	1.80244e-14	8.12307e-14	3.40355e-13	1.32432e-12	4.7806e-12	1.59987e-11	4.9615e-11	1.42567e-10	3.79672e-10	9.37671e-10	2.14963e-09	4.58046e-09	9.08591e-09	1.6808e-08	2.90522e-08	4.70133e-08	7.13661e-08	1.01814e-07	1.36747e-07	1.73177e-07	2.07053e-07	2.33953e-07	2.49999e-07	2.52744e-07	2.41757e-07	2.18734e-07	1.87083e-07	1.51126e-07	1.15162e-07	8.26643e-08	5.57997e-08	3.5355e-08	2.09858e-08	1.16464e-08	6.03114e-09	2.90906e-09	1.30479e-09	5.43465e-10	2.09985e-10	7.52129e-11	2.49661e-11	7.68034e-12	2.19054e-12	
4.92102e-20	4.92102e-20	3.02112e-19	1.96647e-18	1.20233e-17	6.87834e-17	3.67604e-16	1.83254e-15	8.50879e-15	3.67479e-14	1.47438e-13	5.48956e-13	1.89516e-12	6.06287e-12	1.79684e-11	4.93349e-11	1.25539e-10	2.96279e-10	6.49183e-10	1.32237e-09	2.508e-09	4.43632e-09	7.33181e-09	1.13414e-08	1.6449e-08	2.24042e-08	2.86984e-08	3.46139e-08	3.93481e-08	4.2186e-08	4.26722e-08	4.07263e-08	3.66647e-08	3.11182e-08	2.48772e-08	1.87117e-08	1.32238e-08	8.76703e-09	5.44323e-09	3.15932e-09	1.71113e-09	8.63324e-10	4.05109e-10	1.76555e-10	7.13862e-11	2.67568e-11	9.2928e-12	2.99028e-12	8.91732e-13	2.46577e-13	
4.01425e-21	4.01425e-21	2.53588e-20	1.69493e-19	1.06451e-18	6.259e-18	3.43971e-17	1.76414e-16	8.4312e-16	3.74953e-15	1.54963e-14	5.94488e-14	2.11494e-13	6.97233e-13	2.12903e-12	6.02063e-12	1.577e-11	3.82793e-11	8.61761e-11	1.80123e-10	3.50007e-10	6.33212e-10	1.06823e-09	1.68316e-09	2.48092e-09	3.42583e-09	4.43775e-09	5.39878e-09	6.17381e-09	6.64065e-09	6.72074e-09	6.40022e-09	5.73371e-09	4.82954e-09	3.82164e-09	2.83795e-09	1.97523e-09	1.28664e-09	7.83149e-10	4.44714e-10	2.35218e-10	1.15707e-10	5.28631e-11	2.24059e-11	8.80269e-12	3.20386e-12	1.08005e-12	3.37267e-13	9.76e-14	2.61923e-14	
3.11977e-22	3.11977e-22	2.02637e-21	1.38974e-20	8.95939e-20	5.40992e-19	3.05476e-18	1.61049e-17	7.9154e-17	3.62149e-16	1.5403e-15	6.08259e-15	2.22777e-14	7.56092e-14	2.37648e-13	6.9152e-13	1.86281e-12	4.64672e-12	1.07396e-11	2.30176e-11	4.57962e-11	8.46917e-11	1.45776e-10	2.33876e-10	3.50228e-10	4.90188e-10	6.42021e-10	7.87708e-10	9.06089e-10	9.77734e-10	9.90045e-10	9.40791e-10	8.3875e-10	7.01217e-10	5.49317e-10	4.02823e-10	2.76194e-10	1.76827e-10	1.05562e-10	5.86762e-11	3.03255e-11	1.4554e-11	6.47888e-12	2.67282e-12	1.02122e-12	3.61259e-13	1.18321e-13	3.58905e-14	1.00886e-14	2.63016e-15	
2.31254e-23	2.31254e-23	1.54326e-22	1.08533e-21	7.17712e-21	4.44742e-20	2.57831e-19	1.39619e-18	7.05121e-18	3.31617e-17	1.45025e-16	5.88992e-16	2.21885e-15	7.74582e-15	2.5038e-14	7.49036e-14	2.07339e-13	5.31088e-13	1.25925e-12	2.76559e-12	5.63074e-12	1.06389e-11	1.86761e-11	3.04979e-11	4.63862e-11	6.57904e-11	8.71099e-11	1.07774e-10	1.24691e-10	1.34977e-10	1.36747e-10	1.29667e-10	1.15052e-10	9.54789e-11	7.40572e-11	5.36388e-11	3.62391e-11	2.28112e-11	1.33612e-11	7.27317e-12	3.67506e-12	1.72187e-12	7.4738e-13	3.0033e-13	1.11687e-13	3.84337e-14	1.22408e-14	3.61001e-15	9.86574e-16	2.5009e-16	
1.63666e-24	1.63666e-24	1.12141e-23	8.08205e-23	5.47872e-22	3.48169e-21	2.07087e-20	1.151e-19	5.9685e-19	2.88308e-18	1.29539e-17	5.40621e-17	2.09308e-16	7.5093e-16	2.49428e-15	7.66541e-15	2.17869e-14	5.72625e-14	1.39196e-13	3.13069e-13	6.51916e-13	1.25787e-12	2.2511e-12	3.74043e-12	5.7767e-12	8.30092e-12	1.11092e-11	1.38584e-11	1.61257e-11	1.75107e-11	1.77494e-11	1.67949e-11	1.48317e-11	1.22191e-11	9.38523e-12	6.71515e-12	4.47153e-12	2.76815e-12	1.59143e-12	8.4875e-13	4.19506e-13	1.91994e-13	8.13082e-14	3.18485e-14	1.15365e-14	3.8649e-15	1.19798e-15	3.43785e-16	9.142e-17	2.2552e-17	
1.10705e-25	1.10705e-25	7.78307e-25	5.74496e-24	3.9898e-23	2.59862e-22	1.58473e-21	9.03423e-21	4.80671e-20	2.38308e-19	1.09925e-18	4.71066e-18	1.87289e-17	6.90026e-17	2.35339e-16	7.42413e-16	2.16508e-15	5.83507e-15	1.45325e-14	3.34537e-14	7.12109e-14	1.40254e-13	2.55788e-13	4.32327e-13	6.77804e-13	9.866e-13	1.3344e-12	1.67826e-12	1.9639e-12	2.13919e-12	2.16946e-12	2.0485e-12	1.80061e-12	1.47278e-12	1.12033e-12	7.92005e-13	5.19906e-13	3.16625e-13	1.78727e-13	9.34276e-14	4.51917e-14	2.02143e-14	8.35749e-15	3.19311e-15	1.12742e-15	3.67982e-16	1.11091e-16	3.10453e-17	8.03933e-18	1.93141e-18	
7.1635e-27	7.1635e-27	5.16445e-26	3.90214e-25	2.77478e-24	1.85116e-23	1.15676e-22	6.75949e-22	3.68764e-21	1.87518e-20	8.87373e-20	3.90191e-19	1.59197e-18	6.01885e-18	2.10627e-17	6.81596e-17	2.03814e-16	5.62895e-16	1.4355e-15	3.38038e-15	7.35209e-15	1.47748e-14	2.74498e-14	4.71797e-14	7.50722e-14	1.1067e-13	1.51254e-13	1.9177e-13	2.25669e-13	2.46567e-13	2.50181e-13	2.35743e-13	2.0626e-13	1.67509e-13	1.2621e-13	8.81688e-14	5.70686e-14	3.41992e-14	1.89605e-14	9.71841e-15	4.60256e-15	2.01313e-15	8.13029e-16	3.03177e-16	1.0441e-16	3.32245e-17	9.77602e-18	2.66237e-18	6.71859e-19	1.5731e-19	
4.43841e-28	4.43841e-28	3.27939e-27	2.53507e-26	1.8448e-25	1.25994e-24	8.0627e-24	4.82646e-23	2.69819e-22	1.40635e-21	6.82307e-21	3.07643e-20	1.28718e-19	4.99059e-19	1.79076e-18	5.94055e-18	1.82029e-17	5.1487e-17	1.34374e-16	3.23531e-16	7.1864e-16	1.47297e-15	2.78691e-15	4.86969e-15	7.86256e-15	1.17369e-14	1.62074e-14	2.07134e-14	2.45103e-14	2.68616e-14	2.7269e-14	2.56426e-14	2.23331e-14	1.80097e-14	1.34417e-14	9.28066e-15	5.92421e-15	3.49426e-15	1.9033e-15	9.5691e-16	4.43894e-16	1.89947e-16	7.4975e-17	2.7303e-17	9.17694e-18	2.84885e-18	8.17546e-19	2.17121e-19	5.34305e-20	1.22007e-20	
2.63542e-29	2.63542e-29	1.99457e-28	1.57672e-27	1.17362e-26	8.20136e-26	5.37176e-25	3.29229e-24	1.88494e-23	1.00643e-22	5.003e-22	2.31166e-21	9.91238e-21	3.93867e-20	1.44827e-19	4.92211e-19	1.54461e-18	4.47194e-18	1.1938e-17	2.93741e-17	6.66078e-17	1.39194e-16	2.68117e-16	4.76163e-16	7.79953e-16	1.17878e-15	1.64444e-15	2.1183e-15	2.5204e-15	2.77053e-15	2.81393e-15	2.64072e-15	2.28948e-15	1.8334e-15	1.35564e-15	9.25188e-16	5.82544e-16	3.38266e-16	1.81073e-16	8.93274e-17	4.06043e-17	1.70061e-17	6.56378e-18	2.33554e-18	7.66597e-19	2.32304e-19	6.50592e-20	1.68599e-20	4.04851e-21	9.02149e-22	
1.5009e-30	1.5009e-30	1.16296e-29	9.39676e-29	7.1509e-28	5.11053e-27	3.42432e-26	2.14763e-25	1.25858e-24	6.88002e-24	3.50223e-23	1.65733e-22	7.27895e-22	2.96241e-21	1.11559e-20	3.88215e-20	1.24696e-19	3.69338e-19	1.00801e-18	2.53359e-18	5.86258e-18	1.24866e-17	2.44791e-17	4.41748e-17	7.33928e-17	1.12286e-16	1.58233e-16	2.05429e-16	2.45759e-16	2.70956e-16	2.75337e-16	2.57867e-16	2.22564e-16	1.76997e-16	1.29667e-16	8.74847e-17	5.4344e-17	3.10729e-17	1.63508e-17	7.91728e-18	3.52781e-18	1.44678e-18	5.4629e-19	1.90028e-19	6.09435e-20	1.80377e-20	4.93283e-21	1.24812e-21	2.92621e-22	6.36696e-23	
8.20492e-32	8.20492e-32	6.5057e-31	5.37066e-30	4.17664e-29	3.05125e-28	2.09053e-27	1.341e-26	8.03982e-26	4.49729e-25	2.34304e-24	1.13495e-23	5.10274e-23	2.1259e-22	8.19453e-22	2.91826e-21	9.58938e-21	2.90432e-20	8.10009e-20	2.07882e-19	4.90679e-19	1.06481e-18	2.12397e-18	3.8938e-18	6.56056e-18	1.01593e-17	1.44601e-17	1.89192e-17	2.27559e-17	2.51637e-17	2.55829e-17	2.39118e-17	2.05462e-17	1.62278e-17	1.17798e-17	7.85792e-18	4.81635e-18	2.7123e-18	1.40335e-18	6.67182e-19	2.91521e-19	1.17113e-19	4.32808e-20	1.47252e-20	4.61659e-21	1.33528e-21	3.56768e-22	8.81861e-23	2.01977e-23	4.2935e-24	
4.3087e-33	4.3087e-33	3.49442e-32	2.94613e-31	2.34038e-30	1.747e-29	1.22333e-28	8.02233e-28	4.91819e-27	2.81377e-26	1.49959e-25	7.43156e-25	3.41858e-24	1.45721e-23	5.74647e-23	2.09322e-22	7.03324e-22	2.17714e-21	6.20225e-21	1.62465e-20	3.91031e-20	8.64308e-20	1.75369e-19	3.26537e-19	5.57843e-19	8.74229e-19	1.25669e-18	1.65691e-18	2.00363e-18	2.22217e-18	2.26029e-18	2.10845e-18	1.80367e-18	1.41489e-18	1.01778e-18	6.71337e-19	4.06076e-19	2.25269e-19	1.14632e-19	5.35245e-20	2.29415e-20	9.03161e-21	3.26816e-21	1.08803e-21	3.33626e-22	9.43461e-23	2.46412e-23	5.9533e-24	1.33272e-24	2.76922e-25	
2.17512e-34	2.17512e-34	1.80357e-33	1.55233e-32	1.25916e-31	9.59983e-31	6.86755e-30	4.60205e-29	2.88368e-28	1.68657e-27	9.19042e-27	4.65738e-26	2.19095e-25	9.55069e-25	3.85123e-24	1.43423e-23	4.92531e-23	1.55759e-22	4.53056e-22	1.21082e-21	2.97069e-21	6.68603e-21	1.3796e-20	2.60853e-20	4.51769e-20	7.16418e-20	1.03999e-19	1.38168e-19	1.67972e-19	1.86838e-19	1.90135e-19	1.77012e-19	1.50759e-19	1.17467e-19	8.37389e-20	5.46236e-20	3.26112e-20	1.78244e-20	8.92274e-21	4.0929e-21	1.72141e-21	6.64342e-22	2.3548e-22	7.67445e-23	2.30264e-23	6.36957e-24	1.62698e-24	3.84391e-25	8.41483e-26	1.70996e-26	
1.05629e-35	1.05629e-35	8.95114e-35	7.86221e-34	6.5094e-33	5.06675e-32	3.70151e-31	2.53361e-30	1.62195e-29	9.69346e-29	5.39833e-28	2.79618e-27	1.34457e-26	5.99112e-26	2.46922e-25	9.39696e-25	3.29677e-24	1.06467e-23	3.16069e-23	8.61532e-23	2.15394e-22	4.93486e-22	1.03528e-21	1.98736e-21	3.48875e-21	5.59765e-21	8.20515e-21	1.09837e-20	1.34237e-20	1.49749e-20	1.52464e-20	1.41663e-20	1.20127e-20	9.29725e-21	6.56874e-21	4.23784e-21	2.49752e-21	1.34521e-21	6.62592e-22	2.98663e-22	1.23297e-22	4.6663e-23	1.62077e-23	5.17309e-24	1.51941e-24	4.11314e-25	1.02797e-25	2.37611e-26	5.08902e-27	1.01181e-27	
4.93782e-37	4.93782e-37	4.27472e-36	3.83035e-35	3.23577e-34	2.57047e-33	1.91693e-32	1.3397e-31	8.75849e-31	5.34655e-30	3.04172e-29	1.60967e-28	7.90841e-28	3.60037e-27	1.51599e-26	5.89319e-26	2.11134e-25	6.96016e-25	2.10811e-24	5.85864e-24	1.49214e-23	3.47909e-23	7.41896e-23	1.44563e-22	2.57194e-22	4.17478e-22	6.1787e-22	8.33335e-22	1.02381e-21	1.14542e-21	1.16674e-21	1.08198e-21	9.13513e-22	7.02321e-22	4.91823e-22	3.13851e-22	1.82609e-22	9.69415e-23	4.69926e-23	2.08198e-23	8.43898e-24	3.13304e-24	1.06675e-24	3.33574e-25	9.59486e-26	2.54294e-26	6.22108e-27	1.40747e-27	2.95048e-28	5.74206e-29	
2.2234e-38	2.2234e-38	1.96565e-37	1.79621e-36	1.54772e-35	1.25436e-34	9.54559e-34	6.80892e-33	4.54421e-32	2.83226e-31	1.64539e-30	8.8924e-30	4.46198e-29	2.07462e-28	8.92091e-28	3.54089e-27	1.29496e-26	4.35602e-26	1.3456e-25	3.81149e-25	9.88626e-25	2.34526e-24	5.0824e-24	1.00508e-23	1.81197e-23	2.97518e-23	4.44556e-23	6.04065e-23	7.46009e-23	8.37018e-23	8.53003e-23	7.89504e-23	6.63709e-23	5.06902e-23	3.51862e-23	2.22115e-23	1.27605e-23	6.67773e-24	3.1864e-24	1.38791e-24	5.52509e-25	2.01283e-25	6.72042e-26	2.05963e-26	5.804e-27	1.5066e-27	3.60935e-28	7.99596e-29	1.64131e-29	3.12792e-30	
9.64923e-40	9.64923e-40	8.70856e-39	8.11299e-38	7.1281e-37	5.89182e-36	4.57371e-35	3.32863e-34	2.26697e-33	1.44207e-32	8.55158e-32	4.71803e-31	2.41688e-30	1.14723e-29	5.03583e-29	2.04013e-28	7.61334e-28	2.61233e-27	8.22745e-27	2.37455e-26	6.27078e-26	1.51313e-25	3.3317e-25	6.68561e-25	1.22118e-24	2.02808e-24	3.05924e-24	4.18778e-24	5.19866e-24	5.84951e-24	5.96403e-24	5.50946e-24	4.6118e-24	3.49913e-24	2.40775e-24	1.50365e-24	8.53057e-25	4.40131e-25	2.0677e-25	8.85652e-26	3.46354e-26	1.23854e-26	4.05634e-27	1.21883e-27	3.36613e-28	8.56132e-29	2.00928e-29	4.36035e-30	8.76752e-31	1.63683e-31	
4.03847e-41	4.03847e-41	3.71956e-40	3.53167e-39	3.16298e-38	2.66552e-37	2.11007e-36	1.56627e-35	1.08817e-34	7.06236e-34	4.27342e-33	2.40599e-32	1.25781e-31	6.09298e-31	2.72923e-30	1.12811e-29	4.2943e-29	1.50251e-28	4.82308e-28	1.41792e-27	3.81136e-27	9.3525e-27	2.0919e-26	4.25881e-26	7.88056e-26	1.32362e-25	2.01548e-25	2.77932e-25	3.468e-25	3.91325e-25	3.99174e-25	3.68045e-25	3.06769e-25	2.31241e-25	1.57741e-25	9.74644e-26	5.46095e-26	2.77829e-26	1.28528e-26	5.41482e-27	2.0808e-27	7.30576e-28	2.34779e-28	6.91872e-29	1.87335e-29	4.67007e-30	1.07412e-30	2.2842e-31	4.5008e-32	8.23453e-33	
1.63093e-42	1.63093e-42	1.53247e-41	1.48255e-40	1.35308e-39	1.16222e-38	9.37912e-38	7.09853e-37	5.02923e-36	3.32906e-35	2.05477e-34	1.18015e-33	6.29399e-33	3.11036e-32	1.42121e-31	5.99165e-31	2.32574e-30	8.29506e-30	2.7131e-29	8.12234e-29	2.22171e-28	5.54282e-28	1.25917e-27	2.60037e-27	4.87394e-27	8.27844e-27	1.27238e-26	1.76745e-26	2.21669e-26	2.50835e-26	2.55985e-26	2.35575e-26	1.95524e-26	1.46431e-26	9.90298e-27	6.05439e-27	3.35066e-27	1.68116e-27	7.6598e-28	3.17472e-28	1.19908e-28	4.13471e-29	1.30418e-29	3.77052e-30	1.00125e-30	2.44733e-31	5.51831e-32	1.15038e-32	2.22202e-33	3.9854e-34	
6.35891e-44	6.35891e-44	6.09382e-43	6.00511e-42	5.58354e-41	4.88685e-40	4.01914e-39	3.10058e-38	2.23946e-37	1.51144e-36	9.51276e-36	5.57169e-35	3.03042e-34	1.52725e-33	7.11624e-33	3.05894e-32	1.21039e-31	4.39927e-31	1.46568e-30	4.46713e-30	1.2431e-29	3.15248e-29	7.27223e-29	1.52319e-28	2.89151e-28	4.96608e-28	7.70386e-28	1.07792e-27	1.35879e-27	1.54188e-27	1.57427e-27	1.44601e-27	1.19513e-27	8.89293e-28	5.96287e-28	3.60741e-28	1.97215e-28	9.75985e-29	4.38042e-29	1.78646e-29	6.6333e-30	2.247e-30	6.95856e-31	1.97428e-31	5.14321e-32	1.23303e-32	2.72656e-33	5.57379e-34	1.05574e-34	1.85696e-35	
2.39489e-45	2.39489e-45	2.34001e-44	2.34828e-43	2.22381e-42	1.98269e-41	1.66137e-40	1.30602e-39	9.6137e-39	6.6135e-38	4.24313e-37	2.5336e-36	1.40489e-35	7.21823e-35	3.42868e-34	1.50226e-33	6.05763e-33	2.24301e-32	7.60997e-32	2.36066e-31	6.68159e-31	1.72203e-30	4.03311e-30	8.56645e-30	1.64682e-29	2.85969e-29	4.47725e-29	6.30985e-29	7.99423e-29	9.09672e-29	9.29208e-29	8.51907e-29	7.01162e-29	5.18394e-29	3.44645e-29	2.06338e-29	1.11442e-29	5.44047e-30	2.40571e-30	9.65592e-31	3.52551e-31	1.17349e-31	3.56891e-32	9.93983e-33	2.54109e-33	5.97698e-34	1.29655e-34	2.59995e-35	4.83073e-36	8.33516e-37	
8.71725e-47	8.71725e-47	8.68198e-46	8.87041e-45	8.55351e-44	7.76646e-43	6.62867e-42	5.30846e-41	3.9813e-40	2.79084e-39	1.82474e-38	1.11044e-37	6.27558e-37	3.28622e-36	1.59081e-35	7.10242e-35	2.91773e-34	1.10034e-33	3.80066e-33	1.19968e-32	3.45293e-32	9.04231e-32	2.14977e-31	4.62986e-31	9.01244e-31	1.58221e-30	2.49994e-30	3.54853e-30	4.51842e-30	5.15582e-30	5.26897e-30	4.82164e-30	3.95196e-30	2.90323e-30	1.91388e-30	1.13402e-30	6.05141e-31	2.9146e-31	1.26994e-31	5.01748e-32	1.80176e-32	5.8944e-33	1.76094e-33	4.8157e-34	1.20848e-34	2.78967e-35	5.93822e-36	1.16843e-36	2.13019e-37	3.60669e-38	
3.17221e-48	3.17221e-48	3.22152e-47	3.35221e-46	3.2926e-45	3.04579e-44	2.64886e-43	2.16184e-42	1.65259e-41	1.18092e-40	7.87181e-40	4.88419e-39	2.81447e-38	1.50274e-37	7.41703e-37	3.37591e-36	1.41358e-35	5.4321e-35	1.91116e-34	6.14161e-34	1.79847e-33	4.78796e-33	1.15611e-32	2.52584e-32	4.98098e-32	8.84446e-32	1.41083e-31	2.0176e-31	2.58255e-31	2.95538e-31	3.02169e-31	2.75978e-31	2.2522e-31	1.64356e-31	1.07396e-31	6.29513e-32	3.31745e-32	1.57559e-32	6.76122e-33	2.62815e-33	9.27719e-34	2.98139e-34	8.74488e-35	2.34705e-35	5.77875e-36	1.30856e-36	2.73208e-37	5.27251e-38	9.42793e-39	1.56571e-39	
3.17221e-48	3.17221e-48	3.22152e-47	3.35221e-46	3.2926e-45	3.04579e-44	2.64886e-43	2.16184e-42	1.65259e-41	1.18092e-40	7.87181e-40	4.88419e-39	2.81447e-38	1.50274e-37	7.41703e-37	3.37591e-36	1.41358e-35	5.4321e-35	1.91116e-34	6.14161e-34	1.79847e-33	4.78796e-33	1.15611e-32	2.52584e-32	4.98098e-32	8.84446e-32	1.41083e-31	2.0176e-31	2.58255e-31	2.95538e-31	3.02169e-31	2.75978e-31	2.2522e-31	1.64356e-31	1.07396e-31	6.29513e-32	3.31745e-32	1.57559e-32	6.76122e-33	2.62815e-33	9.27719e-34	2.98139e-34	8.74488e-35	2.34705e-35	5.77875e-36	1.30856e-36	2.73208e-37	5.27251e-38	9.42793e-39	1.56571e-39	
