-0.439799	-0.426842	-0.429312	-0.442979	-0.473017	-0.503908	-0.516354	-0.497879	-0.443097	-0.342423	-0.210034	-0.0588377	0.100454	0.271422	0.454215	0.637206	0.817231	0.984985	1.13478	1.25477	1.33541	1.36809	1.34275	1.25211	1.08931	0.853246	0.559292	0.234442	-0.0982117	-0.405838	-0.655771	-0.820443	-0.892297	-0.890008	-0.818044	-0.692575	-0.546095	-0.393119	-0.254979	-0.158373	-0.105507	-0.0774357	-0.0595473	-0.0500649	-0.053784	-0.0759931	-0.100825	-0.109411	-0.109096	-0.109096	
-0.426842	-0.399942	-0.379302	-0.377671	-0.399878	-0.428629	-0.449146	-0.448975	-0.414698	-0.334635	-0.220267	-0.0796609	0.0780625	0.243184	0.402337	0.547943	0.686525	0.823328	0.953944	1.06399	1.14691	1.19202	1.19213	1.14262	1.02957	0.835967	0.565365	0.247429	-0.0818126	-0.380128	-0.618884	-0.775817	-0.840455	-0.833175	-0.768758	-0.660318	-0.532449	-0.406541	-0.295991	-0.208089	-0.149974	-0.112563	-0.0749309	-0.030334	0.00907208	0.0267145	0.0309579	0.0359855	0.0376718	0.0376718	
-0.429312	-0.379302	-0.340581	-0.323626	-0.324261	-0.331655	-0.340748	-0.342617	-0.324456	-0.271025	-0.183968	-0.0626291	0.072485	0.207118	0.33008	0.432412	0.524966	0.620108	0.723374	0.823261	0.907834	0.96987	1.00596	1.00536	0.943775	0.797129	0.567147	0.278017	-0.0327294	-0.313019	-0.531369	-0.671164	-0.732355	-0.73773	-0.69806	-0.62239	-0.5262	-0.427485	-0.343961	-0.278267	-0.22398	-0.169916	-0.106465	-0.030003	0.0496153	0.111034	0.159106	0.204082	0.230511	0.230511	
-0.442979	-0.377671	-0.323626	-0.284495	-0.256717	-0.236081	-0.219189	-0.206984	-0.195978	-0.167577	-0.105037	-0.013353	0.0768929	0.160497	0.236064	0.298256	0.347147	0.400584	0.474989	0.559394	0.64455	0.72398	0.793845	0.838288	0.823805	0.725798	0.553062	0.322358	0.0530498	-0.202008	-0.396587	-0.520707	-0.591552	-0.625266	-0.621865	-0.587571	-0.527839	-0.455189	-0.393208	-0.348959	-0.307718	-0.244933	-0.153888	-0.0433819	0.0758093	0.186872	0.290138	0.384389	0.441054	0.441054	
-0.473017	-0.399878	-0.324261	-0.256717	-0.201148	-0.150688	-0.100901	-0.0669224	-0.0561903	-0.0409224	-0.00150207	0.0493649	0.0805193	0.101407	0.12654	0.147361	0.160137	0.182284	0.227483	0.293911	0.379066	0.474539	0.571627	0.65093	0.679159	0.634853	0.530008	0.371701	0.162225	-0.0575688	-0.237367	-0.357083	-0.441451	-0.510577	-0.548604	-0.550289	-0.526562	-0.491389	-0.454437	-0.419693	-0.381987	-0.313434	-0.200194	-0.0549436	0.107585	0.268192	0.418825	0.551433	0.632088	0.632088	
-0.503908	-0.428629	-0.331655	-0.236081	-0.150688	-0.0684949	0.0116188	0.0646681	0.0855434	0.0940764	0.10465	0.103817	0.0724899	0.035938	0.00644755	-0.0170664	-0.0343784	-0.035764	-0.0141792	0.0346019	0.12228	0.238141	0.35867	0.464955	0.536081	0.549446	0.507345	0.41527	0.268795	0.0903847	-0.0739818	-0.198521	-0.303879	-0.402036	-0.475935	-0.518241	-0.53279	-0.532246	-0.518517	-0.486792	-0.437107	-0.349343	-0.212957	-0.0434517	0.146264	0.341366	0.528677	0.690909	0.788955	0.788955	
-0.516354	-0.449146	-0.340748	-0.219189	-0.100901	0.0116188	0.114805	0.190961	0.227564	0.226421	0.19629	0.137898	0.0552243	-0.0313408	-0.112474	-0.180867	-0.228719	-0.248245	-0.246219	-0.210992	-0.1176	0.0180003	0.160338	0.293508	0.406998	0.475936	0.491033	0.450587	0.356744	0.227199	0.0838486	-0.0545638	-0.18869	-0.315284	-0.421379	-0.500387	-0.549523	-0.575681	-0.571338	-0.526866	-0.450729	-0.338419	-0.188634	-0.0126427	0.187063	0.401415	0.612431	0.795473	0.906928	0.906928	
-0.497879	-0.448975	-0.342617	-0.206984	-0.0669224	0.0646681	0.190961	0.292508	0.34353	0.326702	0.256171	0.15491	0.0340286	-0.0886053	-0.209447	-0.316887	-0.394919	-0.438081	-0.454244	-0.428532	-0.335226	-0.188703	-0.025224	0.137619	0.291702	0.410928	0.473328	0.47461	0.425002	0.335316	0.215728	0.0722728	-0.0953099	-0.257965	-0.391492	-0.498343	-0.573921	-0.611045	-0.594329	-0.522945	-0.420548	-0.291493	-0.135801	0.0368665	0.230577	0.447522	0.669892	0.864376	0.98309	0.98309	
-0.443097	-0.414698	-0.324456	-0.195978	-0.0561903	0.0855434	0.227564	0.34353	0.396644	0.366223	0.277752	0.151952	0.00662333	-0.14096	-0.286167	-0.417342	-0.523095	-0.588513	-0.615884	-0.594995	-0.506937	-0.361781	-0.187239	0.000920437	0.187423	0.339443	0.438778	0.480288	0.465361	0.402679	0.300699	0.156127	-0.0299779	-0.218974	-0.379225	-0.502424	-0.581109	-0.611302	-0.57824	-0.485527	-0.363179	-0.222543	-0.0673909	0.0965858	0.280658	0.491749	0.709015	0.897431	1.01328	1.01328	
-0.342423	-0.334635	-0.271025	-0.167577	-0.0409224	0.0940764	0.226421	0.326702	0.366223	0.335891	0.250665	0.121105	-0.0360274	-0.197597	-0.35249	-0.496835	-0.617456	-0.693216	-0.723273	-0.701515	-0.620068	-0.485188	-0.310133	-0.107524	0.0980035	0.272911	0.397759	0.464249	0.470954	0.413686	0.306252	0.16423	-0.0120132	-0.195481	-0.357094	-0.481173	-0.554265	-0.570914	-0.520304	-0.413482	-0.286002	-0.150131	-0.000889047	0.160576	0.337934	0.535752	0.734567	0.901152	1.00157	1.00157	
-0.210034	-0.220267	-0.183968	-0.105037	-0.00150207	0.10465	0.19629	0.256171	0.277752	0.250665	0.179811	0.0601757	-0.0927964	-0.256448	-0.42034	-0.571494	-0.691689	-0.762071	-0.78452	-0.757424	-0.677955	-0.549127	-0.380645	-0.181621	0.0308045	0.219827	0.355669	0.42859	0.43224	0.362137	0.243931	0.102245	-0.0511407	-0.19553	-0.326579	-0.43339	-0.491936	-0.490403	-0.423315	-0.310921	-0.187256	-0.0611385	0.0737644	0.219607	0.38215	0.564866	0.742799	0.883599	0.966112	0.966112	
-0.0588377	-0.0796609	-0.0626291	-0.013353	0.0493649	0.103817	0.137898	0.15491	0.151952	0.121105	0.0601757	-0.0383515	-0.164741	-0.316632	-0.479036	-0.625791	-0.73068	-0.784127	-0.798437	-0.770289	-0.692873	-0.570109	-0.415517	-0.231585	-0.026045	0.169747	0.312984	0.37497	0.35752	0.271233	0.142603	0.00234958	-0.126996	-0.230003	-0.313121	-0.376052	-0.404322	-0.383016	-0.303502	-0.18412	-0.0574285	0.0575365	0.165989	0.281987	0.414445	0.567971	0.722105	0.844878	0.91629	0.91629	
0.100454	0.0780625	0.072485	0.0768929	0.0805193	0.0724899	0.0552243	0.0340286	0.00662333	-0.0360274	-0.0927964	-0.164741	-0.255143	-0.376225	-0.516119	-0.641514	-0.723293	-0.763651	-0.775857	-0.750454	-0.678759	-0.563781	-0.419972	-0.254788	-0.0682482	0.117929	0.248739	0.291006	0.252844	0.153445	0.0274751	-0.101386	-0.213135	-0.285246	-0.322617	-0.332379	-0.312852	-0.257028	-0.160636	-0.0403523	0.0798891	0.184613	0.27668	0.365406	0.458998	0.570507	0.68609	0.774784	0.823529	0.823529	
0.271422	0.243184	0.207118	0.160497	0.101407	0.035938	-0.0313408	-0.0886053	-0.14096	-0.197597	-0.256448	-0.316632	-0.376225	-0.454195	-0.546028	-0.628727	-0.683694	-0.714602	-0.723476	-0.698176	-0.632967	-0.526525	-0.393318	-0.245429	-0.08835	0.0581904	0.153719	0.172155	0.121077	0.0243075	-0.0927519	-0.211852	-0.302056	-0.341913	-0.335807	-0.290861	-0.219558	-0.12682	-0.0176963	0.09682	0.21258	0.315205	0.39783	0.468918	0.531651	0.590735	0.640551	0.670204	0.683699	0.683699	
0.454215	0.402337	0.33008	0.236064	0.12654	0.00644755	-0.112474	-0.209447	-0.286167	-0.35249	-0.42034	-0.479036	-0.516119	-0.546028	-0.575134	-0.604638	-0.628627	-0.647451	-0.648734	-0.619175	-0.558027	-0.463625	-0.342202	-0.212309	-0.0953114	-0.00297312	0.0414263	0.0289796	-0.0246741	-0.109824	-0.216049	-0.320563	-0.384267	-0.386708	-0.336247	-0.249823	-0.144994	-0.0242006	0.105946	0.235915	0.361041	0.461193	0.529618	0.574167	0.593455	0.595552	0.585602	0.560051	0.535474	0.535474	
0.637206	0.547943	0.432412	0.298256	0.147361	-0.0170664	-0.180867	-0.316887	-0.417342	-0.496835	-0.571494	-0.625791	-0.641514	-0.628727	-0.604638	-0.583891	-0.570961	-0.568192	-0.55488	-0.51822	-0.463676	-0.386317	-0.287007	-0.188862	-0.113514	-0.0697393	-0.0676246	-0.10034	-0.15595	-0.229854	-0.321314	-0.412931	-0.455687	-0.42898	-0.347008	-0.23029	-0.0962694	0.0578793	0.223058	0.381574	0.524106	0.623427	0.662861	0.656051	0.619862	0.569713	0.515275	0.460849	0.422967	0.422967	
0.817231	0.686525	0.524966	0.347147	0.160137	-0.0343784	-0.228719	-0.394919	-0.523095	-0.617456	-0.691689	-0.73068	-0.723293	-0.683694	-0.628627	-0.570961	-0.521638	-0.489787	-0.456248	-0.414441	-0.368543	-0.313035	-0.246842	-0.18466	-0.144922	-0.130216	-0.144095	-0.188862	-0.254487	-0.329161	-0.415023	-0.49179	-0.51359	-0.468674	-0.366934	-0.226547	-0.0617534	0.130814	0.332558	0.52081	0.678953	0.768149	0.771833	0.716448	0.630546	0.535709	0.449777	0.377613	0.329405	0.329405	
0.984985	0.823328	0.620108	0.400584	0.182284	-0.035764	-0.248245	-0.438081	-0.588513	-0.693216	-0.762071	-0.784127	-0.763651	-0.714602	-0.647451	-0.568192	-0.489787	-0.426013	-0.367589	-0.315325	-0.275906	-0.245848	-0.213858	-0.188005	-0.178322	-0.179705	-0.199859	-0.248273	-0.320879	-0.402763	-0.485551	-0.546621	-0.551287	-0.494425	-0.382321	-0.225866	-0.0330856	0.193251	0.425537	0.632287	0.788875	0.864832	0.849903	0.767299	0.650007	0.522321	0.40274	0.30264	0.238257	0.238257	
1.13478	0.953944	0.723374	0.474989	0.227483	-0.0141792	-0.246219	-0.454244	-0.615884	-0.723273	-0.78452	-0.798437	-0.775857	-0.723476	-0.648734	-0.55488	-0.456248	-0.367589	-0.285526	-0.223096	-0.19431	-0.191267	-0.194463	-0.200277	-0.210826	-0.22488	-0.245201	-0.284752	-0.351639	-0.431403	-0.512883	-0.568572	-0.565682	-0.502362	-0.382065	-0.21457	-0.00680809	0.234932	0.478046	0.690056	0.848346	0.924751	0.903736	0.807371	0.672852	0.519481	0.367925	0.243777	0.168699	0.168699	
1.25477	1.06399	0.823261	0.559394	0.293911	0.0346019	-0.210992	-0.428532	-0.594995	-0.701515	-0.757424	-0.770289	-0.750454	-0.698176	-0.619175	-0.51822	-0.414441	-0.315325	-0.223096	-0.160446	-0.14074	-0.158106	-0.18585	-0.209195	-0.231848	-0.253046	-0.270263	-0.298197	-0.349571	-0.418981	-0.495913	-0.547064	-0.543862	-0.482302	-0.364226	-0.199326	0.00894813	0.248028	0.488726	0.704992	0.865603	0.942494	0.924366	0.826574	0.683279	0.517754	0.352967	0.215766	0.131804	0.131804	
1.33541	1.14691	0.907834	0.64455	0.379066	0.12228	-0.1176	-0.335226	-0.506937	-0.620068	-0.677955	-0.692873	-0.678759	-0.632967	-0.558027	-0.463676	-0.368543	-0.275906	-0.19431	-0.14074	-0.126366	-0.147175	-0.177799	-0.205362	-0.228966	-0.248372	-0.260815	-0.277261	-0.314763	-0.374498	-0.441351	-0.483393	-0.482621	-0.433884	-0.332634	-0.180836	0.0180953	0.244717	0.473804	0.678692	0.827897	0.906312	0.902152	0.818708	0.686444	0.52496	0.355493	0.216087	0.137044	0.137044	
1.36809	1.19202	0.96987	0.72398	0.474539	0.238141	0.0180003	-0.188703	-0.361781	-0.485188	-0.549127	-0.570109	-0.563781	-0.526525	-0.463625	-0.386317	-0.313035	-0.245848	-0.191267	-0.158106	-0.147175	-0.154847	-0.171673	-0.187485	-0.199173	-0.210365	-0.214609	-0.220012	-0.245426	-0.293844	-0.346463	-0.378195	-0.383688	-0.35433	-0.2796	-0.154514	0.0213119	0.222165	0.423662	0.606698	0.745202	0.827248	0.840875	0.783079	0.675352	0.534629	0.381079	0.25144	0.177774	0.177774	
1.34275	1.19213	1.00596	0.793845	0.571627	0.35867	0.160338	-0.025224	-0.187239	-0.310133	-0.380645	-0.415517	-0.419972	-0.393318	-0.342202	-0.287007	-0.246842	-0.213858	-0.194463	-0.18585	-0.177799	-0.171673	-0.167562	-0.160997	-0.15452	-0.152652	-0.146056	-0.135457	-0.136051	-0.160241	-0.19621	-0.22652	-0.248035	-0.24635	-0.207108	-0.117513	0.0196779	0.174247	0.33591	0.494166	0.621182	0.709296	0.75039	0.730674	0.657725	0.547404	0.419874	0.311249	0.252829	0.252829	
1.25211	1.14262	1.00536	0.838288	0.65093	0.464955	0.293508	0.137619	0.000920437	-0.107524	-0.181621	-0.231585	-0.254788	-0.245429	-0.212309	-0.188862	-0.18466	-0.188005	-0.200277	-0.209195	-0.205362	-0.187485	-0.160997	-0.128916	-0.0965364	-0.0731019	-0.0499454	-0.0151915	0.0177495	0.0209758	-0.00178715	-0.0382813	-0.0838822	-0.114998	-0.111734	-0.0633691	0.0204496	0.115735	0.222783	0.338794	0.450386	0.554813	0.636886	0.670174	0.645834	0.573681	0.474559	0.386089	0.340625	0.340625	
1.08931	1.02957	0.943775	0.823805	0.679159	0.536081	0.406998	0.291702	0.187423	0.0980035	0.0308045	-0.026045	-0.0682482	-0.08835	-0.0953114	-0.113514	-0.144922	-0.178322	-0.210826	-0.231848	-0.228966	-0.199173	-0.15452	-0.0965364	-0.0296515	0.0317959	0.0910103	0.158122	0.215652	0.236024	0.221919	0.175913	0.105532	0.0385587	-0.00429948	-0.00629935	0.0236255	0.0603069	0.105451	0.169662	0.257618	0.370356	0.4943	0.593875	0.634191	0.612327	0.547636	0.47529	0.433579	0.433579	
0.853246	0.835967	0.797129	0.725798	0.634853	0.549446	0.475936	0.410928	0.339443	0.272911	0.219827	0.169747	0.117929	0.0581904	-0.00297312	-0.0697393	-0.130216	-0.179705	-0.22488	-0.253046	-0.248372	-0.210365	-0.152652	-0.0731019	0.0317959	0.151823	0.271311	0.377172	0.452599	0.483305	0.471809	0.416416	0.320989	0.205662	0.104092	0.0459686	0.019083	0.00261308	-0.00143413	0.0183326	0.078812	0.18907	0.341293	0.495657	0.597225	0.630487	0.614547	0.582138	0.56385	0.56385	
0.559292	0.565365	0.567147	0.553062	0.530008	0.507345	0.491033	0.473328	0.438778	0.397759	0.355669	0.312984	0.248739	0.153719	0.0414263	-0.0676246	-0.144095	-0.199859	-0.245201	-0.270263	-0.260815	-0.214609	-0.146056	-0.0499454	0.0910103	0.271311	0.452269	0.601637	0.702032	0.747097	0.741858	0.678335	0.554415	0.392646	0.233593	0.104864	0.00556305	-0.064702	-0.107636	-0.11496	-0.0643303	0.0467233	0.206982	0.383096	0.524592	0.617435	0.674266	0.705301	0.720048	0.720048	
0.234442	0.247429	0.278017	0.322358	0.371701	0.41527	0.450587	0.47461	0.480288	0.464249	0.42859	0.37497	0.291006	0.172155	0.0289796	-0.10034	-0.188862	-0.248273	-0.284752	-0.298197	-0.277261	-0.220012	-0.135457	-0.0151915	0.158122	0.377172	0.601637	0.792541	0.927127	1.00306	1.01199	0.940067	0.798094	0.604791	0.389893	0.182544	0.00181359	-0.130168	-0.209238	-0.229858	-0.180022	-0.0693971	0.0925867	0.285725	0.465954	0.612003	0.728785	0.81456	0.860412	0.860412	
-0.0982117	-0.0818126	-0.0327294	0.0530498	0.162225	0.268795	0.356744	0.425002	0.465361	0.470954	0.43224	0.35752	0.252844	0.121077	-0.0246741	-0.15595	-0.254487	-0.320879	-0.351639	-0.349571	-0.314763	-0.245426	-0.136051	0.0177495	0.215652	0.452599	0.702032	0.927127	1.10838	1.23029	1.26095	1.19339	1.04059	0.813496	0.546105	0.269587	0.0181809	-0.16575	-0.276855	-0.317044	-0.278365	-0.167375	0.00754664	0.225294	0.441833	0.628567	0.784059	0.900039	0.959601	0.959601	
-0.405838	-0.380128	-0.313019	-0.202008	-0.0575688	0.0903847	0.227199	0.335316	0.402679	0.413686	0.362137	0.271233	0.153445	0.0243075	-0.109824	-0.229854	-0.329161	-0.402763	-0.431403	-0.418981	-0.374498	-0.293844	-0.160241	0.0209758	0.236024	0.483305	0.747097	1.00306	1.23029	1.3976	1.46494	1.41354	1.24591	0.987853	0.680514	0.355992	0.0622663	-0.158201	-0.301544	-0.364141	-0.335848	-0.220176	-0.0353912	0.190821	0.42748	0.646951	0.834682	0.973655	1.04352	1.04352	
-0.655771	-0.618884	-0.531369	-0.396587	-0.237367	-0.0739818	0.0838486	0.215728	0.300699	0.306252	0.243931	0.142603	0.0274751	-0.0927519	-0.216049	-0.321314	-0.415023	-0.485551	-0.512883	-0.495913	-0.441351	-0.346463	-0.19621	-0.00178715	0.221919	0.471809	0.741858	1.01199	1.26095	1.46494	1.57185	1.54107	1.37669	1.11463	0.796121	0.456431	0.140032	-0.114771	-0.285433	-0.359527	-0.336232	-0.223761	-0.0469409	0.171571	0.416911	0.659389	0.875355	1.04568	1.13931	1.13931	
-0.820443	-0.775817	-0.671164	-0.520707	-0.357083	-0.198521	-0.0545638	0.0722728	0.156127	0.16423	0.102245	0.00234958	-0.101386	-0.211852	-0.320563	-0.412931	-0.49179	-0.546621	-0.568572	-0.547064	-0.483393	-0.378195	-0.22652	-0.0382813	0.175913	0.416416	0.678335	0.940067	1.19339	1.41354	1.54107	1.53784	1.40559	1.17944	0.892357	0.567003	0.243939	-0.0316769	-0.221548	-0.310349	-0.302757	-0.203248	-0.0359786	0.173741	0.419888	0.682615	0.928794	1.1224	1.22733	1.22733	
-0.892297	-0.840455	-0.732355	-0.591552	-0.441451	-0.303879	-0.18869	-0.0953099	-0.0299779	-0.0120132	-0.0511407	-0.126996	-0.213135	-0.302056	-0.384267	-0.455687	-0.51359	-0.551287	-0.565682	-0.543862	-0.482621	-0.383688	-0.248035	-0.0838822	0.105532	0.320989	0.554415	0.798094	1.04059	1.24591	1.37669	1.40559	1.33094	1.17527	0.942103	0.6515	0.350156	0.0765938	-0.125516	-0.233194	-0.246166	-0.162114	-0.00491203	0.199413	0.451786	0.732826	0.993541	1.19264	1.30198	1.30198	
-0.890008	-0.833175	-0.73773	-0.625266	-0.510577	-0.402036	-0.315284	-0.257965	-0.218974	-0.195481	-0.19553	-0.230003	-0.285246	-0.341913	-0.386708	-0.42898	-0.468674	-0.494425	-0.502362	-0.482302	-0.433884	-0.35433	-0.24635	-0.114998	0.0385587	0.205662	0.392646	0.604791	0.813496	0.987853	1.11463	1.17944	1.17527	1.0883	0.908517	0.672721	0.418441	0.172185	-0.0201554	-0.131974	-0.157929	-0.0950129	0.0445982	0.248699	0.510233	0.798395	1.05936	1.25353	1.36015	1.36015	
-0.818044	-0.768758	-0.69806	-0.621865	-0.548604	-0.475935	-0.421379	-0.391492	-0.379225	-0.357094	-0.326579	-0.313121	-0.322617	-0.335807	-0.336247	-0.347008	-0.366934	-0.382321	-0.382065	-0.364226	-0.332634	-0.2796	-0.207108	-0.111734	-0.00429948	0.104092	0.233593	0.389893	0.546105	0.680514	0.796121	0.892357	0.942103	0.908517	0.790419	0.621689	0.426721	0.232323	0.0753346	-0.022715	-0.0523831	-0.00639516	0.12147	0.323039	0.576753	0.856714	1.11398	1.29962	1.39605	1.39605	
-0.692575	-0.660318	-0.62239	-0.587571	-0.550289	-0.518241	-0.500387	-0.498343	-0.502424	-0.481173	-0.43339	-0.376052	-0.332379	-0.290861	-0.249823	-0.23029	-0.226547	-0.225866	-0.21457	-0.199326	-0.180836	-0.154514	-0.117513	-0.0633691	-0.00629935	0.0459686	0.104864	0.182544	0.269587	0.355992	0.456431	0.567003	0.6515	0.672721	0.621689	0.515431	0.37933	0.244928	0.134362	0.0645841	0.0522524	0.101483	0.218771	0.404436	0.640316	0.899694	1.13727	1.31038	1.40209	1.40209	
-0.546095	-0.532449	-0.5262	-0.527839	-0.526562	-0.53279	-0.549523	-0.573921	-0.581109	-0.554265	-0.491936	-0.404322	-0.312852	-0.219558	-0.144994	-0.0962694	-0.0617534	-0.0330856	-0.00680809	0.00894813	0.0180953	0.0213119	0.0196779	0.0204496	0.0236255	0.019083	0.00556305	0.00181359	0.0181809	0.0622663	0.140032	0.243939	0.350156	0.418441	0.426721	0.37933	0.301052	0.222346	0.154488	0.12057	0.14043	0.199284	0.303274	0.473077	0.689983	0.918528	1.12537	1.27411	1.34662	1.34662	
-0.393119	-0.406541	-0.427485	-0.455189	-0.491389	-0.532246	-0.575681	-0.611045	-0.611302	-0.570914	-0.490403	-0.383016	-0.257028	-0.12682	-0.0242006	0.0578793	0.130814	0.193251	0.234932	0.248028	0.244717	0.222165	0.174247	0.115735	0.0603069	0.00261308	-0.064702	-0.130168	-0.16575	-0.158201	-0.114771	-0.0316769	0.0765938	0.172185	0.232323	0.244928	0.222346	0.188008	0.157538	0.159642	0.198209	0.255273	0.351845	0.508406	0.698802	0.890054	1.05938	1.17658	1.22772	1.22772	
-0.254979	-0.295991	-0.343961	-0.393208	-0.454437	-0.518517	-0.571338	-0.594329	-0.57824	-0.520304	-0.423315	-0.303502	-0.160636	-0.0176963	0.105946	0.223058	0.332558	0.425537	0.478046	0.488726	0.473804	0.423662	0.33591	0.222783	0.105451	-0.00143413	-0.107636	-0.209238	-0.276855	-0.301544	-0.285433	-0.221548	-0.125516	-0.0201554	0.0753346	0.134362	0.154488	0.157538	0.167698	0.194408	0.228382	0.276672	0.3593	0.481507	0.633276	0.786819	0.91485	1.0069	1.0558	1.0558	
-0.158373	-0.208089	-0.278267	-0.348959	-0.419693	-0.486792	-0.526866	-0.522945	-0.485527	-0.413482	-0.310921	-0.18412	-0.0403523	0.09682	0.235915	0.381574	0.52081	0.632287	0.690056	0.704992	0.678692	0.606698	0.494166	0.338794	0.169662	0.0183326	-0.11496	-0.229858	-0.317044	-0.364141	-0.359527	-0.310349	-0.233194	-0.131974	-0.022715	0.0645841	0.12057	0.159642	0.194408	0.217431	0.234604	0.271645	0.327635	0.398219	0.492415	0.594119	0.684135	0.759625	0.806496	0.806496	
-0.105507	-0.149974	-0.22398	-0.307718	-0.381987	-0.437107	-0.450729	-0.420548	-0.363179	-0.286002	-0.187256	-0.0574285	0.0798891	0.21258	0.361041	0.524106	0.678953	0.788875	0.848346	0.865603	0.827897	0.745202	0.621182	0.450386	0.257618	0.078812	-0.0643303	-0.180022	-0.278365	-0.335848	-0.336232	-0.302757	-0.246166	-0.157929	-0.0523831	0.0522524	0.14043	0.198209	0.228382	0.234604	0.233664	0.246454	0.261881	0.274614	0.297302	0.329282	0.370939	0.419196	0.451957	0.451957	
-0.0774357	-0.112563	-0.169916	-0.244933	-0.313434	-0.349343	-0.338419	-0.291493	-0.222543	-0.150131	-0.0611385	0.0575365	0.184613	0.315205	0.461193	0.623427	0.768149	0.864832	0.924751	0.942494	0.906312	0.827248	0.709296	0.554813	0.370356	0.18907	0.0467233	-0.0693971	-0.167375	-0.220176	-0.223761	-0.203248	-0.162114	-0.0950129	-0.00639516	0.101483	0.199284	0.255273	0.276672	0.271645	0.246454	0.213911	0.169996	0.113092	0.0568419	0.0128468	-0.0107596	-0.0134836	-0.00816267	-0.00816267	
-0.0595473	-0.0749309	-0.106465	-0.153888	-0.200194	-0.212957	-0.188634	-0.135801	-0.0673909	-0.000889047	0.0737644	0.165989	0.27668	0.39783	0.529618	0.662861	0.771833	0.849903	0.903736	0.924366	0.902152	0.840875	0.75039	0.636886	0.4943	0.341293	0.206982	0.0925867	0.00754664	-0.0353912	-0.0469409	-0.0359786	-0.00491203	0.0445982	0.12147	0.218771	0.303274	0.351845	0.3593	0.327635	0.261881	0.169996	0.0614048	-0.0691389	-0.219394	-0.356241	-0.45491	-0.511569	-0.531561	-0.531561	
-0.0500649	-0.030334	-0.030003	-0.0433819	-0.0549436	-0.0434517	-0.0126427	0.0368665	0.0965858	0.160576	0.219607	0.281987	0.365406	0.468918	0.574167	0.656051	0.716448	0.767299	0.807371	0.826574	0.818708	0.783079	0.730674	0.670174	0.593875	0.495657	0.383096	0.285725	0.225294	0.190821	0.171571	0.173741	0.199413	0.248699	0.323039	0.404436	0.473077	0.508406	0.481507	0.398219	0.274614	0.113092	-0.0691389	-0.278631	-0.523889	-0.756047	-0.930111	-1.03589	-1.07783	-1.07783	
-0.053784	0.00907208	0.0496153	0.0758093	0.107585	0.146264	0.187063	0.230577	0.280658	0.337934	0.38215	0.414445	0.458998	0.531651	0.593455	0.619862	0.630546	0.650007	0.672852	0.683279	0.686444	0.675352	0.657725	0.645834	0.634191	0.597225	0.524592	0.465954	0.441833	0.42748	0.416911	0.419888	0.451786	0.510233	0.576753	0.640316	0.689983	0.698802	0.633276	0.492415	0.297302	0.0568419	-0.219394	-0.523889	-0.84718	-1.14833	-1.38416	-1.54497	-1.62978	-1.62978	
-0.0759931	0.0267145	0.111034	0.186872	0.268192	0.341366	0.401415	0.447522	0.491749	0.535752	0.564866	0.567971	0.570507	0.590735	0.595552	0.569713	0.535709	0.522321	0.519481	0.517754	0.52496	0.534629	0.547404	0.573681	0.612327	0.630487	0.617435	0.612003	0.628567	0.646951	0.659389	0.682615	0.732826	0.798395	0.856714	0.899694	0.918528	0.890054	0.786819	0.594119	0.329282	0.0128468	-0.356241	-0.756047	-1.14833	-1.50923	-1.80686	-2.02151	-2.14408	-2.14408	
-0.100825	0.0309579	0.159106	0.290138	0.418825	0.528677	0.612431	0.669892	0.709015	0.734567	0.742799	0.722105	0.68609	0.640551	0.585602	0.515275	0.449777	0.40274	0.367925	0.352967	0.355493	0.381079	0.419874	0.474559	0.547636	0.614547	0.674266	0.728785	0.784059	0.834682	0.875355	0.928794	0.993541	1.05936	1.11398	1.13727	1.12537	1.05938	0.91485	0.684135	0.370939	-0.0107596	-0.45491	-0.930111	-1.38416	-1.80686	-2.18064	-2.44908	-2.58233	-2.58233	
-0.109411	0.0359855	0.204082	0.384389	0.551433	0.690909	0.795473	0.864376	0.897431	0.901152	0.883599	0.844878	0.774784	0.670204	0.560051	0.460849	0.377613	0.30264	0.243777	0.215766	0.216087	0.25144	0.311249	0.386089	0.47529	0.582138	0.705301	0.81456	0.900039	0.973655	1.04568	1.1224	1.19264	1.25353	1.29962	1.31038	1.27411	1.17658	1.0069	0.759625	0.419196	-0.0134836	-0.511569	-1.03589	-1.54497	-2.02151	-2.44908	-2.76919	-2.93048	-2.93048	
-0.109096	0.0376718	0.230511	0.441054	0.632088	0.788955	0.906928	0.98309	1.01328	1.00157	0.966112	0.91629	0.823529	0.683699	0.535474	0.422967	0.329405	0.238257	0.168699	0.131804	0.137044	0.177774	0.252829	0.340625	0.433579	0.56385	0.720048	0.860412	0.959601	1.04352	1.13931	1.22733	1.30198	1.36015	1.39605	1.40209	1.34662	1.22772	1.0558	0.806496	0.451957	-0.00816267	-0.531561	-1.07783	-1.62978	-2.14408	-2.58233	-2.93048	-3.13742	-3.13742	
-0.109096	0.0376718	0.230511	0.441054	0.632088	0.788955	0.906928	0.98309	1.01328	1.00157	0.966112	0.91629	0.823529	0.683699	0.535474	0.422967	0.329405	0.238257	0.168699	0.131804	0.137044	0.177774	0.252829	0.340625	0.433579	0.56385	0.720048	0.860412	0.959601	1.04352	1.13931	1.22733	1.30198	1.36015	1.39605	1.40209	1.34662	1.22772	1.0558	0.806496	0.451957	-0.00816267	-0.531561	-1.07783	-1.62978	-2.14408	-2.58233	-2.93048	-3.13742	-3.13742	
