-0.526054	-0.526054	-0.46387	-0.352491	-0.201622	-0.0282958	0.159293	0.338448	0.497687	0.635306	0.750963	0.839666	0.874328	0.85947	0.80128	0.718176	0.595778	0.432235	0.238059	0.0379888	-0.153425	-0.312857	-0.405025	-0.389138	-0.251607	-0.0118102	0.282663	0.572063	0.802024	0.936874	0.963339	0.878476	0.697578	0.438486	0.152806	-0.0965643	-0.256195	-0.300149	-0.226396	-0.0658834	0.150957	0.386626	0.631604	0.860205	1.05688	1.20026	1.28994	1.32023	1.30005	1.22834	
-0.653061	-0.653061	-0.591905	-0.478456	-0.33036	-0.159275	0.0186163	0.1955	0.360145	0.516538	0.656319	0.769321	0.821592	0.816659	0.761518	0.682333	0.565387	0.402879	0.20437	-0.00686229	-0.199944	-0.357316	-0.443667	-0.423364	-0.283219	-0.0396143	0.250008	0.527212	0.745114	0.876344	0.908787	0.836652	0.663105	0.414563	0.138112	-0.0987992	-0.248679	-0.286167	-0.208304	-0.0366546	0.185255	0.425351	0.673687	0.907937	1.09941	1.23	1.30883	1.32062	1.26312	1.13646	
-0.726222	-0.726222	-0.669249	-0.560497	-0.421617	-0.262042	-0.101995	0.0633659	0.22784	0.39763	0.560321	0.694359	0.769428	0.77858	0.73641	0.66363	0.552686	0.393006	0.19364	-0.0208609	-0.210882	-0.364139	-0.439494	-0.416768	-0.273886	-0.0360553	0.240237	0.500226	0.703789	0.830069	0.866469	0.799352	0.63853	0.407128	0.148584	-0.0714788	-0.210896	-0.241147	-0.160252	0.0168234	0.244611	0.492206	0.738311	0.967514	1.1398	1.25298	1.31033	1.29233	1.19155	1.01271	
-0.737858	-0.737858	-0.687961	-0.594465	-0.469063	-0.333455	-0.192907	-0.0499212	0.111541	0.284795	0.465226	0.615038	0.712805	0.740018	0.714661	0.648936	0.54175	0.385975	0.189394	-0.0198959	-0.206947	-0.352659	-0.418194	-0.390429	-0.246555	-0.0206453	0.24037	0.484347	0.675841	0.797661	0.83228	0.767928	0.624258	0.414053	0.179755	-0.0261609	-0.152549	-0.175558	-0.0905211	0.0859627	0.320923	0.567714	0.800054	1.00517	1.15287	1.24539	1.27352	1.22392	1.08236	0.864984	
-0.707143	-0.707143	-0.669372	-0.596147	-0.493238	-0.382332	-0.265994	-0.1423	0.00884694	0.183639	0.371415	0.536104	0.652401	0.701569	0.692064	0.634173	0.527797	0.377974	0.186515	-0.0112678	-0.197668	-0.333486	-0.393895	-0.357869	-0.217382	-0.00605227	0.240961	0.470525	0.652281	0.768046	0.796682	0.742683	0.620184	0.440859	0.235097	0.045248	-0.0690149	-0.0856428	-0.0041198	0.164537	0.396062	0.627403	0.835459	1.00706	1.12982	1.19222	1.18478	1.09563	0.926949	0.687214	
-0.653375	-0.653375	-0.631937	-0.583552	-0.51003	-0.424149	-0.332466	-0.224971	-0.087551	0.0849598	0.272308	0.449439	0.581283	0.6537	0.662319	0.614147	0.517586	0.374222	0.200862	0.0118111	-0.166351	-0.299208	-0.357568	-0.318869	-0.190666	0.00401026	0.233989	0.448059	0.621916	0.726969	0.759294	0.724545	0.631231	0.492041	0.315318	0.145365	0.0404627	0.0248707	0.0984489	0.254287	0.464079	0.669578	0.841525	0.973567	1.05881	1.08054	1.02859	0.910521	0.73135	0.48566	
-0.597129	-0.597129	-0.593957	-0.572679	-0.53127	-0.469509	-0.398116	-0.303703	-0.17599	-0.0111825	0.176536	0.359086	0.50781	0.600892	0.629518	0.600355	0.518143	0.393522	0.238647	0.0637895	-0.103863	-0.236982	-0.295007	-0.262398	-0.14975	0.0290672	0.235209	0.434405	0.588854	0.683261	0.722547	0.709276	0.65085	0.551095	0.409505	0.26871	0.174415	0.163206	0.22885	0.361648	0.53391	0.697727	0.825997	0.913029	0.950725	0.926389	0.837026	0.701732	0.516092	0.27462	
-0.538199	-0.538199	-0.552172	-0.559026	-0.548739	-0.511523	-0.457558	-0.372975	-0.254969	-0.0984153	0.0836569	0.266818	0.426697	0.535417	0.587965	0.583601	0.528691	0.430963	0.297913	0.144315	-0.0115629	-0.14055	-0.202144	-0.182276	-0.0826558	0.0751689	0.257544	0.431876	0.560622	0.645368	0.691761	0.700927	0.674572	0.60879	0.506136	0.394187	0.314136	0.306114	0.362613	0.468897	0.596836	0.717904	0.804943	0.84295	0.827413	0.754938	0.634454	0.485241	0.296378	0.0711526	
-0.465526	-0.465526	-0.493666	-0.527451	-0.546049	-0.536677	-0.499925	-0.428169	-0.320485	-0.176943	-0.00828452	0.166511	0.326177	0.446173	0.521839	0.550819	0.533362	0.469815	0.364073	0.235087	0.0959664	-0.0250633	-0.0936586	-0.0871293	-0.00200058	0.134529	0.290971	0.433139	0.53794	0.615545	0.670362	0.699497	0.697675	0.658456	0.588666	0.500771	0.432051	0.422293	0.466651	0.543322	0.634516	0.718488	0.767589	0.761753	0.696611	0.582271	0.439941	0.274665	0.0863935	-0.112657	
-0.394176	-0.394176	-0.431198	-0.485383	-0.5275	-0.545277	-0.5259	-0.467797	-0.370584	-0.241801	-0.0940737	0.0632748	0.211252	0.336991	0.434749	0.500034	0.526994	0.50006	0.427292	0.323143	0.206962	0.095812	0.0240515	0.0178442	0.0901976	0.204621	0.333872	0.442111	0.527581	0.599245	0.660599	0.703647	0.71813	0.699829	0.655086	0.586337	0.52688	0.510341	0.532885	0.582119	0.639985	0.688465	0.70293	0.660574	0.559424	0.422677	0.260428	0.0815984	-0.0971481	-0.273676	
-0.339793	-0.339793	-0.38073	-0.442613	-0.50383	-0.541402	-0.541026	-0.495177	-0.405762	-0.294384	-0.166872	-0.0378302	0.096283	0.222945	0.343172	0.446621	0.517053	0.53088	0.490898	0.412592	0.318143	0.219126	0.144975	0.13031	0.184158	0.278089	0.376538	0.458065	0.527678	0.595628	0.657729	0.709244	0.73217	0.730324	0.700716	0.647872	0.595708	0.56926	0.570363	0.596947	0.626777	0.643332	0.620238	0.545925	0.423523	0.269009	0.0872423	-0.0888586	-0.252602	-0.399749	
-0.299827	-0.299827	-0.337959	-0.399386	-0.471038	-0.52478	-0.545408	-0.511685	-0.436377	-0.340899	-0.241711	-0.142869	-0.0264836	0.101209	0.245612	0.386493	0.500885	0.56205	0.556936	0.511195	0.435106	0.351127	0.276792	0.250758	0.2798	0.345111	0.411298	0.471162	0.52796	0.589278	0.649904	0.702868	0.731961	0.740862	0.719371	0.678051	0.632025	0.597852	0.586601	0.597762	0.608568	0.594603	0.535488	0.431698	0.290534	0.111782	-0.0829345	-0.253484	-0.392578	-0.499158	
-0.278893	-0.278893	-0.308534	-0.362389	-0.433749	-0.499815	-0.537428	-0.519958	-0.461298	-0.384943	-0.317876	-0.247087	-0.150908	-0.0182648	0.147306	0.32087	0.479756	0.585869	0.626926	0.61282	0.560525	0.493174	0.424213	0.386716	0.387223	0.416456	0.452585	0.490518	0.530331	0.576188	0.62555	0.670302	0.703185	0.715862	0.70333	0.675895	0.638179	0.610592	0.59972	0.601248	0.59644	0.554258	0.461061	0.330866	0.165755	-0.0348263	-0.237621	-0.400453	-0.51321	-0.579805	
-0.281383	-0.281383	-0.298918	-0.338855	-0.399824	-0.470308	-0.518288	-0.519286	-0.47835	-0.426437	-0.387208	-0.342552	-0.260075	-0.12159	0.0609311	0.263052	0.458211	0.611645	0.700538	0.72189	0.696997	0.646253	0.587574	0.537719	0.508123	0.500453	0.507742	0.522783	0.539921	0.560698	0.587743	0.617389	0.643957	0.654483	0.65367	0.637911	0.619466	0.615357	0.618388	0.622222	0.604358	0.535902	0.416783	0.254424	0.0590847	-0.155577	-0.358771	-0.511558	-0.599948	-0.632394	
-0.284602	-0.284602	-0.290616	-0.313645	-0.36083	-0.428431	-0.485382	-0.507848	-0.493014	-0.471427	-0.45905	-0.435287	-0.360259	-0.216148	-0.0185827	0.205506	0.434317	0.63359	0.772953	0.835552	0.839215	0.806741	0.754437	0.690268	0.629835	0.584344	0.561497	0.549437	0.537136	0.528203	0.527309	0.538993	0.551394	0.561678	0.569796	0.57029	0.579089	0.604427	0.63341	0.646686	0.614474	0.534285	0.393761	0.197358	-0.0229852	-0.245773	-0.445618	-0.584543	-0.654575	-0.66052	
-0.287532	-0.287532	-0.284085	-0.289109	-0.320825	-0.377193	-0.440974	-0.484622	-0.50316	-0.515874	-0.527524	-0.519807	-0.446661	-0.300111	-0.0924785	0.148042	0.403982	0.647494	0.83612	0.946812	0.982814	0.970982	0.920022	0.843628	0.751856	0.671656	0.611489	0.562496	0.514162	0.469794	0.439761	0.431461	0.430352	0.443712	0.466084	0.492148	0.533837	0.591924	0.649965	0.66937	0.630078	0.539557	0.37834	0.158118	-0.0789998	-0.302979	-0.48932	-0.617738	-0.680235	-0.67081	
-0.295225	-0.295225	-0.283045	-0.274799	-0.286185	-0.329832	-0.392755	-0.456779	-0.510595	-0.554201	-0.588449	-0.584341	-0.512902	-0.362444	-0.150391	0.100742	0.378977	0.657064	0.89129	1.04845	1.11865	1.12359	1.07151	0.980644	0.86578	0.752856	0.651602	0.559374	0.470359	0.388802	0.330853	0.297733	0.28768	0.305572	0.348584	0.411871	0.492492	0.585262	0.669329	0.696879	0.655531	0.549035	0.370513	0.134284	-0.110859	-0.327966	-0.501159	-0.625254	-0.681232	-0.672229	
-0.305049	-0.305049	-0.288111	-0.268026	-0.263635	-0.291437	-0.351721	-0.433111	-0.517976	-0.591371	-0.639723	-0.636061	-0.562024	-0.408309	-0.194154	0.0670992	0.363646	0.669966	0.946106	1.14492	1.25038	1.26692	1.2084	1.10089	0.96216	0.814333	0.665967	0.524307	0.394369	0.283295	0.201936	0.154533	0.14446	0.171389	0.241357	0.343013	0.458552	0.580036	0.680696	0.721939	0.686851	0.569399	0.378171	0.136225	-0.113299	-0.331134	-0.504442	-0.626055	-0.682025	-0.67899	
-0.317033	-0.317033	-0.296956	-0.270698	-0.253522	-0.269648	-0.324951	-0.418751	-0.526615	-0.621684	-0.677579	-0.670943	-0.590842	-0.433592	-0.214573	0.0578056	0.36975	0.701521	1.00926	1.24516	1.37872	1.40197	1.33433	1.20525	1.03995	0.853388	0.654005	0.462185	0.295888	0.159905	0.064811	0.0130979	0.00951389	0.0550733	0.154258	0.291802	0.444709	0.584618	0.699261	0.757138	0.72855	0.604406	0.406203	0.161768	-0.0878566	-0.314592	-0.494903	-0.621392	-0.685114	-0.689994	
-0.328704	-0.328704	-0.307847	-0.277836	-0.255106	-0.262422	-0.312951	-0.409842	-0.527702	-0.632007	-0.688812	-0.676905	-0.590941	-0.428735	-0.203667	0.078034	0.402562	0.749956	1.07929	1.3392	1.49043	1.51914	1.44179	1.29244	1.09788	0.869587	0.622248	0.384603	0.183774	0.028845	-0.0769266	-0.125802	-0.116214	-0.046367	0.0827696	0.258092	0.443861	0.604033	0.734334	0.806263	0.783641	0.660454	0.455159	0.209355	-0.043628	-0.283167	-0.473065	-0.605684	-0.67854	-0.691313	
-0.31574	-0.31574	-0.296316	-0.269083	-0.250376	-0.259456	-0.310547	-0.406819	-0.525858	-0.631652	-0.688101	-0.675664	-0.586678	-0.420648	-0.18759	0.104269	0.43887	0.797765	1.13875	1.40953	1.56873	1.59854	1.51382	1.34338	1.11357	0.84335	0.554913	0.282252	0.058896	-0.108422	-0.214488	-0.254158	-0.227041	-0.134961	0.0213068	0.221921	0.433732	0.617115	0.763021	0.847237	0.834981	0.714429	0.510465	0.259826	-0.00655042	-0.256209	-0.456461	-0.599663	-0.680613	-0.698466	
-0.30031	-0.30031	-0.283314	-0.264077	-0.254718	-0.273412	-0.324455	-0.412852	-0.519362	-0.613268	-0.665705	-0.650447	-0.562081	-0.390191	-0.149911	0.149336	0.488293	0.846828	1.18438	1.4478	1.60031	1.62638	1.53747	1.34825	1.08705	0.781562	0.465517	0.17675	-0.0594946	-0.23063	-0.331104	-0.361102	-0.314542	-0.201091	-0.0249669	0.197205	0.426376	0.631436	0.790611	0.877239	0.868993	0.755458	0.559095	0.304486	0.0283091	-0.225864	-0.435741	-0.593375	-0.681897	-0.707037	
-0.300395	-0.300395	-0.288481	-0.277103	-0.28353	-0.309673	-0.35997	-0.428242	-0.507944	-0.577082	-0.613837	-0.594032	-0.501054	-0.324103	-0.0754885	0.2279	0.563262	0.909446	1.22651	1.46505	1.5968	1.61309	1.51837	1.31653	1.02928	0.699635	0.371791	0.0801636	-0.154857	-0.322212	-0.414534	-0.430166	-0.366182	-0.231472	-0.0364993	0.201462	0.444344	0.664635	0.828284	0.90604	0.891825	0.782215	0.591076	0.340165	0.0638285	-0.187574	-0.397024	-0.563428	-0.663575	-0.698446	
-0.290953	-0.290953	-0.285907	-0.289927	-0.31362	-0.353679	-0.400231	-0.448041	-0.494474	-0.533467	-0.548625	-0.519251	-0.418959	-0.23634	0.0201254	0.325071	0.650562	0.974548	1.25643	1.45903	1.56002	1.55918	1.45708	1.24467	0.942424	0.599842	0.26961	-0.0156923	-0.24092	-0.399287	-0.478571	-0.477503	-0.394477	-0.234492	-0.019813	0.23094	0.485903	0.703704	0.857586	0.917894	0.888149	0.779268	0.598602	0.360443	0.0989491	-0.145552	-0.353618	-0.524058	-0.632433	-0.669719	
-0.272605	-0.272605	-0.278162	-0.299336	-0.342937	-0.393444	-0.434904	-0.460027	-0.472636	-0.479242	-0.468003	-0.423108	-0.31437	-0.128207	0.12849	0.427011	0.732856	1.02017	1.25665	1.41494	1.48342	1.46383	1.35473	1.14083	0.841214	0.499812	0.176146	-0.0994286	-0.314237	-0.456669	-0.524997	-0.506055	-0.401666	-0.220675	0.0139965	0.275747	0.52993	0.736854	0.86518	0.908253	0.86759	0.759182	0.589821	0.373242	0.130137	-0.10654	-0.315541	-0.478749	-0.582312	-0.616725	
-0.257917	-0.257917	-0.275291	-0.3153	-0.37439	-0.429904	-0.460802	-0.461408	-0.442794	-0.415004	-0.373741	-0.305062	-0.18525	-0.000152292	0.24685	0.52514	0.797588	1.03256	1.21292	1.32126	1.35913	1.32101	1.20919	1.0066	0.729312	0.410696	0.103813	-0.159098	-0.357982	-0.485929	-0.539417	-0.508055	-0.386903	-0.192327	0.0552397	0.320249	0.566063	0.751863	0.848471	0.873859	0.828728	0.717755	0.561512	0.372577	0.154556	-0.0651444	-0.266726	-0.418527	-0.514249	-0.551544	
-0.256312	-0.256312	-0.285598	-0.342061	-0.409978	-0.461779	-0.476113	-0.451497	-0.405124	-0.343629	-0.269469	-0.169614	-0.0361749	0.144213	0.369968	0.614315	0.839091	1.01272	1.12953	1.19228	1.20107	1.15219	1.04003	0.858179	0.614831	0.331711	0.0460597	-0.199906	-0.382832	-0.489285	-0.520007	-0.471809	-0.334656	-0.129781	0.115056	0.372342	0.591648	0.740482	0.803145	0.805246	0.759401	0.657592	0.520467	0.364736	0.183605	-0.0133404	-0.197044	-0.338242	-0.429646	-0.476555	
-0.266583	-0.266583	-0.30723	-0.372916	-0.444467	-0.481449	-0.477228	-0.427364	-0.356981	-0.2661	-0.154718	-0.0229873	0.130364	0.300819	0.497646	0.695	0.861123	0.969039	1.02252	1.0438	1.02828	0.973702	0.863947	0.706551	0.499408	0.255707	-0.000365189	-0.226328	-0.386237	-0.464973	-0.468793	-0.396785	-0.252035	-0.0468613	0.184709	0.415542	0.6017	0.712444	0.7435	0.725117	0.673562	0.585181	0.47046	0.346617	0.207058	0.0489977	-0.103566	-0.225102	-0.318567	-0.382826	
-0.289676	-0.289676	-0.33557	-0.405258	-0.466235	-0.485365	-0.454488	-0.385106	-0.290587	-0.175787	-0.0293383	0.13239	0.301323	0.457822	0.613291	0.751021	0.848638	0.888897	0.887029	0.872117	0.844115	0.790026	0.695815	0.565456	0.396296	0.193047	-0.0283824	-0.227477	-0.363455	-0.418822	-0.398547	-0.31016	-0.165103	0.0311682	0.244486	0.44353	0.598491	0.67768	0.683319	0.643	0.576405	0.498541	0.413049	0.322123	0.225642	0.119633	0.00454885	-0.0979937	-0.197137	-0.282429	
-0.318385	-0.318385	-0.363441	-0.427145	-0.46865	-0.464535	-0.40871	-0.322002	-0.210497	-0.0751366	0.0938554	0.278396	0.449787	0.586792	0.690592	0.76062	0.787538	0.766031	0.722932	0.684015	0.653183	0.610451	0.540225	0.439099	0.305395	0.137428	-0.0430559	-0.206996	-0.316246	-0.349466	-0.313418	-0.217698	-0.0778675	0.0975767	0.2868	0.451387	0.569182	0.62503	0.61079	0.55053	0.473549	0.40764	0.354749	0.301993	0.243402	0.181288	0.10361	0.0120188	-0.090792	-0.19675	
-0.360708	-0.360708	-0.397711	-0.444114	-0.457673	-0.4251	-0.346473	-0.242074	-0.116739	0.0375695	0.220161	0.415531	0.57993	0.689401	0.739795	0.739272	0.698693	0.624552	0.55005	0.495798	0.464346	0.436609	0.392443	0.321989	0.220086	0.0887385	-0.0448597	-0.163662	-0.237595	-0.254683	-0.210891	-0.120701	0.00459105	0.153136	0.311816	0.438403	0.52181	0.552229	0.525681	0.453513	0.375622	0.326587	0.305636	0.290926	0.269904	0.235979	0.187187	0.107444	0.000625072	-0.116458	
-0.419081	-0.419081	-0.441283	-0.458425	-0.436937	-0.371174	-0.269838	-0.1485	-0.00735209	0.160195	0.350285	0.539105	0.685588	0.759322	0.755519	0.691735	0.590109	0.479121	0.3816	0.321772	0.292615	0.281792	0.265196	0.226388	0.154703	0.0635168	-0.0281983	-0.0965968	-0.140242	-0.144672	-0.103862	-0.0274715	0.0798923	0.204411	0.329169	0.422661	0.472492	0.477147	0.439975	0.365458	0.295257	0.263315	0.264531	0.277618	0.292499	0.283573	0.255259	0.196095	0.0952479	-0.0290467	
-0.470712	-0.470712	-0.473829	-0.454491	-0.396393	-0.297083	-0.178009	-0.0423096	0.109055	0.283092	0.466523	0.633815	0.746817	0.779455	0.725116	0.609849	0.466189	0.330318	0.225112	0.162464	0.141835	0.147096	0.156234	0.149139	0.109498	0.0575065	0.0059211	-0.0247022	-0.0417528	-0.0398438	-0.00908459	0.0513919	0.137115	0.239148	0.332322	0.3964	0.419605	0.407278	0.360223	0.29313	0.23387	0.210202	0.216863	0.245185	0.288479	0.314465	0.309069	0.272728	0.189384	0.0572973	
-0.508792	-0.508792	-0.48888	-0.43384	-0.335946	-0.209693	-0.0725456	0.0711706	0.228489	0.399616	0.563022	0.696701	0.763715	0.752433	0.653868	0.501914	0.335756	0.187764	0.083799	0.0221176	0.0121604	0.0342998	0.0661797	0.0893603	0.0848067	0.070166	0.0538638	0.0447048	0.0464566	0.0500942	0.0729452	0.117501	0.180791	0.257626	0.320461	0.357105	0.363347	0.339473	0.292353	0.233689	0.188461	0.167721	0.172134	0.206308	0.267248	0.322395	0.345345	0.325499	0.261906	0.141385	
-0.531683	-0.531683	-0.488828	-0.39988	-0.265623	-0.115698	0.0373513	0.186475	0.344312	0.502295	0.63724	0.726268	0.744792	0.687411	0.553985	0.380719	0.204872	0.0610503	-0.0429074	-0.0940055	-0.0961244	-0.0537829	-0.000298735	0.0483483	0.0820739	0.100901	0.112388	0.116186	0.121548	0.129592	0.145111	0.175157	0.216023	0.26017	0.296136	0.31276	0.311132	0.286297	0.246461	0.19336	0.153566	0.128162	0.129532	0.164615	0.235995	0.312929	0.366914	0.366304	0.318875	0.214886	
-0.527928	-0.527928	-0.466217	-0.347956	-0.187613	-0.0183111	0.144587	0.296019	0.446426	0.580832	0.680212	0.719354	0.692107	0.592578	0.435622	0.252137	0.0805335	-0.0536733	-0.148146	-0.189563	-0.175995	-0.117932	-0.0417868	0.0261904	0.0918703	0.13928	0.17064	0.181312	0.184358	0.191782	0.203665	0.220339	0.23933	0.252227	0.266089	0.273722	0.271321	0.250388	0.215857	0.165718	0.115779	0.0828842	0.0826953	0.125136	0.200795	0.294388	0.371766	0.398143	0.364054	0.273097	
-0.488845	-0.488845	-0.414071	-0.275231	-0.101695	0.0784982	0.243196	0.391562	0.525329	0.627785	0.685029	0.676169	0.607653	0.477918	0.306641	0.124462	-0.035419	-0.154136	-0.228771	-0.256076	-0.220609	-0.149685	-0.0567881	0.0245821	0.105261	0.173072	0.214637	0.231621	0.232774	0.235673	0.24585	0.25451	0.257117	0.249891	0.245498	0.24916	0.242616	0.220765	0.185421	0.137516	0.0784198	0.0393575	0.0417263	0.0950438	0.170174	0.268191	0.358386	0.405792	0.391849	0.319994	
-0.414056	-0.414056	-0.332012	-0.18435	-0.0101719	0.169336	0.326576	0.467069	0.575109	0.644798	0.655615	0.60804	0.505613	0.35977	0.184485	0.00956483	-0.136792	-0.236516	-0.287968	-0.289522	-0.236812	-0.151487	-0.053669	0.0350819	0.120325	0.195655	0.246667	0.270797	0.272038	0.269341	0.269071	0.272662	0.266429	0.250964	0.237555	0.236272	0.223073	0.197305	0.157868	0.11216	0.0498129	0.00381324	0.00673121	0.0627435	0.145304	0.244625	0.339562	0.396789	0.402198	0.348699	
-0.296289	-0.296289	-0.212996	-0.070769	0.0918418	0.252659	0.39363	0.51242	0.591869	0.622975	0.592443	0.510741	0.385971	0.234572	0.0663546	-0.0970286	-0.227623	-0.307787	-0.328822	-0.299129	-0.228069	-0.134753	-0.0401253	0.0485088	0.130654	0.205142	0.262233	0.29411	0.29952	0.290519	0.278928	0.275619	0.270276	0.25567	0.237894	0.225114	0.201147	0.16881	0.129512	0.085402	0.0286628	-0.0186835	-0.0216529	0.0278835	0.114548	0.215523	0.306064	0.365384	0.382219	0.358166	
-0.147663	-0.147663	-0.0692677	0.0564184	0.195233	0.323744	0.437369	0.524727	0.573879	0.566969	0.504759	0.394676	0.259521	0.109664	-0.0424099	-0.188505	-0.30325	-0.360558	-0.35106	-0.287287	-0.199348	-0.105206	-0.0182724	0.0648897	0.140395	0.211102	0.267708	0.304925	0.316914	0.30502	0.289174	0.279878	0.278423	0.269226	0.247226	0.215994	0.179576	0.139497	0.101994	0.0601002	0.0131179	-0.0284243	-0.0321993	0.00528014	0.0833108	0.179731	0.258035	0.310616	0.337033	0.347091	
0.0258117	0.0258117	0.0925166	0.193029	0.295233	0.382086	0.454642	0.505745	0.520218	0.484986	0.398645	0.274394	0.136422	-0.00250161	-0.130333	-0.25291	-0.345403	-0.381669	-0.345994	-0.256576	-0.161548	-0.0722476	0.000914375	0.0760041	0.145833	0.209396	0.265239	0.302735	0.322922	0.319803	0.306463	0.297082	0.292254	0.283276	0.254937	0.206869	0.159508	0.116253	0.077801	0.0397444	0.000846494	-0.0278999	-0.0283335	-0.00157283	0.0593854	0.137655	0.202883	0.254391	0.291774	0.324691	
0.228301	0.228301	0.276569	0.342961	0.398054	0.432761	0.45421	0.458648	0.437598	0.375547	0.275694	0.145445	0.0121999	-0.108861	-0.207448	-0.295604	-0.357826	-0.371199	-0.315681	-0.21676	-0.12224	-0.0447731	0.0152241	0.0799429	0.141415	0.196735	0.246587	0.284062	0.311604	0.32819	0.327918	0.32241	0.310068	0.29044	0.252308	0.194542	0.137745	0.0936315	0.0529895	0.0183646	-0.0062633	-0.0202294	-0.0205758	-0.0015339	0.0341714	0.0841143	0.137989	0.198294	0.253288	0.307825	
0.439422	0.439422	0.465155	0.48989	0.494753	0.472625	0.439738	0.394251	0.33623	0.251941	0.144413	0.0163331	-0.106777	-0.207259	-0.274991	-0.322441	-0.350236	-0.337539	-0.274851	-0.179903	-0.0936113	-0.0281623	0.0288104	0.0851364	0.140598	0.188599	0.230419	0.268266	0.302246	0.332843	0.35002	0.344387	0.323673	0.289795	0.242104	0.181679	0.12702	0.0795655	0.0391388	0.00806535	-0.00426935	-0.0101255	-0.0149481	-0.0106885	0.00697765	0.0334052	0.0751566	0.138541	0.212307	0.28376	
0.651337	0.651337	0.649465	0.629368	0.579772	0.503391	0.413867	0.320528	0.22237	0.119848	0.00602857	-0.109998	-0.218036	-0.29154	-0.327032	-0.331958	-0.320166	-0.28586	-0.224118	-0.150152	-0.0816668	-0.0278275	0.0278156	0.081455	0.132577	0.17682	0.219171	0.261814	0.30506	0.343615	0.368131	0.361429	0.330699	0.283741	0.22472	0.162868	0.113028	0.069764	0.0335985	0.010609	0.00419445	0.000228587	-0.0167224	-0.0278167	-0.0209463	-0.00841632	0.0238014	0.079698	0.158573	0.243292	
0.850983	0.850983	0.818549	0.75323	0.649982	0.525068	0.384794	0.246147	0.111443	-0.0123229	-0.127826	-0.228987	-0.312838	-0.354225	-0.356751	-0.319225	-0.269612	-0.215641	-0.160687	-0.116043	-0.0719687	-0.0323143	0.0179533	0.0703242	0.116287	0.162114	0.209045	0.262384	0.313061	0.356437	0.37882	0.374166	0.341672	0.288453	0.219785	0.151698	0.0964139	0.0597106	0.0285027	0.0121649	0.0107691	0.00750278	-0.0125157	-0.0266894	-0.0326893	-0.0331807	-0.0132397	0.025817	0.0978216	0.196222	
1.02912	1.02912	0.96844	0.856053	0.70887	0.539055	0.359992	0.180891	0.0123436	-0.13275	-0.252197	-0.336455	-0.390807	-0.39909	-0.368097	-0.296373	-0.215529	-0.144601	-0.101449	-0.08199	-0.065981	-0.042699	-4.53987e-05	0.0483021	0.0985095	0.1519	0.208647	0.271334	0.325298	0.362313	0.37989	0.371205	0.343071	0.291862	0.221269	0.148462	0.0901846	0.0504704	0.027597	0.013015	0.00944067	0.0069846	-0.00384031	-0.0211962	-0.0366989	-0.0531549	-0.0464656	-0.0156505	0.0530848	0.153722	
1.17827	1.17827	1.09137	0.939501	0.753835	0.550673	0.340413	0.129727	-0.0691901	-0.236486	-0.361776	-0.432741	-0.457394	-0.43567	-0.375179	-0.280433	-0.176219	-0.0955318	-0.0598263	-0.0599915	-0.066919	-0.0592329	-0.0284623	0.0195747	0.0817142	0.15121	0.222352	0.287868	0.338593	0.365099	0.371903	0.357888	0.32826	0.280794	0.218068	0.150735	0.0909393	0.0461164	0.0237271	0.0124213	0.0076544	0.00728651	0.00129139	-0.0223694	-0.0557236	-0.0859218	-0.0861786	-0.0493742	0.0246192	0.126972	
1.27841	1.27841	1.17096	0.992822	0.778354	0.556362	0.325732	0.0949447	-0.123951	-0.310798	-0.438404	-0.502042	-0.500315	-0.455747	-0.373526	-0.264551	-0.147041	-0.060666	-0.0283115	-0.0401718	-0.0622019	-0.0677565	-0.0509156	-0.00176912	0.0720476	0.159747	0.241638	0.305251	0.347585	0.368646	0.366722	0.352573	0.318899	0.273742	0.223954	0.167343	0.100914	0.0450808	0.00973609	0.00311626	0.00956012	0.0182422	0.0162544	-0.0126453	-0.0687218	-0.107934	-0.115295	-0.0771242	0.000845297	0.111406	
1.33216	1.33216	1.21528	1.01921	0.79319	0.557276	0.319025	0.0765405	-0.153184	-0.348761	-0.479184	-0.53542	-0.517931	-0.458699	-0.36211	-0.246519	-0.122429	-0.0333922	-0.00593726	-0.023034	-0.0577516	-0.0748888	-0.0686153	-0.0245046	0.0592156	0.157209	0.247255	0.310695	0.350389	0.368998	0.369143	0.351845	0.315566	0.269474	0.225957	0.176277	0.108156	0.0360138	-0.00545268	-0.00905137	0.00867621	0.0288851	0.031884	-0.00609742	-0.0677965	-0.111089	-0.123765	-0.0874765	-0.0106018	0.100761	
1.33216	1.33216	1.21528	1.01921	0.79319	0.557276	0.319025	0.0765405	-0.153184	-0.348761	-0.479184	-0.53542	-0.517931	-0.458699	-0.36211	-0.246519	-0.122429	-0.0333922	-0.00593726	-0.023034	-0.0577516	-0.0748888	-0.0686153	-0.0245046	0.0592156	0.157209	0.247255	0.310695	0.350389	0.368998	0.369143	0.351845	0.315566	0.269474	0.225957	0.176277	0.108156	0.0360138	-0.00545268	-0.00905137	0.00867621	0.0288851	0.031884	-0.00609742	-0.0677965	-0.111089	-0.123765	-0.0874765	-0.0106018	0.100761	
