-0.243642	-0.243642	-0.264855	-0.289397	-0.287635	-0.274645	-0.271195	-0.283649	-0.320741	-0.407935	-0.537363	-0.643866	-0.71796	-0.744483	-0.696439	-0.573139	-0.395205	-0.173393	0.0929252	0.353853	0.584349	0.765517	0.895403	0.957456	0.935432	0.821383	0.647496	0.449733	0.273128	0.135966	0.043217	-0.0111849	-0.0430607	-0.0564646	-0.0648582	-0.0677261	-0.0682318	-0.0708303	-0.068943	-0.0697516	-0.070837	-0.0675524	-0.0704985	-0.0713171	-0.0694298	-0.0767394	-0.079219	-0.0808991	-0.08726	-0.0923531	
-0.253821	-0.253821	-0.281571	-0.310078	-0.293939	-0.268821	-0.276161	-0.313025	-0.38301	-0.476071	-0.586708	-0.686238	-0.741759	-0.735215	-0.653251	-0.507199	-0.30528	-0.0634058	0.205367	0.459047	0.668104	0.827624	0.932175	0.961305	0.904605	0.763426	0.576001	0.382627	0.218371	0.0983794	0.0203316	-0.0239955	-0.0482173	-0.0585032	-0.0645855	-0.0655397	-0.0670958	-0.0677265	-0.0670672	-0.0697934	-0.069405	-0.0710734	-0.0755714	-0.0749064	-0.0790955	-0.0836573	-0.0821898	-0.0833471	-0.0865301	-0.0833776	
-0.276479	-0.276479	-0.293388	-0.31609	-0.305023	-0.279486	-0.288618	-0.343934	-0.445765	-0.558088	-0.650275	-0.720715	-0.748379	-0.703658	-0.58561	-0.417224	-0.199147	0.0553285	0.318919	0.553286	0.741305	0.874656	0.95145	0.946506	0.854817	0.692341	0.498362	0.313737	0.16703	0.0630156	0.00075402	-0.0358721	-0.0529335	-0.0621012	-0.0657865	-0.0678144	-0.0693989	-0.0703707	-0.0719936	-0.0737564	-0.074726	-0.077701	-0.0785565	-0.0795903	-0.0823767	-0.0818511	-0.0804174	-0.0841949	-0.0850232	-0.0862894	
-0.30956	-0.30956	-0.308957	-0.306241	-0.303244	-0.306912	-0.330855	-0.394747	-0.507976	-0.625701	-0.708622	-0.751886	-0.73766	-0.654228	-0.502161	-0.309407	-0.0756204	0.183869	0.435174	0.644533	0.804619	0.912444	0.952918	0.912857	0.788164	0.608043	0.415893	0.243061	0.116142	0.028608	-0.0207977	-0.0486582	-0.0625605	-0.0678432	-0.0729141	-0.0724334	-0.0761236	-0.0752394	-0.0780434	-0.0775746	-0.0799958	-0.078828	-0.081031	-0.079516	-0.0813572	-0.0798918	-0.0836947	-0.0874537	-0.0908829	-0.0981997	
-0.342581	-0.342581	-0.325808	-0.301164	-0.301868	-0.335208	-0.393458	-0.474613	-0.578563	-0.679253	-0.74235	-0.762897	-0.710656	-0.587074	-0.409786	-0.191035	0.0564844	0.317814	0.548747	0.734414	0.863096	0.941722	0.94324	0.864093	0.710397	0.519773	0.331893	0.178537	0.0672145	-0.000796788	-0.0414001	-0.0607347	-0.0708607	-0.0747763	-0.0769194	-0.0769232	-0.0782478	-0.0770228	-0.0777898	-0.0775348	-0.0766903	-0.0777152	-0.0782059	-0.0786181	-0.0833827	-0.0854054	-0.0929425	-0.095291	-0.10091	-0.100168	
-0.370498	-0.370498	-0.339839	-0.304998	-0.318519	-0.376135	-0.462508	-0.569631	-0.660252	-0.726322	-0.756273	-0.735488	-0.64892	-0.494484	-0.302182	-0.068403	0.186549	0.437803	0.646511	0.805371	0.909787	0.953809	0.92006	0.804121	0.629514	0.437357	0.260751	0.128397	0.0351534	-0.0174082	-0.0482976	-0.0623957	-0.068369	-0.0726635	-0.0713772	-0.0746202	-0.0724585	-0.0749928	-0.0748242	-0.0770654	-0.0780713	-0.0833201	-0.0835999	-0.0912412	-0.0930496	-0.0971439	-0.0982225	-0.0978736	-0.0965756	-0.094383	
-0.372856	-0.372856	-0.359836	-0.341778	-0.362223	-0.433217	-0.533235	-0.650129	-0.735822	-0.769713	-0.762586	-0.690449	-0.556813	-0.374312	-0.162864	0.0756354	0.326837	0.551091	0.729126	0.853989	0.929296	0.934322	0.86285	0.716388	0.530953	0.344529	0.189024	0.0760269	0.0045912	-0.0370258	-0.0582445	-0.0686512	-0.0738243	-0.0760954	-0.077929	-0.0798979	-0.0808824	-0.0840374	-0.0855507	-0.0881808	-0.0914119	-0.0926241	-0.0944329	-0.0962079	-0.0932888	-0.0942603	-0.0914195	-0.0936997	-0.0950485	-0.105139	
-0.363234	-0.363234	-0.372989	-0.403924	-0.448717	-0.519785	-0.615005	-0.707494	-0.772145	-0.784236	-0.741509	-0.63026	-0.457969	-0.251947	-0.0172584	0.230257	0.470019	0.666241	0.810327	0.901728	0.93856	0.901047	0.787644	0.616044	0.425579	0.250884	0.117081	0.0240557	-0.0298461	-0.06128	-0.0754114	-0.082817	-0.0862832	-0.0870237	-0.0894906	-0.0885848	-0.0910051	-0.0902883	-0.0914389	-0.0910871	-0.09135	-0.089503	-0.090736	-0.0882071	-0.0903283	-0.092275	-0.0973679	-0.104097	-0.112163	-0.121486	
-0.367267	-0.367267	-0.394558	-0.468702	-0.552296	-0.629984	-0.710056	-0.762094	-0.778739	-0.757092	-0.674582	-0.529903	-0.337875	-0.119815	0.123127	0.371496	0.589539	0.75695	0.871257	0.93308	0.930824	0.853251	0.705084	0.519508	0.333241	0.17773	0.0649569	-0.00734874	-0.048545	-0.0703631	-0.0801051	-0.0851442	-0.0862094	-0.087509	-0.0871483	-0.0872948	-0.0873634	-0.0867414	-0.0872282	-0.0870797	-0.0875717	-0.089235	-0.0913795	-0.094679	-0.100572	-0.105514	-0.112825	-0.116894	-0.12244	-0.122229	
-0.394248	-0.394248	-0.453836	-0.545636	-0.645131	-0.733499	-0.793455	-0.806391	-0.773534	-0.70113	-0.572789	-0.396096	-0.191206	0.0351551	0.274065	0.502981	0.688257	0.820513	0.903298	0.931502	0.888621	0.773457	0.602605	0.415126	0.244564	0.113156	0.02341	-0.0300109	-0.0598956	-0.0739837	-0.0809925	-0.0837233	-0.0848014	-0.0858776	-0.0856117	-0.087106	-0.0869268	-0.0888651	-0.0899551	-0.0924082	-0.0952569	-0.099173	-0.103037	-0.1085	-0.112318	-0.116877	-0.118926	-0.120253	-0.120674	-0.118437	
-0.481429	-0.481429	-0.543629	-0.627728	-0.724237	-0.809997	-0.843333	-0.821065	-0.749514	-0.623976	-0.448928	-0.244875	-0.0274614	0.204026	0.431774	0.626347	0.771276	0.866268	0.912484	0.899472	0.81411	0.665424	0.483325	0.30424	0.156632	0.0506709	-0.0164685	-0.0543171	-0.0741498	-0.0829666	-0.0875331	-0.0888815	-0.0905663	-0.0910502	-0.0926867	-0.0940067	-0.0959826	-0.0986434	-0.10119	-0.104811	-0.108162	-0.111596	-0.114923	-0.117085	-0.118402	-0.118888	-0.117494	-0.117961	-0.117507	-0.121819	
-0.636896	-0.636896	-0.665018	-0.721023	-0.790685	-0.839234	-0.839737	-0.792105	-0.690215	-0.525418	-0.318556	-0.0943637	0.138595	0.372091	0.581066	0.738832	0.843361	0.900959	0.905414	0.844412	0.716856	0.542744	0.359025	0.196528	0.0737937	-0.00799708	-0.0562488	-0.0820302	-0.0943464	-0.0999228	-0.102311	-0.103517	-0.104686	-0.105556	-0.107333	-0.108513	-0.110812	-0.112292	-0.114313	-0.115701	-0.116531	-0.116882	-0.116335	-0.115041	-0.114287	-0.113217	-0.115095	-0.11971	-0.127934	-0.142683	
-0.819361	-0.819361	-0.825321	-0.842384	-0.849565	-0.829699	-0.785134	-0.705368	-0.571628	-0.387768	-0.176643	0.0501831	0.287384	0.511067	0.692318	0.818344	0.89269	0.917153	0.880587	0.774948	0.613996	0.4283	0.253277	0.112647	0.0137752	-0.0478343	-0.0823658	-0.100046	-0.108076	-0.111785	-0.112985	-0.113839	-0.113879	-0.114285	-0.114179	-0.114189	-0.113911	-0.113205	-0.112523	-0.111204	-0.110144	-0.109269	-0.108992	-0.1106	-0.114064	-0.120497	-0.130848	-0.143052	-0.158148	-0.172203	
-1.01081	-1.01081	-0.997035	-0.961603	-0.898342	-0.813777	-0.7106	-0.574472	-0.401366	-0.207447	-0.00249351	0.21412	0.430901	0.618816	0.757555	0.848304	0.89346	0.884004	0.808876	0.671157	0.495956	0.318351	0.16635	0.0539386	-0.0198763	-0.0632829	-0.0865186	-0.0979631	-0.103133	-0.105352	-0.1061	-0.106346	-0.10611	-0.105953	-0.105406	-0.105221	-0.104785	-0.104968	-0.105462	-0.106853	-0.10954	-0.113595	-0.119709	-0.127898	-0.137713	-0.149469	-0.160998	-0.171325	-0.179109	-0.181233	
-1.18712	-1.18712	-1.14154	-1.05334	-0.935382	-0.794669	-0.624881	-0.42767	-0.220578	-0.0151855	0.192051	0.397096	0.577999	0.714737	0.804415	0.852934	0.85655	0.801943	0.685743	0.525148	0.351297	0.195175	0.0745133	-0.0072166	-0.056409	-0.0829875	-0.0958963	-0.101503	-0.103744	-0.104483	-0.104912	-0.105191	-0.105813	-0.106618	-0.107953	-0.109794	-0.112309	-0.115764	-0.120063	-0.125619	-0.132188	-0.139801	-0.148296	-0.156852	-0.165128	-0.172035	-0.176291	-0.178044	-0.176345	-0.172597	
-1.29292	-1.29292	-1.23144	-1.11642	-0.957422	-0.758949	-0.529389	-0.289716	-0.0576292	0.165455	0.378689	0.565376	0.705131	0.794439	0.841442	0.846828	0.800607	0.695744	0.542677	0.369274	0.206543	0.0759748	-0.0152605	-0.0715448	-0.102166	-0.116762	-0.122613	-0.12432	-0.124501	-0.124327	-0.12446	-0.12501	-0.126224	-0.127974	-0.130501	-0.133602	-0.137507	-0.141991	-0.147105	-0.152661	-0.158345	-0.163953	-0.168888	-0.172667	-0.174948	-0.175052	-0.173415	-0.170615	-0.167855	-0.168288	
-1.3055	-1.3055	-1.24284	-1.11759	-0.932133	-0.699152	-0.44247	-0.182789	0.0718358	0.31457	0.526968	0.68814	0.79192	0.846498	0.85769	0.819123	0.722898	0.575585	0.400978	0.230013	0.0871559	-0.0169437	-0.0837904	-0.121829	-0.140841	-0.148883	-0.151409	-0.151588	-0.151059	-0.150623	-0.150572	-0.151078	-0.152124	-0.153741	-0.155857	-0.158404	-0.161301	-0.164332	-0.167379	-0.170089	-0.172227	-0.17346	-0.173458	-0.17221	-0.169762	-0.166742	-0.16452	-0.164707	-0.170103	-0.183677	
-1.22585	-1.22585	-1.15692	-1.02262	-0.832949	-0.605323	-0.356843	-0.0973009	0.163189	0.403399	0.597884	0.734536	0.817418	0.851773	0.833391	0.754955	0.620155	0.44997	0.274906	0.121639	0.00466041	-0.0745041	-0.122542	-0.148809	-0.161744	-0.16736	-0.169372	-0.169825	-0.169722	-0.169568	-0.169533	-0.169727	-0.170104	-0.170667	-0.171277	-0.171867	-0.172236	-0.172251	-0.171716	-0.170478	-0.168501	-0.165829	-0.16283	-0.160194	-0.158981	-0.160887	-0.167833	-0.182056	-0.205854	-0.24065	
-1.03302	-1.03302	-0.965712	-0.840375	-0.670846	-0.468891	-0.242588	-0.00315322	0.228878	0.429696	0.585358	0.695098	0.76059	0.775726	0.730695	0.625427	0.476807	0.313256	0.162586	0.0422068	-0.043117	-0.0977069	-0.129791	-0.147433	-0.156737	-0.161589	-0.164169	-0.165592	-0.166382	-0.166776	-0.166876	-0.16671	-0.166278	-0.165554	-0.1645	-0.163095	-0.161321	-0.159246	-0.156992	-0.154865	-0.153332	-0.153108	-0.155205	-0.160849	-0.171514	-0.188724	-0.213789	-0.247729	-0.29074	-0.342058	
-0.723676	-0.723676	-0.675306	-0.581999	-0.448638	-0.281322	-0.091486	0.101168	0.274783	0.416324	0.524018	0.597863	0.630713	0.611309	0.535919	0.416397	0.277141	0.144249	0.0357763	-0.0417536	-0.0910405	-0.119227	-0.133906	-0.141009	-0.144338	-0.145985	-0.146933	-0.147568	-0.14801	-0.148268	-0.14834	-0.14822	-0.147944	-0.147564	-0.147201	-0.147016	-0.147275	-0.148334	-0.150677	-0.154934	-0.161859	-0.172338	-0.187303	-0.207662	-0.234198	-0.26737	-0.307239	-0.353308	-0.404369	-0.458582	
-0.337188	-0.337188	-0.306416	-0.243858	-0.150783	-0.0348007	0.0895957	0.206441	0.305685	0.384554	0.440859	0.466416	0.449495	0.384838	0.281147	0.159147	0.0424466	-0.0517137	-0.116544	-0.15417	-0.171444	-0.176004	-0.173993	-0.169433	-0.164521	-0.160242	-0.156905	-0.15451	-0.152955	-0.152131	-0.151973	-0.152471	-0.153682	-0.155729	-0.158814	-0.16321	-0.16928	-0.177454	-0.188239	-0.202184	-0.219852	-0.241773	-0.268372	-0.299914	-0.336406	-0.377521	-0.422535	-0.470198	-0.518688	-0.565517	
0.0948423	0.0948423	0.11582	0.154549	0.203974	0.254293	0.296986	0.328709	0.350175	0.360054	0.350505	0.310284	0.233566	0.126709	0.00716064	-0.104296	-0.191982	-0.249513	-0.278963	-0.287205	-0.282146	-0.270394	-0.256447	-0.242893	-0.230972	-0.221132	-0.213421	-0.207731	-0.203917	-0.201861	-0.201494	-0.20281	-0.205863	-0.210777	-0.217732	-0.226966	-0.238762	-0.253434	-0.271302	-0.292667	-0.317769	-0.34674	-0.379549	-0.415932	-0.455309	-0.496707	-0.538648	-0.579069	-0.615285	-0.643996	
0.562004	0.562004	0.566299	0.570072	0.566459	0.550535	0.521661	0.481849	0.431087	0.364304	0.274023	0.157332	0.0211933	-0.118493	-0.243285	-0.339382	-0.401462	-0.432117	-0.438624	-0.42944	-0.411847	-0.39105	-0.370256	-0.35119	-0.334643	-0.320889	-0.309953	-0.301758	-0.296205	-0.293211	-0.292729	-0.294752	-0.299316	-0.306501	-0.316416	-0.329193	-0.34497	-0.363865	-0.385948	-0.411202	-0.439475	-0.470424	-0.503449	-0.537622	-0.571622	-0.603686	-0.631587	-0.652697	-0.664104	-0.66284	
1.02952	1.02952	1.0092	0.969074	0.910869	0.837516	0.751276	0.651138	0.532353	0.389869	0.223943	0.0436739	-0.134504	-0.292577	-0.417227	-0.503213	-0.552953	-0.573651	-0.574003	-0.561863	-0.543202	-0.522044	-0.500867	-0.481099	-0.463518	-0.448532	-0.43634	-0.427032	-0.42064	-0.417171	-0.416623	-0.418993	-0.424281	-0.432482	-0.443579	-0.457522	-0.474212	-0.493465	-0.514984	-0.538312	-0.562797	-0.587542	-0.611378	-0.632841	-0.650185	-0.661426	-0.664434	-0.657074	-0.637365	-0.603645	
1.43548	1.43548	1.39889	1.32959	1.23344	1.11523	0.976328	0.814804	0.628812	0.421217	0.202204	-0.0122444	-0.2052	-0.36402	-0.483264	-0.564465	-0.613743	-0.638948	-0.64751	-0.64539	-0.6369	-0.624972	-0.611556	-0.597955	-0.585062	-0.5735	-0.563711	-0.556005	-0.550592	-0.547604	-0.547107	-0.54911	-0.553567	-0.56037	-0.569342	-0.580224	-0.592655	-0.606153	-0.620089	-0.633678	-0.645956	-0.655782	-0.661852	-0.662727	-0.656885	-0.642788	-0.618957	-0.584046	-0.536893	-0.476548	
1.74047	1.74047	1.70117	1.62375	1.50968	1.35989	1.17536	0.95923	0.71931	0.468844	0.224534	0.00250341	-0.185691	-0.33511	-0.446995	-0.526663	-0.581025	-0.616712	-0.63913	-0.65228	-0.658983	-0.661219	-0.660423	-0.657685	-0.653863	-0.649644	-0.645577	-0.642089	-0.639493	-0.638003	-0.63773	-0.638694	-0.64082	-0.643939	-0.64778	-0.651968	-0.656017	-0.659323	-0.661163	-0.660694	-0.656964	-0.648921	-0.635442	-0.615353	-0.587468	-0.550617	-0.503684	-0.445645	-0.375619	-0.292963	
1.94322	1.94322	1.90299	1.82085	1.69461	1.52383	1.31223	1.06937	0.810192	0.55236	0.312368	0.102086	-0.0728682	-0.212651	-0.321309	-0.404574	-0.46816	-0.516852	-0.554267	-0.583009	-0.604946	-0.621471	-0.633676	-0.642463	-0.648594	-0.652715	-0.655361	-0.656967	-0.657861	-0.65827	-0.658317	-0.658025	-0.657313	-0.655999	-0.653799	-0.650323	-0.64508	-0.637477	-0.626821	-0.612329	-0.593133	-0.568297	-0.536838	-0.497746	-0.450027	-0.39275	-0.325124	-0.246595	-0.156982	-0.0566387	
2.04358	2.04358	1.99648	1.90226	1.7622	1.58074	1.36674	1.13317	0.895067	0.666599	0.458412	0.276317	0.121554	-0.00786309	-0.115505	-0.205199	-0.280278	-0.343345	-0.396344	-0.44074	-0.477695	-0.508186	-0.533074	-0.553127	-0.569032	-0.58139	-0.590714	-0.59742	-0.601831	-0.604169	-0.604555	-0.60301	-0.599455	-0.593708	-0.585489	-0.574418	-0.560021	-0.541733	-0.518906	-0.490827	-0.456733	-0.41584	-0.367384	-0.310674	-0.245164	-0.170538	-0.0868102	0.00556162	0.105585	0.211669	
2.01866	2.01866	1.96585	1.86407	1.72088	1.54699	1.35506	1.15785	0.966281	0.787979	0.626808	0.483421	0.356404	0.243505	0.142538	0.0518272	-0.0297292	-0.102801	-0.167821	-0.22515	-0.275164	-0.31829	-0.355005	-0.385812	-0.411211	-0.431675	-0.447631	-0.459437	-0.467378	-0.471653	-0.472371	-0.469552	-0.463122	-0.452915	-0.43868	-0.420086	-0.396731	-0.368159	-0.333879	-0.293396	-0.246244	-0.192033	-0.130504	-0.0615929	0.014507	0.0972822	0.185851	0.278945	0.374924	0.471842	
1.84713	1.84713	1.80054	1.71272	1.59332	1.45422	1.30726	1.16219	1.02541	0.899845	0.785562	0.68098	0.584	0.492819	0.406313	0.324061	0.246165	0.173017	0.105091	0.0428073	-0.013539	-0.0637956	-0.107944	-0.14607	-0.178334	-0.204936	-0.226089	-0.241992	-0.252816	-0.258685	-0.259669	-0.25578	-0.246969	-0.233132	-0.214115	-0.189727	-0.159759	-0.124001	-0.0822757	-0.0344673	0.0194416	0.079331	0.144907	0.215668	0.290886	0.369598	0.450623	0.532591	0.613994	0.693234	
1.54623	1.54623	1.51875	1.4673	1.39792	1.31773	1.2333	1.14945	1.06886	0.992232	0.918989	0.847998	0.778203	0.70896	0.640133	0.572026	0.505233	0.440493	0.378569	0.320169	0.265898	0.216244	0.171568	0.132126	0.0980766	0.0695066	0.0464502	0.0289084	0.0168655	0.0103025	0.00920641	0.013575	0.023418	0.0387536	0.0596005	0.0859663	0.117832	0.155134	0.197744	0.245446	0.297918	0.354716	0.41526	0.478828	0.544562	0.611472	0.67844	0.744231	0.807476	0.866644	
1.17642	1.17642	1.17213	1.1639	1.15227	1.13764	1.12006	1.09919	1.07441	1.04514	1.01096	0.971884	0.928289	0.880897	0.830639	0.77855	0.725673	0.673001	0.621443	0.571809	0.524806	0.481037	0.441005	0.405124	0.37372	0.34705	0.325304	0.308622	0.2971	0.290798	0.289747	0.293953	0.303394	0.318024	0.33776	0.362483	0.392022	0.426149	0.464566	0.506895	0.552668	0.60132	0.65218	0.70446	0.757247	0.809483	0.859945	0.907212	0.949635	0.985312	
0.81255	0.81255	0.825688	0.850228	0.882997	0.919904	0.956596	0.98908	1.01422	1.02999	1.03553	1.03097	1.01718	0.995488	0.967442	0.934615	0.898501	0.860446	0.821636	0.783094	0.745692	0.710169	0.677145	0.647138	0.620572	0.597792	0.579072	0.564623	0.554598	0.5491	0.548183	0.551856	0.560082	0.57278	0.589815	0.611002	0.636091	0.664769	0.696642	0.731233	0.767963	0.806143	0.844954	0.883429	0.920433	0.954646	0.984549	1.00843	1.02441	1.03051	
0.510582	0.510582	0.531257	0.570439	0.624158	0.687294	0.754336	0.82011	0.880318	0.931844	0.972821	1.00252	1.02112	1.02946	1.02879	1.02057	1.00632	0.987514	0.965529	0.941599	0.916812	0.89211	0.868293	0.846038	0.825902	0.808344	0.793729	0.782339	0.774384	0.770002	0.76927	0.772199	0.77874	0.788778	0.802134	0.818555	0.83771	0.85918	0.882447	0.906886	0.931746	0.956144	0.97905	0.999285	1.01552	1.02631	1.0301	1.02534	1.01053	0.984409	
0.292996	0.292996	0.312995	0.35143	0.405388	0.471008	0.543951	0.619873	0.694816	0.765479	0.829365	0.884802	0.930895	0.967415	0.994663	1.01334	1.02439	1.02893	1.02814	1.02317	1.01512	1.00503	0.993797	0.982234	0.971025	0.960748	0.951875	0.944776	0.939728	0.936918	0.936447	0.938331	0.942503	0.948811	0.957016	0.966784	0.977686	0.989187	1.00064	1.0113	1.02029	1.02662	1.02923	1.02697	1.01866	1.00316	0.979419	0.946602	0.904183	0.852061	
0.154229	0.154229	0.16944	0.199107	0.241782	0.295449	0.357677	0.4258	0.497104	0.568988	0.63911	0.705495	0.766598	0.821333	0.869063	0.909557	0.942933	0.969585	0.990106	1.00523	1.01574	1.02248	1.02622	1.02774	1.0277	1.0267	1.02525	1.02376	1.02255	1.02182	1.02169	1.02219	1.02324	1.02465	1.02616	1.0274	1.0279	1.02709	1.02432	1.01888	1.00998	0.996809	0.978545	0.95443	0.923806	0.886188	0.841336	0.789324	0.730603	0.666038	
0.074808	0.074808	0.0846044	0.104008	0.132625	0.169825	0.214729	0.266198	0.322866	0.383195	0.445554	0.508323	0.569976	0.629171	0.684804	0.736044	0.782337	0.823397	0.859173	0.889808	0.915596	0.936935	0.95429	0.968148	0.978996	0.987291	0.99344	0.997787	1.00061	1.00208	1.00233	1.00135	0.999096	0.995393	0.990006	0.98262	0.97285	0.960258	0.944365	0.924681	0.900728	0.872076	0.838385	0.799443	0.755221	0.705905	0.651937	0.594035	0.53319	0.470642	
0.0335808	0.0335808	0.0391141	0.0502495	0.0670895	0.0897077	0.118077	0.152003	0.191084	0.234694	0.282004	0.332027	0.383682	0.435864	0.487509	0.537653	0.585471	0.630304	0.671666	0.709238	0.742854	0.772477	0.798171	0.820077	0.838381	0.853292	0.865018	0.873752	0.879652	0.882834	0.883363	0.881251	0.876454	0.868874	0.85837	0.844761	0.827843	0.807404	0.783247	0.755209	0.723192	0.68719	0.647312	0.603816	0.557118	0.507809	0.456649	0.40455	0.35254	0.301711	
0.0140072	0.0140072	0.0168049	0.0225271	0.0314006	0.0437049	0.0597123	0.079626	0.103527	0.131338	0.162807	0.19751	0.234876	0.274222	0.314797	0.355827	0.396558	0.436288	0.474395	0.510354	0.543741	0.574235	0.601604	0.625702	0.646446	0.663802	0.677771	0.688376	0.695643	0.699598	0.700258	0.697624	0.691687	0.682423	0.669804	0.653806	0.634417	0.611654	0.585579	0.556311	0.524047	0.489069	0.45176	0.412606	0.372191	0.331188	0.290333	0.250398	0.212148	0.176298	
0.00544926	0.00544926	0.00673301	0.0094018	0.0136447	0.0197134	0.0278881	0.0384397	0.0515915	0.0674866	0.0861629	0.107539	0.131413	0.157467	0.185292	0.214404	0.244273	0.274353	0.304105	0.333017	0.360621	0.386502	0.410306	0.431738	0.450562	0.466591	0.479687	0.489748	0.496704	0.500511	0.501147	0.498607	0.492907	0.484081	0.472189	0.457319	0.439593	0.419177	0.396288	0.371197	0.344234	0.315789	0.286311	0.256296	0.226274	0.196792	0.168389	0.14157	0.116779	0.0943716	
0.00198389	0.00198389	0.00252374	0.00366454	0.00552337	0.00826319	0.0120783	0.017176	0.0237564	0.0319914	0.0420054	0.0538592	0.0675394	0.0829535	0.099931	0.118231	0.137553	0.157552	0.177856	0.198078	0.217837	0.236764	0.254519	0.270793	0.285314	0.29785	0.30821	0.316242	0.321833	0.324906	0.32542	0.323367	0.318775	0.311707	0.30226	0.290573	0.276819	0.261215	0.244015	0.225516	0.206045	0.185961	0.165642	0.145474	0.125836	0.107088	0.0895485	0.0734845	0.0590957	0.046506	
0.000677991	0.000677991	0.000887619	0.0013379	0.00208957	0.00323018	0.00486947	0.0071325	0.0101509	0.0140525	0.0189496	0.0249284	0.0320386	0.0402857	0.0496269	0.0599695	0.0711733	0.0830559	0.0954002	0.107964	0.120489	0.132713	0.144375	0.155228	0.165043	0.173614	0.180767	0.186355	0.190267	0.192424	0.192785	0.191342	0.188123	0.183193	0.176649	0.168624	0.159282	0.148816	0.137448	0.125417	0.11298	0.100399	0.0879361	0.0758408	0.0643413	0.0536351	0.04388	0.035188	0.0276222	0.0211956	
0.000218106	0.000218106	0.000293722	0.00045881	0.000741021	0.00118148	0.00183392	0.00276284	0.00404053	0.00574278	0.0079435	0.0107086	0.0140895	0.0181176	0.022799	0.0281113	0.0340022	0.0403901	0.0471661	0.0541983	0.061337	0.0684204	0.0752811	0.0817526	0.0876749	0.0929002	0.0972973	0.100756	0.103188	0.104534	0.104759	0.103858	0.101853	0.0987946	0.0947597	0.0898499	0.0841884	0.077917	0.0711915	0.0641763	0.0570394	0.0499454	0.0430499	0.0364924	0.0303916	0.0248404	0.019903	0.0156136	0.0119772	0.0089719	
6.62141e-05	6.62141e-05	9.16764e-05	0.000148172	0.000247025	0.000405568	0.000647295	0.00100169	0.00150353	0.00219145	0.00310586	0.00428611	0.00576726	0.00757661	0.00973037	0.0122309	0.0150646	0.0182009	0.0215924	0.0251758	0.0288742	0.0326	0.0362588	0.0397525	0.0429844	0.0458623	0.0483026	0.0502337	0.0515979	0.0523547	0.0524814	0.051974	0.0508479	0.0491367	0.0468913	0.0441782	0.0410766	0.0376756	0.0340707	0.0303598	0.0266392	0.0229999	0.0195234	0.0162786	0.0133196	0.0106837	0.0083912	0.0064459	0.00483682	0.00354066	
1.90143e-05	1.90143e-05	2.70511e-05	4.51716e-05	7.76089e-05	0.00013102	0.000214744	0.000340967	0.000524703	0.000783464	0.00113657	0.00160407	0.00220532	0.00295729	0.00387279	0.00495873	0.00621462	0.0076315	0.0091914	0.0108673	0.0126238	0.0144185	0.0162035	0.0179274	0.019538	0.0209844	0.0222196	0.0232024	0.0238996	0.0242874	0.0243523	0.0240921	0.0235158	0.0226432	0.0215039	0.0201361	0.0185849	0.0168997	0.0151328	0.0133359	0.0115586	0.00984584	0.00823596	0.00675941	0.00543782	0.00428371	0.00330082	0.00248503	0.00182568	0.00130724	
5.17591e-06	5.17591e-06	7.56221e-06	1.30287e-05	2.30351e-05	3.99372e-05	6.7146e-05	0.000109277	0.00017224	0.000263222	0.000390517	0.000563174	0.000790456	0.00108114	0.00144266	0.00188028	0.00239621	0.00298891	0.00365256	0.00437687	0.00514711	0.00594458	0.00674724	0.00753076	0.00826963	0.00893849	0.00951344	0.0099733	0.0103007	0.0104833	0.0105138	0.0103912	0.0101202	0.0097112	0.00917968	0.00854541	0.00783137	0.00706249	0.0062644	0.00546202	0.00467846	0.00393384	0.00324454	0.00262266	0.00207577	0.00160707	0.00121576	0.000897719	0.000646248	0.000452999	
1.33883e-06	1.33883e-06	2.00783e-06	3.5647e-06	6.47775e-06	1.15218e-05	1.9853e-05	3.30892e-05	5.33771e-05	8.34267e-05	0.000126491	0.000186273	0.000266748	0.000371903	0.000505395	0.000670167	0.000868039	0.00109933	0.00136256	0.0016542	0.00196869	0.00229845	0.00263419	0.00296527	0.00328028	0.00356763	0.00381619	0.00401598	0.00415877	0.00423853	0.00425189	0.00419827	0.00407995	0.00390194	0.00367164	0.00339842	0.00309301	0.00276691	0.00243167	0.00209832	0.00177673	0.00147521	0.00120014	0.000955862	0.000744648	0.000566867	0.00042125	0.000305252	0.000215449	0.000147942	
3.3283e-07	3.3283e-07	5.12414e-07	9.37126e-07	1.74962e-06	3.19188e-06	5.63604e-06	9.6201e-06	1.58829e-05	2.5391e-05	3.93485e-05	5.91806e-05	8.64841e-05	0.000122939	0.000170184	0.000229656	0.000302418	0.000388976	0.000489115	0.000601775	0.000724982	0.000855844	0.000990633	0.00112494	0.00125388	0.00137241	0.00147561	0.00155897	0.00161877	0.00165225	0.00165786	0.00163533	0.00158572	0.00151131	0.00141549	0.00130247	0.00117705	0.00104427	0.000909104	0.000776186	0.000649537	0.000532394	0.000427102	0.000335078	0.000256862	0.000192214	0.000140273	9.97276e-05	6.89981e-05	4.64037e-05	
9.44226e-08	9.44226e-08	1.49586e-07	2.82373e-07	5.42583e-07	1.01697e-06	1.84321e-06	3.22713e-06	5.46144e-06	8.94292e-06	1.41841e-05	2.18149e-05	3.25694e-05	4.72541e-05	6.6696e-05	9.16709e-05	0.000122817	0.000160538	0.000204914	0.000255619	0.000311864	0.000372383	0.000435448	0.000498939	0.00056045	0.000617429	0.000667349	0.00070788	0.000737058	0.000753431	0.000756175	0.000745148	0.00072091	0.000684674	0.000638216	0.00058374	0.000523716	0.000460708	0.000397197	0.000335433	0.000277311	0.000224284	0.000177332	0.000136958	0.000103236	7.58794e-05	5.43317e-05	3.78602e-05	2.56485e-05	1.68742e-05	
9.44226e-08	9.44226e-08	1.49586e-07	2.82373e-07	5.42583e-07	1.01697e-06	1.84321e-06	3.22713e-06	5.46144e-06	8.94292e-06	1.41841e-05	2.18149e-05	3.25694e-05	4.72541e-05	6.6696e-05	9.16709e-05	0.000122817	0.000160538	0.000204914	0.000255619	0.000311864	0.000372383	0.000435448	0.000498939	0.00056045	0.000617429	0.000667349	0.00070788	0.000737058	0.000753431	0.000756175	0.000745148	0.00072091	0.000684674	0.000638216	0.00058374	0.000523716	0.000460708	0.000397197	0.000335433	0.000277311	0.000224284	0.000177332	0.000136958	0.000103236	7.58794e-05	5.43317e-05	3.78602e-05	2.56485e-05	1.68742e-05	
