-0.653078	-0.653078	-0.651731	-0.656857	-0.658278	-0.658371	-0.660475	-0.657604	-0.651948	-0.637701	-0.609365	-0.576555	-0.528792	-0.464661	-0.39245	-0.311122	-0.214192	-0.113638	-0.0133677	0.0909897	0.19671	0.291422	0.385418	0.473034	0.548885	0.605244	0.642207	0.659926	0.64802	0.599992	0.531853	0.453591	0.359402	0.256009	0.160416	0.0815541	0.0189802	-0.030623	-0.0784726	-0.115462	-0.132713	-0.13121	-0.135898	-0.151911	-0.173583	-0.193527	-0.203871	-0.198525	-0.184649	-0.182853	
-0.823361	-0.823361	-0.822125	-0.813758	-0.802224	-0.790413	-0.768899	-0.740316	-0.701585	-0.654139	-0.595185	-0.527275	-0.447769	-0.356767	-0.26224	-0.159088	-0.0517606	0.0532946	0.154152	0.259251	0.358277	0.444105	0.526058	0.59548	0.644884	0.669596	0.669964	0.650231	0.598315	0.520581	0.432341	0.345493	0.248383	0.155111	0.0748709	0.0153229	-0.030828	-0.0680049	-0.106074	-0.134608	-0.143584	-0.142615	-0.151851	-0.174201	-0.201205	-0.223656	-0.237469	-0.233787	-0.227516	-0.239482	
-0.960364	-0.960364	-0.953364	-0.938509	-0.91354	-0.881438	-0.833513	-0.776944	-0.713509	-0.636985	-0.549848	-0.456608	-0.356152	-0.246671	-0.141167	-0.0338162	0.0774277	0.179837	0.28182	0.378934	0.467008	0.537259	0.599696	0.64054	0.655355	0.642886	0.608195	0.554518	0.475839	0.381245	0.291551	0.206291	0.120024	0.0411545	-0.0187787	-0.062077	-0.09463	-0.123932	-0.156567	-0.177955	-0.183267	-0.184471	-0.199781	-0.22905	-0.257865	-0.284579	-0.29719	-0.297005	-0.298052	-0.322946	
-1.03206	-1.03206	-1.02053	-0.988785	-0.950026	-0.897767	-0.830101	-0.760855	-0.674264	-0.578274	-0.478614	-0.373067	-0.264082	-0.153285	-0.0466352	0.062941	0.172789	0.268462	0.360763	0.446373	0.512195	0.560488	0.590077	0.597118	0.572864	0.528597	0.465182	0.391566	0.299456	0.206088	0.125818	0.0523923	-0.0185855	-0.0799608	-0.120714	-0.151908	-0.173735	-0.200907	-0.228159	-0.245858	-0.248738	-0.254039	-0.277321	-0.309815	-0.342073	-0.368302	-0.379222	-0.381313	-0.386595	-0.424306	
-0.984436	-0.984436	-0.97218	-0.938107	-0.892859	-0.837144	-0.760701	-0.680389	-0.587154	-0.48752	-0.389771	-0.282528	-0.176869	-0.0683197	0.0354086	0.137822	0.233912	0.315147	0.39056	0.451704	0.484688	0.500333	0.494354	0.465548	0.410428	0.342908	0.26632	0.185337	0.095703	0.0148522	-0.0486143	-0.106783	-0.162173	-0.205594	-0.232435	-0.253249	-0.27045	-0.295831	-0.319366	-0.333446	-0.333851	-0.345622	-0.372568	-0.407912	-0.438897	-0.461502	-0.469388	-0.469885	-0.480342	-0.527923	
-0.81458	-0.81458	-0.80217	-0.770278	-0.73014	-0.676851	-0.607105	-0.535779	-0.455656	-0.365037	-0.275199	-0.177374	-0.0791251	0.0137428	0.102661	0.187436	0.26227	0.317823	0.363026	0.386607	0.382857	0.364383	0.326319	0.268715	0.195676	0.11919	0.0432283	-0.0335361	-0.110147	-0.172591	-0.217162	-0.261993	-0.301999	-0.331416	-0.346933	-0.361738	-0.376654	-0.400461	-0.420846	-0.428875	-0.430016	-0.445218	-0.47546	-0.509479	-0.535639	-0.552511	-0.553074	-0.550715	-0.564278	-0.615581	
-0.540645	-0.540645	-0.529379	-0.50598	-0.475572	-0.43103	-0.380097	-0.32604	-0.256629	-0.184106	-0.112724	-0.0352156	0.0371963	0.10546	0.168909	0.223018	0.258552	0.276414	0.281894	0.266585	0.225985	0.1803	0.116379	0.0450194	-0.0340075	-0.105487	-0.173325	-0.237677	-0.297811	-0.339707	-0.369498	-0.402727	-0.43058	-0.448271	-0.455836	-0.467436	-0.479896	-0.502852	-0.515712	-0.518972	-0.518258	-0.535863	-0.5649	-0.591728	-0.609698	-0.614381	-0.604323	-0.596435	-0.608216	-0.65936	
-0.200765	-0.200765	-0.193244	-0.177639	-0.154028	-0.124494	-0.0885318	-0.0440861	0.00244819	0.0510331	0.0949609	0.143082	0.185373	0.21535	0.238103	0.246352	0.236437	0.215011	0.179478	0.127244	0.0597808	-0.00551121	-0.0797174	-0.156876	-0.227734	-0.291027	-0.343834	-0.396643	-0.438236	-0.463838	-0.483334	-0.507546	-0.526498	-0.532957	-0.537545	-0.543741	-0.556762	-0.572927	-0.578589	-0.57376	-0.571112	-0.588185	-0.610156	-0.626473	-0.631328	-0.61987	-0.599206	-0.582491	-0.593785	-0.641922	
0.172102	0.172102	0.179042	0.187732	0.201722	0.224532	0.244095	0.270332	0.291439	0.310789	0.330388	0.340259	0.341291	0.326047	0.305366	0.27199	0.218146	0.160833	0.0936373	0.0135488	-0.0644132	-0.140043	-0.214581	-0.288513	-0.347261	-0.398259	-0.439535	-0.480034	-0.50739	-0.520495	-0.535009	-0.55254	-0.563197	-0.561847	-0.563581	-0.56604	-0.577503	-0.584475	-0.581805	-0.567531	-0.564658	-0.576864	-0.589917	-0.59343	-0.582765	-0.557634	-0.526765	-0.50551	-0.521145	-0.563818	
0.557397	0.557397	0.565235	0.56512	0.571736	0.582582	0.577718	0.579895	0.577474	0.562902	0.546773	0.514635	0.472754	0.423912	0.364752	0.29226	0.211393	0.132074	0.0480782	-0.0421177	-0.119842	-0.193376	-0.263389	-0.325014	-0.371817	-0.410856	-0.443597	-0.47411	-0.489666	-0.496727	-0.5086	-0.522033	-0.524286	-0.519528	-0.518198	-0.520186	-0.52703	-0.526864	-0.514137	-0.495952	-0.493086	-0.501323	-0.505661	-0.496959	-0.473942	-0.439118	-0.401582	-0.385034	-0.403451	-0.446456	
0.938724	0.938724	0.934276	0.927431	0.917498	0.901137	0.878301	0.856273	0.820322	0.772141	0.71948	0.653862	0.582669	0.500126	0.413637	0.321268	0.228182	0.140614	0.0502838	-0.0352239	-0.104745	-0.171832	-0.230439	-0.280158	-0.314597	-0.345802	-0.371571	-0.393745	-0.401579	-0.405801	-0.418634	-0.425938	-0.424055	-0.415858	-0.416077	-0.41555	-0.420317	-0.410705	-0.392517	-0.372642	-0.372138	-0.375599	-0.371488	-0.351189	-0.319382	-0.275742	-0.240024	-0.22886	-0.254697	-0.299197	
1.25572	1.25572	1.24636	1.22857	1.20209	1.16568	1.1209	1.06623	0.997891	0.921521	0.846443	0.756093	0.661164	0.567053	0.470697	0.373413	0.279828	0.195575	0.113211	0.0373683	-0.0190953	-0.078	-0.125359	-0.162744	-0.190494	-0.214264	-0.237749	-0.251391	-0.256024	-0.260694	-0.273773	-0.27628	-0.270033	-0.263188	-0.263089	-0.262823	-0.26236	-0.246024	-0.224129	-0.206981	-0.208777	-0.207898	-0.195164	-0.167851	-0.128299	-0.0845875	-0.0545469	-0.0548828	-0.091452	-0.135027	
1.45846	1.45846	1.448	1.42175	1.38545	1.33388	1.27179	1.19617	1.11602	1.02943	0.936075	0.835475	0.735115	0.642498	0.544656	0.450541	0.373635	0.296283	0.224554	0.165933	0.118708	0.0718415	0.0323913	0.00788456	-0.0165677	-0.0357701	-0.0556658	-0.0640954	-0.0657552	-0.075625	-0.0845747	-0.0854784	-0.0744192	-0.0739326	-0.0711426	-0.0743842	-0.0654981	-0.0478705	-0.0238783	-0.0148983	-0.0176585	-0.0127643	0.00669592	0.0393652	0.0827349	0.12122	0.143792	0.125376	0.0848886	0.0366326	
1.52538	1.52538	1.50534	1.47868	1.43602	1.37549	1.31875	1.24387	1.16531	1.08335	0.988471	0.901668	0.815471	0.729429	0.647322	0.572423	0.507342	0.442369	0.38337	0.34471	0.300541	0.264603	0.234179	0.216469	0.194388	0.177179	0.161622	0.157513	0.153866	0.142002	0.135159	0.139641	0.14796	0.146424	0.147351	0.145852	0.159717	0.178738	0.199609	0.200114	0.197805	0.207348	0.23092	0.267945	0.306536	0.338056	0.340855	0.304521	0.253789	0.195415	
1.43332	1.43332	1.41952	1.39926	1.36742	1.31929	1.27351	1.21085	1.141	1.07809	1.0062	0.942834	0.877447	0.814274	0.754985	0.703198	0.654271	0.610816	0.571105	0.544398	0.510069	0.484535	0.46613	0.450598	0.433233	0.418526	0.40839	0.40714	0.399469	0.38841	0.384168	0.393177	0.394516	0.392737	0.389275	0.392317	0.406108	0.424296	0.434914	0.426125	0.423776	0.432824	0.457543	0.488472	0.516069	0.529599	0.503681	0.448402	0.379714	0.313578	
1.23758	1.23758	1.23443	1.21837	1.19639	1.17325	1.13885	1.1025	1.06567	1.03228	0.990769	0.95124	0.91423	0.877142	0.843608	0.817499	0.791531	0.763657	0.745572	0.729224	0.710395	0.694864	0.688653	0.676003	0.666338	0.65517	0.653182	0.651554	0.642918	0.63285	0.634928	0.641869	0.637834	0.632917	0.627198	0.632342	0.642555	0.655	0.649249	0.63339	0.62744	0.634482	0.654513	0.672393	0.684841	0.669892	0.615837	0.538743	0.452612	0.379352	
0.999704	0.999704	0.998783	0.990678	0.979335	0.979673	0.96316	0.956382	0.955006	0.938165	0.927922	0.920174	0.913855	0.906158	0.902133	0.898812	0.89082	0.883673	0.888516	0.882674	0.876697	0.875555	0.878064	0.871992	0.868124	0.865258	0.868713	0.867047	0.857734	0.852651	0.85935	0.86065	0.852461	0.843557	0.838548	0.841747	0.847574	0.847244	0.825835	0.804284	0.793319	0.797447	0.804968	0.807468	0.795816	0.74745	0.66498	0.563898	0.463236	0.382072	
0.765564	0.765564	0.767096	0.773105	0.781081	0.790956	0.796844	0.811596	0.823632	0.827873	0.849605	0.868887	0.882557	0.898768	0.915635	0.930284	0.943942	0.960472	0.978014	0.983022	0.992435	1.00774	1.01454	1.01749	1.02097	1.02789	1.03446	1.0322	1.02548	1.02732	1.0349	1.02907	1.01783	1.00662	1.00263	1.00132	1.00033	0.982208	0.9499	0.922029	0.908617	0.904539	0.897371	0.881061	0.840017	0.760054	0.652273	0.533146	0.426951	0.340727	
0.596235	0.596235	0.598588	0.611567	0.626815	0.639914	0.665538	0.691956	0.714026	0.748849	0.78614	0.813407	0.842687	0.874275	0.90942	0.938282	0.965282	0.995086	1.01833	1.03658	1.05979	1.08166	1.09281	1.10334	1.11613	1.12765	1.13612	1.13273	1.13253	1.1399	1.14386	1.13249	1.11953	1.11008	1.10494	1.10074	1.08801	1.05651	1.01705	0.989263	0.974226	0.962008	0.94152	0.905912	0.837097	0.732709	0.606609	0.481943	0.375887	0.292637	
0.515313	0.515313	0.520482	0.532072	0.548253	0.569425	0.60088	0.630124	0.665162	0.707827	0.743524	0.776245	0.82041	0.863857	0.902497	0.934789	0.968137	1.00736	1.03241	1.05801	1.08786	1.10933	1.12409	1.14023	1.15672	1.17054	1.17569	1.17511	1.18001	1.19076	1.18662	1.17375	1.16175	1.15601	1.1501	1.14236	1.11843	1.07967	1.04091	1.01917	1.00363	0.986017	0.953848	0.900666	0.809089	0.688398	0.554991	0.435305	0.334848	0.267189	
0.532474	0.532474	0.541295	0.548554	0.567865	0.589801	0.615969	0.644331	0.679129	0.713279	0.745252	0.786777	0.829691	0.868196	0.896466	0.932673	0.97205	1.00397	1.02446	1.05403	1.0827	1.09924	1.11314	1.13251	1.14675	1.15906	1.15872	1.16264	1.17138	1.17894	1.16793	1.15629	1.1495	1.14626	1.14167	1.12791	1.09855	1.05834	1.03128	1.01632	1.00482	0.981877	0.942672	0.873374	0.768173	0.640727	0.514587	0.407023	0.32466	0.28051	
0.649185	0.649185	0.655134	0.662369	0.676746	0.691529	0.708814	0.728891	0.750593	0.775034	0.798942	0.833168	0.85666	0.877725	0.904057	0.935936	0.961985	0.97538	0.99615	1.02321	1.03831	1.04638	1.0601	1.07574	1.08503	1.08847	1.08746	1.09337	1.104	1.10131	1.08876	1.081	1.08059	1.07941	1.07457	1.0566	1.02552	0.994762	0.982801	0.977417	0.969848	0.944394	0.90042	0.819621	0.710953	0.5897	0.48274	0.397046	0.343933	0.330946	
0.850112	0.850112	0.847753	0.85234	0.850275	0.853672	0.855696	0.860006	0.866753	0.872647	0.880761	0.887784	0.888792	0.895505	0.911507	0.917254	0.920078	0.923997	0.938123	0.945811	0.943943	0.946326	0.956663	0.960167	0.961232	0.955618	0.956435	0.962275	0.967239	0.955051	0.945223	0.943988	0.947381	0.9477	0.940453	0.921353	0.894137	0.882034	0.884127	0.890567	0.883914	0.861062	0.811178	0.728026	0.624887	0.523868	0.444065	0.390835	0.373001	0.402083	
1.09248	1.09248	1.08533	1.07764	1.06158	1.04722	1.0289	1.01145	0.992188	0.968285	0.950463	0.924649	0.906887	0.895705	0.879957	0.860052	0.845928	0.83757	0.830674	0.817183	0.804542	0.80086	0.798579	0.789714	0.780713	0.771947	0.772064	0.775154	0.768011	0.753165	0.748775	0.753378	0.757545	0.756897	0.747549	0.728812	0.714605	0.720856	0.736395	0.748445	0.742541	0.719475	0.663808	0.583711	0.493859	0.420899	0.372916	0.357001	0.38054	0.45725	
1.31334	1.31334	1.30715	1.28826	1.26598	1.23262	1.19278	1.14686	1.09343	1.04117	0.989815	0.936856	0.894232	0.84884	0.798681	0.760116	0.725818	0.697902	0.670172	0.64057	0.618832	0.606632	0.590175	0.572677	0.556648	0.548579	0.546301	0.541796	0.524962	0.514056	0.515904	0.52212	0.523931	0.519769	0.507885	0.493054	0.495592	0.514669	0.537496	0.546241	0.539089	0.508022	0.448725	0.373803	0.305345	0.263188	0.25085	0.275535	0.347244	0.471429	
1.47116	1.47116	1.4601	1.43229	1.39639	1.3457	1.28677	1.21922	1.1474	1.07595	0.997334	0.92261	0.846135	0.766025	0.695391	0.635917	0.579723	0.530527	0.480018	0.435783	0.407879	0.383517	0.353407	0.328674	0.311279	0.302924	0.295507	0.280217	0.261887	0.258147	0.263542	0.26671	0.263767	0.255338	0.241863	0.237318	0.253875	0.280319	0.300214	0.302459	0.28799	0.246524	0.185441	0.120813	0.0785469	0.0669087	0.0902941	0.155923	0.273633	0.438645	
1.50767	1.50767	1.49025	1.4601	1.41418	1.35794	1.29262	1.21867	1.13992	1.05201	0.957673	0.864316	0.765253	0.673205	0.592326	0.512032	0.436711	0.364009	0.296873	0.249132	0.211979	0.16772	0.12779	0.101243	0.0840559	0.0706592	0.0540899	0.0317273	0.0193258	0.0215824	0.0252327	0.0222562	0.0140496	0.00193332	-0.00808875	0.000592508	0.0254927	0.0505133	0.0594018	0.0516974	0.0226063	-0.0297022	-0.0924403	-0.142648	-0.161776	-0.147251	-0.0932588	0.00858317	0.162976	0.357837	
1.37727	1.37727	1.36491	1.34456	1.31006	1.266	1.21008	1.14218	1.06314	0.973315	0.880501	0.783147	0.685006	0.592119	0.496906	0.399201	0.307638	0.221772	0.153273	0.097893	0.0368801	-0.0221391	-0.0615264	-0.0891129	-0.112355	-0.13478	-0.160028	-0.181229	-0.185513	-0.18266	-0.185832	-0.195822	-0.208603	-0.221773	-0.222887	-0.20431	-0.179527	-0.166532	-0.172654	-0.19631	-0.243038	-0.305508	-0.365336	-0.398377	-0.396951	-0.358248	-0.275558	-0.140724	0.0426723	0.256322	
1.11636	1.11636	1.1118	1.1002	1.08202	1.05509	1.01792	0.971249	0.914478	0.851059	0.780798	0.70076	0.616323	0.523062	0.42125	0.321393	0.226467	0.140297	0.0633064	-0.0178883	-0.0984735	-0.157745	-0.200743	-0.240376	-0.275582	-0.308378	-0.338647	-0.354052	-0.355165	-0.359228	-0.37167	-0.387169	-0.402257	-0.410822	-0.401035	-0.37905	-0.363545	-0.367561	-0.389617	-0.431453	-0.492522	-0.558586	-0.606224	-0.619451	-0.596518	-0.533137	-0.421699	-0.258679	-0.05678	0.162136	
0.773912	0.773912	0.772812	0.76773	0.762161	0.753289	0.740907	0.725359	0.704236	0.675968	0.636339	0.585202	0.522694	0.447251	0.366499	0.284597	0.199263	0.112673	0.0195196	-0.0759892	-0.155296	-0.218114	-0.27859	-0.334182	-0.382042	-0.425838	-0.45722	-0.469135	-0.477136	-0.493848	-0.514422	-0.532786	-0.546276	-0.545675	-0.528943	-0.512811	-0.514245	-0.536253	-0.575905	-0.635221	-0.705635	-0.766732	-0.797224	-0.79133	-0.747928	-0.661074	-0.524083	-0.342033	-0.134306	0.0787025	
0.38347	0.38347	0.386244	0.392317	0.401182	0.412113	0.424409	0.43581	0.443708	0.444678	0.437197	0.421134	0.394126	0.358407	0.314917	0.259456	0.191305	0.111442	0.0230068	-0.0605177	-0.135064	-0.210938	-0.286152	-0.353231	-0.415249	-0.467069	-0.49747	-0.516078	-0.54117	-0.571011	-0.59655	-0.615597	-0.623967	-0.615638	-0.601799	-0.602077	-0.624742	-0.665874	-0.725074	-0.799431	-0.872558	-0.921805	-0.934899	-0.911606	-0.848718	-0.739074	-0.581349	-0.389735	-0.185616	0.0156439	
-0.00856252	-0.00856252	-0.00171653	0.0130815	0.033216	0.0586306	0.0880511	0.118672	0.149518	0.179087	0.206505	0.229878	0.246876	0.256005	0.2516	0.230233	0.193184	0.141749	0.082764	0.0204546	-0.0508396	-0.130671	-0.210317	-0.288749	-0.361415	-0.41486	-0.452274	-0.492515	-0.538181	-0.577368	-0.606299	-0.624794	-0.627572	-0.61939	-0.620081	-0.643097	-0.686744	-0.747132	-0.823918	-0.906145	-0.972246	-1.0048	-1.00087	-0.960379	-0.877425	-0.746963	-0.576684	-0.386576	-0.195309	-0.0122211	
-0.372428	-0.372428	-0.362531	-0.343246	-0.315568	-0.280212	-0.23843	-0.191132	-0.138562	-0.0814496	-0.0216665	0.0381641	0.0948774	0.143196	0.17862	0.200164	0.207421	0.200927	0.181951	0.145965	0.0903874	0.0211178	-0.0571947	-0.138409	-0.208973	-0.267086	-0.32802	-0.396059	-0.457231	-0.50395	-0.537823	-0.555929	-0.558582	-0.562818	-0.586699	-0.632451	-0.694466	-0.771753	-0.85884	-0.937254	-0.986865	-1.00025	-0.97889	-0.919701	-0.816274	-0.670546	-0.498773	-0.321458	-0.151456	0.00667302	
-0.688121	-0.688121	-0.676014	-0.652732	-0.617984	-0.572673	-0.51752	-0.452479	-0.378753	-0.298117	-0.213132	-0.126988	-0.0432942	0.034501	0.105488	0.168713	0.221842	0.26223	0.283746	0.279967	0.251651	0.203758	0.142685	0.0786466	0.0143913	-0.060706	-0.149304	-0.235758	-0.307492	-0.364675	-0.40549	-0.427314	-0.442531	-0.471585	-0.521332	-0.586343	-0.663809	-0.751985	-0.837238	-0.898949	-0.925477	-0.917626	-0.875657	-0.793843	-0.67011	-0.515858	-0.35158	-0.193564	-0.0484753	0.0806131	
-0.926759	-0.926759	-0.912879	-0.885118	-0.843242	-0.78769	-0.719175	-0.639127	-0.550324	-0.455742	-0.358099	-0.259761	-0.161866	-0.0640727	0.0335787	0.128624	0.216576	0.290703	0.343267	0.37184	0.37952	0.370087	0.346755	0.307809	0.244572	0.156003	0.0578678	-0.0339448	-0.115752	-0.18438	-0.233892	-0.270938	-0.314733	-0.375673	-0.449311	-0.531047	-0.620745	-0.710102	-0.780143	-0.816221	-0.817009	-0.785354	-0.717794	-0.610051	-0.46874	-0.312506	-0.160267	-0.021746	0.100069	0.199754	
-1.06048	-1.06048	-1.04437	-1.01224	-0.965085	-0.904164	-0.831366	-0.749405	-0.660706	-0.567043	-0.469353	-0.367655	-0.261442	-0.151053	-0.0392753	0.0694506	0.169989	0.25753	0.330894	0.392683	0.443895	0.48076	0.495102	0.476866	0.423823	0.347666	0.262499	0.174119	0.0877827	0.0126707	-0.0517468	-0.12003	-0.202701	-0.295351	-0.391013	-0.489161	-0.585651	-0.664671	-0.710045	-0.717994	-0.69268	-0.633712	-0.536341	-0.40316	-0.249741	-0.0962646	0.0442514	0.167528	0.270001	0.341577	
-1.06271	-1.06271	-1.0491	-1.02246	-0.984081	-0.935202	-0.876992	-0.810179	-0.734569	-0.649724	-0.555509	-0.452524	-0.343014	-0.231004	-0.12099	-0.0162069	0.0821873	0.175832	0.26816	0.3594	0.44331	0.509353	0.547333	0.55321	0.531831	0.490277	0.431402	0.359252	0.28267	0.204378	0.115008	0.00718848	-0.11244	-0.232857	-0.350533	-0.462667	-0.55632	-0.614865	-0.632271	-0.613089	-0.560111	-0.469811	-0.342097	-0.18919	-0.0312448	0.115766	0.245385	0.354856	0.43657	0.476592	
-0.94996	-0.94996	-0.945448	-0.936085	-0.920925	-0.898541	-0.867064	-0.824347	-0.768723	-0.699717	-0.618394	-0.527438	-0.430714	-0.331873	-0.232871	-0.133681	-0.0326818	0.0720172	0.179469	0.283949	0.377383	0.453386	0.5095	0.546796	0.566139	0.565673	0.544797	0.506523	0.45011	0.366829	0.251354	0.112746	-0.0333408	-0.177952	-0.315788	-0.434048	-0.515014	-0.549959	-0.542743	-0.498748	-0.416822	-0.295803	-0.145055	0.0161012	0.169404	0.3058	0.422465	0.514032	0.568434	0.571661	
-0.79451	-0.79451	-0.796039	-0.798042	-0.798512	-0.795027	-0.785137	-0.76684	-0.739079	-0.701641	-0.654873	-0.599318	-0.535066	-0.461417	-0.377378	-0.282615	-0.178324	-0.0682352	0.0413387	0.14406	0.236616	0.319095	0.392986	0.458599	0.51395	0.556279	0.582234	0.583496	0.546235	0.461878	0.337138	0.188094	0.0275094	-0.135055	-0.28375	-0.397353	-0.462401	-0.479604	-0.454821	-0.388877	-0.280528	-0.136983	0.0236175	0.181393	0.324557	0.44935	0.551965	0.622395	0.64667	0.61511	
-0.637602	-0.637602	-0.639455	-0.642894	-0.647507	-0.652824	-0.658355	-0.663531	-0.667419	-0.668345	-0.663731	-0.650158	-0.623751	-0.581165	-0.520775	-0.443439	-0.352802	-0.254757	-0.155385	-0.05853	0.0347736	0.125181	0.213859	0.301674	0.388088	0.468578	0.531308	0.558798	0.537804	0.468081	0.358871	0.219507	0.0594309	-0.103824	-0.245214	-0.344957	-0.397384	-0.404915	-0.367552	-0.283071	-0.156437	-0.00423	0.152664	0.299729	0.431419	0.544475	0.630573	0.676204	0.669654	0.608758	
-0.474076	-0.474076	-0.478929	-0.488736	-0.503636	-0.523586	-0.548141	-0.576221	-0.60587	-0.634244	-0.657769	-0.67246	-0.674508	-0.661012	-0.630531	-0.583402	-0.521708	-0.448487	-0.366495	-0.277625	-0.183038	-0.0831388	0.0222467	0.132342	0.24252	0.342141	0.416696	0.454684	0.452697	0.412391	0.334686	0.221973	0.0864749	-0.0490468	-0.162509	-0.242431	-0.285133	-0.285952	-0.238574	-0.143668	-0.0145861	0.12818	0.268004	0.397085	0.511711	0.604608	0.662934	0.673752	0.631917	0.544106	
-0.332401	-0.332401	-0.342816	-0.363185	-0.392551	-0.429421	-0.47177	-0.517093	-0.562539	-0.605152	-0.642091	-0.670876	-0.68963	-0.697155	-0.692829	-0.676344	-0.64721	-0.604228	-0.545553	-0.469479	-0.375358	-0.264503	-0.14143	-0.0148476	0.103203	0.201043	0.272086	0.315981	0.333948	0.32382	0.282568	0.214233	0.132194	0.051613	-0.0181658	-0.0715652	-0.0997058	-0.0903634	-0.0370261	0.0536224	0.164934	0.280716	0.391919	0.494097	0.580391	0.638419	0.654393	0.62079	0.541405	0.430534	
-0.264669	-0.264669	-0.275627	-0.297042	-0.327883	-0.366588	-0.41108	-0.458854	-0.507189	-0.553448	-0.59544	-0.631762	-0.661913	-0.68601	-0.704086	-0.71511	-0.716109	-0.702099	-0.667229	-0.6068	-0.519558	-0.409616	-0.28688	-0.164788	-0.0556505	0.0337483	0.102781	0.15321	0.185354	0.199096	0.198053	0.189759	0.179926	0.168359	0.153351	0.139867	0.140565	0.167036	0.220599	0.292335	0.37115	0.450434	0.526966	0.594892	0.642309	0.654546	0.621645	0.544248	0.434074	0.309334	
-0.275353	-0.275353	-0.28108	-0.292512	-0.309562	-0.332005	-0.359425	-0.391207	-0.426606	-0.464878	-0.505401	-0.547676	-0.59108	-0.634376	-0.675138	-0.709354	-0.731621	-0.736125	-0.718147	-0.6756	-0.610112	-0.527127	-0.434551	-0.340362	-0.25065	-0.169435	-0.0997323	-0.0434537	0.0011003	0.0412452	0.086815	0.142654	0.204226	0.262159	0.311508	0.355705	0.401377	0.450783	0.500453	0.546397	0.588688	0.629701	0.667959	0.694244	0.694277	0.656173	0.57724	0.465846	0.337971	0.211199	
-0.323797	-0.323797	-0.32272	-0.320905	-0.319077	-0.318413	-0.32059	-0.327737	-0.342222	-0.366234	-0.401156	-0.446848	-0.501061	-0.559296	-0.615337	-0.662473	-0.695133	-0.710288	-0.707969	-0.690658	-0.661808	-0.624152	-0.57873	-0.525459	-0.465026	-0.400316	-0.335277	-0.27122	-0.203909	-0.125363	-0.0298927	0.0812311	0.201195	0.322998	0.44221	0.554495	0.652416	0.727166	0.77453	0.79867	0.808973	0.812112	0.80612	0.781283	0.726868	0.63852	0.521607	0.38928	0.25733	0.139075	
-0.362829	-0.362829	-0.356892	-0.345781	-0.331048	-0.315049	-0.30086	-0.292034	-0.29212	-0.304003	-0.329146	-0.366996	-0.414787	-0.467944	-0.521081	-0.569336	-0.609565	-0.640896	-0.664387	-0.681948	-0.694947	-0.703153	-0.704592	-0.696338	-0.675468	-0.639255	-0.584625	-0.508154	-0.407648	-0.284215	-0.142167	0.0139915	0.182254	0.361354	0.545157	0.719129	0.86405	0.965209	1.01958	1.03502	1.02258	0.988524	0.931936	0.848644	0.737399	0.603685	0.459141	0.317741	0.191424	0.0873167	
-0.358907	-0.358907	-0.353452	-0.343452	-0.330592	-0.317077	-0.305286	-0.297396	-0.295055	-0.299193	-0.310043	-0.327367	-0.350802	-0.380168	-0.415537	-0.457007	-0.504262	-0.556186	-0.610833	-0.665817	-0.718842	-0.767922	-0.810843	-0.843835	-0.860185	-0.850262	-0.804109	-0.71597	-0.587696	-0.427751	-0.245754	-0.0470587	0.167311	0.394799	0.625004	0.839284	1.01723	1.14472	1.21743	1.23811	1.21155	1.14155	1.03193	0.889415	0.72533	0.554486	0.391894	0.249261	0.132935	0.0438321	
-0.314226	-0.314226	-0.31485	-0.316161	-0.318206	-0.320892	-0.323885	-0.326596	-0.328315	-0.328533	-0.327378	-0.326042	-0.327001	-0.333855	-0.350706	-0.38118	-0.427405	-0.489311	-0.564524	-0.648833	-0.736918	-0.822852	-0.900043	-0.960707	-0.995602	-0.994901	-0.950433	-0.858199	-0.719447	-0.539522	-0.325633	-0.0856579	0.171182	0.433158	0.686335	0.916563	1.11143	1.26057	1.35482	1.38612	1.34967	1.24733	1.08988	0.896195	0.689287	0.490966	0.317423	0.177182	0.071565	-0.00323227	
-0.270708	-0.270708	-0.277429	-0.289777	-0.305739	-0.322706	-0.337924	-0.348997	-0.354364	-0.353668	-0.347933	-0.339518	-0.331893	-0.329293	-0.33633	-0.357573	-0.397015	-0.457312	-0.538771	-0.638289	-0.748718	-0.859196	-0.956725	-1.02874	-1.06566	-1.06206	-1.01565	-0.924788	-0.786951	-0.600181	-0.367334	-0.0996731	0.184016	0.463305	0.722907	0.954991	1.15522	1.31619	1.42415	1.4624	1.4194	1.29622	1.10884	0.884154	0.652217	0.438587	0.259698	0.122004	0.0239877	-0.0406217	
-0.270708	-0.270708	-0.277429	-0.289777	-0.305739	-0.322706	-0.337924	-0.348997	-0.354364	-0.353668	-0.347933	-0.339518	-0.331893	-0.329293	-0.33633	-0.357573	-0.397015	-0.457312	-0.538771	-0.638289	-0.748718	-0.859196	-0.956725	-1.02874	-1.06566	-1.06206	-1.01565	-0.924788	-0.786951	-0.600181	-0.367334	-0.0996731	0.184016	0.463305	0.722907	0.954991	1.15522	1.31619	1.42415	1.4624	1.4194	1.29622	1.10884	0.884154	0.652217	0.438587	0.259698	0.122004	0.0239877	-0.0406217	
