-1.19257	-1.19257	-1.17483	-1.13253	-1.06846	-0.987586	-0.892051	-0.759213	-0.574352	-0.335664	-0.0778622	0.185897	0.422444	0.608877	0.731783	0.789163	0.768699	0.674933	0.500983	0.279442	0.0720009	-0.0606126	-0.085462	-0.0188025	0.103768	0.247275	0.385109	0.480068	0.503662	0.448578	0.317588	0.122169	-0.0922962	-0.285564	-0.431774	-0.51225	-0.515244	-0.438452	-0.277137	-0.0410928	0.241688	0.511098	0.701762	0.776586	0.759113	0.659409	0.490191	0.281799	0.0559042	-0.163424	
-1.19257	-1.19257	-1.17483	-1.13253	-1.06846	-0.987586	-0.892051	-0.759213	-0.574352	-0.335664	-0.0778622	0.185897	0.422444	0.608877	0.731783	0.789163	0.768699	0.674933	0.500983	0.279442	0.0720009	-0.0606126	-0.085462	-0.0188025	0.103768	0.247275	0.385109	0.480068	0.503662	0.448578	0.317588	0.122169	-0.0922962	-0.285564	-0.431774	-0.51225	-0.515244	-0.438452	-0.277137	-0.0410928	0.241688	0.511098	0.701762	0.776586	0.759113	0.659409	0.490191	0.281799	0.0559042	-0.163424	
-1.17483	-1.17483	-1.15342	-1.10414	-1.03436	-0.950562	-0.845783	-0.706999	-0.525334	-0.287074	-0.0259388	0.235811	0.473017	0.658509	0.774255	0.822665	0.795606	0.701921	0.529194	0.308854	0.101375	-0.0368069	-0.0789972	-0.0303174	0.0743552	0.201451	0.321335	0.406824	0.430532	0.376302	0.246146	0.0606383	-0.149096	-0.338231	-0.476246	-0.546379	-0.544688	-0.45983	-0.293219	-0.0509994	0.229786	0.499034	0.692884	0.776638	0.765717	0.672283	0.515144	0.316634	0.0995466	-0.109566	
-1.13253	-1.13253	-1.10414	-1.05335	-0.979422	-0.89218	-0.778725	-0.625333	-0.433472	-0.197471	0.0625456	0.31293	0.545837	0.730362	0.843393	0.878006	0.842672	0.7423	0.576187	0.3581	0.144761	-0.00891783	-0.076209	-0.0654302	0.0112056	0.118867	0.21709	0.282462	0.293524	0.239082	0.114681	-0.0644926	-0.25876	-0.428572	-0.549573	-0.608657	-0.592763	-0.493277	-0.310736	-0.0649483	0.215204	0.478757	0.671556	0.768314	0.772761	0.697346	0.56255	0.384599	0.19044	0.00339684	
-1.06846	-1.06846	-1.03436	-0.979422	-0.900362	-0.810156	-0.695878	-0.535278	-0.334116	-0.0985688	0.154519	0.400053	0.631257	0.806437	0.90682	0.92606	0.873752	0.763246	0.603083	0.392137	0.179866	0.0115539	-0.0890635	-0.119964	-0.0798263	-0.00565013	0.0628621	0.105573	0.100786	0.0428221	-0.0737967	-0.235833	-0.408891	-0.555436	-0.650583	-0.68522	-0.649884	-0.530481	-0.328093	-0.0763918	0.197316	0.449478	0.640182	0.751669	0.779341	0.728873	0.626186	0.485362	0.325267	0.161825	
-0.987586	-0.987586	-0.950562	-0.89218	-0.810156	-0.714848	-0.597494	-0.436532	-0.234161	-0.00408932	0.233411	0.470449	0.694294	0.852969	0.932704	0.935074	0.86326	0.745048	0.58846	0.388642	0.181802	0.00600828	-0.118897	-0.181216	-0.183489	-0.153579	-0.121141	-0.107071	-0.130611	-0.194895	-0.303318	-0.448952	-0.600976	-0.717875	-0.775583	-0.768827	-0.699339	-0.556566	-0.341264	-0.0838714	0.176793	0.416628	0.602221	0.723108	0.778206	0.761941	0.701169	0.607993	0.488369	0.353478	
-0.892051	-0.892051	-0.845783	-0.778725	-0.695878	-0.597494	-0.47732	-0.315905	-0.121054	0.0947014	0.307597	0.518045	0.711863	0.849534	0.9031	0.882188	0.796914	0.676408	0.524908	0.344658	0.153274	-0.0215479	-0.159652	-0.249568	-0.290386	-0.298015	-0.296231	-0.317373	-0.371018	-0.445676	-0.551887	-0.68879	-0.816409	-0.895598	-0.911354	-0.858843	-0.747286	-0.571649	-0.338142	-0.0777846	0.170482	0.387607	0.563963	0.687934	0.760973	0.786287	0.776236	0.73187	0.6583	0.566869	
-0.759213	-0.759213	-0.706999	-0.625333	-0.535278	-0.436532	-0.315905	-0.162409	0.0134172	0.20223	0.382204	0.552585	0.703876	0.803427	0.821834	0.7733	0.676444	0.552343	0.413804	0.261727	0.0947155	-0.0667029	-0.203691	-0.314581	-0.387276	-0.429095	-0.464987	-0.52097	-0.601171	-0.697371	-0.806692	-0.931963	-1.03465	-1.08104	-1.05177	-0.954094	-0.794825	-0.585803	-0.335631	-0.0755174	0.164259	0.360055	0.51801	0.644044	0.738817	0.802247	0.841772	0.848465	0.819057	0.771497	
-0.574352	-0.574352	-0.525334	-0.433472	-0.334116	-0.234161	-0.121054	0.0134172	0.160499	0.316722	0.45603	0.581482	0.675908	0.726868	0.710697	0.635643	0.521983	0.406218	0.279725	0.147535	0.0126392	-0.116984	-0.242717	-0.360439	-0.459922	-0.540001	-0.620428	-0.709164	-0.806907	-0.921145	-1.04202	-1.15596	-1.24665	-1.26772	-1.19484	-1.04626	-0.845164	-0.601834	-0.34577	-0.0949303	0.130667	0.315271	0.463437	0.586844	0.703259	0.805915	0.886708	0.938788	0.956196	0.951972	
-0.335664	-0.335664	-0.287074	-0.197471	-0.0985688	-0.00408932	0.0947014	0.20223	0.316722	0.428949	0.524103	0.597715	0.637279	0.637287	0.585359	0.481663	0.359767	0.252256	0.142826	0.0331065	-0.0689268	-0.169336	-0.279783	-0.397594	-0.512938	-0.623176	-0.7352	-0.85097	-0.971678	-1.09938	-1.22588	-1.34189	-1.41745	-1.41264	-1.31297	-1.1332	-0.898697	-0.63653	-0.375645	-0.135337	0.0730422	0.247454	0.385262	0.503835	0.63849	0.780139	0.895817	0.985317	1.04843	1.08706	
-0.0778622	-0.0778622	-0.0259388	0.0625456	0.154519	0.233411	0.307597	0.382204	0.45603	0.524103	0.572504	0.594454	0.58793	0.53997	0.449955	0.329129	0.209293	0.106179	0.0154487	-0.0656542	-0.132875	-0.210569	-0.306266	-0.416775	-0.543568	-0.681249	-0.814692	-0.946488	-1.08676	-1.22376	-1.35717	-1.47289	-1.53504	-1.5167	-1.40701	-1.21003	-0.957769	-0.689408	-0.427178	-0.19732	-0.00568368	0.153323	0.287498	0.410703	0.555025	0.718461	0.862978	0.98128	1.08028	1.15742	
0.185897	0.185897	0.235811	0.31293	0.400053	0.470449	0.518045	0.552585	0.581482	0.597715	0.594454	0.564625	0.515703	0.427823	0.315773	0.195365	0.0805301	-0.018471	-0.0868064	-0.140396	-0.188357	-0.243342	-0.310039	-0.40748	-0.543493	-0.69843	-0.850726	-0.997039	-1.14207	-1.28325	-1.42093	-1.54014	-1.60334	-1.58071	-1.46517	-1.26265	-1.00428	-0.73769	-0.489753	-0.276356	-0.0987565	0.053339	0.184304	0.318211	0.473907	0.6388	0.799039	0.939255	1.06016	1.16288	
0.422444	0.422444	0.473017	0.545837	0.631257	0.694294	0.711863	0.703876	0.675908	0.637279	0.58793	0.515703	0.423206	0.312392	0.189718	0.0713511	-0.0343959	-0.112635	-0.156625	-0.187583	-0.217322	-0.24926	-0.296118	-0.386141	-0.51641	-0.668428	-0.827603	-0.983567	-1.13149	-1.27872	-1.42604	-1.54827	-1.6174	-1.59872	-1.48537	-1.29283	-1.04857	-0.783779	-0.543732	-0.345388	-0.180249	-0.037502	0.0958861	0.234903	0.387965	0.547597	0.712545	0.866936	1.00515	1.11748	
0.608877	0.608877	0.658509	0.730362	0.806437	0.852969	0.849534	0.803427	0.726868	0.637287	0.53997	0.427823	0.312392	0.194747	0.0734637	-0.0375519	-0.124034	-0.174794	-0.194835	-0.204811	-0.216068	-0.230404	-0.266271	-0.340613	-0.452355	-0.596333	-0.756808	-0.916917	-1.07506	-1.2381	-1.39596	-1.52609	-1.59549	-1.58555	-1.48384	-1.30694	-1.07912	-0.831229	-0.602328	-0.41224	-0.255082	-0.117733	0.0129603	0.153484	0.300109	0.45204	0.611933	0.766926	0.906168	1.01827	
0.731783	0.731783	0.774255	0.843393	0.90682	0.932704	0.9031	0.821834	0.710697	0.585359	0.449955	0.315773	0.189718	0.0734637	-0.0329868	-0.123183	-0.182173	-0.201567	-0.20242	-0.194041	-0.180782	-0.17643	-0.202016	-0.258814	-0.357187	-0.496111	-0.656981	-0.821574	-0.991037	-1.16535	-1.33538	-1.47586	-1.55364	-1.55214	-1.46427	-1.29975	-1.08557	-0.857203	-0.644832	-0.466862	-0.322199	-0.188606	-0.0561268	0.0734872	0.203433	0.341681	0.486978	0.629491	0.760323	0.870872	
0.789163	0.789163	0.822665	0.878006	0.92606	0.935074	0.882188	0.7733	0.635643	0.481663	0.329129	0.195365	0.0713511	-0.0375519	-0.123183	-0.180304	-0.207327	-0.200144	-0.173401	-0.136414	-0.106615	-0.0947411	-0.113371	-0.160555	-0.247939	-0.379799	-0.536981	-0.708801	-0.893456	-1.08157	-1.25848	-1.40441	-1.48632	-1.4875	-1.41027	-1.25876	-1.06003	-0.850218	-0.651846	-0.480363	-0.342184	-0.22149	-0.108218	-0.00175404	0.103171	0.216448	0.340589	0.470521	0.588301	0.687279	
0.768699	0.768699	0.795606	0.842672	0.873752	0.86326	0.796914	0.676444	0.521983	0.359767	0.209293	0.0805301	-0.0343959	-0.124034	-0.182173	-0.207327	-0.199489	-0.159619	-0.0991913	-0.0449803	-0.0137284	0.000354667	-0.0109337	-0.0576828	-0.143564	-0.265168	-0.417193	-0.594494	-0.793159	-0.99508	-1.17675	-1.31492	-1.39315	-1.39737	-1.32289	-1.18255	-0.998088	-0.800417	-0.613463	-0.44868	-0.305371	-0.193877	-0.108543	-0.0369705	0.0293583	0.111679	0.209302	0.318293	0.421899	0.503292	
0.674933	0.674933	0.701921	0.7423	0.763246	0.745048	0.676408	0.552343	0.406218	0.252256	0.106179	-0.018471	-0.112635	-0.174794	-0.201567	-0.200144	-0.159619	-0.0918795	-0.0177314	0.0395669	0.0705368	0.0836495	0.0744334	0.0253768	-0.057413	-0.163096	-0.308187	-0.489406	-0.688391	-0.889508	-1.06557	-1.19421	-1.27003	-1.27311	-1.19837	-1.06553	-0.898225	-0.71283	-0.531371	-0.363759	-0.217072	-0.110485	-0.0477437	-0.00894074	0.0195105	0.0619833	0.122468	0.19794	0.273878	0.336177	
0.500983	0.500983	0.529194	0.576187	0.603083	0.58846	0.524908	0.413804	0.279725	0.142826	0.0154487	-0.0868064	-0.156625	-0.194835	-0.20242	-0.173401	-0.0991913	-0.0177314	0.0497191	0.0978433	0.124363	0.12678	0.113952	0.0729472	0.0101695	-0.0740101	-0.197022	-0.363064	-0.552497	-0.744373	-0.91152	-1.03116	-1.10132	-1.10516	-1.03773	-0.917984	-0.765942	-0.596819	-0.41757	-0.241344	-0.0907328	0.0117917	0.0661134	0.07625	0.0678248	0.0673323	0.0887158	0.12787	0.167819	0.193786	
0.279442	0.279442	0.308854	0.3581	0.392137	0.388642	0.344658	0.261727	0.147535	0.0331065	-0.0656542	-0.140396	-0.187583	-0.204811	-0.194041	-0.136414	-0.0449803	0.0395669	0.0978433	0.128945	0.133529	0.119094	0.102753	0.0869296	0.0582662	0.00622673	-0.0761625	-0.210794	-0.380366	-0.550178	-0.702493	-0.817458	-0.882363	-0.889804	-0.840144	-0.743986	-0.614516	-0.464253	-0.294291	-0.110131	0.05152	0.160307	0.207879	0.198994	0.161159	0.122953	0.104195	0.100669	0.0933355	0.0718627	
0.0720009	0.0720009	0.101375	0.144761	0.179866	0.181802	0.153274	0.0947155	0.0126392	-0.0689268	-0.132875	-0.188357	-0.217322	-0.216068	-0.180782	-0.106615	-0.0137284	0.0705368	0.124363	0.133529	0.110718	0.0854963	0.0677667	0.075182	0.0832962	0.0775493	0.0414338	-0.0436498	-0.174054	-0.313728	-0.445368	-0.553483	-0.621255	-0.642425	-0.617973	-0.551989	-0.453111	-0.322873	-0.158167	0.0277169	0.19291	0.314405	0.359831	0.342117	0.287154	0.222046	0.155919	0.10043	0.0431739	-0.0240459	
-0.0606126	-0.0606126	-0.0368069	-0.00891783	0.0115539	0.00600828	-0.0215479	-0.0667029	-0.116984	-0.169336	-0.210569	-0.243342	-0.24926	-0.230404	-0.17643	-0.0947411	0.000354667	0.0836495	0.12678	0.119094	0.0854963	0.0538082	0.0395291	0.0655048	0.113245	0.156348	0.165571	0.13168	0.049872	-0.0559176	-0.167531	-0.267758	-0.344329	-0.384918	-0.390836	-0.356631	-0.288475	-0.17847	-0.0168426	0.168942	0.336585	0.461108	0.510408	0.495864	0.433371	0.344437	0.236278	0.131792	0.0219474	-0.0929211	
-0.085462	-0.085462	-0.0789972	-0.076209	-0.0890635	-0.118897	-0.159652	-0.203691	-0.242717	-0.279783	-0.306266	-0.310039	-0.296118	-0.266271	-0.202016	-0.113371	-0.0109337	0.0744334	0.113952	0.102753	0.0677667	0.0395291	0.0433399	0.0911458	0.172003	0.255955	0.305797	0.312546	0.272295	0.198553	0.102001	0.00267934	-0.0817194	-0.14391	-0.179138	-0.178793	-0.130812	-0.0322904	0.117814	0.297978	0.475103	0.603475	0.659256	0.646407	0.572781	0.460902	0.322823	0.174088	0.0167254	-0.148428	
-0.0188025	-0.0188025	-0.0303174	-0.0654302	-0.119964	-0.181216	-0.249568	-0.314581	-0.360439	-0.397594	-0.416775	-0.40748	-0.386141	-0.340613	-0.258814	-0.160555	-0.0576828	0.0253768	0.0729472	0.0869296	0.075182	0.0655048	0.0911458	0.162742	0.277829	0.393445	0.470677	0.49914	0.489549	0.436748	0.345539	0.244086	0.148126	0.0695674	0.0137615	-0.0152143	0.00985138	0.102157	0.247731	0.423792	0.597788	0.720604	0.780639	0.7686	0.687086	0.55426	0.384361	0.190745	-0.00877819	-0.211069	
0.103768	0.103768	0.0743552	0.0112056	-0.0798263	-0.183489	-0.290386	-0.387276	-0.459922	-0.512938	-0.543568	-0.543493	-0.51641	-0.452355	-0.357187	-0.247939	-0.143564	-0.057413	0.0101695	0.0582662	0.0832962	0.113245	0.172003	0.277829	0.418409	0.548077	0.64355	0.695013	0.700126	0.648395	0.553945	0.450008	0.344897	0.248394	0.172075	0.127796	0.141947	0.223888	0.358988	0.52092	0.672865	0.789603	0.847349	0.830463	0.737706	0.58879	0.395	0.166937	-0.0660702	-0.289858	
0.247275	0.247275	0.201451	0.118867	-0.00565013	-0.153579	-0.298015	-0.429095	-0.540001	-0.623176	-0.681249	-0.69843	-0.668428	-0.596333	-0.496111	-0.379799	-0.265168	-0.163096	-0.0740101	0.00622673	0.0775493	0.156348	0.255955	0.393445	0.548077	0.695431	0.807337	0.872251	0.884203	0.839325	0.737925	0.614666	0.488933	0.377537	0.284397	0.228464	0.236974	0.307877	0.42273	0.556716	0.680717	0.785979	0.836925	0.812219	0.707015	0.549146	0.346341	0.104167	-0.146871	-0.373264	
0.385109	0.385109	0.321335	0.21709	0.0628621	-0.121141	-0.296231	-0.464987	-0.620428	-0.7352	-0.814692	-0.850726	-0.827603	-0.756808	-0.656981	-0.536981	-0.417193	-0.308187	-0.197022	-0.0761625	0.0414338	0.165571	0.305797	0.470677	0.64355	0.807337	0.936016	1.01827	1.03748	0.993005	0.883298	0.738294	0.590346	0.456702	0.343834	0.280129	0.276689	0.328801	0.416805	0.521101	0.622833	0.704753	0.738672	0.712858	0.615809	0.46193	0.254424	0.0131019	-0.235239	-0.446849	
0.480068	0.480068	0.406824	0.282462	0.105573	-0.107071	-0.317373	-0.52097	-0.709164	-0.85097	-0.946488	-0.997039	-0.983567	-0.916917	-0.821574	-0.708801	-0.594494	-0.489406	-0.363064	-0.210794	-0.0436498	0.13168	0.312546	0.49914	0.695013	0.872251	1.01827	1.11888	1.14917	1.10582	0.988496	0.82461	0.652886	0.492281	0.361128	0.288068	0.27452	0.305609	0.368846	0.439733	0.513878	0.56789	0.591911	0.568756	0.489992	0.348506	0.143906	-0.0872634	-0.318409	-0.508422	
0.503662	0.503662	0.430532	0.293524	0.100786	-0.130611	-0.371018	-0.601171	-0.806907	-0.971678	-1.08676	-1.14207	-1.13149	-1.07506	-0.991037	-0.893456	-0.793159	-0.688391	-0.552497	-0.380366	-0.174054	0.049872	0.272295	0.489549	0.700126	0.884203	1.03748	1.14917	1.19634	1.16488	1.04584	0.868764	0.670913	0.486817	0.348408	0.273961	0.253619	0.265389	0.300742	0.346338	0.39111	0.422617	0.436141	0.416161	0.348832	0.217052	0.0249353	-0.18696	-0.394169	-0.566413	
0.448578	0.448578	0.376302	0.239082	0.0428221	-0.194895	-0.445676	-0.697371	-0.921145	-1.09938	-1.22376	-1.28325	-1.27872	-1.2381	-1.16535	-1.08157	-0.99508	-0.889508	-0.744373	-0.550178	-0.313728	-0.0559176	0.198553	0.436748	0.648395	0.839325	0.993005	1.10582	1.16488	1.14241	1.02982	0.857058	0.648391	0.456981	0.317819	0.239158	0.215276	0.21865	0.23384	0.262373	0.281598	0.291081	0.283741	0.261899	0.201864	0.0778707	-0.101395	-0.29	-0.467691	-0.61452	
0.317588	0.317588	0.246146	0.114681	-0.0737967	-0.303318	-0.551887	-0.806692	-1.04202	-1.22588	-1.35717	-1.42093	-1.42604	-1.39596	-1.33538	-1.25848	-1.17675	-1.06557	-0.91152	-0.702493	-0.445368	-0.167531	0.102001	0.345539	0.553945	0.737925	0.883298	0.988496	1.04584	1.02982	0.930996	0.773446	0.576357	0.394792	0.263063	0.189785	0.168502	0.170523	0.176132	0.186209	0.182316	0.169446	0.141118	0.105739	0.0404475	-0.0781302	-0.23895	-0.407104	-0.553961	-0.668162	
0.122169	0.122169	0.0606383	-0.0644926	-0.235833	-0.448952	-0.68879	-0.931963	-1.15596	-1.34189	-1.47289	-1.54014	-1.54827	-1.52609	-1.47586	-1.40441	-1.31492	-1.19421	-1.03116	-0.817458	-0.553483	-0.267758	0.00267934	0.244086	0.450008	0.614666	0.738294	0.82461	0.868764	0.857058	0.773446	0.62977	0.459305	0.304212	0.197352	0.147281	0.137118	0.137899	0.135735	0.124951	0.0997806	0.0660916	0.0205795	-0.0396311	-0.118258	-0.230588	-0.373574	-0.519184	-0.642008	-0.722958	
-0.0922962	-0.0922962	-0.149096	-0.25876	-0.408891	-0.600976	-0.816409	-1.03465	-1.24665	-1.41745	-1.53504	-1.60334	-1.6174	-1.59549	-1.55364	-1.48632	-1.39315	-1.27003	-1.10132	-0.882363	-0.621255	-0.344329	-0.0817194	0.148126	0.344897	0.488933	0.590346	0.652886	0.670913	0.648391	0.576357	0.459305	0.332526	0.220779	0.148887	0.126381	0.13126	0.136951	0.13458	0.107939	0.0648709	0.0051539	-0.0628337	-0.143055	-0.231458	-0.341899	-0.475113	-0.605844	-0.710279	-0.763277	
-0.285564	-0.285564	-0.338231	-0.428572	-0.555436	-0.717875	-0.895598	-1.08104	-1.26772	-1.41264	-1.5167	-1.58071	-1.59872	-1.58555	-1.55214	-1.4875	-1.39737	-1.27311	-1.10516	-0.889804	-0.642425	-0.384918	-0.14391	0.0695674	0.248394	0.377537	0.456702	0.492281	0.486817	0.456981	0.394792	0.304212	0.220779	0.16182	0.132484	0.136383	0.154778	0.172583	0.176402	0.145247	0.0846579	0.00659486	-0.0819362	-0.17448	-0.2738	-0.387262	-0.511613	-0.629491	-0.720177	-0.761087	
-0.431774	-0.431774	-0.476246	-0.549573	-0.650583	-0.775583	-0.911354	-1.05177	-1.19484	-1.31297	-1.40701	-1.46517	-1.48537	-1.48384	-1.46427	-1.41027	-1.32289	-1.19837	-1.03773	-0.840144	-0.617973	-0.390836	-0.179138	0.0137615	0.172075	0.284397	0.343834	0.361128	0.348408	0.317819	0.263063	0.197352	0.148887	0.132484	0.139134	0.161369	0.193113	0.222009	0.235388	0.212575	0.147217	0.0640997	-0.0323099	-0.1392	-0.254152	-0.368979	-0.477372	-0.58137	-0.662592	-0.708118	
-0.51225	-0.51225	-0.546379	-0.608657	-0.68522	-0.768827	-0.858843	-0.954094	-1.04626	-1.1332	-1.21003	-1.26265	-1.29283	-1.30694	-1.29975	-1.25876	-1.18255	-1.06553	-0.917984	-0.743986	-0.551989	-0.356631	-0.178793	-0.0152143	0.127796	0.228464	0.280129	0.288068	0.273961	0.239158	0.189785	0.147281	0.126381	0.136383	0.161369	0.187716	0.222012	0.26325	0.289779	0.282798	0.22925	0.152013	0.0531743	-0.0660972	-0.188902	-0.300448	-0.398471	-0.489443	-0.562081	-0.606593	
-0.515244	-0.515244	-0.544688	-0.592763	-0.649884	-0.699339	-0.747286	-0.794825	-0.845164	-0.898697	-0.957769	-1.00428	-1.04857	-1.07912	-1.08557	-1.06003	-0.998088	-0.898225	-0.765942	-0.614516	-0.453111	-0.288475	-0.130812	0.00985138	0.141947	0.236974	0.276689	0.27452	0.253619	0.215276	0.168502	0.137118	0.13126	0.154778	0.193113	0.222012	0.253485	0.293817	0.326927	0.335452	0.313156	0.248701	0.151427	0.0285237	-0.0955699	-0.205245	-0.300885	-0.386053	-0.447657	-0.485335	
-0.438452	-0.438452	-0.45983	-0.493277	-0.530481	-0.556566	-0.571649	-0.585803	-0.601834	-0.63653	-0.689408	-0.73769	-0.783779	-0.831229	-0.857203	-0.850218	-0.800417	-0.71283	-0.596819	-0.464253	-0.322873	-0.17847	-0.0322904	0.102157	0.223888	0.307877	0.328801	0.305609	0.265389	0.21865	0.170523	0.137899	0.136951	0.172583	0.222009	0.26325	0.293817	0.324701	0.354517	0.380065	0.388663	0.344722	0.254548	0.135684	0.0125036	-0.0978429	-0.195627	-0.274449	-0.335715	-0.366994	
-0.277137	-0.277137	-0.293219	-0.310736	-0.328093	-0.341264	-0.338142	-0.335631	-0.34577	-0.375645	-0.427178	-0.489753	-0.543732	-0.602328	-0.644832	-0.651846	-0.613463	-0.531371	-0.41757	-0.294291	-0.158167	-0.0168426	0.117814	0.247731	0.358988	0.42273	0.416805	0.368846	0.300742	0.23384	0.176132	0.135735	0.13458	0.176402	0.235388	0.289779	0.326927	0.354517	0.39437	0.436892	0.458723	0.436794	0.359277	0.24809	0.130355	0.0198913	-0.0843986	-0.164678	-0.220921	-0.24296	
-0.0410928	-0.0410928	-0.0509994	-0.0649483	-0.0763918	-0.0838714	-0.0777846	-0.0755174	-0.0949303	-0.135337	-0.19732	-0.276356	-0.345388	-0.41224	-0.466862	-0.480363	-0.44868	-0.363759	-0.241344	-0.110131	0.0277169	0.168942	0.297978	0.423792	0.52092	0.556716	0.521101	0.439733	0.346338	0.262373	0.186209	0.124951	0.107939	0.145247	0.212575	0.282798	0.335452	0.380065	0.436892	0.497479	0.532502	0.526087	0.457193	0.353426	0.244362	0.134458	0.0284894	-0.0519618	-0.101162	-0.115908	
0.241688	0.241688	0.229786	0.215204	0.197316	0.176793	0.170482	0.164259	0.130667	0.0730422	-0.00568368	-0.0987565	-0.180249	-0.255082	-0.322199	-0.342184	-0.305371	-0.217072	-0.0907328	0.05152	0.19291	0.336585	0.475103	0.597788	0.672865	0.680717	0.622833	0.513878	0.39111	0.281598	0.182316	0.0997806	0.0648709	0.0846579	0.147217	0.22925	0.313156	0.388663	0.458723	0.532502	0.584031	0.591803	0.537546	0.439928	0.333326	0.230376	0.137745	0.0657549	0.0200436	0.00578917	
0.511098	0.511098	0.499034	0.478757	0.449478	0.416628	0.387607	0.360055	0.315271	0.247454	0.153323	0.053339	-0.037502	-0.117733	-0.188606	-0.22149	-0.193877	-0.110485	0.0117917	0.160307	0.314405	0.461108	0.603475	0.720604	0.789603	0.785979	0.704753	0.56789	0.422617	0.291081	0.169446	0.0660916	0.0051539	0.00659486	0.0640997	0.152013	0.248701	0.344722	0.436794	0.526087	0.591803	0.60991	0.571977	0.488191	0.395122	0.309205	0.237146	0.174379	0.135324	0.125454	
0.701762	0.701762	0.692884	0.671556	0.640182	0.602221	0.563963	0.51801	0.463437	0.385262	0.287498	0.184304	0.0958861	0.0129603	-0.0561268	-0.108218	-0.108543	-0.0477437	0.0661134	0.207879	0.359831	0.510408	0.659256	0.780639	0.847349	0.836925	0.738672	0.591911	0.436141	0.283741	0.141118	0.0205795	-0.0628337	-0.0819362	-0.0323099	0.0531743	0.151427	0.254548	0.359277	0.457193	0.537546	0.571977	0.54899	0.492046	0.430727	0.376815	0.32534	0.278355	0.251636	0.245964	
0.776586	0.776586	0.776638	0.768314	0.751669	0.723108	0.687934	0.644044	0.586844	0.503835	0.410703	0.318211	0.234903	0.153484	0.0734872	-0.00175404	-0.0369705	-0.00894074	0.07625	0.198994	0.342117	0.495864	0.646407	0.7686	0.830463	0.812219	0.712858	0.568756	0.416161	0.261899	0.105739	-0.0396311	-0.143055	-0.17448	-0.1392	-0.0660972	0.0285237	0.135684	0.24809	0.353426	0.439928	0.488191	0.492046	0.476337	0.45268	0.433189	0.412941	0.393749	0.380126	0.372749	
0.759113	0.759113	0.765717	0.772761	0.779341	0.778206	0.760973	0.738817	0.703259	0.63849	0.555025	0.473907	0.387965	0.300109	0.203433	0.103171	0.0293583	0.0195105	0.0678248	0.161159	0.287154	0.433371	0.572781	0.687086	0.737706	0.707015	0.615809	0.489992	0.348832	0.201864	0.0404475	-0.118258	-0.231458	-0.2738	-0.254152	-0.188902	-0.0955699	0.0125036	0.130355	0.244362	0.333326	0.395122	0.430727	0.45268	0.471128	0.489758	0.503149	0.514586	0.516692	0.505978	
0.659409	0.659409	0.672283	0.697346	0.728873	0.761941	0.786287	0.802247	0.805915	0.780139	0.718461	0.6388	0.547597	0.45204	0.341681	0.216448	0.111679	0.0619833	0.0673323	0.122953	0.222046	0.344437	0.460902	0.55426	0.58879	0.549146	0.46193	0.348506	0.217052	0.0778707	-0.0781302	-0.230588	-0.341899	-0.387262	-0.368979	-0.300448	-0.205245	-0.0978429	0.0198913	0.134458	0.230376	0.309205	0.376815	0.433189	0.489758	0.548048	0.595662	0.632438	0.647388	0.643087	
0.490191	0.490191	0.515144	0.56255	0.626186	0.701169	0.776236	0.841772	0.886708	0.895817	0.862978	0.799039	0.712545	0.611933	0.486978	0.340589	0.209302	0.122468	0.0887158	0.104195	0.155919	0.236278	0.322823	0.384361	0.395	0.346341	0.254424	0.143906	0.0249353	-0.101395	-0.23895	-0.373574	-0.475113	-0.511613	-0.477372	-0.398471	-0.300885	-0.195627	-0.0843986	0.0284894	0.137745	0.237146	0.32534	0.412941	0.503149	0.595662	0.673198	0.728399	0.754664	0.755718	
0.281799	0.281799	0.316634	0.384599	0.485362	0.607993	0.73187	0.848465	0.938788	0.985317	0.98128	0.939255	0.866936	0.766926	0.629491	0.470521	0.318293	0.19794	0.12787	0.100669	0.10043	0.131792	0.174088	0.190745	0.166937	0.104167	0.0131019	-0.0872634	-0.18696	-0.29	-0.407104	-0.519184	-0.605844	-0.629491	-0.58137	-0.489443	-0.386053	-0.274449	-0.164678	-0.0519618	0.0657549	0.174379	0.278355	0.393749	0.514586	0.632438	0.728399	0.79275	0.829385	0.84251	
0.0559042	0.0559042	0.0995466	0.19044	0.325267	0.488369	0.6583	0.819057	0.956196	1.04843	1.08028	1.06016	1.00515	0.906168	0.760323	0.588301	0.421899	0.273878	0.167819	0.0933355	0.0431739	0.0219474	0.0167254	-0.00877819	-0.0660702	-0.146871	-0.235239	-0.318409	-0.394169	-0.467691	-0.553961	-0.642008	-0.710279	-0.720177	-0.662592	-0.562081	-0.447657	-0.335715	-0.220921	-0.101162	0.0200436	0.135324	0.251636	0.380126	0.516692	0.647388	0.754664	0.829385	0.878348	0.909574	
-0.163424	-0.163424	-0.109566	0.00339684	0.161825	0.353478	0.566869	0.771497	0.951972	1.08706	1.15742	1.16288	1.11748	1.01827	0.870872	0.687279	0.503292	0.336177	0.193786	0.0718627	-0.0240459	-0.0929211	-0.148428	-0.211069	-0.289858	-0.373264	-0.446849	-0.508422	-0.566413	-0.61452	-0.668162	-0.722958	-0.763277	-0.761087	-0.708118	-0.606593	-0.485335	-0.366994	-0.24296	-0.115908	0.00578917	0.125454	0.245964	0.372749	0.505978	0.643087	0.755718	0.84251	0.909574	0.956094	
