-0.142786	-0.144655	-0.156114	-0.165301	-0.171733	-0.179668	-0.169643	-0.171486	-0.188103	-0.209568	-0.228926	-0.220778	-0.212391	-0.233938	-0.273925	-0.317947	-0.33545	-0.317618	-0.307242	-0.335384	-0.416523	-0.568277	-0.768287	-0.963186	-1.12129	-1.21521	-1.2004	-1.05775	-0.808907	-0.47256	-0.0538014	0.416671	0.875712	1.27094	1.58536	1.81224	1.92589	1.89207	1.70334	1.39794	1.04506	0.713163	0.4459	0.256548	0.13644	0.0674071	0.0312115	0.0140484	0.00741476	0.00741476	
-0.142786	-0.144655	-0.156114	-0.165301	-0.171733	-0.179668	-0.169643	-0.171486	-0.188103	-0.209568	-0.228926	-0.220778	-0.212391	-0.233938	-0.273925	-0.317947	-0.33545	-0.317618	-0.307242	-0.335384	-0.416523	-0.568277	-0.768287	-0.963186	-1.12129	-1.21521	-1.2004	-1.05775	-0.808907	-0.47256	-0.0538014	0.416671	0.875712	1.27094	1.58536	1.81224	1.92589	1.89207	1.70334	1.39794	1.04506	0.713163	0.4459	0.256548	0.13644	0.0674071	0.0312115	0.0140484	0.00741476	0.00741476	
-0.152921	-0.159403	-0.158268	-0.156114	-0.156172	-0.162699	-0.182404	-0.192318	-0.195732	-0.204912	-0.209897	-0.215747	-0.231727	-0.252069	-0.275439	-0.301545	-0.317656	-0.320104	-0.328183	-0.36557	-0.450928	-0.592474	-0.771247	-0.94936	-1.09374	-1.17269	-1.15142	-1.01416	-0.771899	-0.440047	-0.032066	0.420154	0.863635	1.25195	1.56272	1.78263	1.88804	1.85226	1.67185	1.38179	1.04436	0.722777	0.45937	0.269108	0.145896	0.0735427	0.0347801	0.0160226	0.00865629	0.00865629	
-0.151768	-0.153754	-0.15242	-0.155843	-0.159631	-0.16687	-0.190845	-0.203468	-0.199765	-0.188634	-0.193373	-0.229931	-0.258163	-0.266142	-0.274302	-0.280601	-0.295237	-0.327385	-0.366594	-0.423068	-0.513949	-0.634183	-0.774889	-0.921367	-1.03812	-1.08964	-1.05716	-0.928749	-0.698515	-0.377502	0.00813257	0.426113	0.840595	1.21458	1.51654	1.72268	1.81346	1.77535	1.61157	1.35091	1.04296	0.741167	0.485344	0.293528	0.164448	0.0856981	0.0419251	0.0200227	0.0112003	0.0112003	
-0.144151	-0.147439	-0.154409	-0.169524	-0.178699	-0.178508	-0.181016	-0.190186	-0.199108	-0.195635	-0.203441	-0.239138	-0.268337	-0.277724	-0.272652	-0.261655	-0.283907	-0.347384	-0.419817	-0.499915	-0.592613	-0.682717	-0.776126	-0.878005	-0.953519	-0.970081	-0.924202	-0.804855	-0.59073	-0.289888	0.0611227	0.432937	0.808333	1.15954	1.44527	1.6315	1.70462	1.6665	1.52747	1.30788	1.04079	0.76675	0.522005	0.328486	0.191405	0.103642	0.0526534	0.0261432	0.0151614	0.0151614	
-0.147097	-0.155214	-0.160279	-0.169711	-0.186852	-0.187027	-0.176772	-0.178866	-0.193803	-0.215172	-0.230863	-0.245107	-0.266351	-0.276918	-0.265385	-0.260274	-0.300676	-0.384858	-0.484314	-0.584395	-0.669903	-0.726477	-0.770759	-0.816646	-0.839953	-0.820127	-0.760406	-0.647271	-0.452978	-0.184421	0.120314	0.438928	0.768352	1.08703	1.34717	1.50896	1.56567	1.53282	1.42607	1.25597	1.03767	0.797385	0.566895	0.372167	0.225794	0.127029	0.0669554	0.0345052	0.0206948	0.0206948	
-0.160301	-0.170933	-0.174328	-0.165186	-0.171213	-0.18218	-0.18221	-0.186153	-0.204338	-0.233779	-0.249432	-0.251523	-0.257573	-0.259376	-0.264772	-0.292787	-0.347798	-0.438466	-0.55623	-0.663029	-0.730066	-0.755055	-0.751792	-0.733699	-0.700333	-0.647319	-0.573151	-0.462462	-0.293071	-0.069758	0.179775	0.44249	0.720906	0.996317	1.22118	1.35677	1.40259	1.38267	1.31446	1.19858	1.03328	0.83061	0.61719	0.422438	0.266424	0.1554	0.0847844	0.0452352	0.0279776	0.0279776	
-0.163063	-0.16743	-0.177595	-0.172297	-0.162967	-0.173944	-0.193194	-0.207542	-0.225592	-0.249903	-0.255612	-0.242977	-0.239237	-0.254231	-0.294585	-0.35178	-0.415237	-0.508796	-0.627957	-0.720576	-0.762967	-0.759801	-0.70944	-0.626843	-0.541034	-0.458938	-0.368724	-0.259396	-0.122061	0.0454967	0.235234	0.441715	0.664262	0.885915	1.06792	1.17926	1.22308	1.22473	1.19936	1.13873	1.02714	0.86391	0.669984	0.477032	0.311968	0.188194	0.106038	0.0584413	0.0371879	0.0371879	
-0.162504	-0.151851	-0.159141	-0.17174	-0.178582	-0.193317	-0.216404	-0.234543	-0.236876	-0.239652	-0.243978	-0.236534	-0.242067	-0.281706	-0.347191	-0.423269	-0.501375	-0.59047	-0.683284	-0.746319	-0.76465	-0.73168	-0.634638	-0.497921	-0.369742	-0.260264	-0.153631	-0.0501952	0.0474984	0.154443	0.28391	0.433525	0.594738	0.754614	0.890675	0.983527	1.03588	1.06702	1.08631	1.07872	1.01864	0.894963	0.722547	0.533726	0.361032	0.224756	0.130542	0.0741907	0.048483	0.048483	
-0.162305	-0.162157	-0.167713	-0.187396	-0.203634	-0.219532	-0.230309	-0.236775	-0.231968	-0.224836	-0.235068	-0.25031	-0.27812	-0.335778	-0.415494	-0.508625	-0.595763	-0.660367	-0.709646	-0.740322	-0.730931	-0.661138	-0.524934	-0.352835	-0.191768	-0.0551504	0.0629097	0.150857	0.204481	0.252602	0.323146	0.413064	0.507837	0.602961	0.695914	0.778936	0.849806	0.916112	0.979265	1.02001	1.0072	0.92185	0.772535	0.590478	0.412231	0.264358	0.158039	0.0924914	0.0619789	0.0619789	
-0.168442	-0.186996	-0.195953	-0.212928	-0.221907	-0.224404	-0.22667	-0.226467	-0.222802	-0.223352	-0.249906	-0.29147	-0.34008	-0.411294	-0.502546	-0.598875	-0.670598	-0.699038	-0.707332	-0.702243	-0.653553	-0.545856	-0.386841	-0.196637	-0.00876087	0.150395	0.267963	0.330576	0.3416	0.336873	0.348694	0.374206	0.40033	0.434625	0.492923	0.575784	0.672642	0.776546	0.880408	0.963271	0.99231	0.943177	0.818109	0.645531	0.46425	0.306222	0.188191	0.113278	0.077733	0.077733	
-0.191205	-0.205982	-0.212883	-0.220733	-0.223192	-0.21677	-0.214401	-0.221004	-0.233121	-0.247051	-0.288157	-0.35764	-0.430687	-0.50838	-0.590402	-0.66411	-0.708353	-0.706822	-0.675295	-0.62222	-0.529603	-0.39611	-0.229347	-0.0297439	0.177022	0.345071	0.447738	0.48064	0.455291	0.403206	0.354126	0.311527	0.272514	0.256852	0.292558	0.383718	0.510198	0.650718	0.790418	0.908613	0.9737	0.958133	0.857992	0.697471	0.515892	0.349546	0.220583	0.136407	0.0957319	0.0957319	
-0.210558	-0.216329	-0.212367	-0.212516	-0.21588	-0.212812	-0.213852	-0.227998	-0.262123	-0.305832	-0.366532	-0.449871	-0.530813	-0.599492	-0.65451	-0.693483	-0.709635	-0.67932	-0.601065	-0.496184	-0.370889	-0.225615	-0.0558057	0.147545	0.356638	0.514418	0.592962	0.598527	0.542817	0.444951	0.33245	0.223096	0.129502	0.0796153	0.105375	0.210256	0.365847	0.53912	0.708873	0.855814	0.951354	0.966453	0.891446	0.745249	0.566115	0.393536	0.254737	0.161652	0.115884	0.115884	
-0.208938	-0.214577	-0.209052	-0.199451	-0.205822	-0.217217	-0.237544	-0.274918	-0.332787	-0.396826	-0.46589	-0.54703	-0.61586	-0.660723	-0.685407	-0.689751	-0.669831	-0.601145	-0.478847	-0.337196	-0.193536	-0.0399473	0.132394	0.326459	0.515142	0.647819	0.701606	0.684134	0.59906	0.453902	0.279507	0.11259	-0.0192515	-0.0863699	-0.0602436	0.0599055	0.240588	0.440868	0.634749	0.804579	0.925534	0.968347	0.918217	0.788166	0.614053	0.437435	0.290133	0.188716	0.138017	0.138017	
-0.193918	-0.192775	-0.200942	-0.206651	-0.226644	-0.258997	-0.302353	-0.35807	-0.430441	-0.502601	-0.561002	-0.621419	-0.670907	-0.689999	-0.679405	-0.640543	-0.575754	-0.471382	-0.32275	-0.160882	-0.00285201	0.159067	0.324531	0.489488	0.640277	0.74327	0.775506	0.734874	0.616407	0.424161	0.197223	-0.0106486	-0.162159	-0.231989	-0.199329	-0.0659613	0.13355	0.354321	0.566852	0.754691	0.89674	0.96438	0.938441	0.825842	0.65903	0.480547	0.326226	0.217239	0.161884	0.161884	
-0.194643	-0.200698	-0.220297	-0.245351	-0.288748	-0.342632	-0.400642	-0.461931	-0.527994	-0.591224	-0.63488	-0.669401	-0.689385	-0.674187	-0.621458	-0.536231	-0.432188	-0.307017	-0.147306	0.0290928	0.199768	0.359542	0.499934	0.621225	0.729375	0.804047	0.813918	0.744263	0.588724	0.356493	0.0945067	-0.133918	-0.288518	-0.351523	-0.310618	-0.168545	0.0427116	0.277632	0.504121	0.706097	0.865645	0.955357	0.95255	0.858174	0.700557	0.522257	0.362472	0.246808	0.187168	0.187168	
-0.218935	-0.247443	-0.290349	-0.331377	-0.381173	-0.442717	-0.502842	-0.556994	-0.610886	-0.658943	-0.677663	-0.674912	-0.65424	-0.598174	-0.506675	-0.388204	-0.258977	-0.120848	0.0461455	0.231028	0.400605	0.539036	0.641136	0.71743	0.786007	0.830613	0.810881	0.706084	0.51673	0.260071	-0.0149738	-0.244778	-0.391042	-0.443308	-0.395941	-0.25069	-0.0343881	0.209137	0.445781	0.658911	0.833013	0.942211	0.961176	0.885283	0.738323	0.562046	0.398341	0.276981	0.213496	0.213496	
-0.291631	-0.327562	-0.37988	-0.432562	-0.486224	-0.543036	-0.596637	-0.638043	-0.664817	-0.681403	-0.666453	-0.620901	-0.558287	-0.468715	-0.351196	-0.212041	-0.0644305	0.0850989	0.252655	0.428555	0.576151	0.680206	0.74381	0.781086	0.810418	0.816941	0.759713	0.620949	0.410599	0.150241	-0.117018	-0.334307	-0.466997	-0.509207	-0.459086	-0.315917	-0.100125	0.147538	0.391369	0.613379	0.799632	0.925917	0.965072	0.907463	0.772178	0.599495	0.43334	0.307295	0.240454	0.240454	
-0.390702	-0.433797	-0.48781	-0.538962	-0.584296	-0.629048	-0.660292	-0.673231	-0.666691	-0.644435	-0.590776	-0.507478	-0.413858	-0.302639	-0.167728	-0.0122772	0.149553	0.300992	0.451018	0.597153	0.710687	0.780489	0.811237	0.811302	0.795315	0.755625	0.660814	0.499807	0.287686	0.0435655	-0.200927	-0.398696	-0.517807	-0.553365	-0.504594	-0.367685	-0.156498	0.0919426	0.340687	0.569829	0.766259	0.907429	0.965049	0.925134	0.80211	0.634289	0.46702	0.337288	0.267597	0.267597	
-0.499559	-0.543676	-0.588734	-0.6288	-0.653138	-0.668846	-0.67055	-0.647906	-0.599854	-0.54201	-0.462785	-0.35428	-0.235859	-0.105354	0.0432847	0.205754	0.365963	0.500688	0.616742	0.724023	0.803931	0.84367	0.841678	0.799232	0.732118	0.646943	0.525909	0.361606	0.166846	-0.0470799	-0.261622	-0.43894	-0.547654	-0.580805	-0.536834	-0.40896	-0.205049	0.0417892	0.293718	0.528619	0.733588	0.887634	0.961924	0.938796	0.828219	0.666205	0.498983	0.366507	0.294471	0.294471	
-0.602717	-0.629197	-0.654105	-0.668674	-0.662965	-0.644244	-0.609526	-0.557374	-0.482449	-0.395819	-0.292677	-0.162947	-0.0253045	0.116934	0.267218	0.418987	0.5577	0.66187	0.740083	0.810849	0.859485	0.866722	0.825276	0.735791	0.621216	0.503536	0.375363	0.226848	0.0627488	-0.115133	-0.299435	-0.459244	-0.561833	-0.596334	-0.559477	-0.442075	-0.246908	-0.00325051	0.250549	0.4901	0.702228	0.867336	0.956484	0.948995	0.850692	0.695108	0.528889	0.394521	0.320621	0.320621	
-0.659993	-0.663513	-0.655132	-0.640679	-0.60542	-0.558081	-0.497007	-0.417349	-0.315862	-0.205853	-0.0854096	0.0584956	0.205512	0.343979	0.476115	0.599616	0.706962	0.779794	0.824038	0.859381	0.871922	0.838869	0.75376	0.622778	0.476546	0.347046	0.230884	0.111214	-0.0171101	-0.160182	-0.318338	-0.465111	-0.565445	-0.603928	-0.575333	-0.468767	-0.282893	-0.0433701	0.211309	0.45459	0.672704	0.847239	0.949467	0.956289	0.869779	0.720934	0.556454	0.420931	0.345606	0.345606	
-0.646842	-0.626956	-0.595412	-0.55448	-0.492574	-0.417285	-0.330491	-0.229724	-0.108568	0.0198976	0.149383	0.291159	0.426776	0.543621	0.646589	0.737532	0.813726	0.857119	0.866917	0.86111	0.829748	0.753528	0.631802	0.476568	0.3211	0.199867	0.108544	0.0223887	-0.072126	-0.185953	-0.323778	-0.461832	-0.562675	-0.60656	-0.586427	-0.490302	-0.313615	-0.0786999	0.176125	0.422365	0.645455	0.827951	0.941539	0.961225	0.885763	0.74368	0.581447	0.445376	0.369011	0.369011	
-0.581495	-0.534133	-0.472702	-0.407494	-0.323485	-0.225759	-0.117783	-0.000944913	0.129226	0.259447	0.37861	0.500692	0.612926	0.701956	0.77414	0.833742	0.878719	0.88862	0.857213	0.804354	0.729065	0.619204	0.479099	0.321998	0.17766	0.0777821	0.0156211	-0.0394106	-0.106236	-0.19786	-0.320991	-0.453666	-0.55658	-0.606293	-0.594166	-0.507609	-0.339552	-0.109351	0.145105	0.393654	0.620842	0.809988	0.933294	0.964317	0.898947	0.763382	0.603686	0.467535	0.390454	0.390454	
-0.442068	-0.376975	-0.295193	-0.207376	-0.103057	0.00930374	0.124794	0.241909	0.362787	0.477357	0.575448	0.671428	0.756337	0.817348	0.859517	0.885193	0.892141	0.860917	0.784947	0.689302	0.582917	0.459033	0.322308	0.182159	0.0612837	-0.0129252	-0.048465	-0.0786955	-0.125162	-0.201132	-0.314112	-0.443626	-0.549213	-0.604494	-0.599519	-0.521381	-0.361104	-0.135433	0.118327	0.368641	0.599161	0.793779	0.925245	0.966038	0.909628	0.78011	0.623031	0.487128	0.40959	0.40959	
-0.249458	-0.161869	-0.061811	0.0359653	0.142329	0.253902	0.361596	0.462603	0.564823	0.659044	0.731256	0.798899	0.856622	0.887528	0.893704	0.877956	0.841046	0.768255	0.655952	0.534035	0.417659	0.300826	0.184243	0.0711091	-0.0230274	-0.0739785	-0.0890014	-0.101674	-0.13437	-0.199857	-0.305967	-0.433633	-0.541865	-0.602049	-0.603164	-0.532156	-0.378611	-0.157061	0.0958402	0.347471	0.580644	0.779671	0.917827	0.966802	0.918088	0.793947	0.63938	0.503922	0.426121	0.426121	
-0.00466781	0.085326	0.184875	0.279925	0.379026	0.475966	0.567171	0.649838	0.72718	0.795812	0.843226	0.881687	0.905264	0.897627	0.861554	0.802326	0.725899	0.623523	0.493717	0.367503	0.261258	0.166129	0.0773259	-0.00759275	-0.0781764	-0.111537	-0.112725	-0.114117	-0.138081	-0.19678	-0.298271	-0.424811	-0.535315	-0.599532	-0.605585	-0.540354	-0.392366	-0.174352	0.0776718	0.330253	0.565477	0.767947	0.911397	0.966965	0.924578	0.804983	0.652658	0.517722	0.439793	0.439793	
0.243212	0.32821	0.420158	0.502039	0.583278	0.66348	0.733192	0.79128	0.845876	0.888507	0.901878	0.901415	0.884976	0.8363	0.760245	0.666756	0.56679	0.455019	0.328879	0.216751	0.132997	0.0649401	0.00327553	-0.0579768	-0.111025	-0.132804	-0.125671	-0.120388	-0.139099	-0.193529	-0.291951	-0.417768	-0.530021	-0.597319	-0.607128	-0.5463	-0.40261	-0.187411	0.0638314	0.317067	0.553799	0.75882	0.906238	0.966815	0.929314	0.813301	0.662814	0.528376	0.450402	0.450402	
0.471902	0.544951	0.620509	0.685971	0.749372	0.807276	0.855166	0.887399	0.907152	0.912453	0.888435	0.848131	0.79203	0.708619	0.606527	0.498133	0.395687	0.293688	0.186295	0.0978364	0.0398762	-0.00319065	-0.0431693	-0.087423	-0.128989	-0.14395	-0.132285	-0.123345	-0.139077	-0.190963	-0.287458	-0.412812	-0.526251	-0.595657	-0.60804	-0.55024	-0.409535	-0.19633	0.0543193	0.30797	0.545711	0.752451	0.902562	0.966576	0.932463	0.818972	0.669814	0.53577	0.457792	0.457792	
0.668155	0.723062	0.782696	0.828453	0.867526	0.898946	0.913356	0.909336	0.89388	0.861682	0.798648	0.723451	0.641031	0.541393	0.433505	0.329634	0.241275	0.160776	0.0782943	0.014539	-0.0208508	-0.0448076	-0.0698535	-0.103343	-0.138132	-0.149374	-0.135416	-0.124654	-0.138895	-0.189494	-0.284988	-0.410086	-0.524152	-0.594698	-0.608485	-0.55234	-0.413274	-0.201176	0.0491318	0.302997	0.541279	0.748945	0.900513	0.966398	0.934145	0.822049	0.673638	0.539826	0.461855	0.461855	
0.81892	0.856989	0.890889	0.907931	0.915751	0.912803	0.893355	0.853159	0.800278	0.735718	0.648118	0.556591	0.46665	0.368752	0.271769	0.186275	0.120736	0.0644705	0.00518282	-0.0381278	-0.0567963	-0.0680674	-0.0840928	-0.111534	-0.142621	-0.151814	-0.136698	-0.125203	-0.13899	-0.18931	-0.284622	-0.409654	-0.523798	-0.594522	-0.608549	-0.552689	-0.413902	-0.201988	0.0482657	0.302168	0.540539	0.748359	0.90017	0.966367	0.934424	0.822562	0.674276	0.540504	0.462534	0.462534	
0.909805	0.915228	0.919778	0.905789	0.880631	0.843744	0.790265	0.721755	0.647422	0.567275	0.47206	0.381476	0.300328	0.21863	0.14269	0.0799522	0.0370548	0.00166873	-0.0396725	-0.0684249	-0.0762342	-0.080092	-0.0913544	-0.115839	-0.144962	-0.152787	-0.136981	-0.125438	-0.139579	-0.19051	-0.2864	-0.411536	-0.525204	-0.595146	-0.608248	-0.551304	-0.411429	-0.19877	0.0517203	0.305485	0.543498	0.750702	0.901544	0.966495	0.933312	0.820515	0.671726	0.537795	0.459819	0.459819	
0.909049	0.890011	0.863555	0.817739	0.763363	0.702824	0.63158	0.549351	0.469254	0.391043	0.303686	0.227989	0.166364	0.105503	0.0508182	0.00912918	-0.01489	-0.035366	-0.0651017	-0.0845602	-0.0858518	-0.0858927	-0.0951352	-0.118517	-0.146504	-0.153044	-0.136675	-0.125583	-0.140796	-0.193174	-0.290361	-0.415728	-0.528336	-0.596522	-0.607528	-0.548126	-0.405808	-0.191498	0.0594984	0.312936	0.550131	0.755937	0.904584	0.966728	0.930764	0.81589	0.665996	0.531728	0.453747	0.453747	
0.826175	0.776806	0.726854	0.663251	0.596873	0.526638	0.451156	0.373688	0.302316	0.236096	0.167187	0.112355	0.0700287	0.0286013	-0.00718558	-0.0328783	-0.0443753	-0.0558451	-0.07872	-0.0924865	-0.0901416	-0.0886131	-0.0974508	-0.120758	-0.147879	-0.152907	-0.135969	-0.125779	-0.142759	-0.197403	-0.296558	-0.422208	-0.533117	-0.598544	-0.606264	-0.54302	-0.396928	-0.180115	0.071604	0.324492	0.560384	0.763978	0.909174	0.966939	0.926684	0.80864	0.6571	0.522366	0.444408	0.444408	
0.668111	0.611103	0.553866	0.484875	0.416626	0.352127	0.286673	0.220433	0.16703	0.120895	0.0694544	0.0329345	0.00892972	-0.0173189	-0.0410785	-0.0563241	-0.0595651	-0.0663611	-0.0859494	-0.0962251	-0.0917867	-0.0899552	-0.0993497	-0.123144	-0.149336	-0.15247	-0.134953	-0.126148	-0.145608	-0.203332	-0.305058	-0.430933	-0.539416	-0.601042	-0.604259	-0.535781	-0.384623	-0.164539	0.0880391	0.340106	0.574171	0.774687	0.915128	0.966936	0.920922	0.798704	0.645066	0.509807	0.431937	0.431937	
0.491462	0.431366	0.374739	0.312006	0.25735	0.205777	0.155225	0.109251	0.0729744	0.0402852	0.00625363	-0.013242	-0.0265698	-0.0441795	-0.0592499	-0.0675852	-0.0667517	-0.0721368	-0.0901295	-0.0978047	-0.0921687	-0.0908456	-0.101379	-0.125924	-0.150913	-0.151723	-0.133695	-0.126831	-0.14952	-0.211128	-0.315934	-0.441826	-0.54705	-0.603784	-0.601243	-0.526129	-0.368674	-0.14467	0.108798	0.359707	0.591367	0.787872	0.922192	0.966454	0.913282	0.786	0.629939	0.494189	0.41652	0.41652	
0.316499	0.267596	0.224469	0.17691	0.135806	0.0998292	0.0651805	0.0318078	0.0112548	-0.00581411	-0.0294237	-0.0405769	-0.0459932	-0.0572918	-0.0683224	-0.0732394	-0.0700401	-0.0754828	-0.0928961	-0.0984185	-0.0920427	-0.0917246	-0.103801	-0.129186	-0.152542	-0.150608	-0.13227	-0.128008	-0.15472	-0.220996	-0.329261	-0.454772	-0.555772	-0.606463	-0.596873	-0.513714	-0.348821	-0.120399	0.13386	0.383197	0.611808	0.80328	0.930039	0.965167	0.903525	0.77044	0.611781	0.475688	0.398391	0.398391	
0.180117	0.145798	0.114078	0.0775365	0.0519909	0.0293217	0.00683719	-0.0113469	-0.0213117	-0.0344513	-0.0503956	-0.0525408	-0.054996	-0.0651013	-0.0732819	-0.0751654	-0.0712862	-0.0782892	-0.0952393	-0.0984359	-0.0916959	-0.0928654	-0.106789	-0.132927	-0.154083	-0.149055	-0.130794	-0.12991	-0.161476	-0.233165	-0.345091	-0.469597	-0.565267	-0.608704	-0.590726	-0.498123	-0.324773	-0.0916213	0.163181	0.410445	0.635279	0.820589	0.938266	0.962681	0.891381	0.751938	0.590685	0.454523	0.37783	0.37783	
0.0826511	0.0589585	0.0379564	0.0161771	0.00270709	-0.0106233	-0.0247454	-0.0374369	-0.0412885	-0.0478747	-0.0589567	-0.0591113	-0.0606749	-0.0687522	-0.0752904	-0.075977	-0.07227	-0.080996	-0.0972144	-0.0980756	-0.0914028	-0.0944515	-0.110428	-0.137074	-0.155354	-0.147011	-0.129439	-0.132829	-0.170108	-0.247877	-0.363438	-0.486051	-0.575139	-0.610051	-0.582301	-0.478884	-0.296221	-0.0582505	0.196685	0.441281	0.661511	0.839405	0.946391	0.958546	0.876556	0.730418	0.566774	0.430954	0.355164	0.355164	
0.017541	0.00739431	-0.00362608	-0.0187475	-0.0260389	-0.0346474	-0.0433135	-0.048786	-0.0486985	-0.0561339	-0.0647748	-0.0611534	-0.0627945	-0.0715333	-0.0770456	-0.0759431	-0.0729379	-0.084017	-0.0990824	-0.0974034	-0.0912667	-0.096631	-0.114795	-0.141497	-0.156138	-0.144467	-0.128453	-0.137117	-0.180975	-0.265371	-0.384252	-0.503795	-0.584909	-0.609969	-0.571022	-0.455478	-0.262858	-0.0202351	0.234253	0.475484	0.690165	0.859245	0.953852	0.952263	0.858748	0.705827	0.540212	0.405287	0.33076	0.33076	
-0.014767	-0.0193371	-0.0301001	-0.0394371	-0.0406808	-0.0448449	-0.0512494	-0.0553271	-0.053722	-0.0602439	-0.0661973	-0.0620747	-0.065478	-0.0736943	-0.0775349	-0.0755417	-0.0743113	-0.0875113	-0.100522	-0.0964036	-0.0915162	-0.0995833	-0.119902	-0.145981	-0.156204	-0.141492	-0.128177	-0.143195	-0.194465	-0.285853	-0.407386	-0.522377	-0.594004	-0.607835	-0.556236	-0.427356	-0.224403	0.0224244	0.275715	0.512779	0.720829	0.879539	0.960009	0.943297	0.837664	0.678151	0.51121	0.377867	0.305022	0.305022	
-0.0362888	-0.0381644	-0.0436307	-0.0468482	-0.0461074	-0.052092	-0.0564709	-0.0564835	-0.0558759	-0.0640964	-0.0670143	-0.0622141	-0.0674545	-0.0754392	-0.0780513	-0.0753611	-0.0761932	-0.091172	-0.101477	-0.0952665	-0.0923536	-0.103426	-0.125701	-0.150249	-0.155344	-0.138261	-0.129056	-0.151541	-0.210985	-0.30947	-0.432567	-0.54122	-0.601757	-0.602943	-0.537225	-0.393959	-0.180627	0.0696581	0.320837	0.552823	0.752998	0.899613	0.964152	0.931089	0.813037	0.647427	0.48003	0.349078	0.278382	0.278382	
-0.0461847	-0.0412997	-0.0481031	-0.0507265	-0.0518107	-0.0550891	-0.0577524	-0.059099	-0.0578788	-0.0649598	-0.0667745	-0.0632936	-0.0699562	-0.07705	-0.0781381	-0.0751558	-0.0788775	-0.0950763	-0.101798	-0.0940709	-0.0940057	-0.108296	-0.132064	-0.153935	-0.153405	-0.135104	-0.131644	-0.162681	-0.230926	-0.33626	-0.459357	-0.559612	-0.607401	-0.5945	-0.513217	-0.354752	-0.131379	0.121311	0.369318	0.595193	0.786063	0.918693	0.965506	0.915085	0.784652	0.613762	0.44699	0.319339	0.25129	0.25129	
-0.0453875	-0.0471976	-0.0552494	-0.0544819	-0.0524576	-0.0567249	-0.0599821	-0.057251	-0.058794	-0.0690848	-0.0667611	-0.0633328	-0.0725699	-0.0785554	-0.077812	-0.0755327	-0.0826364	-0.0987301	-0.101241	-0.0931477	-0.0967965	-0.114246	-0.138718	-0.156624	-0.150364	-0.13253	-0.136596	-0.177171	-0.254631	-0.366106	-0.487125	-0.576701	-0.610079	-0.58163	-0.483407	-0.309256	-0.0766216	0.177128	0.420778	0.639376	0.819299	0.935896	0.963252	0.894757	0.752368	0.577339	0.412465	0.289096	0.224202	0.224202	
-0.0532156	-0.0514714	-0.0555205	-0.0507888	-0.0537591	-0.0593185	-0.0594127	-0.0594667	-0.0634568	-0.0684582	-0.0643313	-0.0662006	-0.0759226	-0.0789489	-0.0775044	-0.0769179	-0.0870248	-0.10169	-0.100018	-0.0929361	-0.100919	-0.121201	-0.145275	-0.157907	-0.146396	-0.131252	-0.144644	-0.195558	-0.282343	-0.398677	-0.51502	-0.591497	-0.608844	-0.563387	-0.44699	-0.257093	-0.0164554	0.236747	0.474749	0.684747	0.851847	0.95024	0.956552	0.869643	0.716149	0.538437	0.376883	0.258808	0.197569	0.197569	
-0.0487758	-0.0497149	-0.0549296	-0.0540946	-0.0586573	-0.0602396	-0.0607112	-0.0590622	-0.0629625	-0.0699933	-0.0659897	-0.06845	-0.077731	-0.0795875	-0.077513	-0.0789423	-0.0920533	-0.103865	-0.0982199	-0.09379	-0.106583	-0.129002	-0.151195	-0.157436	-0.141951	-0.132183	-0.156561	-0.218345	-0.314139	-0.433369	-0.54196	-0.602892	-0.602667	-0.538767	-0.403204	-0.198037	0.0488535	0.299691	0.530671	0.730556	0.882709	0.960659	0.944586	0.839377	0.676079	0.49743	0.340722	0.228941	0.171818	0.171818	
-0.0488923	-0.0558696	-0.0592723	-0.054822	-0.0573693	-0.0597197	-0.0597566	-0.0604795	-0.0690412	-0.0703509	-0.0636555	-0.0719359	-0.0809069	-0.0791261	-0.0774637	-0.0827676	-0.0974126	-0.104411	-0.0962314	-0.0964288	-0.113876	-0.137195	-0.155817	-0.155086	-0.137834	-0.1364	-0.173102	-0.245932	-0.349854	-0.469249	-0.566637	-0.609682	-0.590454	-0.506739	-0.351391	-0.132067	0.118857	0.365369	0.587873	0.775903	0.910738	0.966027	0.926591	0.803735	0.632395	0.454794	0.304497	0.199946	0.147343	0.147343	
-0.0534019	-0.0589089	-0.054633	-0.0527333	-0.0605465	-0.062575	-0.0618258	-0.0633151	-0.0692247	-0.0677028	-0.0665873	-0.0770093	-0.0810351	-0.078552	-0.0794925	-0.0875395	-0.101679	-0.103614	-0.095128	-0.10121	-0.122488	-0.145173	-0.15853	-0.151075	-0.135211	-0.145072	-0.194944	-0.278539	-0.388983	-0.505019	-0.587546	-0.610596	-0.571057	-0.466288	-0.291062	-0.0594099	0.19292	0.433079	0.645562	0.819718	0.934652	0.965199	0.901923	0.762674	0.585491	0.411101	0.268745	0.172248	0.124481	0.124481	
-0.0539042	-0.0556324	-0.0541147	-0.0589017	-0.064431	-0.0615316	-0.0600329	-0.0651081	-0.0722168	-0.0681038	-0.0688131	-0.0800502	-0.0818101	-0.0789576	-0.0816702	-0.0929596	-0.105337	-0.10175	-0.0953611	-0.108349	-0.13209	-0.152155	-0.158805	-0.146101	-0.135612	-0.159352	-0.222595	-0.316118	-0.43059	-0.539003	-0.603045	-0.604335	-0.543292	-0.416474	-0.221986	0.0194155	0.270226	0.50201	0.702794	0.860743	0.953049	0.957071	0.870112	0.716367	0.535933	0.367001	0.23401	0.14623	0.10351	0.10351	
-0.0511122	-0.0599463	-0.058193	-0.0614865	-0.0623761	-0.0597342	-0.0639513	-0.0705466	-0.0712411	-0.0662157	-0.0742443	-0.0839999	-0.0803389	-0.0790503	-0.0864492	-0.0994811	-0.106576	-0.0989415	-0.098375	-0.118035	-0.141762	-0.157142	-0.15654	-0.14151	-0.140799	-0.180232	-0.256319	-0.358241	-0.473224	-0.569185	-0.611429	-0.589595	-0.50598	-0.356527	-0.14427	0.103584	0.3498	0.571239	0.758452	0.897527	0.964452	0.940651	0.830928	0.665235	0.484449	0.323208	0.200815	0.122211	0.0846313	0.0846313	
