-0.133456	-0.148969	-0.179433	-0.207346	-0.223176	-0.190012	-0.114487	-0.0191671	0.0611878	0.120906	0.182488	0.254014	0.326049	0.39679	0.468955	0.521765	0.551824	0.53755	0.488655	0.461181	0.469017	0.508027	0.545299	0.540548	0.496309	0.432862	0.365139	0.288805	0.212649	0.149887	0.0848669	0.0143129	-0.0675064	-0.16544	-0.231584	-0.237118	-0.21481	-0.189129	-0.166435	-0.15776	-0.170026	-0.191425	-0.187151	-0.152578	-0.138601	-0.160926	-0.172997	-0.15931	-0.146709	-0.146709	
-0.133456	-0.148969	-0.179433	-0.207346	-0.223176	-0.190012	-0.114487	-0.0191671	0.0611878	0.120906	0.182488	0.254014	0.326049	0.39679	0.468955	0.521765	0.551824	0.53755	0.488655	0.461181	0.469017	0.508027	0.545299	0.540548	0.496309	0.432862	0.365139	0.288805	0.212649	0.149887	0.0848669	0.0143129	-0.0675064	-0.16544	-0.231584	-0.237118	-0.21481	-0.189129	-0.166435	-0.15776	-0.170026	-0.191425	-0.187151	-0.152578	-0.138601	-0.160926	-0.172997	-0.15931	-0.146709	-0.146709	
-0.134571	-0.148421	-0.18029	-0.204377	-0.219769	-0.188339	-0.114165	-0.0248088	0.0546102	0.117258	0.179482	0.25076	0.325912	0.396173	0.465196	0.522625	0.552321	0.538499	0.499894	0.475033	0.477025	0.511016	0.546639	0.543054	0.499039	0.432519	0.360291	0.284418	0.210635	0.145676	0.0793933	0.010089	-0.069794	-0.162921	-0.2265	-0.234785	-0.214889	-0.190007	-0.168274	-0.159999	-0.17077	-0.1889	-0.184454	-0.154699	-0.142389	-0.16034	-0.17025	-0.159054	-0.148538	-0.148538	
-0.141132	-0.156868	-0.179568	-0.205386	-0.210166	-0.179165	-0.112405	-0.027089	0.0462735	0.107951	0.170906	0.241184	0.316195	0.392607	0.467392	0.526132	0.556309	0.548288	0.512512	0.487302	0.496568	0.52919	0.553101	0.543257	0.497331	0.430291	0.3575	0.280079	0.202154	0.134021	0.0716768	0.00406729	-0.0761038	-0.159858	-0.216114	-0.229176	-0.215023	-0.192093	-0.171831	-0.164238	-0.172244	-0.184165	-0.179421	-0.158656	-0.149384	-0.159303	-0.165318	-0.158645	-0.151835	-0.151835	
-0.14728	-0.160428	-0.179809	-0.200318	-0.198685	-0.171382	-0.111348	-0.0389795	0.0315303	0.0955301	0.160319	0.232241	0.309184	0.389844	0.46439	0.527103	0.560006	0.55868	0.538046	0.517019	0.520521	0.543898	0.55915	0.546596	0.501645	0.431473	0.348838	0.268305	0.193259	0.122711	0.0585542	-0.00877121	-0.0842665	-0.153934	-0.202608	-0.222002	-0.214332	-0.194317	-0.176986	-0.170666	-0.174465	-0.177651	-0.172704	-0.163921	-0.158508	-0.158088	-0.159233	-0.158251	-0.155952	-0.155952	
-0.155677	-0.16516	-0.180971	-0.19365	-0.18497	-0.161471	-0.111981	-0.0518212	0.0114723	0.0794694	0.147112	0.218086	0.303521	0.388319	0.463721	0.532335	0.563498	0.568623	0.563793	0.551694	0.556292	0.566349	0.567115	0.55128	0.503024	0.42774	0.343006	0.26178	0.181027	0.103945	0.0415379	-0.0233164	-0.0942222	-0.148883	-0.187787	-0.212076	-0.211921	-0.196875	-0.18367	-0.178786	-0.177259	-0.170276	-0.165324	-0.169644	-0.168281	-0.15713	-0.15334	-0.15804	-0.160081	-0.160081	
-0.166724	-0.175571	-0.182175	-0.187013	-0.170729	-0.148327	-0.111908	-0.0653446	-0.00536335	0.0614122	0.129965	0.205395	0.2908	0.382191	0.46687	0.534879	0.570484	0.590691	0.595916	0.586291	0.589383	0.591561	0.580254	0.554459	0.504841	0.430859	0.339323	0.249462	0.165187	0.087334	0.0237094	-0.0435246	-0.107904	-0.144512	-0.172244	-0.200073	-0.207814	-0.19932	-0.19126	-0.18803	-0.180573	-0.16326	-0.158433	-0.174739	-0.177086	-0.156987	-0.149034	-0.158125	-0.163433	-0.163433	
-0.173147	-0.177192	-0.178767	-0.173491	-0.155158	-0.13992	-0.118998	-0.088144	-0.0326446	0.0376673	0.112791	0.195304	0.289238	0.387529	0.472103	0.536516	0.574331	0.603262	0.624441	0.631898	0.633443	0.61676	0.58947	0.558286	0.508558	0.433249	0.337625	0.242041	0.151826	0.0688364	0.000225642	-0.0674841	-0.121306	-0.14186	-0.159766	-0.187281	-0.201001	-0.200742	-0.199392	-0.197829	-0.184213	-0.157945	-0.153219	-0.178096	-0.183452	-0.158215	-0.147461	-0.158532	-0.165432	-0.165432	
-0.183814	-0.184072	-0.179553	-0.163504	-0.143913	-0.132852	-0.127458	-0.105959	-0.055352	0.0173606	0.098593	0.184409	0.286506	0.390158	0.475735	0.540236	0.58274	0.621044	0.656058	0.675063	0.670995	0.639264	0.600802	0.564396	0.513676	0.438542	0.341014	0.237542	0.138719	0.0505962	-0.024047	-0.0927281	-0.13707	-0.144596	-0.150831	-0.172957	-0.191908	-0.201639	-0.207371	-0.206825	-0.187957	-0.155859	-0.150716	-0.178773	-0.186371	-0.161201	-0.149226	-0.159217	-0.165875	-0.165875	
-0.188962	-0.188428	-0.173756	-0.150215	-0.133149	-0.129567	-0.138847	-0.130162	-0.0805105	-0.00523643	0.0807186	0.182236	0.289428	0.398309	0.488291	0.543437	0.589365	0.637844	0.684812	0.713074	0.701549	0.662985	0.61673	0.567036	0.516383	0.450613	0.351832	0.236102	0.129241	0.0354909	-0.0496456	-0.120085	-0.154818	-0.152122	-0.14633	-0.159512	-0.18184	-0.201261	-0.213853	-0.214094	-0.19197	-0.158042	-0.151395	-0.176438	-0.185651	-0.165922	-0.154138	-0.160127	-0.165035	-0.165035	
-0.191157	-0.188401	-0.164047	-0.138775	-0.126702	-0.132774	-0.1591	-0.155453	-0.108873	-0.0298368	0.0718959	0.184499	0.303122	0.419585	0.500943	0.54883	0.594924	0.645188	0.704852	0.745649	0.735162	0.68579	0.621485	0.569104	0.527311	0.464241	0.365531	0.245616	0.128334	0.0203889	-0.0768954	-0.14609	-0.173571	-0.165655	-0.147882	-0.1488	-0.171632	-0.199201	-0.218017	-0.218963	-0.196252	-0.164674	-0.155242	-0.171728	-0.181995	-0.171747	-0.161171	-0.161276	-0.163648	-0.163648	
-0.197509	-0.188545	-0.159522	-0.135752	-0.126684	-0.145632	-0.178482	-0.176395	-0.131592	-0.0438839	0.0703118	0.193566	0.322029	0.438928	0.511759	0.555625	0.602402	0.655411	0.724857	0.770073	0.750962	0.693135	0.627139	0.57661	0.539417	0.485001	0.388971	0.259734	0.13183	0.0114901	-0.0992582	-0.171027	-0.196195	-0.185147	-0.154777	-0.142421	-0.163288	-0.195845	-0.219005	-0.22084	-0.200785	-0.175013	-0.161757	-0.166291	-0.17689	-0.177454	-0.168637	-0.162782	-0.162776	-0.162776	
-0.196985	-0.181303	-0.151055	-0.129103	-0.129927	-0.162793	-0.198876	-0.202738	-0.15772	-0.0576914	0.0681524	0.21189	0.354441	0.466978	0.535873	0.571302	0.605142	0.657652	0.730165	0.772271	0.754407	0.702145	0.63603	0.583285	0.550624	0.50602	0.417921	0.289415	0.148974	0.0052886	-0.120549	-0.193368	-0.219662	-0.20837	-0.167881	-0.143681	-0.15882	-0.190922	-0.216158	-0.220088	-0.205546	-0.18713	-0.170035	-0.162601	-0.172297	-0.181492	-0.174594	-0.16483	-0.163547	-0.163547	
-0.193172	-0.174146	-0.148593	-0.130527	-0.147781	-0.186864	-0.223744	-0.229152	-0.174845	-0.0642249	0.0813066	0.24508	0.394425	0.502794	0.56119	0.58307	0.605261	0.654499	0.723116	0.763246	0.752571	0.699798	0.628035	0.585486	0.571697	0.53885	0.456799	0.326389	0.169984	0.00732574	-0.130014	-0.212738	-0.246965	-0.234177	-0.186475	-0.154124	-0.159618	-0.185189	-0.210269	-0.2175	-0.209709	-0.198359	-0.179344	-0.163327	-0.170008	-0.182497	-0.177465	-0.167564	-0.16681	-0.16681	
-0.187028	-0.170383	-0.147417	-0.143714	-0.171554	-0.214186	-0.249908	-0.2489	-0.185625	-0.0610016	0.105809	0.287708	0.439111	0.541831	0.591684	0.596429	0.609219	0.651107	0.700626	0.735227	0.727626	0.67521	0.621803	0.601588	0.59494	0.57006	0.501166	0.373167	0.204236	0.0238149	-0.132911	-0.232945	-0.272484	-0.258358	-0.212158	-0.175226	-0.166264	-0.180318	-0.203153	-0.213716	-0.211928	-0.206376	-0.189292	-0.170184	-0.171094	-0.180039	-0.176667	-0.170936	-0.172783	-0.172783	
-0.180593	-0.165054	-0.152123	-0.160715	-0.199282	-0.242719	-0.273651	-0.26662	-0.192447	-0.0510501	0.140143	0.337202	0.494919	0.593118	0.62712	0.618201	0.612825	0.628484	0.660452	0.690283	0.681507	0.643037	0.616558	0.612333	0.6164	0.608093	0.554413	0.431099	0.251026	0.0498757	-0.129028	-0.24625	-0.292404	-0.283619	-0.245198	-0.204378	-0.179441	-0.179643	-0.19707	-0.208997	-0.21096	-0.209959	-0.199626	-0.18302	-0.175646	-0.175167	-0.172998	-0.174616	-0.180809	-0.180809	
-0.173424	-0.162721	-0.166067	-0.189847	-0.235168	-0.276244	-0.298544	-0.278342	-0.189182	-0.0251234	0.190728	0.398401	0.558921	0.647099	0.66513	0.640478	0.611162	0.599204	0.606827	0.622842	0.618028	0.601988	0.600782	0.615282	0.642324	0.658129	0.61735	0.493002	0.303486	0.090061	-0.109798	-0.251155	-0.309725	-0.309553	-0.281307	-0.239237	-0.200899	-0.18629	-0.194304	-0.203731	-0.206116	-0.209309	-0.210036	-0.199509	-0.182779	-0.170418	-0.168644	-0.178094	-0.189328	-0.189328	
-0.166507	-0.170018	-0.188549	-0.225663	-0.274846	-0.307103	-0.319316	-0.282799	-0.174788	0.0156804	0.250163	0.469922	0.630798	0.702733	0.709357	0.663417	0.601742	0.561485	0.541152	0.537731	0.534599	0.541772	0.572933	0.62148	0.680065	0.7118	0.675251	0.558221	0.374469	0.148244	-0.0830082	-0.249379	-0.318418	-0.332253	-0.319351	-0.278633	-0.230566	-0.202515	-0.197413	-0.198427	-0.197782	-0.206207	-0.219805	-0.215486	-0.191002	-0.169213	-0.16667	-0.180928	-0.19618	-0.19618	
-0.168761	-0.186185	-0.221419	-0.268864	-0.311082	-0.335988	-0.329985	-0.274739	-0.145137	0.0699518	0.3191	0.545656	0.700156	0.765055	0.756939	0.68638	0.59649	0.513189	0.452596	0.431233	0.435933	0.47143	0.537964	0.626488	0.716424	0.760978	0.73869	0.639709	0.455399	0.208374	-0.0448485	-0.227181	-0.317213	-0.356228	-0.356576	-0.317507	-0.267994	-0.230666	-0.208007	-0.193939	-0.18834	-0.203246	-0.227288	-0.226352	-0.198978	-0.17458	-0.169936	-0.183055	-0.199321	-0.199321	
-0.17237	-0.2081	-0.258523	-0.311052	-0.34808	-0.361235	-0.337439	-0.262033	-0.102762	0.133455	0.398659	0.631274	0.778866	0.83378	0.804692	0.706751	0.576559	0.449991	0.356733	0.312741	0.322288	0.386395	0.494404	0.628306	0.746683	0.812146	0.813714	0.723877	0.53356	0.27987	0.0168566	-0.189731	-0.313414	-0.375319	-0.384853	-0.355688	-0.31424	-0.269203	-0.225914	-0.193377	-0.182031	-0.202046	-0.230246	-0.229275	-0.206056	-0.187519	-0.179861	-0.185051	-0.197778	-0.197778	
-0.190617	-0.243398	-0.308059	-0.356667	-0.384117	-0.380506	-0.333316	-0.229927	-0.0431294	0.212826	0.488429	0.716814	0.860364	0.901214	0.848989	0.723042	0.547965	0.37691	0.246058	0.184393	0.204184	0.291493	0.439859	0.617595	0.770401	0.870047	0.891405	0.804365	0.618115	0.366491	0.0914895	-0.142978	-0.297979	-0.380358	-0.40593	-0.395563	-0.364512	-0.313344	-0.252382	-0.201714	-0.182653	-0.202607	-0.227427	-0.224689	-0.212138	-0.20597	-0.195562	-0.188072	-0.1925	-0.1925	
-0.219375	-0.289498	-0.356384	-0.398794	-0.412667	-0.387057	-0.316389	-0.180602	0.0324171	0.302119	0.582312	0.806736	0.939182	0.962895	0.888887	0.726662	0.511457	0.302352	0.133614	0.0514861	0.0707849	0.182627	0.375678	0.596872	0.795202	0.929399	0.96079	0.883908	0.710676	0.460329	0.175555	-0.0817693	-0.265515	-0.371848	-0.421661	-0.433301	-0.412372	-0.360167	-0.288734	-0.222717	-0.192713	-0.204432	-0.219749	-0.2162	-0.21731	-0.225074	-0.213748	-0.19341	-0.186662	-0.186662	
-0.256294	-0.336023	-0.400056	-0.431562	-0.42793	-0.382683	-0.282791	-0.117971	0.113271	0.394534	0.673195	0.893499	1.02002	1.02834	0.927298	0.727354	0.467613	0.20988	0.00718524	-0.0872065	-0.0627211	0.0754107	0.305768	0.570028	0.809856	0.969642	1.02487	0.972674	0.80728	0.556827	0.267526	-0.00804662	-0.214665	-0.347378	-0.430199	-0.465322	-0.453729	-0.406684	-0.334319	-0.258357	-0.213212	-0.207455	-0.210935	-0.209324	-0.221283	-0.238717	-0.229719	-0.201904	-0.18494	-0.18494	
-0.302583	-0.386837	-0.443847	-0.463547	-0.441081	-0.370108	-0.237819	-0.042696	0.209465	0.496866	0.775552	0.989647	1.09998	1.0847	0.946666	0.705597	0.405113	0.112858	-0.110469	-0.218397	-0.190229	-0.0312952	0.224706	0.524562	0.80436	1.00289	1.09413	1.06054	0.900404	0.653953	0.362286	0.0801649	-0.140885	-0.309584	-0.431678	-0.4854	-0.484036	-0.451402	-0.387999	-0.306901	-0.242508	-0.213952	-0.207725	-0.208806	-0.222765	-0.242207	-0.239443	-0.213424	-0.191656	-0.191656	
-0.358607	-0.437252	-0.481114	-0.481339	-0.434757	-0.333484	-0.166831	0.0515064	0.314283	0.601642	0.871716	1.07501	1.16869	1.12496	0.95273	0.674805	0.337494	0.0185661	-0.224225	-0.342229	-0.311745	-0.145593	0.132625	0.469486	0.788609	1.03034	1.1558	1.13767	0.987409	0.749376	0.465737	0.186939	-0.0561438	-0.265094	-0.414677	-0.484809	-0.505792	-0.495641	-0.444346	-0.361033	-0.278872	-0.230434	-0.21719	-0.215522	-0.220283	-0.235254	-0.241506	-0.226568	-0.208551	-0.208551	
-0.409216	-0.476185	-0.503479	-0.483889	-0.411988	-0.278256	-0.0851284	0.151206	0.419298	0.701079	0.965661	1.15597	1.22791	1.15529	0.94626	0.632604	0.266062	-0.076029	-0.33552	-0.461939	-0.431354	-0.254176	0.0452354	0.408765	0.762833	1.04015	1.19216	1.20128	1.07656	0.852712	0.576735	0.292434	0.0279833	-0.199389	-0.366925	-0.46982	-0.524574	-0.533733	-0.493439	-0.413693	-0.323555	-0.264159	-0.242097	-0.226788	-0.214759	-0.222904	-0.237654	-0.23899	-0.233302	-0.233302	
-0.453791	-0.506096	-0.515525	-0.474217	-0.372911	-0.20997	0.00701627	0.254492	0.523034	0.802285	1.05796	1.2336	1.28033	1.1715	0.923467	0.573806	0.181492	-0.175669	-0.440818	-0.564829	-0.530389	-0.347969	-0.0399261	0.336339	0.711845	1.02167	1.21639	1.26642	1.16479	0.950722	0.678525	0.391453	0.126758	-0.104459	-0.301672	-0.448137	-0.531358	-0.556132	-0.530597	-0.462047	-0.377638	-0.316866	-0.279718	-0.240587	-0.211025	-0.213131	-0.232098	-0.248654	-0.259497	-0.259497	
-0.494558	-0.528906	-0.517139	-0.448115	-0.314968	-0.122379	0.111838	0.366011	0.632877	0.904137	1.14664	1.29731	1.30956	1.16124	0.876034	0.502679	0.0973445	-0.263561	-0.525146	-0.649452	-0.617702	-0.437395	-0.131959	0.252182	0.651388	0.994923	1.22866	1.31383	1.23666	1.03794	0.774575	0.497147	0.24166	-0.000417155	-0.230048	-0.407716	-0.514736	-0.562365	-0.555651	-0.504213	-0.438705	-0.382395	-0.3247	-0.259349	-0.216343	-0.213042	-0.230365	-0.255128	-0.278421	-0.278421	
-0.520325	-0.533102	-0.495749	-0.396442	-0.23218	-0.0200449	0.223262	0.475363	0.735044	0.995676	1.21828	1.34137	1.31767	1.13339	0.820545	0.42874	0.0180067	-0.340632	-0.601618	-0.725784	-0.69514	-0.519373	-0.215389	0.17322	0.583494	0.95113	1.21864	1.33715	1.29046	1.11719	0.872549	0.608117	0.354147	0.10083	-0.143286	-0.340009	-0.476446	-0.552475	-0.566655	-0.540256	-0.500167	-0.448025	-0.373038	-0.289861	-0.237135	-0.226597	-0.237589	-0.259574	-0.282809	-0.282809	
-0.530111	-0.520004	-0.454458	-0.323826	-0.136486	0.0888424	0.332302	0.579386	0.831193	1.07694	1.27687	1.36727	1.30764	1.09042	0.754222	0.353235	-0.0592059	-0.414304	-0.667774	-0.787798	-0.758197	-0.586678	-0.288686	0.0963533	0.51051	0.891145	1.18208	1.3362	1.33008	1.18986	0.966257	0.710852	0.457594	0.205527	-0.0396266	-0.252385	-0.416857	-0.521328	-0.565625	-0.570377	-0.549303	-0.50097	-0.425049	-0.338379	-0.276197	-0.254981	-0.256188	-0.263355	-0.271536	-0.271536	
-0.523959	-0.487603	-0.391967	-0.23534	-0.030586	0.197615	0.438155	0.678956	0.919892	1.14774	1.31912	1.37375	1.27709	1.03198	0.679558	0.273004	-0.132117	-0.476022	-0.721863	-0.836367	-0.805825	-0.639269	-0.350645	0.0224205	0.429565	0.816478	1.12933	1.31789	1.35077	1.24545	1.04608	0.802708	0.556755	0.313083	0.0715366	-0.148763	-0.333302	-0.471858	-0.555326	-0.58493	-0.573353	-0.538426	-0.482492	-0.403751	-0.332456	-0.29804	-0.284189	-0.267182	-0.252384	-0.252384	
-0.501811	-0.436055	-0.310388	-0.130972	0.0812021	0.309225	0.543343	0.774315	0.999791	1.2016	1.33771	1.35439	1.22641	0.959472	0.59968	0.199121	-0.197027	-0.529164	-0.76111	-0.868497	-0.839837	-0.682261	-0.407706	-0.0478304	0.35116	0.737805	1.06405	1.28041	1.34874	1.27814	1.10601	0.881817	0.651426	0.420982	0.187974	-0.0333943	-0.236757	-0.409864	-0.524126	-0.569506	-0.573306	-0.566786	-0.540803	-0.476403	-0.402344	-0.353672	-0.316573	-0.272871	-0.239781	-0.239781	
-0.456175	-0.358372	-0.206955	-0.016157	0.197799	0.418471	0.643152	0.86033	1.06221	1.23126	1.32975	1.31079	1.15626	0.879308	0.521828	0.130768	-0.247702	-0.563507	-0.788103	-0.893758	-0.867955	-0.718452	-0.455973	-0.109891	0.278494	0.662371	0.994709	1.22588	1.31832	1.2792	1.14134	0.949673	0.744608	0.52892	0.301732	0.0777317	-0.137311	-0.326124	-0.456558	-0.524546	-0.560766	-0.58795	-0.589212	-0.545036	-0.478391	-0.415477	-0.350608	-0.286644	-0.247715	-0.247715	
-0.382094	-0.256363	-0.0888703	0.106007	0.31189	0.522434	0.73223	0.926125	1.09723	1.22954	1.29135	1.24617	1.08051	0.803227	0.456209	0.080618	-0.287283	-0.595161	-0.8118	-0.913718	-0.890626	-0.748183	-0.493566	-0.155427	0.222195	0.593319	0.916748	1.14911	1.25864	1.25367	1.15917	1.00738	0.828548	0.624149	0.400374	0.180146	-0.0275358	-0.212791	-0.358203	-0.462176	-0.538214	-0.595036	-0.620582	-0.600505	-0.546337	-0.474132	-0.390746	-0.319056	-0.283149	-0.283149	
-0.286082	-0.141883	0.0303021	0.217432	0.413634	0.610407	0.801472	0.970198	1.10814	1.20564	1.23997	1.17693	1.00443	0.733408	0.396797	0.0310617	-0.323395	-0.619806	-0.831017	-0.929703	-0.904168	-0.761215	-0.51236	-0.18842	0.170636	0.522536	0.830744	1.06099	1.18743	1.21416	1.15666	1.03895	0.885478	0.697581	0.488107	0.285814	0.0961165	-0.0844033	-0.248032	-0.38592	-0.496385	-0.582313	-0.633111	-0.632782	-0.590199	-0.523954	-0.445537	-0.378813	-0.346016	-0.346016	
-0.179125	-0.0251087	0.14484	0.326332	0.511451	0.693727	0.861756	0.996082	1.09634	1.16034	1.16895	1.09507	0.926046	0.663865	0.341405	-0.00882707	-0.352864	-0.639882	-0.839545	-0.928745	-0.901701	-0.766575	-0.530463	-0.221091	0.120722	0.456102	0.754567	0.982548	1.11413	1.1549	1.11961	1.03072	0.910379	0.756012	0.576464	0.396583	0.218706	0.0384696	-0.135193	-0.292059	-0.430056	-0.546867	-0.620582	-0.632653	-0.605225	-0.566397	-0.517128	-0.465534	-0.434655	-0.434655	
-0.0554305	0.099682	0.263755	0.433646	0.604645	0.763798	0.896984	0.991754	1.05355	1.08726	1.08176	1.00669	0.845544	0.601053	0.297155	-0.0379984	-0.365639	-0.639568	-0.83431	-0.925647	-0.905171	-0.777104	-0.549448	-0.249815	0.0847021	0.412417	0.697916	0.910463	1.03108	1.06981	1.04655	0.988761	0.913278	0.803906	0.658527	0.497734	0.327365	0.150517	-0.0218314	-0.184955	-0.340672	-0.480269	-0.572224	-0.601107	-0.601958	-0.60478	-0.595894	-0.569376	-0.547846	-0.547846	
0.075584	0.224099	0.376008	0.532387	0.680314	0.805751	0.897916	0.949089	0.976504	0.99317	0.984415	0.920746	0.781903	0.558996	0.274595	-0.0462881	-0.369024	-0.643184	-0.838303	-0.92884	-0.909216	-0.784991	-0.559599	-0.259963	0.069067	0.382828	0.648969	0.838092	0.937486	0.968213	0.956293	0.928362	0.894235	0.827823	0.718042	0.579874	0.421174	0.251783	0.086154	-0.0717568	-0.226712	-0.374383	-0.487167	-0.550114	-0.592965	-0.638099	-0.668691	-0.677375	-0.67868	-0.67868	
0.198191	0.333698	0.471569	0.606746	0.724607	0.812185	0.861737	0.878588	0.887144	0.899111	0.901082	0.855691	0.734326	0.529051	0.256504	-0.0602129	-0.378547	-0.648013	-0.839312	-0.927584	-0.907494	-0.780819	-0.554718	-0.260652	0.059053	0.358234	0.601472	0.766008	0.848792	0.871883	0.861467	0.849643	0.846365	0.818417	0.746284	0.637319	0.497167	0.340368	0.188512	0.0492916	-0.0891661	-0.23846	-0.379802	-0.489414	-0.579152	-0.66287	-0.730206	-0.778192	-0.808302	-0.808302	
0.306244	0.430857	0.552501	0.664407	0.748379	0.794886	0.80692	0.796455	0.792004	0.808039	0.821744	0.792492	0.690743	0.500831	0.23977	-0.0688134	-0.38279	-0.648807	-0.835447	-0.917368	-0.892916	-0.768621	-0.548948	-0.261217	0.0483509	0.332852	0.561454	0.71033	0.775403	0.782954	0.764824	0.757366	0.771213	0.771945	0.735819	0.661994	0.551593	0.420834	0.294253	0.179235	0.0560848	-0.0979928	-0.267093	-0.418962	-0.553381	-0.677427	-0.780999	-0.860675	-0.910745	-0.910745	
0.412685	0.522582	0.622498	0.701435	0.742966	0.748527	0.726101	0.696024	0.690743	0.716156	0.746935	0.738107	0.653071	0.478615	0.229104	-0.0732652	-0.380314	-0.639444	-0.819582	-0.89876	-0.878961	-0.760256	-0.545738	-0.265117	0.038866	0.318174	0.534973	0.666636	0.715952	0.707843	0.672791	0.654576	0.670201	0.687844	0.683934	0.652884	0.588811	0.500035	0.403685	0.30489	0.185853	0.0259403	-0.158849	-0.338762	-0.512805	-0.678814	-0.81458	-0.911146	-0.966471	-0.966471	
0.5088	0.598108	0.666472	0.704598	0.703848	0.671886	0.624786	0.587554	0.587454	0.629297	0.679826	0.689811	0.62434	0.4664	0.229077	-0.0654763	-0.368169	-0.624913	-0.804709	-0.884982	-0.866731	-0.752278	-0.543793	-0.265926	0.0355341	0.308894	0.518629	0.640635	0.673685	0.642374	0.582096	0.543096	0.548106	0.574175	0.602878	0.621792	0.612136	0.568518	0.49823	0.407635	0.288258	0.126651	-0.0629088	-0.258491	-0.460635	-0.656879	-0.81266	-0.915458	-0.969697	-0.969697	
0.586357	0.645151	0.673663	0.669622	0.629092	0.570404	0.511628	0.476418	0.492582	0.555295	0.62651	0.657336	0.608548	0.464164	0.235259	-0.0561106	-0.356227	-0.612409	-0.790446	-0.869235	-0.855612	-0.746552	-0.540353	-0.263598	0.0389181	0.313855	0.517199	0.622824	0.635576	0.579762	0.490444	0.426397	0.420125	0.455611	0.514233	0.574941	0.609303	0.602971	0.556613	0.477442	0.362434	0.202153	0.0112653	-0.18925	-0.397595	-0.598086	-0.757193	-0.864066	-0.921437	-0.921437	
0.633307	0.654278	0.642334	0.59947	0.531641	0.459873	0.399949	0.37829	0.41356	0.496988	0.587783	0.634248	0.59871	0.46509	0.243055	-0.046008	-0.346113	-0.601554	-0.778653	-0.85874	-0.845256	-0.734344	-0.527005	-0.247815	0.0554138	0.323697	0.513876	0.602297	0.593665	0.512935	0.401761	0.324161	0.312111	0.351432	0.424229	0.505584	0.565431	0.587707	0.567831	0.508291	0.404217	0.248479	0.0615861	-0.129171	-0.318776	-0.497585	-0.644978	-0.75428	-0.818334	-0.818334	
0.644178	0.626075	0.576473	0.507009	0.424927	0.351379	0.302122	0.296948	0.35246	0.455132	0.559598	0.616993	0.590219	0.46385	0.244233	-0.0444121	-0.341404	-0.59475	-0.766805	-0.838187	-0.819317	-0.707089	-0.50105	-0.226559	0.0687611	0.326445	0.500333	0.56879	0.544912	0.454984	0.336974	0.251768	0.229923	0.260716	0.328677	0.409817	0.478831	0.521036	0.52598	0.489644	0.404647	0.266379	0.0997524	-0.0645516	-0.220149	-0.363803	-0.487458	-0.588618	-0.652462	-0.652462	
0.621928	0.567641	0.493142	0.40922	0.32426	0.259388	0.221478	0.232776	0.304513	0.418173	0.530027	0.593421	0.571971	0.451219	0.238314	-0.0432956	-0.333489	-0.57666	-0.735876	-0.801	-0.782159	-0.673198	-0.475655	-0.212665	0.0695592	0.312368	0.472999	0.534868	0.510237	0.419151	0.297403	0.203491	0.164999	0.17601	0.226144	0.293506	0.357437	0.405755	0.426506	0.414677	0.362924	0.265228	0.140763	0.015052	-0.103172	-0.208456	-0.297685	-0.373338	-0.42299	-0.42299	
0.571547	0.490601	0.399972	0.31073	0.231496	0.174699	0.149009	0.173612	0.255596	0.377155	0.494189	0.562224	0.548438	0.440863	0.239148	-0.0315622	-0.30741	-0.540756	-0.695513	-0.759712	-0.744695	-0.645597	-0.462791	-0.214486	0.0574597	0.295678	0.454116	0.514776	0.490814	0.399608	0.27352	0.166632	0.10623	0.0933779	0.119803	0.162691	0.207013	0.247609	0.277276	0.294302	0.290892	0.253757	0.187603	0.108028	0.0291915	-0.0346312	-0.0811939	-0.119356	-0.145572	-0.145572	
0.491465	0.392389	0.296526	0.211561	0.139581	0.0944015	0.079545	0.11504	0.208171	0.337788	0.460606	0.537744	0.537164	0.442172	0.252641	-0.00556659	-0.275708	-0.506667	-0.657669	-0.724887	-0.719308	-0.631074	-0.457919	-0.215016	0.0541639	0.289714	0.445499	0.505229	0.480611	0.385437	0.251827	0.130886	0.0481285	0.00903954	0.00614544	0.0174915	0.0362124	0.0658213	0.104672	0.153501	0.202861	0.23201	0.231307	0.206639	0.176764	0.161596	0.159762	0.157155	0.152077	0.152077	
0.381968	0.277651	0.188228	0.111858	0.0550996	0.0230784	0.0214602	0.0725151	0.177641	0.314725	0.443889	0.526917	0.531648	0.446654	0.264847	0.0107843	-0.252894	-0.478712	-0.630147	-0.701625	-0.698311	-0.610739	-0.440701	-0.20332	0.0610814	0.293567	0.444581	0.498187	0.467876	0.366834	0.225538	0.0886247	-0.0199005	-0.0875873	-0.119246	-0.134783	-0.134248	-0.109234	-0.0596882	0.0156866	0.108696	0.197976	0.264941	0.305879	0.338007	0.377822	0.41595	0.437357	0.444214	0.444214	
0.261983	0.168639	0.0942104	0.0370232	-0.00297441	-0.021133	-0.00910133	0.0520112	0.162897	0.301744	0.428345	0.509012	0.518607	0.438827	0.260966	0.0174725	-0.239039	-0.461251	-0.605372	-0.670318	-0.662586	-0.575831	-0.411372	-0.179013	0.078929	0.301109	0.441175	0.4863	0.447242	0.335656	0.182176	0.0259531	-0.10798	-0.198426	-0.247782	-0.275481	-0.279513	-0.2523	-0.194776	-0.103666	0.0196258	0.159788	0.292646	0.403378	0.502134	0.596293	0.667569	0.703979	0.716642	0.716642	
