-0.114913	-0.114913	-0.105828	-0.109325	-0.117335	-0.112295	-0.112396	-0.119565	-0.118926	-0.116547	-0.117915	-0.130037	-0.140021	-0.136968	-0.127051	-0.136594	-0.155729	-0.174884	-0.186592	-0.171863	-0.157022	-0.170994	-0.213763	-0.296038	-0.400967	-0.51248	-0.589164	-0.612671	-0.581561	-0.484258	-0.320209	-0.10116	0.135429	0.365314	0.570366	0.745277	0.860427	0.899668	0.845692	0.718147	0.552524	0.379812	0.236332	0.126669	0.0508077	0.00914191	-0.0201203	-0.0324285	-0.0391607	-0.0420084	
-0.111125	-0.111125	-0.115039	-0.116378	-0.113601	-0.110694	-0.117499	-0.128097	-0.122283	-0.116327	-0.122204	-0.135678	-0.138977	-0.13491	-0.13374	-0.145108	-0.172353	-0.186876	-0.189295	-0.173961	-0.163334	-0.190772	-0.248667	-0.337046	-0.451198	-0.548485	-0.610821	-0.611055	-0.558119	-0.438823	-0.251761	-0.0272564	0.21367	0.430156	0.630414	0.783093	0.879376	0.887792	0.809475	0.666498	0.495274	0.327226	0.197237	0.0928985	0.0346801	-0.0042805	-0.0264244	-0.0327138	-0.0388469	-0.0436046	
-0.113195	-0.113195	-0.118674	-0.119663	-0.114537	-0.117107	-0.117956	-0.123077	-0.126938	-0.122475	-0.129867	-0.146349	-0.141605	-0.129567	-0.139772	-0.153121	-0.177689	-0.192031	-0.183814	-0.169883	-0.175191	-0.212838	-0.290065	-0.384365	-0.500459	-0.584602	-0.624655	-0.604311	-0.526647	-0.384006	-0.179455	0.0524208	0.288018	0.496488	0.683499	0.816686	0.888497	0.867086	0.766641	0.612812	0.438151	0.28474	0.161082	0.073222	0.0244039	-0.0132158	-0.0268998	-0.0362485	-0.0450518	-0.0473204	
-0.115011	-0.115011	-0.120504	-0.122418	-0.114673	-0.12537	-0.130669	-0.120757	-0.121037	-0.125827	-0.134865	-0.147091	-0.145745	-0.133959	-0.151405	-0.171368	-0.18719	-0.193967	-0.179825	-0.16662	-0.187989	-0.240063	-0.326527	-0.431049	-0.537192	-0.606918	-0.621401	-0.578471	-0.477332	-0.309018	-0.0935125	0.145219	0.368763	0.571481	0.738505	0.853028	0.894303	0.843697	0.723397	0.55715	0.386181	0.241447	0.125699	0.0529572	0.00514777	-0.0241822	-0.0341641	-0.0440446	-0.047411	-0.0438136	
-0.119519	-0.119519	-0.127832	-0.123595	-0.109308	-0.124665	-0.138956	-0.127667	-0.125772	-0.134295	-0.144819	-0.142184	-0.138005	-0.138741	-0.157767	-0.183852	-0.19427	-0.194451	-0.17858	-0.177978	-0.213088	-0.28339	-0.374911	-0.484868	-0.575436	-0.624617	-0.611443	-0.545548	-0.416929	-0.228503	-0.00091006	0.234775	0.44862	0.63876	0.785135	0.875913	0.882941	0.805222	0.66529	0.491762	0.329331	0.192727	0.0933693	0.0324312	-0.00789206	-0.0268141	-0.0343946	-0.0432465	-0.0420995	-0.0442338	
-0.123333	-0.123333	-0.124991	-0.128747	-0.126795	-0.126375	-0.130128	-0.12644	-0.13075	-0.142686	-0.154293	-0.147937	-0.138129	-0.151889	-0.16963	-0.190005	-0.194199	-0.185467	-0.17381	-0.189386	-0.242506	-0.326518	-0.425879	-0.532664	-0.606592	-0.629626	-0.591529	-0.500172	-0.346214	-0.139847	0.0945966	0.322532	0.526238	0.699635	0.825401	0.887677	0.861502	0.760372	0.603621	0.432395	0.278574	0.15496	0.0714292	0.0185362	-0.0152328	-0.0286378	-0.0404718	-0.0467262	-0.046475	-0.052744	
-0.130367	-0.130367	-0.123079	-0.123602	-0.140389	-0.138074	-0.128354	-0.131095	-0.13691	-0.145721	-0.151428	-0.146181	-0.143552	-0.166916	-0.188087	-0.197876	-0.196859	-0.182445	-0.179591	-0.213579	-0.282052	-0.374447	-0.477537	-0.571599	-0.624054	-0.616726	-0.554292	-0.435391	-0.258256	-0.0371961	0.197652	0.414825	0.605861	0.75913	0.861941	0.889593	0.83317	0.706895	0.53992	0.372323	0.22739	0.117947	0.0465083	-0.000516499	-0.0250201	-0.0375651	-0.0473257	-0.0472507	-0.0492277	-0.0516466	
-0.141803	-0.141803	-0.127332	-0.119733	-0.138898	-0.143055	-0.131855	-0.138086	-0.149783	-0.154434	-0.148808	-0.143477	-0.153177	-0.178987	-0.196897	-0.2	-0.192605	-0.183439	-0.196039	-0.250642	-0.333495	-0.430365	-0.531696	-0.607028	-0.630923	-0.595277	-0.504879	-0.360865	-0.160896	0.068226	0.298174	0.502411	0.67659	0.808998	0.881718	0.875315	0.787484	0.641378	0.469529	0.309206	0.176768	0.0840841	0.0227328	-0.0128688	-0.0310884	-0.0416751	-0.0457869	-0.0465409	-0.0498532	-0.0500292	
-0.133723	-0.133723	-0.137074	-0.141359	-0.141651	-0.133583	-0.135499	-0.14823	-0.156723	-0.159263	-0.149051	-0.150383	-0.171003	-0.192367	-0.200183	-0.197027	-0.187587	-0.186936	-0.223806	-0.294552	-0.389186	-0.486999	-0.578616	-0.629971	-0.622541	-0.558456	-0.442265	-0.271523	-0.0563775	0.177027	0.394597	0.585074	0.738968	0.847399	0.88642	0.845743	0.729501	0.570145	0.399017	0.250156	0.13358	0.0557085	0.00573961	-0.0206861	-0.0365253	-0.0426444	-0.0474301	-0.0487949	-0.0523092	-0.0521689	
-0.129162	-0.129162	-0.147826	-0.154507	-0.142156	-0.135059	-0.144422	-0.156892	-0.15712	-0.156365	-0.153765	-0.164948	-0.192108	-0.203652	-0.203152	-0.193174	-0.188338	-0.202412	-0.262179	-0.34727	-0.444506	-0.539951	-0.612627	-0.633815	-0.59595	-0.502581	-0.362384	-0.166701	0.0574055	0.287401	0.489913	0.662698	0.795671	0.873642	0.879282	0.802157	0.665836	0.495989	0.33378	0.196777	0.098026	0.0319453	-0.00623575	-0.0295577	-0.0397877	-0.0472336	-0.0508502	-0.0527798	-0.0559828	-0.0554566	
-0.143816	-0.143816	-0.146237	-0.149856	-0.144549	-0.150547	-0.15951	-0.161473	-0.157992	-0.151171	-0.159598	-0.180972	-0.205488	-0.209014	-0.203503	-0.195754	-0.20058	-0.240249	-0.315544	-0.41036	-0.50284	-0.587175	-0.632083	-0.618993	-0.549119	-0.429723	-0.261727	-0.0497668	0.180445	0.397064	0.584168	0.735623	0.843675	0.888186	0.855868	0.747734	0.593162	0.421205	0.269364	0.146601	0.0634645	0.0090262	-0.0218217	-0.0397732	-0.0471393	-0.0543049	-0.0531668	-0.0566423	-0.0546274	-0.0547966	
-0.16211	-0.16211	-0.146871	-0.144166	-0.14496	-0.1583	-0.173157	-0.168558	-0.163624	-0.160163	-0.175165	-0.199321	-0.20734	-0.202964	-0.195304	-0.19814	-0.222498	-0.290079	-0.379378	-0.476041	-0.562776	-0.626728	-0.638802	-0.59154	-0.491073	-0.347094	-0.153341	0.0686358	0.296041	0.495263	0.663496	0.791872	0.869555	0.878057	0.806735	0.674586	0.506175	0.342448	0.201811	0.099005	0.0301769	-0.0107467	-0.0340486	-0.0438298	-0.0503859	-0.0508995	-0.0513112	-0.0531181	-0.0517728	-0.0560674	
-0.164486	-0.164486	-0.158109	-0.149883	-0.157568	-0.168471	-0.168326	-0.161289	-0.165203	-0.18108	-0.202107	-0.219317	-0.212485	-0.201326	-0.196984	-0.21173	-0.260171	-0.344653	-0.4404	-0.529943	-0.604727	-0.639756	-0.616827	-0.537307	-0.411568	-0.242246	-0.0317814	0.194532	0.407716	0.58836	0.734044	0.836559	0.880601	0.849774	0.746396	0.594144	0.424764	0.272366	0.149396	0.0658356	0.0111425	-0.0190518	-0.035756	-0.0436774	-0.0492794	-0.0504175	-0.0557541	-0.0567232	-0.0611951	-0.0639122	
-0.151592	-0.151592	-0.164954	-0.171888	-0.18424	-0.179821	-0.16119	-0.16073	-0.172539	-0.195161	-0.215896	-0.22013	-0.211298	-0.206166	-0.216714	-0.25262	-0.325208	-0.416955	-0.507767	-0.583053	-0.632975	-0.630451	-0.569817	-0.459466	-0.308768	-0.115285	0.105231	0.326845	0.520334	0.680095	0.80085	0.873131	0.878961	0.808944	0.67813	0.512283	0.349325	0.20889	0.105631	0.0355885	-0.00710961	-0.0315701	-0.0449372	-0.0531649	-0.0570047	-0.0607892	-0.0628563	-0.0630897	-0.0645177	-0.0620913	
-0.160505	-0.160505	-0.170847	-0.18405	-0.184811	-0.17473	-0.17355	-0.18608	-0.19761	-0.212165	-0.220539	-0.20903	-0.201557	-0.211139	-0.242686	-0.30592	-0.397601	-0.490962	-0.571565	-0.629465	-0.646431	-0.605063	-0.509806	-0.372998	-0.197337	0.0138277	0.23686	0.44354	0.615336	0.751383	0.844497	0.881532	0.845954	0.741109	0.58793	0.419654	0.266501	0.143982	0.0589736	0.0032649	-0.0281043	-0.0459833	-0.0546414	-0.058908	-0.0601531	-0.0611033	-0.059492	-0.0598509	-0.0586358	-0.0594962	
-0.188637	-0.188637	-0.182713	-0.179966	-0.171321	-0.173206	-0.190725	-0.206615	-0.222593	-0.231756	-0.222725	-0.207285	-0.209667	-0.23566	-0.287972	-0.371071	-0.466863	-0.55103	-0.614537	-0.646696	-0.62546	-0.547711	-0.424463	-0.264918	-0.0686088	0.150462	0.364557	0.548824	0.696719	0.806288	0.867767	0.864921	0.789708	0.65618	0.491361	0.32999	0.192641	0.0919487	0.0243114	-0.0159893	-0.0381297	-0.0494403	-0.054382	-0.0563976	-0.0575024	-0.057795	-0.0589893	-0.0608992	-0.0630349	-0.0672748	
-0.203069	-0.203069	-0.193881	-0.181899	-0.177879	-0.188552	-0.204716	-0.220286	-0.235502	-0.232546	-0.216233	-0.217339	-0.24117	-0.286028	-0.359354	-0.451696	-0.537119	-0.602457	-0.64041	-0.63536	-0.572921	-0.461764	-0.314236	-0.132651	0.0780319	0.294721	0.489842	0.648614	0.770778	0.850774	0.875386	0.830378	0.719982	0.565707	0.400186	0.251166	0.134123	0.053067	0.00134411	-0.0276961	-0.0438351	-0.0516072	-0.0558183	-0.0584235	-0.0605411	-0.0627155	-0.0656784	-0.0679847	-0.0712903	-0.0731915	
-0.201806	-0.201806	-0.199626	-0.196353	-0.202325	-0.2141	-0.225429	-0.234218	-0.230336	-0.216974	-0.217277	-0.243288	-0.288312	-0.355281	-0.444825	-0.533207	-0.5996	-0.640835	-0.645749	-0.59751	-0.496949	-0.357949	-0.187908	0.0126314	0.228394	0.431675	0.601743	0.734213	0.828599	0.874718	0.85782	0.772366	0.63351	0.469264	0.311378	0.179713	0.0837232	0.0198804	-0.0183549	-0.0399596	-0.0517076	-0.0579681	-0.062087	-0.064998	-0.0675011	-0.0700445	-0.0718494	-0.0733992	-0.0743238	-0.0738896	
-0.193872	-0.193872	-0.202711	-0.2187	-0.23642	-0.246806	-0.247185	-0.236528	-0.218328	-0.215	-0.23935	-0.283127	-0.347687	-0.435787	-0.527622	-0.599061	-0.643502	-0.656337	-0.621788	-0.53239	-0.401437	-0.240152	-0.0500163	0.16142	0.369882	0.550294	0.692854	0.79833	0.861475	0.868591	0.808727	0.688407	0.531114	0.368062	0.224564	0.113804	0.0374566	-0.0108331	-0.0386814	-0.0543987	-0.0626733	-0.0674805	-0.0703365	-0.0720417	-0.0731669	-0.0735104	-0.0731333	-0.0726622	-0.0714858	-0.0712376	
-0.203643	-0.203643	-0.217328	-0.23872	-0.255252	-0.259383	-0.251152	-0.237338	-0.233162	-0.250331	-0.287699	-0.344746	-0.42549	-0.515751	-0.588964	-0.63565	-0.654717	-0.632191	-0.556343	-0.434927	-0.282765	-0.103782	0.0993981	0.308164	0.495945	0.64731	0.761312	0.837063	0.863542	0.827585	0.727763	0.581799	0.418451	0.266402	0.143123	0.0546962	-0.0029126	-0.0369577	-0.0556597	-0.0651243	-0.0693964	-0.0711099	-0.0712267	-0.0706891	-0.0698288	-0.0688567	-0.0685649	-0.0690072	-0.0707866	-0.074532	
-0.247966	-0.247966	-0.250027	-0.250408	-0.246699	-0.241465	-0.238813	-0.245763	-0.269603	-0.309587	-0.365918	-0.441612	-0.524773	-0.592654	-0.634809	-0.651406	-0.632968	-0.564978	-0.450288	-0.304524	-0.134493	0.0592471	0.264624	0.456264	0.614353	0.734782	0.818908	0.859892	0.844135	0.764881	0.632793	0.47344	0.316148	0.182775	0.083032	0.0162535	-0.0243395	-0.0466371	-0.0578948	-0.0627935	-0.0647024	-0.0652558	-0.0655262	-0.0662182	-0.0675765	-0.0700377	-0.0737192	-0.078356	-0.084045	-0.0897171	
-0.291994	-0.291994	-0.281194	-0.262857	-0.244588	-0.234809	-0.239946	-0.264443	-0.30981	-0.374991	-0.456589	-0.542252	-0.611585	-0.653764	-0.669515	-0.651912	-0.587101	-0.474996	-0.330429	-0.163741	0.0248372	0.228039	0.423612	0.589104	0.716569	0.807965	0.860338	0.861649	0.801771	0.684981	0.532405	0.372648	0.230526	0.119538	0.042161	-0.00685717	-0.0353112	-0.0508177	-0.0590134	-0.0636035	-0.0668253	-0.0697318	-0.0730009	-0.0767484	-0.0809476	-0.0854669	-0.0897698	-0.0935182	-0.0961507	-0.0970629	
-0.304934	-0.304934	-0.294198	-0.278456	-0.265668	-0.263412	-0.27907	-0.317533	-0.378765	-0.457414	-0.540197	-0.6096	-0.655633	-0.676309	-0.664651	-0.607529	-0.502537	-0.36319	-0.20151	-0.018842	0.180572	0.37797	0.549704	0.684172	0.78233	0.844032	0.85978	0.817715	0.717017	0.573658	0.414518	0.265897	0.144866	0.0569489	-0.000956877	-0.0361728	-0.0563382	-0.0677161	-0.074396	-0.0789155	-0.0824775	-0.0856481	-0.0885618	-0.091077	-0.0930588	-0.094238	-0.0944355	-0.0936987	-0.092053	-0.0900909	
-0.295763	-0.295763	-0.293482	-0.292984	-0.299977	-0.320393	-0.358955	-0.415828	-0.484663	-0.554263	-0.612582	-0.652122	-0.669634	-0.657488	-0.603498	-0.504725	-0.372434	-0.218368	-0.0445198	0.146999	0.340718	0.513502	0.651041	0.752588	0.819692	0.845463	0.817793	0.731945	0.598973	0.442985	0.290728	0.161959	0.0652593	-0.000273235	-0.0409606	-0.0644191	-0.0772487	-0.0840903	-0.0877905	-0.0898979	-0.0911053	-0.0917293	-0.0918196	-0.091415	-0.0905731	-0.0893889	-0.088163	-0.0872458	-0.0871491	-0.0885479	
-0.280065	-0.280065	-0.292026	-0.316403	-0.354152	-0.405455	-0.467332	-0.532997	-0.593698	-0.641609	-0.671897	-0.680545	-0.659752	-0.599926	-0.499504	-0.368475	-0.217532	-0.0487776	0.136611	0.325917	0.497509	0.635795	0.738487	0.807996	0.839857	0.822712	0.749282	0.626358	0.47481	0.32091	0.186193	0.0819675	0.00950128	-0.036308	-0.0628854	-0.077105	-0.0841368	-0.0872748	-0.0884357	-0.0885912	-0.088238	-0.0876267	-0.0869212	-0.0863147	-0.0860136	-0.0863114	-0.0875595	-0.0900981	-0.0943088	-0.100387	
-0.289955	-0.289955	-0.315915	-0.364194	-0.428644	-0.501271	-0.57287	-0.634995	-0.681608	-0.708369	-0.710302	-0.680258	-0.611827	-0.506031	-0.372386	-0.220172	-0.051614	0.131985	0.319424	0.490729	0.630156	0.734269	0.805749	0.842025	0.832989	0.770043	0.6566	0.510347	0.356363	0.217213	0.106387	0.0272591	-0.0239747	-0.054304	-0.0707827	-0.0789861	-0.0826678	-0.0840795	-0.0844675	-0.0844862	-0.0845151	-0.0848005	-0.0855744	-0.0870717	-0.089537	-0.0932252	-0.0983218	-0.104919	-0.112923	-0.121942	
-0.369684	-0.369684	-0.396578	-0.446185	-0.510821	-0.580787	-0.646319	-0.698848	-0.730761	-0.734421	-0.702568	-0.631461	-0.524354	-0.390198	-0.236838	-0.066724	0.117694	0.305381	0.477693	0.61935	0.726211	0.800732	0.841496	0.839662	0.786169	0.682011	0.542014	0.389688	0.247942	0.131898	0.046822	-0.00974439	-0.0441837	-0.0635549	-0.0737303	-0.0788451	-0.081472	-0.083092	-0.0845139	-0.0861989	-0.0884374	-0.0914428	-0.0953887	-0.100393	-0.106502	-0.11364	-0.121559	-0.129814	-0.137728	-0.144456	
-0.520268	-0.520268	-0.536948	-0.56814	-0.60928	-0.653636	-0.692918	-0.717721	-0.718367	-0.687	-0.620387	-0.521278	-0.396069	-0.249901	-0.0848348	0.0953649	0.27921	0.4491	0.590622	0.699239	0.776703	0.821856	0.826681	0.782046	0.687277	0.554754	0.406216	0.26431	0.145207	0.0557144	-0.00532237	-0.0435739	-0.0659262	-0.0784124	-0.0854331	-0.0898101	-0.0931856	-0.0964508	-0.100065	-0.104258	-0.109122	-0.114652	-0.12075	-0.127206	-0.133691	-0.139747	-0.144816	-0.148296	-0.149639	-0.148517	
-0.706275	-0.706275	-0.712107	-0.721819	-0.731552	-0.735774	-0.727861	-0.701202	-0.650918	-0.575463	-0.476667	-0.357585	-0.219962	-0.0646085	0.104359	0.275815	0.434086	0.566708	0.669596	0.743902	0.788202	0.794898	0.754982	0.666708	0.540435	0.39603	0.255336	0.134918	0.0426545	-0.0215102	-0.0625244	-0.0869913	-0.100971	-0.109017	-0.114106	-0.117969	-0.121507	-0.125126	-0.128949	-0.132933	-0.136933	-0.14072	-0.144003	-0.146448	-0.147715	-0.147508	-0.145657	-0.142205	-0.137504	-0.132296	
-0.901397	-0.901397	-0.894525	-0.878713	-0.850584	-0.80656	-0.743979	-0.661964	-0.561629	-0.445185	-0.314397	-0.169861	-0.0126492	0.152312	0.314515	0.460876	0.581842	0.67477	0.740801	0.77839	0.780486	0.738721	0.651114	0.526726	0.383783	0.243059	0.121005	0.0261124	-0.0408433	-0.0841597	-0.110121	-0.124742	-0.13268	-0.137043	-0.139661	-0.141487	-0.142936	-0.144124	-0.145005	-0.145458	-0.145327	-0.144459	-0.142739	-0.140126	-0.136699	-0.132705	-0.128597	-0.125063	-0.123027	-0.12361	
-1.07316	-1.07316	-1.04976	-1.00315	-0.934011	-0.843778	-0.734666	-0.609302	-0.470015	-0.318339	-0.155556	0.0154049	0.187896	0.351529	0.495397	0.612554	0.701646	0.763698	0.796909	0.794798	0.750076	0.661331	0.537144	0.394588	0.253399	0.129663	0.0321801	-0.0376271	-0.0834451	-0.111183	-0.126735	-0.134806	-0.138628	-0.140164	-0.140484	-0.140106	-0.139243	-0.137961	-0.136268	-0.13417	-0.131706	-0.128974	-0.126159	-0.123554	-0.121575	-0.120773	-0.121828	-0.125533	-0.132753	-0.144383	
-1.16551	-1.16551	-1.13087	-1.06371	-0.967684	-0.847146	-0.706247	-0.548437	-0.376665	-0.194431	-0.00726835	0.176464	0.346654	0.494368	0.614719	0.707044	0.771732	0.806304	0.804593	0.760442	0.673387	0.552014	0.412544	0.273675	0.150885	0.0530026	-0.0180892	-0.0655074	-0.0947203	-0.111391	-0.120172	-0.124347	-0.125976	-0.126235	-0.125748	-0.124829	-0.123652	-0.122336	-0.121002	-0.119808	-0.118961	-0.118738	-0.119497	-0.121676	-0.125801	-0.132474	-0.142356	-0.156142	-0.174516	-0.19809	
-1.14121	-1.14121	-1.10553	-1.03546	-0.933339	-0.802234	-0.645921	-0.469226	-0.278647	-0.0827548	0.108289	0.284421	0.437989	0.565155	0.665034	0.736781	0.776908	0.779407	0.739279	0.657214	0.542075	0.409381	0.276717	0.158698	0.0638634	-0.00567788	-0.0525728	-0.0818307	-0.0987983	-0.107971	-0.112592	-0.114746	-0.115659	-0.116011	-0.116179	-0.116394	-0.11684	-0.117699	-0.119186	-0.121562	-0.125145	-0.130312	-0.137502	-0.147208	-0.159964	-0.176314	-0.196781	-0.221801	-0.25165	-0.286349	
-1.00507	-1.00507	-0.971297	-0.904133	-0.804745	-0.675732	-0.521785	-0.35003	-0.169683	0.00912859	0.17715	0.327602	0.456592	0.561824	0.640346	0.6871	0.695858	0.662515	0.588768	0.483699	0.362062	0.240158	0.131459	0.0439184	-0.0203669	-0.0636934	-0.0906202	-0.106116	-0.114429	-0.118673	-0.120884	-0.122281	-0.123554	-0.125101	-0.127179	-0.129996	-0.133761	-0.138712	-0.145123	-0.153307	-0.163615	-0.176426	-0.192125	-0.211081	-0.233607	-0.259911	-0.290035	-0.323784	-0.360656	-0.399773	
-0.767304	-0.767304	-0.734261	-0.669665	-0.576678	-0.460302	-0.327249	-0.185324	-0.0423661	0.0948989	0.221492	0.333827	0.428424	0.500493	0.543641	0.551459	0.520524	0.45318	0.358319	0.249509	0.141322	0.0456189	-0.0306879	-0.0858759	-0.122132	-0.143684	-0.155146	-0.160496	-0.162672	-0.16361	-0.164475	-0.165926	-0.168336	-0.171937	-0.176912	-0.183435	-0.191692	-0.201892	-0.214252	-0.228993	-0.246321	-0.266402	-0.28933	-0.315095	-0.343539	-0.374315	-0.406851	-0.440315	-0.473608	-0.505368	
-0.425001	-0.425001	-0.397361	-0.344627	-0.271481	-0.183961	-0.0884784	0.00913533	0.104209	0.193155	0.272702	0.338802	0.385962	0.407729	0.398543	0.356271	0.284134	0.190822	0.0885603	-0.0100787	-0.0952054	-0.161353	-0.207566	-0.236249	-0.25153	-0.257829	-0.258943	-0.257693	-0.255948	-0.254833	-0.254975	-0.256709	-0.260215	-0.265607	-0.272969	-0.282379	-0.293909	-0.307615	-0.32353	-0.341642	-0.361877	-0.384075	-0.407969	-0.433159	-0.459098	-0.485078	-0.510227	-0.533517	-0.553787	-0.569772	
0.00445368	0.00445368	0.0188783	0.046169	0.0836007	0.127893	0.175761	0.22413	0.269897	0.309358	0.337712	0.34913	0.337766	0.299549	0.2341	0.14581	0.0433927	-0.0620684	-0.159829	-0.241875	-0.304181	-0.346623	-0.371916	-0.384193	-0.387758	-0.386306	-0.382606	-0.37852	-0.375193	-0.37327	-0.37309	-0.374814	-0.37851	-0.384195	-0.391852	-0.401439	-0.412881	-0.426067	-0.440834	-0.45696	-0.474147	-0.492016	-0.510089	-0.527788	-0.544429	-0.559222	-0.571276	-0.579605	-0.583136	-0.580718	
0.465386	0.465386	0.465432	0.465652	0.46619	0.466968	0.467293	0.465397	0.458102	0.440873	0.408489	0.35636	0.282144	0.187097	0.0764981	-0.0411609	-0.156034	-0.25916	-0.344277	-0.408665	-0.452917	-0.479971	-0.493885	-0.498792	-0.498233	-0.494897	-0.490632	-0.486612	-0.483532	-0.481772	-0.481524	-0.482868	-0.485809	-0.490306	-0.496272	-0.503583	-0.512066	-0.521502	-0.531613	-0.542061	-0.552434	-0.562248	-0.570931	-0.577829	-0.582192	-0.583179	-0.579857	-0.571205	-0.556127	-0.533476	
0.897624	0.897624	0.88905	0.872302	0.847875	0.815859	0.775455	0.724735	0.660885	0.580955	0.483028	0.367406	0.237387	0.0992088	-0.0389119	-0.168396	-0.282031	-0.375237	-0.446536	-0.497196	-0.53035	-0.549963	-0.559967	-0.563722	-0.563805	-0.56203	-0.559591	-0.557232	-0.555396	-0.55433	-0.554159	-0.554923	-0.556599	-0.55911	-0.562327	-0.566069	-0.5701	-0.574124	-0.577782	-0.580645	-0.582212	-0.581899	-0.579046	-0.572907	-0.562661	-0.547418	-0.526242	-0.498177	-0.4623	-0.417777	
1.271	1.271	1.25797	1.23139	1.19023	1.13296	1.05777	0.963004	0.847888	0.713299	0.562367	0.400628	0.235538	0.0754124	-0.0719494	-0.20054	-0.306955	-0.390544	-0.452965	-0.497372	-0.527537	-0.547142	-0.559338	-0.566583	-0.570654	-0.572774	-0.573754	-0.574115	-0.574188	-0.574172	-0.574168	-0.5742	-0.574227	-0.574142	-0.573775	-0.572894	-0.571199	-0.568325	-0.563836	-0.557231	-0.54794	-0.535332	-0.518725	-0.4974	-0.470623	-0.43768	-0.397917	-0.350789	-0.295919	-0.233162	
1.5746	1.5746	1.55556	1.51662	1.45632	1.37318	1.26634	1.13628	0.985473	0.818539	0.642082	0.463957	0.292216	0.133954	-0.00563704	-0.123774	-0.22006	-0.296018	-0.354395	-0.398429	-0.43129	-0.455719	-0.473897	-0.487458	-0.497576	-0.505077	-0.510542	-0.514374	-0.516851	-0.518151	-0.518369	-0.517523	-0.515561	-0.512358	-0.507724	-0.501399	-0.493062	-0.482331	-0.468769	-0.451898	-0.431206	-0.406167	-0.376266	-0.341018	-0.300007	-0.252922	-0.199586	-0.140003	-0.0743771	-0.00313943	
1.7854	1.7854	1.75793	1.70306	1.62117	1.51341	1.38211	1.23113	1.0659	0.893061	0.71983	0.553157	0.398877	0.261091	0.141899	0.0415177	-0.0413016	-0.108711	-0.163218	-0.207257	-0.242942	-0.271965	-0.295614	-0.31484	-0.330343	-0.342641	-0.352124	-0.359086	-0.363744	-0.366243	-0.366662	-0.365017	-0.361258	-0.355272	-0.346889	-0.335886	-0.321993	-0.304902	-0.284283	-0.259794	-0.231104	-0.197909	-0.159959	-0.117076	-0.0691823	-0.0163189	0.0413398	0.103475	0.169622	0.239178	
1.8644	1.8644	1.83124	1.76634	1.67255	1.55408	1.41638	1.26582	1.1092	0.953212	0.803741	0.665389	0.54115	0.432362	0.338922	0.259679	0.192884	0.1366	0.0890078	0.0485671	0.0140731	-0.0153729	-0.040425	-0.0615628	-0.079148	-0.0934641	-0.104739	-0.113155	-0.118854	-0.121934	-0.122451	-0.120412	-0.115783	-0.108485	-0.0983997	-0.085376	-0.0692371	-0.0497913	-0.0268434	-0.000208244	0.0302739	0.0647227	0.103202	0.145707	0.192149	0.242351	0.296032	0.352811	0.412195	0.47357	
1.78574	1.78574	1.75482	1.69503	1.61023	1.50574	1.38779	1.26288	1.13715	1.01584	0.902888	0.800753	0.710502	0.632031	0.564425	0.506331	0.456284	0.412926	0.375136	0.342053	0.313058	0.287714	0.265717	0.246842	0.230916	0.217795	0.20736	0.199509	0.194162	0.191262	0.190778	0.192703	0.19706	0.203894	0.213275	0.225289	0.240037	0.257625	0.278155	0.301721	0.328392	0.358207	0.391161	0.427191	0.466168	0.507874	0.551991	0.59808	0.645551	0.693643	
1.56548	1.56548	1.54492	1.50541	1.44995	1.38251	1.30756	1.22951	1.15222	1.07872	1.01102	0.950123	0.896219	0.848895	0.807411	0.770919	0.738622	0.709857	0.684129	0.661089	0.640507	0.62223	0.606155	0.592207	0.580325	0.570454	0.562549	0.556567	0.552476	0.550252	0.549882	0.551362	0.554702	0.559922	0.567051	0.576123	0.58718	0.600262	0.615404	0.632628	0.651939	0.673307	0.696659	0.721861	0.748699	0.776855	0.805881	0.835175	0.863957	0.891243	
1.26244	1.26244	1.25603	1.24385	1.22705	1.2071	1.18554	1.1638	1.14294	1.12365	1.10621	1.09056	1.07643	1.06344	1.05126	1.03961	1.02831	1.01732	1.00663	0.996342	0.98655	0.977371	0.968916	0.961284	0.954559	0.948813	0.944104	0.940474	0.937959	0.936581	0.936351	0.937272	0.939335	0.942522	0.946804	0.95214	0.958476	0.965743	0.973853	0.982695	0.992126	1.00196	1.01198	1.02186	1.03124	1.03964	1.04648	1.05104	1.05249	1.04989	
0.954435	0.954435	0.960934	0.973673	0.992135	1.01556	1.04296	1.07319	1.10499	1.13711	1.16837	1.19776	1.22448	1.24803	1.26811	1.28468	1.29788	1.30798	1.31533	1.32032	1.32337	1.32486	1.32517	1.32465	1.32361	1.3223	1.32095	1.31976	1.31885	1.31832	1.31823	1.31859	1.31936	1.32046	1.32176	1.32311	1.32429	1.32506	1.32511	1.32411	1.32169	1.31743	1.31086	1.30151	1.28882	1.27225	1.25121	1.22513	1.19346	1.15569	
0.710987	0.710987	0.726266	0.756046	0.798838	0.852572	0.914771	0.982747	1.0538	1.1254	1.19533	1.26176	1.32333	1.37909	1.42854	1.4715	1.5081	1.53865	1.56364	1.58365	1.59928	1.61118	1.61997	1.62624	1.63054	1.63334	1.63507	1.63607	1.63659	1.63681	1.63685	1.63671	1.63633	1.63556	1.63416	1.63184	1.6282	1.62278	1.61506	1.60448	1.5904	1.57219	1.5492	1.52077	1.48633	1.44535	1.39742	1.3423	1.27992	1.21043	
0.578446	0.578446	0.5979	0.635833	0.690389	0.758993	0.838578	0.925826	1.01741	1.11021	1.20147	1.28888	1.37067	1.44558	1.51283	1.57206	1.62326	1.66672	1.70293	1.73252	1.75621	1.77478	1.78899	1.7996	1.80729	1.8127	1.81636	1.81872	1.82012	1.82082	1.82093	1.82048	1.81939	1.81746	1.81437	1.80973	1.80303	1.79367	1.78099	1.76426	1.74271	1.71556	1.68206	1.64149	1.59328	1.53697	1.47235	1.39941	1.31848	1.2302	
0.578446	0.578446	0.5979	0.635833	0.690389	0.758993	0.838578	0.925826	1.01741	1.11021	1.20147	1.28888	1.37067	1.44558	1.51283	1.57206	1.62326	1.66672	1.70293	1.73252	1.75621	1.77478	1.78899	1.7996	1.80729	1.8127	1.81636	1.81872	1.82012	1.82082	1.82093	1.82048	1.81939	1.81746	1.81437	1.80973	1.80303	1.79367	1.78099	1.76426	1.74271	1.71556	1.68206	1.64149	1.59328	1.53697	1.47235	1.39941	1.31848	1.2302	
