-0.719334	-0.704008	-0.677843	-0.636895	-0.583942	-0.535249	-0.481197	-0.41286	-0.332317	-0.222526	-0.0924407	0.0269302	0.119157	0.179012	0.188279	0.143665	0.0623787	-0.0448222	-0.167333	-0.284342	-0.364096	-0.381229	-0.344684	-0.258006	-0.122469	0.04071	0.195244	0.325814	0.420854	0.459572	0.452432	0.414172	0.361138	0.31098	0.289509	0.293302	0.31038	0.340893	0.353309	0.337317	0.28461	0.198156	0.0913299	-0.0448565	-0.176451	-0.284323	-0.384583	-0.456253	-0.485004	-0.485004	
-0.704008	-0.681589	-0.652411	-0.617499	-0.585178	-0.560814	-0.527528	-0.479275	-0.411889	-0.299786	-0.164986	-0.0378955	0.070402	0.143508	0.166711	0.137618	0.0573186	-0.0519277	-0.181373	-0.310419	-0.386065	-0.394111	-0.350053	-0.247254	-0.0994023	0.0600064	0.205472	0.317878	0.391401	0.416295	0.389219	0.341069	0.293981	0.254708	0.250948	0.275961	0.314324	0.358405	0.385274	0.383473	0.339707	0.263023	0.165929	0.044725	-0.0843933	-0.204231	-0.310029	-0.390081	-0.429593	-0.429593	
-0.677843	-0.652411	-0.629195	-0.621789	-0.619793	-0.613988	-0.600103	-0.567487	-0.500896	-0.391911	-0.25563	-0.116837	0.00559642	0.094182	0.142004	0.134867	0.0691095	-0.0383242	-0.167672	-0.288901	-0.358913	-0.360846	-0.308949	-0.202138	-0.0644988	0.0787981	0.203217	0.2928	0.34145	0.339968	0.29542	0.233505	0.182531	0.154586	0.162974	0.205986	0.275325	0.340582	0.383217	0.405988	0.389946	0.334348	0.248088	0.14631	0.0330747	-0.0845995	-0.182727	-0.256745	-0.29592	-0.29592	
-0.636895	-0.617499	-0.621789	-0.641119	-0.661691	-0.677872	-0.677663	-0.656928	-0.595592	-0.496975	-0.361183	-0.209203	-0.0717108	0.0379274	0.114771	0.130813	0.0823204	-0.0124007	-0.128842	-0.230731	-0.289898	-0.28825	-0.233523	-0.139207	-0.0213195	0.0967449	0.186262	0.247232	0.260579	0.228804	0.169758	0.0980225	0.0466683	0.0225397	0.0431878	0.102334	0.188437	0.283461	0.359223	0.412223	0.431172	0.406995	0.342696	0.260598	0.164423	0.0669951	-0.00681059	-0.0643855	-0.0951645	-0.0951645	
-0.583942	-0.585178	-0.619793	-0.661691	-0.697842	-0.734477	-0.752174	-0.743727	-0.691122	-0.597762	-0.465781	-0.304276	-0.15494	-0.0290187	0.0703184	0.109259	0.080799	0.00599209	-0.086366	-0.161859	-0.208351	-0.204103	-0.148641	-0.0692375	0.0250734	0.109996	0.165175	0.191104	0.165676	0.105768	0.0302262	-0.0521842	-0.107499	-0.124386	-0.0937755	-0.0209267	0.0825951	0.204984	0.320108	0.40828	0.456713	0.463881	0.437117	0.384193	0.316198	0.250569	0.200591	0.165797	0.144363	0.144363	
-0.535249	-0.560814	-0.613988	-0.677872	-0.734477	-0.787395	-0.815462	-0.811865	-0.769331	-0.682325	-0.550674	-0.394669	-0.246716	-0.108677	0.00322404	0.0579678	0.0543086	0.00399374	-0.0634342	-0.115026	-0.146754	-0.135524	-0.0754819	-0.00836846	0.0608783	0.120213	0.142607	0.131353	0.0810186	-0.00228662	-0.0987304	-0.187738	-0.250368	-0.269417	-0.232559	-0.142343	-0.014548	0.130048	0.269413	0.386626	0.468285	0.505298	0.516588	0.50528	0.478332	0.45269	0.423758	0.404325	0.395826	0.395826	
-0.481197	-0.527528	-0.600103	-0.677663	-0.752174	-0.815462	-0.856928	-0.855306	-0.815932	-0.737748	-0.619381	-0.480119	-0.340233	-0.209576	-0.0982034	-0.032912	-0.0126238	-0.0403125	-0.0782144	-0.104612	-0.119949	-0.0988099	-0.0337037	0.0308227	0.0844667	0.128733	0.13008	0.0921135	0.0183344	-0.0844744	-0.198128	-0.300142	-0.373085	-0.390573	-0.340633	-0.236194	-0.0896681	0.0714539	0.228027	0.361632	0.465918	0.542669	0.592493	0.619077	0.631006	0.638633	0.632134	0.621616	0.621769	0.621769	
-0.41286	-0.479275	-0.567487	-0.656928	-0.743727	-0.811865	-0.855306	-0.864403	-0.826295	-0.757854	-0.668559	-0.560483	-0.444031	-0.332035	-0.226614	-0.149813	-0.115226	-0.115945	-0.130159	-0.142413	-0.133123	-0.0905107	-0.0235838	0.0424106	0.0923074	0.1216	0.112836	0.0632412	-0.0262513	-0.141737	-0.267252	-0.382422	-0.452004	-0.455037	-0.397092	-0.282517	-0.125017	0.0461443	0.21639	0.361485	0.48075	0.582891	0.658718	0.711357	0.745256	0.77291	0.788442	0.790842	0.800005	0.800005	
-0.332317	-0.411889	-0.500896	-0.595592	-0.691122	-0.769331	-0.815932	-0.826295	-0.799944	-0.761047	-0.709068	-0.64273	-0.560995	-0.469642	-0.371011	-0.289221	-0.246166	-0.223925	-0.217041	-0.211039	-0.174521	-0.107933	-0.0403291	0.0312012	0.0861826	0.106046	0.0920855	0.0350986	-0.0614646	-0.186587	-0.313482	-0.420231	-0.476386	-0.467734	-0.397874	-0.268808	-0.108937	0.0649218	0.239278	0.400292	0.536635	0.639181	0.721063	0.779002	0.817445	0.8489	0.867027	0.879736	0.890114	0.890114	
-0.222526	-0.299786	-0.391911	-0.496975	-0.597762	-0.682325	-0.737748	-0.757854	-0.761047	-0.758691	-0.754388	-0.734679	-0.687425	-0.61202	-0.531391	-0.451066	-0.391834	-0.357073	-0.327585	-0.291718	-0.227159	-0.144141	-0.0616285	0.015978	0.0715508	0.0920152	0.0700211	0.00247442	-0.0975409	-0.219643	-0.338576	-0.424242	-0.45962	-0.434419	-0.348702	-0.211161	-0.0409168	0.144272	0.320346	0.478801	0.611172	0.70279	0.770776	0.815293	0.840749	0.863989	0.877888	0.886173	0.892247	0.892247	
-0.0924407	-0.164986	-0.25563	-0.361183	-0.465781	-0.550674	-0.619381	-0.668559	-0.709068	-0.754388	-0.797331	-0.817929	-0.803078	-0.748917	-0.683426	-0.613765	-0.54729	-0.4973	-0.44642	-0.378271	-0.285768	-0.184713	-0.0825256	0.00198132	0.0600479	0.0782846	0.0419416	-0.0311158	-0.130614	-0.241742	-0.340036	-0.400227	-0.411866	-0.364493	-0.262393	-0.116363	0.0688653	0.257229	0.42819	0.575783	0.682612	0.75346	0.800568	0.822544	0.829774	0.834294	0.834834	0.834197	0.83314	0.83314	
0.0269302	-0.0378955	-0.116837	-0.209203	-0.304276	-0.394669	-0.480119	-0.560483	-0.64273	-0.734679	-0.817929	-0.874411	-0.892128	-0.869896	-0.818428	-0.757547	-0.691953	-0.628293	-0.55418	-0.457819	-0.337692	-0.209473	-0.0900527	0.00327058	0.0551082	0.0596571	0.0126578	-0.0599971	-0.151172	-0.247973	-0.324919	-0.36471	-0.354789	-0.286726	-0.162293	0.00183776	0.190563	0.369276	0.527601	0.660564	0.742754	0.788598	0.81265	0.811528	0.798503	0.781175	0.761992	0.748986	0.741878	0.741878	
0.119157	0.070402	0.00559642	-0.0717108	-0.15494	-0.246716	-0.340233	-0.444031	-0.560995	-0.687425	-0.803078	-0.892128	-0.940137	-0.953615	-0.929447	-0.88014	-0.818515	-0.739373	-0.633957	-0.505136	-0.357736	-0.207719	-0.0801253	0.0117976	0.0531721	0.046582	0.000801942	-0.070055	-0.155527	-0.239142	-0.301974	-0.328894	-0.302361	-0.217385	-0.0784604	0.101956	0.291595	0.464022	0.610559	0.715261	0.779792	0.808439	0.806456	0.78643	0.750541	0.716695	0.686385	0.657256	0.647127	0.647127	
0.179012	0.143508	0.094182	0.0379274	-0.0290187	-0.108677	-0.209576	-0.332035	-0.469642	-0.61202	-0.748917	-0.869896	-0.953615	-0.997748	-1.00226	-0.968142	-0.910129	-0.823435	-0.69286	-0.528648	-0.355741	-0.188341	-0.0457637	0.0381068	0.0669032	0.0566538	0.0144502	-0.0579258	-0.138621	-0.212765	-0.276289	-0.294864	-0.255871	-0.155496	-0.0099533	0.166538	0.353663	0.518465	0.655505	0.74342	0.789078	0.801136	0.77905	0.744274	0.696356	0.649593	0.611302	0.577349	0.563815	0.563815	
0.188279	0.166711	0.142004	0.114771	0.0703184	0.00322404	-0.0982034	-0.226614	-0.371011	-0.531391	-0.683426	-0.818428	-0.929447	-1.00226	-1.0266	-1.01023	-0.964675	-0.869082	-0.716278	-0.527032	-0.327895	-0.142544	0.00608042	0.0899078	0.117684	0.103003	0.0574249	-0.0197353	-0.110528	-0.190535	-0.246858	-0.253035	-0.207039	-0.101505	0.045482	0.212148	0.385273	0.536265	0.656744	0.734142	0.767496	0.763799	0.730015	0.682851	0.630125	0.577111	0.533397	0.504807	0.488761	0.488761	
0.143665	0.137618	0.134867	0.130813	0.109259	0.0579678	-0.032912	-0.149813	-0.289221	-0.451066	-0.613765	-0.757547	-0.88014	-0.968142	-1.01023	-1.00874	-0.963027	-0.854353	-0.673974	-0.461095	-0.24505	-0.0520818	0.0954424	0.181452	0.205659	0.1851	0.124308	0.0304912	-0.0716821	-0.156638	-0.205097	-0.210628	-0.163932	-0.0603339	0.0812031	0.24097	0.3973	0.535847	0.635568	0.691438	0.714023	0.699286	0.656462	0.59855	0.542042	0.488125	0.44513	0.424423	0.40648	0.40648	
0.0623787	0.0573186	0.0691095	0.0823204	0.080799	0.0543086	-0.0126238	-0.115226	-0.246166	-0.391834	-0.54729	-0.691953	-0.818515	-0.910129	-0.964675	-0.963027	-0.896884	-0.766036	-0.562639	-0.326483	-0.0961394	0.102348	0.251562	0.332226	0.341499	0.304376	0.224296	0.111823	0.00140353	-0.0955818	-0.157921	-0.174579	-0.133205	-0.0357948	0.0890597	0.237383	0.380363	0.502125	0.588898	0.629354	0.639014	0.613194	0.562885	0.504053	0.444042	0.384863	0.337791	0.311819	0.290927	0.290927	
-0.0448222	-0.0519277	-0.0383242	-0.0124007	0.00599209	0.00399374	-0.0403125	-0.115945	-0.223925	-0.357073	-0.4973	-0.628293	-0.739373	-0.823435	-0.869082	-0.854353	-0.766036	-0.605258	-0.383507	-0.12986	0.118043	0.3259	0.46984	0.540557	0.534675	0.466251	0.358881	0.225385	0.0933255	-0.0237176	-0.104853	-0.136067	-0.116094	-0.0384358	0.0762166	0.208844	0.338527	0.445861	0.516694	0.545847	0.537729	0.498188	0.442356	0.380826	0.322228	0.264383	0.214742	0.182853	0.159986	0.159986	
-0.167333	-0.181373	-0.167672	-0.128842	-0.086366	-0.0634342	-0.0782144	-0.130159	-0.217041	-0.327585	-0.44642	-0.55418	-0.633957	-0.69286	-0.716278	-0.673974	-0.562639	-0.383507	-0.149755	0.118093	0.383344	0.597296	0.733902	0.789969	0.759642	0.654189	0.51493	0.35258	0.188094	0.0474956	-0.0566555	-0.105837	-0.102963	-0.0468383	0.0509402	0.16561	0.279598	0.367517	0.420162	0.433167	0.408336	0.363311	0.301592	0.235101	0.174767	0.120126	0.0779321	0.0473481	0.0308751	0.0308751	
-0.284342	-0.310419	-0.288901	-0.230731	-0.161859	-0.115026	-0.104612	-0.142413	-0.211039	-0.291718	-0.378271	-0.457819	-0.505136	-0.528648	-0.527032	-0.461095	-0.326483	-0.12986	0.118093	0.400853	0.678309	0.890122	1.01106	1.04165	0.984464	0.854054	0.681958	0.486408	0.288665	0.115331	-0.019074	-0.0918996	-0.100641	-0.0602093	0.0178765	0.114296	0.203681	0.265714	0.301629	0.304361	0.274008	0.226585	0.162366	0.0939228	0.0249541	-0.0346847	-0.0742398	-0.1035	-0.112595	-0.112595	
-0.364096	-0.386065	-0.358913	-0.289898	-0.208351	-0.146754	-0.119949	-0.133123	-0.174521	-0.227159	-0.285768	-0.337692	-0.357736	-0.355741	-0.327895	-0.24505	-0.0961394	0.118043	0.383344	0.678309	0.954324	1.15232	1.25088	1.26015	1.18198	1.02717	0.831187	0.610777	0.386423	0.187267	0.0268528	-0.0707973	-0.101807	-0.0815381	-0.018166	0.0600649	0.129258	0.174265	0.191746	0.182312	0.143788	0.089698	0.0201458	-0.0543321	-0.123089	-0.182492	-0.223892	-0.253103	-0.265188	-0.265188	
-0.381229	-0.394111	-0.360846	-0.28825	-0.204103	-0.135524	-0.0988099	-0.0905107	-0.107933	-0.144141	-0.184713	-0.209473	-0.207719	-0.188341	-0.142544	-0.0520818	0.102348	0.3259	0.597296	0.890122	1.15232	1.33744	1.42292	1.41975	1.32845	1.15794	0.946134	0.707597	0.465224	0.24684	0.0768367	-0.0345526	-0.0867878	-0.081053	-0.0346803	0.0235129	0.0751498	0.109018	0.111841	0.0848375	0.0299797	-0.0422534	-0.121463	-0.198344	-0.261856	-0.316819	-0.36052	-0.391092	-0.41004	-0.41004	
-0.344684	-0.350053	-0.308949	-0.233523	-0.148641	-0.0754819	-0.0337037	-0.0235838	-0.0403291	-0.0616285	-0.0825256	-0.0900527	-0.0801253	-0.0457637	0.00608042	0.0954424	0.251562	0.46984	0.733902	1.01106	1.25088	1.42292	1.50977	1.50006	1.40146	1.23401	1.01284	0.762689	0.516838	0.291895	0.117129	0.00519472	-0.0432456	-0.0432838	-0.0165094	0.0228176	0.0541576	0.0729125	0.0610387	0.0150479	-0.0535679	-0.139229	-0.226686	-0.305834	-0.372919	-0.435339	-0.484112	-0.51306	-0.534915	-0.534915	
-0.258006	-0.247254	-0.202138	-0.139207	-0.0692375	-0.00836846	0.0308227	0.0424106	0.0312012	0.015978	0.00198132	0.00327058	0.0117976	0.0381068	0.0899078	0.181452	0.332226	0.540557	0.789969	1.04165	1.26015	1.41975	1.50006	1.49107	1.39437	1.2329	1.02155	0.780306	0.537637	0.322612	0.162056	0.0535248	0.00421611	-0.000598522	0.0216804	0.0574271	0.0792347	0.0829488	0.0490121	-0.0169534	-0.0939228	-0.183342	-0.279388	-0.372083	-0.450968	-0.521418	-0.572201	-0.596615	-0.615544	-0.615544	
-0.122469	-0.0994023	-0.0644988	-0.0213195	0.0250734	0.0608783	0.0844667	0.0923074	0.0861826	0.0715508	0.0600479	0.0551082	0.0531721	0.0669032	0.117684	0.205659	0.341499	0.534675	0.759642	0.984464	1.18198	1.32845	1.40146	1.39437	1.3125	1.1668	0.974092	0.754529	0.53204	0.339998	0.19433	0.095029	0.0481704	0.0476544	0.0830546	0.117564	0.12995	0.121364	0.0741823	0.00160956	-0.0826216	-0.179125	-0.281809	-0.382156	-0.467651	-0.540942	-0.594333	-0.622781	-0.64059	-0.64059	
0.04071	0.0600064	0.0787981	0.0967449	0.109996	0.120213	0.128733	0.1216	0.106046	0.0920152	0.0782846	0.0596571	0.046582	0.0566538	0.103003	0.1851	0.304376	0.466251	0.654189	0.854054	1.02717	1.15794	1.23401	1.2329	1.1668	1.0416	0.874129	0.682841	0.491579	0.325849	0.193706	0.116702	0.0942976	0.112451	0.152447	0.185677	0.198713	0.181921	0.140042	0.0692362	-0.0248053	-0.126298	-0.234157	-0.32925	-0.410995	-0.481034	-0.532293	-0.571127	-0.589327	-0.589327	
0.195244	0.205472	0.203217	0.186262	0.165175	0.142607	0.13008	0.112836	0.0920855	0.0700211	0.0419416	0.0126578	0.000801942	0.0144502	0.0574249	0.124308	0.224296	0.358881	0.51493	0.681958	0.831187	0.946134	1.01284	1.02155	0.974092	0.874129	0.731649	0.571634	0.409812	0.270394	0.171654	0.124263	0.131547	0.168465	0.216684	0.258751	0.279931	0.274009	0.238937	0.169114	0.0778717	-0.0204659	-0.123036	-0.21151	-0.289419	-0.349415	-0.39319	-0.433149	-0.446488	-0.446488	
0.325814	0.317878	0.2928	0.247232	0.191104	0.131353	0.0921135	0.0632412	0.0350986	0.00247442	-0.0311158	-0.0599971	-0.070055	-0.0579258	-0.0197353	0.0304912	0.111823	0.225385	0.35258	0.486408	0.610777	0.707597	0.762689	0.780306	0.754529	0.682841	0.571634	0.448829	0.317183	0.203102	0.138166	0.124321	0.157431	0.209676	0.276227	0.336068	0.37036	0.374946	0.346465	0.293058	0.216832	0.132878	0.0515328	-0.0266985	-0.0980942	-0.154369	-0.196556	-0.226693	-0.235992	-0.235992	
0.420854	0.391401	0.34145	0.260579	0.165676	0.0810186	0.0183344	-0.0262513	-0.0614646	-0.0975409	-0.130614	-0.151172	-0.155527	-0.138621	-0.110528	-0.0716821	0.00140353	0.0933255	0.188094	0.288665	0.386423	0.465224	0.516838	0.537637	0.53204	0.491579	0.409812	0.317183	0.221311	0.143662	0.113257	0.129326	0.180838	0.256905	0.342816	0.418367	0.475161	0.490591	0.471717	0.437254	0.376313	0.30839	0.247698	0.183445	0.12507	0.0808785	0.0483241	0.0297777	0.0221781	0.0221781	
0.459572	0.416295	0.339968	0.228804	0.105768	-0.00228662	-0.0844744	-0.141737	-0.186587	-0.219643	-0.241742	-0.247973	-0.239142	-0.212765	-0.190535	-0.156638	-0.0955818	-0.0237176	0.0474956	0.115331	0.187267	0.24684	0.291895	0.322612	0.339998	0.325849	0.270394	0.203102	0.143662	0.108483	0.107324	0.147165	0.222087	0.319696	0.425952	0.516373	0.581855	0.61364	0.608079	0.584	0.544471	0.492003	0.444028	0.395543	0.353361	0.327991	0.30695	0.291265	0.283307	0.283307	
0.452432	0.389219	0.29542	0.169758	0.0302262	-0.0987304	-0.198128	-0.267252	-0.313482	-0.338576	-0.340036	-0.324919	-0.301974	-0.276289	-0.246858	-0.205097	-0.157921	-0.104853	-0.0566555	-0.019074	0.0268528	0.0768367	0.117129	0.162056	0.19433	0.193706	0.171654	0.138166	0.113257	0.107324	0.133053	0.19519	0.290965	0.407592	0.523059	0.623011	0.688836	0.72696	0.737874	0.727433	0.703284	0.660524	0.623832	0.591762	0.563537	0.548057	0.53083	0.518695	0.515321	0.515321	
0.414172	0.341069	0.233505	0.0980225	-0.0521842	-0.187738	-0.300142	-0.382422	-0.420231	-0.424242	-0.400227	-0.36471	-0.328894	-0.294864	-0.253035	-0.210628	-0.174579	-0.136067	-0.105837	-0.0918996	-0.0707973	-0.0345526	0.00519472	0.0535248	0.095029	0.116702	0.124263	0.124321	0.129326	0.147165	0.19519	0.277346	0.390481	0.519756	0.631559	0.726856	0.798259	0.838196	0.855309	0.846967	0.823251	0.79326	0.767104	0.744129	0.721661	0.710076	0.699484	0.690869	0.694127	0.694127	
0.361138	0.293981	0.182531	0.0466683	-0.107499	-0.250368	-0.373085	-0.452004	-0.476386	-0.45962	-0.411866	-0.354789	-0.302361	-0.255871	-0.207039	-0.163932	-0.133205	-0.116094	-0.102963	-0.100641	-0.101807	-0.0867878	-0.0432456	0.00421611	0.0481704	0.0942976	0.131547	0.157431	0.180838	0.222087	0.290965	0.390481	0.506331	0.630786	0.742065	0.833108	0.901899	0.933726	0.94464	0.929329	0.902066	0.88184	0.857724	0.833192	0.814345	0.806741	0.800203	0.792986	0.796312	0.796312	
0.31098	0.254708	0.154586	0.0225397	-0.124386	-0.269417	-0.390573	-0.455037	-0.467734	-0.434419	-0.364493	-0.286726	-0.217385	-0.155496	-0.101505	-0.0603339	-0.0357948	-0.0384358	-0.0468383	-0.0602093	-0.0815381	-0.081053	-0.0432838	-0.000598522	0.0476544	0.112451	0.168465	0.209676	0.256905	0.319696	0.407592	0.519756	0.630786	0.744864	0.848922	0.928879	0.979318	0.99584	0.99202	0.971768	0.944518	0.913534	0.886374	0.861743	0.843424	0.836295	0.826147	0.822567	0.824264	0.824264	
0.289509	0.250948	0.162974	0.0431878	-0.0937755	-0.232559	-0.340633	-0.397092	-0.397874	-0.348702	-0.262393	-0.162293	-0.0784604	-0.0099533	0.045482	0.0812031	0.0890597	0.0762166	0.0509402	0.0178765	-0.018166	-0.0346803	-0.0165094	0.0216804	0.0830546	0.152447	0.216684	0.276227	0.342816	0.425952	0.523059	0.631559	0.742065	0.848922	0.93586	0.996345	1.02515	1.02615	1.00844	0.975141	0.937324	0.896171	0.862742	0.837492	0.816492	0.80156	0.79159	0.789266	0.78395	0.78395	
0.293302	0.275961	0.205986	0.102334	-0.0209267	-0.142343	-0.236194	-0.282517	-0.268808	-0.211161	-0.116363	0.00183776	0.101956	0.166538	0.212148	0.24097	0.237383	0.208844	0.16561	0.114296	0.0600649	0.0235129	0.0228176	0.0574271	0.117564	0.185677	0.258751	0.336068	0.418367	0.516373	0.623011	0.726856	0.833108	0.928879	0.996345	1.03261	1.03959	1.02312	0.987519	0.939468	0.889748	0.84337	0.797703	0.765047	0.743099	0.721037	0.713765	0.710142	0.69747	0.69747	
0.31038	0.314324	0.275325	0.188437	0.0825951	-0.014548	-0.0896681	-0.125017	-0.108937	-0.0409168	0.0688653	0.190563	0.291595	0.353663	0.385273	0.3973	0.380363	0.338527	0.279598	0.203681	0.129258	0.0751498	0.0541576	0.0792347	0.12995	0.198713	0.279931	0.37036	0.475161	0.581855	0.688836	0.798259	0.901899	0.979318	1.02515	1.03959	1.0284	0.991778	0.931603	0.871633	0.815687	0.758152	0.701985	0.668021	0.643813	0.614495	0.604135	0.599244	0.591168	0.591168	
0.340893	0.358405	0.340582	0.283461	0.204984	0.130048	0.0714539	0.0461443	0.0649218	0.144272	0.257229	0.369276	0.464022	0.518465	0.536265	0.535847	0.502125	0.445861	0.367517	0.265714	0.174265	0.109018	0.0729125	0.0829488	0.121364	0.181921	0.274009	0.374946	0.490591	0.61364	0.72696	0.838196	0.933726	0.99584	1.02615	1.02312	0.991778	0.935724	0.865057	0.792556	0.717554	0.652836	0.598811	0.560344	0.530308	0.497192	0.482573	0.478736	0.473998	0.473998	
0.353309	0.385274	0.383217	0.359223	0.320108	0.269413	0.228027	0.21639	0.239278	0.320346	0.42819	0.527601	0.610559	0.655505	0.656744	0.635568	0.588898	0.516694	0.420162	0.301629	0.191746	0.111841	0.0610387	0.0490121	0.0741823	0.140042	0.238937	0.346465	0.471717	0.608079	0.737874	0.855309	0.94464	0.99202	1.00844	0.987519	0.931603	0.865057	0.785672	0.699032	0.615604	0.550965	0.498971	0.446642	0.41169	0.389457	0.371971	0.361018	0.353474	0.353474	
0.337317	0.383473	0.405988	0.412223	0.40828	0.386626	0.361632	0.361485	0.400292	0.478801	0.575783	0.660564	0.715261	0.74342	0.734142	0.691438	0.629354	0.545847	0.433167	0.304361	0.182312	0.0848375	0.0150479	-0.0169534	0.00160956	0.0692362	0.169114	0.293058	0.437254	0.584	0.727433	0.846967	0.929329	0.971768	0.975141	0.939468	0.871633	0.792556	0.699032	0.604956	0.525442	0.456298	0.393979	0.338378	0.306492	0.291629	0.271804	0.255377	0.252866	0.252866	
0.28461	0.339707	0.389946	0.431172	0.456713	0.468285	0.465918	0.48075	0.536635	0.611172	0.682612	0.742754	0.779792	0.789078	0.767496	0.714023	0.639014	0.537729	0.408336	0.274008	0.143788	0.0299797	-0.0535679	-0.0939228	-0.0826216	-0.0248053	0.0778717	0.216832	0.376313	0.544471	0.703284	0.823251	0.902066	0.944518	0.937324	0.889748	0.815687	0.717554	0.615604	0.525442	0.440205	0.363168	0.302565	0.257741	0.225837	0.199718	0.178923	0.17024	0.170942	0.170942	
0.198156	0.263023	0.334348	0.406995	0.463881	0.505298	0.542669	0.582891	0.639181	0.70279	0.75346	0.788598	0.808439	0.801136	0.763799	0.699286	0.613194	0.498188	0.363311	0.226585	0.089698	-0.0422534	-0.139229	-0.183342	-0.179125	-0.126298	-0.0204659	0.132878	0.30839	0.492003	0.660524	0.79326	0.88184	0.913534	0.896171	0.84337	0.758152	0.652836	0.550965	0.456298	0.363168	0.283318	0.231622	0.194855	0.15492	0.124741	0.111943	0.105246	0.0996598	0.0996598	
0.0913299	0.165929	0.248088	0.342696	0.437117	0.516588	0.592493	0.658718	0.721063	0.770776	0.800568	0.81265	0.806456	0.77905	0.730015	0.656462	0.562885	0.442356	0.301592	0.162366	0.0201458	-0.121463	-0.226686	-0.279388	-0.281809	-0.234157	-0.123036	0.0515328	0.247698	0.444028	0.623832	0.767104	0.857724	0.886374	0.862742	0.797703	0.701985	0.598811	0.498971	0.393979	0.302565	0.231622	0.175401	0.131599	0.0944404	0.0754206	0.0669789	0.0552178	0.0455794	0.0455794	
-0.0448565	0.044725	0.14631	0.260598	0.384193	0.50528	0.619077	0.711357	0.779002	0.815293	0.822544	0.811528	0.78643	0.744274	0.682851	0.59855	0.504053	0.380826	0.235101	0.0939228	-0.0543321	-0.198344	-0.305834	-0.372083	-0.382156	-0.32925	-0.21151	-0.0266985	0.183445	0.395543	0.591762	0.744129	0.833192	0.861743	0.837492	0.765047	0.668021	0.560344	0.446642	0.338378	0.257741	0.194855	0.131599	0.0829629	0.0575455	0.04254	0.0254691	0.0145229	0.0117237	0.0117237	
-0.176451	-0.0843933	0.0330747	0.164423	0.316198	0.478332	0.631006	0.745256	0.817445	0.840749	0.829774	0.798503	0.750541	0.696356	0.630125	0.542042	0.444042	0.322228	0.174767	0.0249541	-0.123089	-0.261856	-0.372919	-0.450968	-0.467651	-0.410995	-0.289419	-0.0980942	0.12507	0.353361	0.563537	0.721661	0.814345	0.843424	0.816492	0.743099	0.643813	0.530308	0.41169	0.306492	0.225837	0.15492	0.0944404	0.0575455	0.0332842	0.0126449	-0.00635091	-0.0136016	-0.00744436	-0.00744436	
-0.284323	-0.204231	-0.0845995	0.0669951	0.250569	0.45269	0.638633	0.77291	0.8489	0.863989	0.834294	0.781175	0.716695	0.649593	0.577111	0.488125	0.384863	0.264383	0.120126	-0.0346847	-0.182492	-0.316819	-0.435339	-0.521418	-0.540942	-0.481034	-0.349415	-0.154369	0.0808785	0.327991	0.548057	0.710076	0.806741	0.836295	0.80156	0.721037	0.614495	0.497192	0.389457	0.291629	0.199718	0.124741	0.0754206	0.04254	0.0126449	-0.00907905	-0.0211992	-0.0277002	-0.0285483	-0.0285483	
-0.384583	-0.310029	-0.182727	-0.00681059	0.200591	0.423758	0.632134	0.788442	0.867027	0.877888	0.834834	0.761992	0.686385	0.611302	0.533397	0.44513	0.337791	0.214742	0.0779321	-0.0742398	-0.223892	-0.36052	-0.484112	-0.572201	-0.594333	-0.532293	-0.39319	-0.196556	0.0483241	0.30695	0.53083	0.699484	0.800203	0.826147	0.79159	0.713765	0.604135	0.482573	0.371971	0.271804	0.178923	0.111943	0.0669789	0.0254691	-0.00635091	-0.0211992	-0.0262589	-0.0341507	-0.0451539	-0.0451539	
-0.456253	-0.390081	-0.256745	-0.0643855	0.165797	0.404325	0.621616	0.790842	0.879736	0.886173	0.834197	0.748986	0.657256	0.577349	0.504807	0.424423	0.311819	0.182853	0.0473481	-0.1035	-0.253103	-0.391092	-0.51306	-0.596615	-0.622781	-0.571127	-0.433149	-0.226693	0.0297777	0.291265	0.518695	0.690869	0.792986	0.822567	0.789266	0.710142	0.599244	0.478736	0.361018	0.255377	0.17024	0.105246	0.0552178	0.0145229	-0.0136016	-0.0277002	-0.0341507	-0.0416287	-0.0481726	-0.0481726	
-0.485004	-0.429593	-0.29592	-0.0951645	0.144363	0.395826	0.621769	0.800005	0.890114	0.892247	0.83314	0.741878	0.647127	0.563815	0.488761	0.40648	0.290927	0.159986	0.0308751	-0.112595	-0.265188	-0.41004	-0.534915	-0.615544	-0.64059	-0.589327	-0.446488	-0.235992	0.0221781	0.283307	0.515321	0.694127	0.796312	0.824264	0.78395	0.69747	0.591168	0.473998	0.353474	0.252866	0.170942	0.0996598	0.0455794	0.0117237	-0.00744436	-0.0285483	-0.0451539	-0.0481726	-0.0470831	-0.0470831	
-0.485004	-0.429593	-0.29592	-0.0951645	0.144363	0.395826	0.621769	0.800005	0.890114	0.892247	0.83314	0.741878	0.647127	0.563815	0.488761	0.40648	0.290927	0.159986	0.0308751	-0.112595	-0.265188	-0.41004	-0.534915	-0.615544	-0.64059	-0.589327	-0.446488	-0.235992	0.0221781	0.283307	0.515321	0.694127	0.796312	0.824264	0.78395	0.69747	0.591168	0.473998	0.353474	0.252866	0.170942	0.0996598	0.0455794	0.0117237	-0.00744436	-0.0285483	-0.0451539	-0.0481726	-0.0470831	-0.0470831	
