-0.0904548	-0.0904548	-0.0723793	-0.0514541	-0.0354054	-0.0182194	-0.00258004	0.0313303	0.0932121	0.173777	0.253268	0.350553	0.465291	0.575493	0.66321	0.739399	0.803579	0.839875	0.844327	0.824906	0.774347	0.67831	0.545008	0.388964	0.214082	0.0298678	-0.147227	-0.307525	-0.450792	-0.571783	-0.666591	-0.732556	-0.763371	-0.77297	-0.768728	-0.736291	-0.655265	-0.526746	-0.358097	-0.177113	-0.0160832	0.105699	0.183745	0.20724	0.173779	0.0947775	-0.00609215	-0.130918	-0.252468	-0.338633	
-0.0981515	-0.0981515	-0.0893478	-0.0798617	-0.0631295	-0.0340497	-0.0091413	0.0284067	0.0952446	0.183533	0.2687	0.361004	0.463462	0.566373	0.65698	0.736357	0.801329	0.835403	0.84356	0.833929	0.797849	0.711051	0.582035	0.423227	0.23236	0.0177249	-0.190639	-0.368891	-0.51758	-0.637122	-0.72801	-0.783758	-0.799634	-0.792972	-0.765098	-0.702042	-0.598315	-0.456982	-0.286354	-0.11418	0.0333406	0.140099	0.203826	0.21206	0.164927	0.0803623	-0.0242635	-0.144964	-0.258071	-0.334936	
-0.0756282	-0.0756282	-0.073007	-0.070151	-0.0520195	-0.0135197	0.0308369	0.0782228	0.143101	0.223627	0.309318	0.38769	0.462007	0.540068	0.62535	0.703336	0.761653	0.794601	0.808484	0.804196	0.768541	0.688834	0.571951	0.416721	0.217694	-0.0143545	-0.233072	-0.415211	-0.554817	-0.659184	-0.732611	-0.772988	-0.777711	-0.756761	-0.707215	-0.619688	-0.496085	-0.35166	-0.194294	-0.0442583	0.0880082	0.173565	0.211272	0.202498	0.148235	0.0660805	-0.0335428	-0.138003	-0.228463	-0.294776	
-0.0286684	-0.0286684	-0.0244194	-0.0175957	0.00233282	0.0412611	0.0987957	0.15905	0.219052	0.27909	0.346724	0.409106	0.458681	0.506982	0.570461	0.637119	0.686309	0.714951	0.735047	0.737452	0.704334	0.623664	0.510027	0.360454	0.168092	-0.056827	-0.266651	-0.428198	-0.544356	-0.625388	-0.678775	-0.69566	-0.684392	-0.653893	-0.594559	-0.496709	-0.371385	-0.238917	-0.10937	0.0113307	0.114638	0.173679	0.183388	0.159091	0.104478	0.0354224	-0.0478676	-0.123665	-0.186139	-0.239716	
0.036402	0.036402	0.0419923	0.053468	0.0756925	0.116014	0.174215	0.231582	0.27914	0.319783	0.362814	0.404552	0.436888	0.461378	0.497817	0.541507	0.576842	0.602097	0.630589	0.638685	0.602372	0.517689	0.406386	0.264588	0.0896587	-0.102716	-0.275785	-0.409836	-0.501365	-0.553396	-0.573308	-0.562117	-0.528526	-0.483594	-0.427103	-0.346141	-0.242591	-0.135879	-0.0410572	0.0414121	0.109057	0.134116	0.114413	0.072671	0.018173	-0.0364086	-0.0920697	-0.134555	-0.169715	-0.201615	
0.11748	0.11748	0.125665	0.139755	0.160215	0.19333	0.238739	0.27468	0.302811	0.32788	0.349167	0.365887	0.381292	0.390526	0.401417	0.42169	0.446232	0.472558	0.496172	0.49818	0.461155	0.381354	0.27554	0.146959	0.00574927	-0.1408	-0.267113	-0.362585	-0.420164	-0.441013	-0.424129	-0.373737	-0.312311	-0.256254	-0.210138	-0.160463	-0.0965218	-0.0307063	0.0245407	0.0589188	0.0754173	0.0585713	0.00836946	-0.0511477	-0.108104	-0.14442	-0.166854	-0.18119	-0.19105	-0.195707	
0.225276	0.225276	0.2369	0.253898	0.262448	0.269036	0.287008	0.296225	0.296738	0.299253	0.298201	0.289101	0.28328	0.279382	0.275888	0.279942	0.296236	0.317931	0.331363	0.324789	0.292492	0.226985	0.137635	0.0362747	-0.0638524	-0.1573	-0.235115	-0.282526	-0.293998	-0.27054	-0.215732	-0.135752	-0.0542021	0.00968077	0.0465513	0.0686583	0.0857916	0.0952111	0.0909258	0.0655195	0.0202789	-0.0384556	-0.111443	-0.186421	-0.244175	-0.266814	-0.263734	-0.254202	-0.239357	-0.220508	
0.341482	0.341482	0.347697	0.360427	0.35268	0.328664	0.31218	0.291953	0.258579	0.231807	0.204938	0.173894	0.149129	0.136488	0.128088	0.126314	0.136165	0.15229	0.161074	0.154072	0.130646	0.0856263	0.0268896	-0.0366609	-0.0952936	-0.142963	-0.169982	-0.163969	-0.126233	-0.0603643	0.0351514	0.14502	0.239372	0.305794	0.333679	0.329545	0.296044	0.242191	0.169712	0.0767807	-0.0272353	-0.12751	-0.225298	-0.311291	-0.368447	-0.385175	-0.366163	-0.33409	-0.299487	-0.263967	
0.445276	0.445276	0.438846	0.434045	0.410922	0.365398	0.318494	0.26047	0.195291	0.135991	0.0826581	0.030546	-0.00361928	-0.023675	-0.0312978	-0.0284699	-0.0167091	-0.000211671	0.01055	0.0136263	0.00670445	-0.0068819	-0.0292323	-0.05451	-0.0756998	-0.0868714	-0.0744911	-0.0266514	0.0570596	0.16276	0.292671	0.426259	0.534657	0.601711	0.617297	0.586657	0.508024	0.388371	0.251231	0.100659	-0.0518946	-0.193728	-0.315864	-0.411665	-0.46642	-0.479016	-0.447768	-0.400895	-0.351884	-0.30732	
0.522112	0.522112	0.505232	0.479422	0.438774	0.380391	0.3073	0.216758	0.123485	0.0379081	-0.0440485	-0.112042	-0.156116	-0.180927	-0.184401	-0.169689	-0.154461	-0.138535	-0.11505	-0.0877621	-0.0668238	-0.0535071	-0.0444732	-0.0353029	-0.0281336	-0.00986712	0.0336721	0.11423	0.220537	0.354765	0.512611	0.669302	0.789872	0.85819	0.860509	0.804267	0.682545	0.508671	0.312151	0.115755	-0.0765573	-0.248907	-0.391217	-0.488307	-0.534697	-0.539476	-0.500498	-0.441599	-0.386926	-0.337937	
0.551398	0.551398	0.528244	0.485795	0.429667	0.358955	0.270362	0.160922	0.0529214	-0.0508086	-0.148024	-0.227946	-0.274896	-0.299139	-0.298054	-0.280412	-0.25671	-0.225389	-0.182361	-0.133595	-0.0891926	-0.0503021	-0.0162162	0.013277	0.0379693	0.0757364	0.145208	0.238682	0.355278	0.500496	0.674413	0.845945	0.983186	1.05983	1.05427	0.972514	0.811907	0.593175	0.354016	0.123704	-0.0887248	-0.281212	-0.436614	-0.536713	-0.578573	-0.574903	-0.524812	-0.451573	-0.390704	-0.33426	
0.525434	0.525434	0.498378	0.44555	0.375636	0.296382	0.203887	0.0929895	-0.0193931	-0.121675	-0.214181	-0.292865	-0.341157	-0.361541	-0.358663	-0.335288	-0.295523	-0.244649	-0.187808	-0.124164	-0.0623272	-0.00511937	0.0445688	0.0874765	0.122397	0.172149	0.247261	0.340651	0.458712	0.615357	0.797641	0.97563	1.11615	1.19209	1.18165	1.08422	0.902584	0.654992	0.385792	0.132522	-0.0935712	-0.29019	-0.442724	-0.540349	-0.582071	-0.571341	-0.511349	-0.433361	-0.360929	-0.296062	
0.429984	0.429984	0.402927	0.345716	0.270388	0.188396	0.102294	0.003074	-0.0919702	-0.172534	-0.244258	-0.309062	-0.347209	-0.358596	-0.351497	-0.320053	-0.266048	-0.20279	-0.137838	-0.0715658	-0.00166742	0.0671265	0.128168	0.171017	0.205373	0.253912	0.328485	0.423172	0.546867	0.71039	0.895172	1.06942	1.2007	1.2695	1.25544	1.15123	0.958821	0.699919	0.411933	0.141883	-0.0947199	-0.286224	-0.427033	-0.514979	-0.548945	-0.526777	-0.464065	-0.379524	-0.30466	-0.237769	
0.247311	0.247311	0.22266	0.173006	0.107697	0.0361635	-0.0388661	-0.109696	-0.166979	-0.212721	-0.25393	-0.282914	-0.290577	-0.286465	-0.271479	-0.234935	-0.177855	-0.109249	-0.0383146	0.0264025	0.0920782	0.161388	0.217402	0.252732	0.27961	0.320638	0.391431	0.490014	0.620523	0.786656	0.969714	1.13303	1.24969	1.30643	1.28844	1.18164	0.987679	0.723988	0.428626	0.147816	-0.092118	-0.275325	-0.398121	-0.467813	-0.483519	-0.449296	-0.380147	-0.294704	-0.220127	-0.162117	
-0.0151758	-0.0151758	-0.030541	-0.0605557	-0.0996526	-0.146211	-0.195706	-0.227404	-0.240638	-0.246218	-0.242936	-0.218691	-0.188573	-0.164135	-0.138275	-0.0969423	-0.0434668	0.0235623	0.0934736	0.155466	0.215935	0.270132	0.306663	0.328795	0.349926	0.383446	0.44849	0.543864	0.670454	0.831571	1.00427	1.15899	1.2652	1.30577	1.27393	1.1631	0.972938	0.714436	0.428259	0.153775	-0.0830319	-0.256833	-0.360691	-0.401337	-0.388091	-0.330967	-0.251235	-0.167456	-0.10322	-0.0668036	
-0.329177	-0.329177	-0.326034	-0.329495	-0.334939	-0.340963	-0.34223	-0.328037	-0.295071	-0.253244	-0.198586	-0.132173	-0.067813	-0.0150321	0.0285643	0.0711092	0.12149	0.183139	0.246361	0.300417	0.344899	0.374338	0.394316	0.409633	0.418654	0.438685	0.493084	0.579976	0.693753	0.835836	0.99131	1.13473	1.23209	1.26306	1.22611	1.11363	0.92489	0.680669	0.408374	0.149967	-0.0696685	-0.225304	-0.306093	-0.313223	-0.264431	-0.184672	-0.094114	-0.0095885	0.03762	0.0520357	
-0.635477	-0.635477	-0.617401	-0.594249	-0.563622	-0.515985	-0.457908	-0.388273	-0.307833	-0.216738	-0.124441	-0.0338149	0.052867	0.13125	0.193279	0.247465	0.300979	0.351779	0.399358	0.443632	0.470872	0.479893	0.485521	0.492228	0.494925	0.505921	0.541222	0.603753	0.69449	0.807426	0.937076	1.06709	1.15974	1.1904	1.15375	1.04577	0.870092	0.640853	0.390179	0.154835	-0.0402821	-0.171157	-0.219595	-0.193088	-0.116301	-0.0178478	0.0764437	0.147781	0.183039	0.180178	
-0.884036	-0.884036	-0.859366	-0.812932	-0.740782	-0.643885	-0.527603	-0.404146	-0.276773	-0.151761	-0.0343541	0.067059	0.162102	0.253565	0.33726	0.408019	0.463351	0.50681	0.546587	0.579299	0.590983	0.591896	0.592568	0.594829	0.593138	0.591992	0.600843	0.635416	0.694819	0.775021	0.877751	0.987827	1.07364	1.11081	1.08152	0.984515	0.825653	0.618047	0.39193	0.183937	0.0143279	-0.0863163	-0.104711	-0.0555093	0.0413542	0.150528	0.24111	0.29759	0.320452	0.311366	
-1.04797	-1.04797	-1.01378	-0.942371	-0.836948	-0.705031	-0.54708	-0.383661	-0.231283	-0.0903636	0.0445235	0.154601	0.246954	0.344214	0.44541	0.523994	0.578944	0.627657	0.668414	0.693485	0.705952	0.714999	0.71563	0.715514	0.710552	0.692827	0.675327	0.682772	0.712943	0.762772	0.839026	0.927162	1.00373	1.04489	1.02542	0.943368	0.797165	0.612181	0.41358	0.226542	0.0787288	0.00643684	0.00723516	0.0681346	0.177874	0.293474	0.377703	0.422796	0.43548	0.422936	
-1.10937	-1.10937	-1.06214	-0.971163	-0.84737	-0.697917	-0.524849	-0.352979	-0.201251	-0.0581725	0.0878961	0.205481	0.296999	0.396166	0.503555	0.583979	0.644218	0.703945	0.751432	0.788262	0.820186	0.84386	0.846352	0.84496	0.834008	0.805578	0.770377	0.749073	0.750625	0.776932	0.828673	0.897549	0.968348	1.01101	0.996066	0.920612	0.783219	0.611959	0.435466	0.266233	0.135411	0.0736168	0.0811557	0.143236	0.253709	0.377214	0.467011	0.506657	0.520517	0.504556	
-1.04244	-1.04244	-0.992538	-0.900189	-0.775081	-0.631149	-0.476624	-0.326657	-0.187756	-0.05322	0.0855066	0.20373	0.300947	0.401263	0.503267	0.586386	0.661621	0.739047	0.806044	0.868012	0.924611	0.964173	0.977989	0.978961	0.963017	0.927599	0.87764	0.836854	0.81773	0.822243	0.852415	0.908645	0.967791	1.00349	0.992351	0.916949	0.777679	0.614101	0.446351	0.285965	0.159728	0.0973332	0.0963628	0.150993	0.260149	0.390731	0.492756	0.547936	0.570107	0.554064	
-0.841039	-0.841039	-0.799908	-0.728068	-0.630855	-0.520904	-0.406784	-0.290627	-0.175749	-0.0663764	0.0485721	0.159555	0.258027	0.351177	0.447171	0.541132	0.637884	0.736483	0.832909	0.925743	1.00794	1.06969	1.10152	1.10502	1.08636	1.04845	0.993203	0.942376	0.913181	0.901348	0.917145	0.957776	1.00208	1.02608	1.01034	0.931416	0.789963	0.621157	0.447169	0.284903	0.150313	0.0718735	0.0569593	0.099523	0.203189	0.337867	0.455101	0.536151	0.575105	0.568548	
-0.522915	-0.522915	-0.499347	-0.464908	-0.420933	-0.36302	-0.300333	-0.226325	-0.152916	-0.0791275	0.00261528	0.0954352	0.181209	0.266004	0.35863	0.466545	0.584262	0.708783	0.83555	0.96229	1.07542	1.16525	1.21527	1.22819	1.2128	1.17392	1.11683	1.06549	1.03005	1.01244	1.02013	1.04732	1.07381	1.08284	1.05804	0.973923	0.831166	0.648811	0.458176	0.280659	0.129885	0.0305694	-0.0027752	0.0279404	0.119749	0.244793	0.372634	0.472466	0.533893	0.547562	
-0.125445	-0.125445	-0.127644	-0.136062	-0.142983	-0.143792	-0.141897	-0.125648	-0.100391	-0.0694488	-0.0287614	0.0292605	0.0971457	0.176711	0.267605	0.379372	0.515062	0.666788	0.824007	0.977006	1.12102	1.24201	1.32192	1.35312	1.34396	1.30335	1.2509	1.20067	1.16094	1.1397	1.14344	1.16029	1.17461	1.17219	1.13873	1.04938	0.896392	0.698457	0.48441	0.285541	0.119181	0.00167027	-0.0492882	-0.032678	0.0400958	0.150262	0.273623	0.388751	0.468889	0.507931	
0.289617	0.289617	0.264939	0.223915	0.17589	0.119356	0.0593772	0.0182581	-0.00896826	-0.029787	-0.0358002	-0.0136001	0.0312049	0.0992967	0.188084	0.306093	0.452139	0.619146	0.79788	0.976952	1.14559	1.29026	1.39842	1.45599	1.46099	1.43146	1.3865	1.33117	1.27829	1.25598	1.25594	1.2665	1.27659	1.2688	1.22794	1.12893	0.96927	0.754949	0.518696	0.301148	0.120495	-0.0104144	-0.0749345	-0.0727182	-0.0211258	0.0728149	0.187337	0.30653	0.406611	0.464148	
0.655612	0.655612	0.619839	0.557865	0.476903	0.380241	0.27385	0.185767	0.107661	0.0393998	-0.00807822	-0.0196497	-0.00109341	0.0538206	0.141194	0.259143	0.411325	0.592235	0.786445	0.972175	1.14839	1.30902	1.43989	1.5165	1.53959	1.529	1.49367	1.43223	1.37191	1.34279	1.33523	1.34079	1.34963	1.33708	1.29335	1.18899	1.023	0.800239	0.554997	0.323855	0.13341	-0.0041738	-0.0814102	-0.0978758	-0.0652797	0.0112718	0.11611	0.23847	0.355461	0.427496	
0.934624	0.934624	0.893097	0.816266	0.719015	0.602522	0.469415	0.342761	0.231701	0.133467	0.0579377	0.0143661	0.00840377	0.0494439	0.133908	0.248498	0.399216	0.582072	0.77929	0.962634	1.13387	1.29407	1.43029	1.51604	1.55411	1.56268	1.54126	1.48673	1.4308	1.39708	1.38634	1.38377	1.38289	1.36185	1.31246	1.20254	1.03107	0.815974	0.57088	0.337049	0.14526	0.0029852	-0.0853337	-0.119184	-0.101811	-0.0424518	0.0561897	0.186404	0.310801	0.402147	
1.09305	1.09305	1.05005	0.97157	0.87201	0.753373	0.607655	0.466417	0.34324	0.235246	0.142339	0.0859185	0.0694057	0.10125	0.17394	0.28257	0.421932	0.592468	0.773698	0.948799	1.10871	1.25822	1.38007	1.45984	1.50702	1.53259	1.52689	1.49007	1.4488	1.4241	1.41457	1.406	1.38566	1.34979	1.28417	1.16695	1.00054	0.795748	0.565518	0.338505	0.147518	0.00101523	-0.0920742	-0.134963	-0.131336	-0.0804209	0.0145946	0.142554	0.276503	0.379425	
1.10933	1.10933	1.07457	1.00702	0.918093	0.808364	0.675923	0.541475	0.424693	0.320742	0.2355	0.185774	0.177336	0.205723	0.267452	0.358572	0.47848	0.623322	0.77726	0.925294	1.06377	1.1938	1.29774	1.36639	1.41398	1.44531	1.452	1.43985	1.42162	1.41042	1.40364	1.38561	1.34782	1.29572	1.21433	1.09365	0.934348	0.742092	0.532541	0.321337	0.136851	-0.00799513	-0.100354	-0.14575	-0.148494	-0.10328	-0.0111768	0.11634	0.249915	0.361843	
0.996071	0.996071	0.971127	0.923918	0.85809	0.77345	0.673657	0.565471	0.469022	0.389724	0.333139	0.304077	0.308181	0.337357	0.392625	0.469094	0.563519	0.665002	0.774762	0.887262	0.999319	1.09902	1.17738	1.23243	1.27737	1.31247	1.32823	1.32973	1.32167	1.31667	1.30936	1.28289	1.23691	1.17328	1.08622	0.970591	0.824172	0.652836	0.472283	0.285752	0.113884	-0.0187051	-0.108935	-0.152738	-0.154278	-0.115671	-0.0259184	0.0993222	0.228379	0.345791	
0.773014	0.773014	0.755809	0.735694	0.702822	0.65388	0.597842	0.539502	0.484648	0.445406	0.420977	0.416897	0.438016	0.473208	0.519272	0.576775	0.643968	0.706092	0.768163	0.835419	0.907955	0.973071	1.02429	1.06584	1.10512	1.13714	1.1495	1.14785	1.13856	1.12334	1.10422	1.07036	1.02629	0.963806	0.886016	0.787856	0.663648	0.52218	0.376841	0.225733	0.0823716	-0.0337204	-0.115003	-0.154939	-0.159126	-0.126591	-0.0374084	0.0790297	0.208091	0.332582	
0.458223	0.458223	0.452395	0.460093	0.461828	0.453751	0.455609	0.462255	0.461215	0.466561	0.481444	0.506921	0.540984	0.576203	0.610913	0.652602	0.693905	0.725265	0.746352	0.774206	0.807289	0.839585	0.866118	0.891802	0.91833	0.933456	0.930378	0.908281	0.880363	0.842503	0.806462	0.765997	0.724107	0.677929	0.620083	0.545666	0.453077	0.353716	0.249677	0.140973	0.0411489	-0.0512697	-0.118702	-0.15311	-0.157513	-0.12634	-0.0427171	0.0682725	0.195943	0.320951	
0.0798195	0.0798195	0.0875279	0.119355	0.155798	0.19455	0.256072	0.324548	0.37915	0.435046	0.493775	0.54863	0.589376	0.621309	0.648305	0.678052	0.696167	0.701919	0.700918	0.707181	0.716126	0.724578	0.734911	0.740867	0.740115	0.727455	0.694965	0.641849	0.580366	0.517583	0.455727	0.40699	0.368278	0.34149	0.306403	0.265054	0.214769	0.161463	0.105327	0.0466478	-0.010774	-0.0668298	-0.112935	-0.137038	-0.136458	-0.098364	-0.0279933	0.0727214	0.193404	0.301972	
-0.321924	-0.321924	-0.300489	-0.248806	-0.177585	-0.0957165	0.0140073	0.131073	0.243624	0.34661	0.442502	0.520584	0.576832	0.611195	0.632196	0.644923	0.64558	0.639875	0.635511	0.633199	0.632623	0.630733	0.628126	0.611322	0.5815	0.534148	0.458218	0.369964	0.27723	0.186332	0.0960718	0.0355037	0.000174836	-0.0117761	-0.0166189	-0.0226112	-0.0240074	-0.0233997	-0.0281664	-0.037639	-0.0515376	-0.0704838	-0.0989158	-0.111179	-0.100724	-0.0610085	0.00152518	0.0872028	0.185272	0.266237	
-0.682717	-0.682717	-0.648425	-0.581749	-0.489246	-0.372355	-0.230993	-0.0776973	0.0735583	0.212436	0.336679	0.438258	0.508814	0.545509	0.566292	0.569704	0.561344	0.550731	0.55257	0.550675	0.54666	0.539499	0.528351	0.492293	0.434954	0.349936	0.242676	0.121699	0.000500847	-0.122403	-0.231051	-0.309462	-0.348483	-0.349128	-0.328182	-0.295794	-0.244229	-0.183714	-0.13315	-0.0981031	-0.069623	-0.0619727	-0.0727306	-0.0786502	-0.0649823	-0.028669	0.018117	0.0819565	0.146762	0.189847	
-0.947788	-0.947788	-0.905482	-0.834309	-0.731029	-0.594416	-0.436343	-0.270109	-0.0993632	0.0607731	0.203064	0.31791	0.398426	0.443725	0.470668	0.478192	0.471542	0.462958	0.46707	0.469017	0.463954	0.449913	0.425959	0.380864	0.304742	0.193863	0.061063	-0.0783058	-0.222201	-0.367229	-0.501313	-0.602098	-0.648384	-0.644472	-0.607624	-0.537412	-0.438187	-0.326364	-0.224485	-0.140922	-0.0755443	-0.0397437	-0.0334061	-0.038471	-0.0366705	-0.0188366	0.000608123	0.0344746	0.0624456	0.0707273	
-1.0967	-1.0967	-1.05331	-0.983493	-0.876117	-0.736092	-0.578523	-0.418288	-0.242762	-0.0786466	0.0657007	0.180135	0.273093	0.336853	0.376784	0.396009	0.399353	0.401183	0.403548	0.405466	0.393402	0.369906	0.332491	0.280494	0.198517	0.0775994	-0.0646434	-0.217595	-0.379004	-0.543277	-0.699469	-0.815441	-0.87273	-0.876138	-0.834465	-0.744013	-0.614326	-0.464894	-0.314693	-0.188282	-0.086257	-0.0203599	0.000239717	-0.00306092	-0.0201028	-0.033495	-0.0436009	-0.0481139	-0.0561777	-0.0769936	
-1.11069	-1.11069	-1.06952	-1.00178	-0.900813	-0.76925	-0.626714	-0.48207	-0.327506	-0.17732	-0.0454994	0.0664996	0.165159	0.245244	0.302315	0.339694	0.360026	0.368475	0.369958	0.364185	0.342877	0.305185	0.26106	0.209418	0.128068	0.00503786	-0.138722	-0.296522	-0.466623	-0.645308	-0.816673	-0.94983	-1.02364	-1.04229	-1.00702	-0.909288	-0.765614	-0.591074	-0.411777	-0.247321	-0.110895	-0.016517	0.0293426	0.0328969	-0.00254696	-0.0523532	-0.0995257	-0.147494	-0.195079	-0.238409	
-0.981534	-0.981534	-0.945396	-0.882507	-0.794664	-0.68099	-0.56374	-0.445786	-0.326598	-0.202072	-0.0927491	0.00866601	0.10509	0.194485	0.260954	0.313745	0.351348	0.363278	0.353906	0.33959	0.316772	0.269972	0.21411	0.163169	0.0880245	-0.0265082	-0.166267	-0.317918	-0.490046	-0.675439	-0.85687	-1.00386	-1.09555	-1.13098	-1.10634	-1.01308	-0.864851	-0.679066	-0.482412	-0.288168	-0.127364	-0.0109179	0.0585964	0.0632338	0.0141728	-0.0692698	-0.152264	-0.239248	-0.31941	-0.383657	
-0.70993	-0.70993	-0.682927	-0.63203	-0.565046	-0.480154	-0.39663	-0.313179	-0.231411	-0.140183	-0.0605845	0.0168688	0.0992535	0.182002	0.245398	0.297456	0.3361	0.348118	0.3364	0.321315	0.295028	0.246321	0.19098	0.143047	0.0759109	-0.0211983	-0.14204	-0.285261	-0.452825	-0.63825	-0.82228	-0.979496	-1.08999	-1.14561	-1.13757	-1.05359	-0.900591	-0.709654	-0.495706	-0.285191	-0.112588	0.0119444	0.0913486	0.093997	0.032166	-0.072914	-0.186785	-0.304949	-0.409663	-0.494102	
-0.354703	-0.354703	-0.338437	-0.309104	-0.271712	-0.225721	-0.174848	-0.12647	-0.0780071	-0.0248696	0.0268805	0.0773178	0.135456	0.189054	0.23185	0.270004	0.302838	0.313858	0.305523	0.294279	0.276346	0.243505	0.201268	0.161477	0.107914	0.0328535	-0.0722358	-0.203644	-0.358852	-0.538527	-0.725595	-0.897753	-1.02785	-1.10074	-1.1007	-1.0208	-0.862553	-0.663981	-0.443837	-0.227989	-0.0558407	0.0690716	0.140417	0.135378	0.061479	-0.0635728	-0.202771	-0.338307	-0.460914	-0.556798	
0.0109547	0.0109547	0.0149284	0.0184869	0.0220462	0.0295015	0.0467804	0.0621278	0.0807417	0.101341	0.124758	0.144343	0.169104	0.18474	0.196093	0.211275	0.231026	0.238688	0.235861	0.239893	0.248005	0.245598	0.226728	0.206016	0.174972	0.121299	0.0360459	-0.083252	-0.235936	-0.419738	-0.606208	-0.784965	-0.929086	-1.01035	-1.01356	-0.935312	-0.775707	-0.569468	-0.348169	-0.135482	0.0260434	0.139827	0.193851	0.174658	0.091632	-0.0424225	-0.196299	-0.343291	-0.473188	-0.576821	
0.331916	0.331916	0.325209	0.306846	0.280718	0.25587	0.239049	0.223333	0.209849	0.200107	0.188825	0.176747	0.161736	0.143769	0.121916	0.112777	0.109967	0.116287	0.128223	0.152877	0.187638	0.224205	0.248373	0.257328	0.253017	0.226148	0.157122	0.0396854	-0.116848	-0.295757	-0.487057	-0.66888	-0.81494	-0.893378	-0.896546	-0.814489	-0.656463	-0.452915	-0.240675	-0.0418892	0.104717	0.204174	0.239284	0.210942	0.123436	-0.0119404	-0.172669	-0.324277	-0.46023	-0.568135	
0.579034	0.579034	0.56622	0.535235	0.488402	0.439366	0.392117	0.345502	0.295673	0.246933	0.199241	0.153779	0.105774	0.0541284	0.0079719	-0.021411	-0.0353301	-0.0292277	-0.00436142	0.0382881	0.100241	0.180008	0.248899	0.295716	0.320852	0.318085	0.264601	0.152805	-0.000839566	-0.179041	-0.36847	-0.547808	-0.688227	-0.762514	-0.756403	-0.672664	-0.523968	-0.332986	-0.136019	0.0364746	0.171339	0.25683	0.280599	0.247972	0.165015	0.0311225	-0.130034	-0.288178	-0.428395	-0.541109	
0.764517	0.764517	0.747948	0.709931	0.652507	0.584302	0.508952	0.427006	0.338907	0.248073	0.161482	0.0776032	-0.00138583	-0.0768258	-0.13559	-0.177498	-0.195758	-0.188421	-0.151401	-0.0905482	-0.000990384	0.109895	0.213216	0.297943	0.358094	0.381836	0.351298	0.258017	0.113489	-0.0624684	-0.244196	-0.41599	-0.551577	-0.626913	-0.622028	-0.547457	-0.416186	-0.240771	-0.0604377	0.0964398	0.225771	0.302996	0.325287	0.29492	0.218833	0.0935892	-0.0643239	-0.22979	-0.377804	-0.494587	
0.897205	0.897205	0.876064	0.831843	0.766873	0.681049	0.579685	0.465688	0.342592	0.214506	0.0913996	-0.0231989	-0.129237	-0.216764	-0.283093	-0.327025	-0.346951	-0.330091	-0.279373	-0.204588	-0.102134	0.0270081	0.161136	0.274883	0.363519	0.417534	0.415798	0.348169	0.224109	0.0686876	-0.110438	-0.282682	-0.423345	-0.507348	-0.516832	-0.454074	-0.337581	-0.178197	-0.00839152	0.147711	0.278995	0.361036	0.386806	0.362252	0.289779	0.170408	0.0135599	-0.156766	-0.314744	-0.432503	
1.00388	1.00388	0.974621	0.921819	0.844398	0.740917	0.613657	0.474858	0.323868	0.167299	0.0183445	-0.118786	-0.242267	-0.341865	-0.40962	-0.454626	-0.469437	-0.446784	-0.385963	-0.300348	-0.191606	-0.0558256	0.0954561	0.235547	0.34813	0.424991	0.456194	0.424036	0.328702	0.182521	0.00968483	-0.167821	-0.32385	-0.429884	-0.457667	-0.408634	-0.299794	-0.145758	0.0318493	0.197643	0.340788	0.429238	0.462384	0.439442	0.366888	0.249617	0.0923364	-0.087178	-0.250176	-0.3699	
1.09193	1.09193	1.05333	0.988257	0.898332	0.776445	0.628361	0.469664	0.302606	0.130483	-0.0338171	-0.18583	-0.322089	-0.426711	-0.497115	-0.544697	-0.558341	-0.532405	-0.469238	-0.38014	-0.264525	-0.127252	0.0279938	0.180958	0.316672	0.418915	0.474899	0.474208	0.402991	0.267379	0.0949222	-0.0909481	-0.263197	-0.388516	-0.433316	-0.396466	-0.289805	-0.13274	0.055639	0.242501	0.398391	0.496452	0.529542	0.503176	0.424009	0.30542	0.148546	-0.0291614	-0.192837	-0.309445	
1.14565	1.14565	1.10082	1.02691	0.927731	0.793611	0.633714	0.465071	0.290289	0.110709	-0.0601411	-0.216547	-0.359379	-0.466965	-0.540628	-0.588055	-0.604692	-0.576976	-0.511907	-0.419641	-0.308279	-0.173797	-0.0105569	0.152327	0.296153	0.408087	0.481572	0.498519	0.440093	0.312137	0.138124	-0.0541772	-0.239483	-0.375344	-0.432107	-0.396614	-0.286017	-0.124114	0.0740147	0.275052	0.435404	0.538828	0.571099	0.542573	0.456936	0.336843	0.178575	-0.00108177	-0.164209	-0.275855	
1.14565	1.14565	1.10082	1.02691	0.927731	0.793611	0.633714	0.465071	0.290289	0.110709	-0.0601411	-0.216547	-0.359379	-0.466965	-0.540628	-0.588055	-0.604692	-0.576976	-0.511907	-0.419641	-0.308279	-0.173797	-0.0105569	0.152327	0.296153	0.408087	0.481572	0.498519	0.440093	0.312137	0.138124	-0.0541772	-0.239483	-0.375344	-0.432107	-0.396614	-0.286017	-0.124114	0.0740147	0.275052	0.435404	0.538828	0.571099	0.542573	0.456936	0.336843	0.178575	-0.00108177	-0.164209	-0.275855	
