0.200612	0.200612	0.204858	0.212892	0.2238	0.239217	0.254508	0.272903	0.290452	0.307349	0.321174	0.332251	0.338478	0.335823	0.332378	0.31838	0.299015	0.279078	0.247962	0.215109	0.173364	0.127349	0.0768737	0.0231748	-0.0352069	-0.0923352	-0.14326	-0.193189	-0.236084	-0.272989	-0.307317	-0.339365	-0.361218	-0.383503	-0.394854	-0.39124	-0.3705	-0.331948	-0.264134	-0.177696	-0.075989	0.0262365	0.123236	0.195411	0.226374	0.203366	0.12568	-0.00995805	-0.183444	-0.35811	
-0.159452	-0.159452	-0.15498	-0.140177	-0.124198	-0.100356	-0.072576	-0.0424704	-0.0092727	0.0244483	0.0580982	0.0902339	0.120909	0.149201	0.174172	0.19391	0.208549	0.2163	0.210939	0.200767	0.18059	0.149026	0.110636	0.0648254	0.0156482	-0.0353341	-0.0857403	-0.139173	-0.188767	-0.235534	-0.284166	-0.328473	-0.364575	-0.397928	-0.418632	-0.420452	-0.407567	-0.375508	-0.321593	-0.251938	-0.170009	-0.0782268	0.0186999	0.102376	0.147198	0.134537	0.0578639	-0.0854412	-0.272674	-0.467279	
-0.461165	-0.461165	-0.455651	-0.440776	-0.423809	-0.397771	-0.367977	-0.334595	-0.294054	-0.251032	-0.205122	-0.153245	-0.101588	-0.0509518	0.00181309	0.0469108	0.0882076	0.123457	0.148354	0.167298	0.171238	0.165331	0.152144	0.129598	0.0973995	0.0590307	0.0166066	-0.0346261	-0.0869969	-0.14309	-0.202217	-0.258109	-0.305211	-0.349238	-0.376007	-0.387368	-0.386846	-0.373579	-0.341297	-0.294288	-0.225895	-0.13688	-0.0333589	0.0583958	0.108322	0.0981838	0.0191957	-0.132546	-0.335183	-0.554766	
-0.694358	-0.694358	-0.689585	-0.677049	-0.661154	-0.636561	-0.607086	-0.57056	-0.526154	-0.478773	-0.422531	-0.3639	-0.303097	-0.236836	-0.171823	-0.107528	-0.0442512	0.0156101	0.0645809	0.10987	0.145282	0.172283	0.190734	0.194729	0.189843	0.173476	0.145316	0.102154	0.0533002	-0.0033503	-0.0671528	-0.125447	-0.178609	-0.226875	-0.263888	-0.290583	-0.314763	-0.325196	-0.31653	-0.283702	-0.221371	-0.131346	-0.0267939	0.0629621	0.11057	0.0993087	0.0154946	-0.148009	-0.371146	-0.6131	
-0.864492	-0.864492	-0.85967	-0.843281	-0.82567	-0.798599	-0.764559	-0.728638	-0.682254	-0.632689	-0.578692	-0.515996	-0.452342	-0.382463	-0.311384	-0.239812	-0.165795	-0.0963035	-0.0261008	0.0435942	0.106606	0.161045	0.210139	0.245863	0.269141	0.276471	0.268594	0.243724	0.209248	0.163312	0.110701	0.0610303	0.00928372	-0.0458716	-0.0975878	-0.14766	-0.196568	-0.226492	-0.231708	-0.205826	-0.149066	-0.0639815	0.0315848	0.113431	0.155443	0.140258	0.0474771	-0.132234	-0.371144	-0.626599	
-0.946414	-0.946414	-0.939633	-0.92651	-0.90757	-0.880206	-0.848857	-0.810427	-0.763965	-0.716999	-0.660538	-0.601967	-0.542456	-0.475904	-0.40857	-0.338059	-0.261798	-0.183561	-0.102665	-0.021379	0.0556331	0.131981	0.202842	0.259198	0.305574	0.338431	0.355764	0.357656	0.351947	0.333912	0.304539	0.269181	0.21915	0.157579	0.0926222	0.0261135	-0.0352224	-0.0729847	-0.0844657	-0.0672892	-0.0212783	0.0500555	0.131862	0.201495	0.233262	0.208384	0.101283	-0.0894736	-0.333512	-0.588967	
-0.931391	-0.931391	-0.925952	-0.913183	-0.895419	-0.873049	-0.843239	-0.812121	-0.774505	-0.734728	-0.690985	-0.642486	-0.592329	-0.531974	-0.472446	-0.404511	-0.330873	-0.257628	-0.17793	-0.0967446	-0.0137035	0.0657305	0.141763	0.20973	0.274164	0.32956	0.376239	0.415853	0.445962	0.45894	0.453582	0.435117	0.391118	0.333896	0.269685	0.205596	0.145495	0.108708	0.0890396	0.0947241	0.123872	0.178364	0.241545	0.292667	0.308587	0.270189	0.156129	-0.0315791	-0.263439	-0.505503	
-0.813325	-0.813325	-0.810548	-0.805637	-0.798379	-0.787702	-0.774932	-0.759472	-0.737866	-0.71483	-0.684799	-0.649011	-0.610096	-0.562984	-0.512706	-0.45683	-0.393743	-0.331803	-0.25934	-0.189548	-0.119906	-0.0485158	0.0259757	0.0992226	0.176206	0.253459	0.327414	0.394359	0.451051	0.488285	0.50787	0.508411	0.485122	0.449539	0.408618	0.360578	0.313995	0.279805	0.255145	0.248398	0.260934	0.294511	0.331746	0.358519	0.355705	0.310867	0.202553	0.0328943	-0.174228	-0.398935	
-0.636639	-0.636639	-0.637183	-0.644028	-0.646614	-0.653691	-0.658121	-0.659908	-0.659938	-0.656071	-0.645188	-0.631423	-0.610989	-0.581276	-0.550031	-0.509502	-0.465722	-0.420172	-0.368504	-0.317745	-0.259197	-0.192088	-0.121642	-0.044358	0.0400049	0.125972	0.207482	0.287932	0.357674	0.412358	0.453196	0.482797	0.492711	0.495313	0.486603	0.465568	0.438874	0.41482	0.390136	0.373667	0.36839	0.374201	0.381428	0.382402	0.368494	0.32765	0.235572	0.0936737	-0.0860048	-0.285475	
-0.470258	-0.470258	-0.473457	-0.482123	-0.491358	-0.505881	-0.519836	-0.535195	-0.550693	-0.562228	-0.572901	-0.578623	-0.580259	-0.577085	-0.57148	-0.559071	-0.541046	-0.520287	-0.485361	-0.445627	-0.393721	-0.335299	-0.269225	-0.195739	-0.117605	-0.0386392	0.0399916	0.117864	0.189704	0.255617	0.321379	0.379892	0.426023	0.466524	0.49486	0.50658	0.508527	0.502334	0.483257	0.460804	0.437247	0.41834	0.401253	0.388161	0.375225	0.345149	0.27477	0.159576	0.0110953	-0.160403	
-0.344185	-0.344185	-0.346416	-0.356134	-0.365082	-0.379732	-0.397221	-0.415092	-0.437554	-0.460773	-0.484372	-0.511482	-0.534761	-0.558712	-0.577335	-0.588039	-0.592197	-0.586078	-0.565339	-0.539948	-0.502542	-0.453386	-0.400178	-0.33902	-0.27557	-0.209483	-0.143901	-0.0720877	0.000982185	0.0770745	0.158271	0.236193	0.311001	0.384019	0.446555	0.490307	0.523406	0.535007	0.52547	0.499921	0.468318	0.437526	0.412847	0.400536	0.394735	0.378009	0.325668	0.238399	0.121071	-0.020971	
-0.257572	-0.257572	-0.258768	-0.267509	-0.273761	-0.28893	-0.305883	-0.326151	-0.355181	-0.383538	-0.418245	-0.455074	-0.48934	-0.524857	-0.555133	-0.579053	-0.599066	-0.606697	-0.608273	-0.600272	-0.579603	-0.550849	-0.519722	-0.477146	-0.432065	-0.38002	-0.32123	-0.252351	-0.18153	-0.102984	-0.0148777	0.0747843	0.166805	0.260455	0.343248	0.409913	0.462493	0.4874	0.488257	0.471341	0.449852	0.427615	0.415724	0.41511	0.424562	0.422265	0.393545	0.338714	0.254416	0.141798	
-0.200576	-0.200576	-0.205105	-0.212156	-0.22494	-0.240363	-0.260749	-0.283641	-0.311576	-0.340045	-0.372146	-0.406427	-0.438215	-0.474542	-0.506876	-0.537278	-0.566576	-0.589561	-0.608171	-0.620756	-0.626706	-0.627532	-0.61929	-0.598796	-0.569649	-0.529898	-0.47925	-0.419213	-0.350478	-0.270139	-0.178748	-0.0880251	0.00931331	0.105745	0.191036	0.261234	0.318874	0.351932	0.368732	0.375958	0.381413	0.388117	0.402792	0.42851	0.462616	0.486709	0.493096	0.476103	0.425682	0.334239	
-0.198697	-0.198697	-0.202311	-0.209115	-0.219356	-0.232107	-0.247712	-0.264874	-0.285001	-0.305315	-0.328762	-0.35352	-0.377601	-0.408038	-0.434762	-0.46525	-0.500595	-0.529958	-0.565955	-0.598673	-0.627997	-0.649288	-0.664411	-0.665193	-0.658648	-0.636631	-0.599544	-0.546199	-0.482375	-0.404912	-0.319941	-0.235351	-0.146146	-0.0636196	0.00659744	0.066994	0.122519	0.162643	0.202097	0.239795	0.283111	0.327738	0.383177	0.450047	0.525472	0.593329	0.644823	0.6697	0.645827	0.567542	
-0.247556	-0.247556	-0.248787	-0.248509	-0.251388	-0.252535	-0.256447	-0.260079	-0.266023	-0.272725	-0.282231	-0.29349	-0.308029	-0.326915	-0.348121	-0.37614	-0.409005	-0.441219	-0.485644	-0.523313	-0.562441	-0.601376	-0.633647	-0.657076	-0.668777	-0.664292	-0.641467	-0.606638	-0.557559	-0.49466	-0.426863	-0.361072	-0.293763	-0.234087	-0.183525	-0.131397	-0.0796441	-0.0294721	0.0297268	0.0977286	0.176793	0.264507	0.371067	0.492726	0.625563	0.747258	0.85027	0.912746	0.908912	0.838429	
-0.304886	-0.304886	-0.305059	-0.295304	-0.2922	-0.28093	-0.271248	-0.263129	-0.252491	-0.246547	-0.242504	-0.241749	-0.246339	-0.256149	-0.271461	-0.292782	-0.31992	-0.351897	-0.389413	-0.42771	-0.47039	-0.514936	-0.550251	-0.582132	-0.603822	-0.616861	-0.616614	-0.606796	-0.584564	-0.553225	-0.521051	-0.486418	-0.446491	-0.408785	-0.37118	-0.322897	-0.271681	-0.211924	-0.137521	-0.0445697	0.0653012	0.19906	0.359196	0.543444	0.7358	0.915512	1.06929	1.16813	1.18691	1.12813	
-0.324448	-0.324448	-0.321562	-0.313993	-0.305689	-0.29277	-0.279044	-0.265533	-0.249393	-0.237164	-0.22744	-0.218284	-0.218423	-0.221475	-0.228777	-0.246265	-0.266054	-0.290661	-0.322609	-0.354706	-0.389469	-0.422704	-0.452429	-0.48429	-0.51384	-0.539098	-0.560131	-0.581894	-0.599502	-0.611947	-0.622209	-0.622318	-0.610888	-0.593953	-0.564897	-0.519182	-0.465657	-0.397373	-0.30704	-0.193003	-0.0515601	0.123291	0.333248	0.570071	0.813971	1.04628	1.24903	1.38956	1.44212	1.40898	
-0.292992	-0.292992	-0.291379	-0.287904	-0.283739	-0.276842	-0.270862	-0.262978	-0.2546	-0.249248	-0.241352	-0.237012	-0.236864	-0.234251	-0.240051	-0.249	-0.257079	-0.274054	-0.291423	-0.307658	-0.327136	-0.350344	-0.373047	-0.40486	-0.434865	-0.473266	-0.518627	-0.571914	-0.622463	-0.672522	-0.720499	-0.75234	-0.771014	-0.774869	-0.758229	-0.716699	-0.663043	-0.581047	-0.473078	-0.333289	-0.163688	0.0450728	0.288335	0.558479	0.83697	1.11059	1.35912	1.54579	1.64355	1.65021	
-0.233649	-0.233649	-0.235886	-0.238839	-0.24365	-0.250635	-0.255591	-0.264144	-0.269465	-0.275131	-0.279826	-0.281943	-0.284103	-0.282642	-0.282936	-0.280062	-0.274567	-0.276131	-0.269168	-0.272226	-0.279708	-0.293846	-0.313246	-0.344832	-0.385515	-0.439113	-0.501833	-0.569944	-0.6421	-0.716408	-0.78773	-0.842923	-0.887547	-0.91327	-0.910598	-0.878993	-0.82304	-0.726882	-0.598754	-0.435693	-0.244014	-0.0144621	0.242289	0.525278	0.818536	1.11907	1.40185	1.62861	1.77229	1.81952	
-0.196179	-0.196179	-0.197229	-0.208769	-0.215646	-0.230991	-0.245959	-0.261841	-0.279032	-0.294515	-0.308602	-0.31797	-0.324426	-0.324294	-0.317099	-0.307614	-0.290468	-0.276775	-0.260669	-0.253966	-0.253788	-0.259396	-0.281895	-0.318028	-0.367028	-0.424596	-0.494262	-0.571436	-0.651146	-0.733988	-0.812301	-0.881282	-0.939639	-0.979319	-0.984668	-0.962902	-0.902815	-0.800291	-0.659226	-0.487118	-0.283439	-0.0499795	0.207901	0.487742	0.783183	1.09426	1.39317	1.64398	1.82169	1.90023	
-0.208848	-0.208848	-0.209371	-0.218452	-0.223036	-0.235492	-0.248372	-0.260129	-0.276356	-0.289625	-0.298684	-0.309754	-0.311816	-0.310157	-0.307775	-0.297542	-0.287225	-0.277446	-0.266155	-0.259804	-0.260131	-0.268267	-0.294022	-0.327102	-0.371346	-0.429075	-0.499709	-0.572579	-0.649897	-0.73178	-0.807721	-0.873133	-0.929795	-0.963479	-0.96709	-0.945004	-0.884784	-0.784353	-0.649282	-0.483479	-0.284962	-0.0585562	0.191911	0.462712	0.752506	1.05925	1.35301	1.60745	1.79768	1.89587	
-0.256584	-0.256584	-0.257862	-0.259162	-0.260321	-0.264171	-0.26357	-0.265646	-0.266599	-0.2638	-0.264701	-0.263966	-0.261719	-0.263941	-0.266168	-0.264762	-0.270472	-0.272537	-0.275582	-0.285095	-0.297228	-0.312949	-0.337088	-0.362219	-0.402599	-0.450854	-0.50711	-0.567063	-0.636648	-0.704789	-0.762824	-0.812709	-0.851213	-0.864616	-0.855295	-0.82797	-0.76835	-0.680442	-0.565515	-0.42235	-0.244699	-0.0386869	0.194129	0.447029	0.721077	1.00566	1.27514	1.51105	1.69538	1.79846	
-0.312784	-0.312784	-0.310442	-0.304115	-0.297584	-0.286393	-0.275988	-0.263913	-0.252072	-0.241415	-0.233938	-0.227425	-0.224833	-0.228352	-0.231725	-0.242177	-0.260284	-0.276209	-0.302248	-0.32839	-0.353694	-0.377824	-0.40583	-0.433476	-0.465734	-0.498156	-0.534354	-0.574876	-0.614997	-0.653092	-0.681293	-0.706695	-0.714982	-0.706028	-0.682955	-0.649883	-0.590852	-0.51992	-0.428567	-0.315491	-0.169175	0.00147868	0.201022	0.42025	0.662523	0.908511	1.14075	1.34694	1.51678	1.61593	
-0.325175	-0.325175	-0.322786	-0.313626	-0.306442	-0.291884	-0.28082	-0.265896	-0.252591	-0.242145	-0.230553	-0.226236	-0.224374	-0.22857	-0.240713	-0.258095	-0.285343	-0.311258	-0.348861	-0.382962	-0.418194	-0.458265	-0.495287	-0.526505	-0.551367	-0.573041	-0.586427	-0.592843	-0.595564	-0.592323	-0.582395	-0.56984	-0.549921	-0.520233	-0.490142	-0.449045	-0.395675	-0.336469	-0.266312	-0.178808	-0.0709657	0.0541471	0.201492	0.368616	0.557981	0.752002	0.939196	1.11751	1.27064	1.37075	
-0.284865	-0.284865	-0.286357	-0.279855	-0.280018	-0.273847	-0.268585	-0.26494	-0.259848	-0.257084	-0.258868	-0.261773	-0.271542	-0.284986	-0.30399	-0.327147	-0.3552	-0.387249	-0.425934	-0.466519	-0.508997	-0.556078	-0.588641	-0.617584	-0.637682	-0.644686	-0.634092	-0.612198	-0.580563	-0.533015	-0.484501	-0.436494	-0.388448	-0.338824	-0.300813	-0.253337	-0.207158	-0.157166	-0.105366	-0.0416914	0.0244728	0.0981807	0.1817	0.282045	0.40353	0.535011	0.678577	0.833631	0.979216	1.09167	
-0.228796	-0.228796	-0.231041	-0.232362	-0.238897	-0.243145	-0.25186	-0.262229	-0.272703	-0.287195	-0.303752	-0.319314	-0.340401	-0.36287	-0.38469	-0.41728	-0.446314	-0.485939	-0.523486	-0.563617	-0.600219	-0.633335	-0.654209	-0.675366	-0.679339	-0.667238	-0.638765	-0.597866	-0.537654	-0.466429	-0.393154	-0.317859	-0.238797	-0.172321	-0.117072	-0.0618485	-0.0176344	0.020171	0.0534659	0.0878418	0.110913	0.132917	0.152763	0.186416	0.236302	0.30492	0.407367	0.53996	0.684864	0.813887	
-0.195152	-0.195152	-0.196263	-0.209268	-0.217421	-0.235121	-0.25465	-0.274662	-0.299095	-0.325066	-0.349495	-0.378214	-0.406739	-0.436699	-0.466704	-0.502906	-0.531019	-0.5646	-0.592301	-0.615809	-0.636791	-0.649707	-0.65745	-0.654291	-0.634914	-0.603967	-0.561988	-0.506976	-0.43773	-0.360322	-0.274637	-0.181843	-0.0860301	-0.0049548	0.0735489	0.139263	0.184428	0.209034	0.222311	0.218763	0.19787	0.168976	0.134463	0.11144	0.0979708	0.113659	0.173813	0.280903	0.415909	0.558083	
-0.22172	-0.22172	-0.222542	-0.234959	-0.240569	-0.260213	-0.277208	-0.299768	-0.328864	-0.358201	-0.392025	-0.429777	-0.466103	-0.500847	-0.536862	-0.563878	-0.585877	-0.605105	-0.616093	-0.617737	-0.62007	-0.606798	-0.588586	-0.557397	-0.520911	-0.475907	-0.424176	-0.361289	-0.288797	-0.208345	-0.122244	-0.0269576	0.0694049	0.15962	0.248929	0.317916	0.360981	0.376341	0.369073	0.327997	0.268039	0.193668	0.119609	0.0525363	-0.00247478	-0.0239778	0.00233408	0.0807253	0.195022	0.342475	
-0.293283	-0.293283	-0.297394	-0.301081	-0.310977	-0.323859	-0.338705	-0.361199	-0.385656	-0.413913	-0.446535	-0.479762	-0.512057	-0.542431	-0.572419	-0.587909	-0.60546	-0.610097	-0.600454	-0.58555	-0.559539	-0.518121	-0.475923	-0.428805	-0.376558	-0.319907	-0.257463	-0.187949	-0.113769	-0.0373267	0.0445476	0.135466	0.220251	0.302668	0.379286	0.436487	0.467152	0.473729	0.446864	0.383827	0.297326	0.195076	0.0942348	-0.00138889	-0.0781997	-0.120032	-0.114391	-0.0648938	0.0259564	0.166041	
-0.392213	-0.392213	-0.398696	-0.402962	-0.418267	-0.430651	-0.447431	-0.46775	-0.484769	-0.505134	-0.524871	-0.541132	-0.558081	-0.572609	-0.581551	-0.584274	-0.585227	-0.568093	-0.543445	-0.514474	-0.464208	-0.411613	-0.356113	-0.289241	-0.218293	-0.146366	-0.0740002	-0.000836644	0.0698864	0.142777	0.218613	0.292414	0.352769	0.412295	0.459845	0.486827	0.493155	0.482441	0.439666	0.369627	0.27577	0.167912	0.0547582	-0.0542287	-0.143137	-0.194593	-0.204777	-0.179754	-0.109825	0.012059	
-0.53675	-0.53675	-0.540236	-0.547603	-0.557908	-0.568288	-0.581698	-0.591996	-0.601454	-0.607862	-0.610713	-0.607032	-0.601684	-0.588991	-0.568765	-0.549101	-0.518901	-0.482533	-0.448275	-0.401584	-0.345508	-0.290097	-0.220096	-0.137687	-0.058019	0.0243145	0.104721	0.182929	0.254628	0.319389	0.376102	0.418292	0.450453	0.476915	0.485534	0.473875	0.453853	0.418824	0.3639	0.293264	0.210281	0.114149	0.00926979	-0.0986197	-0.189118	-0.248645	-0.276179	-0.272325	-0.220464	-0.12338	
-0.716576	-0.716576	-0.716048	-0.717026	-0.71692	-0.714616	-0.715049	-0.70742	-0.701804	-0.689726	-0.670941	-0.649763	-0.618826	-0.582232	-0.539931	-0.494167	-0.439674	-0.38794	-0.332817	-0.268375	-0.208062	-0.14254	-0.064098	0.0111019	0.0890291	0.171818	0.257438	0.334057	0.398877	0.446221	0.480433	0.491364	0.491455	0.476785	0.444639	0.40285	0.359569	0.303863	0.240143	0.174664	0.106926	0.0319523	-0.0510792	-0.140705	-0.22018	-0.285398	-0.331312	-0.347337	-0.314178	-0.244794	
-0.876916	-0.876916	-0.873042	-0.864346	-0.852328	-0.83596	-0.816268	-0.791877	-0.764843	-0.733095	-0.695627	-0.657618	-0.608995	-0.560026	-0.504336	-0.441867	-0.375944	-0.307065	-0.230249	-0.154435	-0.0803076	-0.00307436	0.0730482	0.139002	0.212428	0.284423	0.351862	0.405328	0.449878	0.482278	0.493622	0.478302	0.448641	0.400467	0.336919	0.27427	0.210672	0.143656	0.0789168	0.0229304	-0.0333587	-0.0875184	-0.147769	-0.207208	-0.266953	-0.327237	-0.384951	-0.414176	-0.40249	-0.360016	
-0.955827	-0.955827	-0.949304	-0.937405	-0.916916	-0.894854	-0.860941	-0.827897	-0.785529	-0.739691	-0.692121	-0.637295	-0.581466	-0.521757	-0.456535	-0.387617	-0.31459	-0.235916	-0.153477	-0.0719816	0.0102812	0.0918841	0.163012	0.228903	0.289788	0.337011	0.366772	0.390853	0.408168	0.413277	0.394075	0.364062	0.320871	0.255658	0.178468	0.103948	0.0276598	-0.0449814	-0.103866	-0.152192	-0.196481	-0.236587	-0.276396	-0.309575	-0.346805	-0.39276	-0.445042	-0.47553	-0.483298	-0.465578	
-0.933004	-0.933004	-0.925685	-0.912862	-0.89134	-0.865779	-0.830775	-0.793307	-0.74709	-0.697231	-0.644115	-0.58197	-0.522177	-0.452865	-0.383266	-0.310522	-0.234739	-0.158231	-0.0815502	-0.00543049	0.0684091	0.140268	0.199243	0.25483	0.292239	0.310363	0.31408	0.312047	0.292052	0.257355	0.216137	0.177841	0.125561	0.0585223	-0.00865289	-0.0792568	-0.156813	-0.228459	-0.281934	-0.326547	-0.359703	-0.38893	-0.409367	-0.426008	-0.444296	-0.47355	-0.502107	-0.521938	-0.537434	-0.53825	
-0.81459	-0.81459	-0.808366	-0.794923	-0.77715	-0.749717	-0.720445	-0.680935	-0.63757	-0.588436	-0.531274	-0.47128	-0.406164	-0.336307	-0.267789	-0.196347	-0.127809	-0.0611069	0.00244847	0.0605505	0.115336	0.160174	0.194951	0.221857	0.230048	0.225519	0.214095	0.182898	0.133799	0.0790334	0.0272761	-0.0280318	-0.0896324	-0.144477	-0.192002	-0.248447	-0.311877	-0.367756	-0.416836	-0.459859	-0.490028	-0.508733	-0.514568	-0.518656	-0.525841	-0.538199	-0.539795	-0.54323	-0.552962	-0.558727	
-0.61525	-0.61525	-0.61003	-0.598275	-0.582352	-0.557896	-0.530602	-0.492962	-0.452605	-0.404576	-0.350301	-0.295923	-0.233605	-0.174679	-0.11402	-0.0551185	-0.00118929	0.0495533	0.091944	0.126314	0.152468	0.162515	0.168225	0.160622	0.142466	0.120165	0.0869777	0.0353836	-0.0177456	-0.073327	-0.133353	-0.19848	-0.256631	-0.300145	-0.339366	-0.38088	-0.417307	-0.448445	-0.48749	-0.525781	-0.556774	-0.57113	-0.572978	-0.569174	-0.569241	-0.563357	-0.548039	-0.537745	-0.534679	-0.528152	
-0.357932	-0.357932	-0.351253	-0.338308	-0.31837	-0.294372	-0.263312	-0.229696	-0.192312	-0.15128	-0.110375	-0.0672492	-0.0230552	0.0180377	0.0608541	0.0976388	0.130395	0.155185	0.169228	0.174551	0.166103	0.148863	0.126754	0.0915395	0.0541916	0.0123249	-0.0412778	-0.0935333	-0.141722	-0.195766	-0.252785	-0.307936	-0.354961	-0.394329	-0.430842	-0.459162	-0.473208	-0.486487	-0.507442	-0.530924	-0.553726	-0.568872	-0.5755	-0.573265	-0.564362	-0.540659	-0.516092	-0.497457	-0.479641	-0.451087	
-0.0330561	-0.0330561	-0.0267914	-0.0147839	0.00298236	0.0236128	0.0496606	0.0746924	0.103299	0.130365	0.155618	0.181757	0.201813	0.220663	0.234248	0.240897	0.242351	0.234722	0.220494	0.198523	0.167084	0.132999	0.0873394	0.0354815	-0.0166888	-0.0746163	-0.130581	-0.175463	-0.222564	-0.27	-0.313425	-0.353598	-0.388299	-0.420424	-0.450478	-0.468651	-0.474641	-0.481213	-0.485753	-0.489386	-0.494975	-0.506159	-0.517982	-0.523843	-0.509736	-0.47814	-0.448577	-0.423641	-0.390972	-0.344016	
0.35023	0.35023	0.351921	0.35535	0.360218	0.367419	0.375432	0.384801	0.395002	0.402947	0.409809	0.412148	0.407554	0.398619	0.379997	0.356307	0.326801	0.292681	0.256257	0.215016	0.17153	0.123185	0.0666577	0.0119598	-0.0451803	-0.102467	-0.150106	-0.195275	-0.240612	-0.276068	-0.305584	-0.33015	-0.351474	-0.376384	-0.398348	-0.407417	-0.413262	-0.419124	-0.416438	-0.407364	-0.399611	-0.400374	-0.40928	-0.41723	-0.406914	-0.383884	-0.356584	-0.323256	-0.275843	-0.218986	
0.718635	0.718635	0.717142	0.713748	0.708807	0.702603	0.693342	0.683601	0.669667	0.653338	0.63392	0.608653	0.580545	0.546783	0.507655	0.465012	0.416636	0.364762	0.30924	0.251287	0.194191	0.135921	0.0830601	0.0347969	-0.0146874	-0.0601619	-0.104104	-0.150904	-0.188186	-0.213978	-0.23305	-0.245229	-0.259156	-0.275371	-0.282685	-0.285967	-0.295639	-0.29952	-0.291628	-0.278717	-0.267223	-0.258069	-0.253739	-0.249413	-0.243187	-0.236523	-0.218713	-0.178835	-0.121878	-0.0623148	
1.01622	1.01622	1.01295	1.00598	0.995121	0.979205	0.958195	0.931768	0.899071	0.862374	0.820582	0.775496	0.72898	0.678692	0.627571	0.573154	0.515006	0.454025	0.390068	0.326347	0.264397	0.207179	0.158155	0.11179	0.0701461	0.0337706	-0.00326025	-0.035899	-0.0600477	-0.0823669	-0.100231	-0.113176	-0.122325	-0.120253	-0.113047	-0.118436	-0.128263	-0.125319	-0.114603	-0.104172	-0.0928503	-0.0781926	-0.0601616	-0.0404618	-0.0322075	-0.0346225	-0.0261959	0.00937125	0.0618354	0.117548	
1.21702	1.21702	1.21081	1.19886	1.18074	1.15674	1.12761	1.09224	1.05234	1.0072	0.956878	0.903146	0.845039	0.784248	0.722686	0.660138	0.5995	0.541332	0.485841	0.433235	0.382041	0.333284	0.285238	0.239794	0.203019	0.173214	0.15072	0.136705	0.121777	0.102723	0.0848863	0.0705739	0.0679584	0.0770179	0.08119	0.0781785	0.0825578	0.090171	0.0922232	0.0953094	0.10644	0.123131	0.145359	0.167441	0.177909	0.179664	0.187148	0.208152	0.24076	0.285015	
1.29175	1.29175	1.28445	1.27034	1.24957	1.22321	1.19166	1.1553	1.11525	1.07054	1.02237	0.97068	0.915242	0.858658	0.800981	0.744525	0.691483	0.642108	0.5971	0.555674	0.516864	0.479764	0.44358	0.411784	0.38444	0.360972	0.344452	0.331909	0.319697	0.311233	0.305202	0.300249	0.297301	0.291007	0.284925	0.294029	0.312005	0.317605	0.312108	0.310156	0.316689	0.330546	0.348643	0.361497	0.369236	0.380123	0.392109	0.396646	0.401708	0.423551	
1.24257	1.24257	1.23704	1.2258	1.20922	1.18741	1.16053	1.12969	1.09513	1.05807	1.01985	0.980677	0.941868	0.903683	0.865328	0.827567	0.789609	0.751651	0.715221	0.68155	0.652438	0.628543	0.610138	0.595175	0.579353	0.562764	0.546084	0.530132	0.521051	0.520832	0.523741	0.525251	0.519267	0.506566	0.502084	0.511063	0.519304	0.522086	0.52478	0.524891	0.522113	0.525104	0.531696	0.53365	0.537738	0.550992	0.560688	0.552483	0.535412	0.529355	
1.11256	1.11256	1.10931	1.10264	1.09282	1.07965	1.06345	1.0447	1.0235	1.00112	0.977865	0.954489	0.932001	0.909943	0.88877	0.868258	0.84766	0.827409	0.80786	0.7896	0.773664	0.76074	0.750894	0.742387	0.734672	0.727824	0.720242	0.713196	0.708798	0.705162	0.702054	0.700171	0.698371	0.698786	0.700034	0.693508	0.682429	0.681626	0.69012	0.693704	0.687881	0.676841	0.663662	0.655801	0.658819	0.664847	0.661165	0.644951	0.620548	0.596088	
0.956513	0.956513	0.955162	0.952658	0.949083	0.944688	0.939746	0.934148	0.92804	0.921309	0.913608	0.905281	0.896315	0.887101	0.87884	0.871827	0.866845	0.864188	0.862827	0.861757	0.859849	0.856329	0.851422	0.846862	0.845066	0.846099	0.848929	0.851741	0.850362	0.84366	0.835874	0.830804	0.831782	0.837321	0.836466	0.823811	0.809344	0.800679	0.796724	0.79687	0.794342	0.776124	0.747754	0.730998	0.727766	0.719168	0.699224	0.677751	0.655196	0.626453	
0.821981	0.821981	0.822307	0.823093	0.824296	0.826135	0.828653	0.831796	0.835707	0.84006	0.844785	0.84978	0.854701	0.859782	0.865128	0.870822	0.87736	0.884693	0.892411	0.900118	0.907068	0.91258	0.91665	0.92019	0.923732	0.927246	0.931106	0.9342	0.934593	0.93281	0.929934	0.926271	0.922952	0.919023	0.912472	0.90514	0.897323	0.884262	0.867677	0.855464	0.845667	0.828879	0.806049	0.78446	0.762614	0.735323	0.706195	0.681731	0.659952	0.633857	
0.743643	0.743643	0.745172	0.748119	0.752445	0.757994	0.76463	0.772386	0.781174	0.791074	0.802236	0.814496	0.827847	0.841979	0.856171	0.870069	0.883017	0.894639	0.905353	0.915577	0.925837	0.936602	0.947502	0.957164	0.964218	0.968411	0.970021	0.970389	0.972001	0.975005	0.976761	0.975073	0.968038	0.956647	0.946981	0.941817	0.936105	0.92574	0.909023	0.884276	0.858802	0.84542	0.838559	0.816649	0.775693	0.734318	0.703827	0.679039	0.656093	0.633125	
0.743643	0.743643	0.745172	0.748119	0.752445	0.757994	0.76463	0.772386	0.781174	0.791074	0.802236	0.814496	0.827847	0.841979	0.856171	0.870069	0.883017	0.894639	0.905353	0.915577	0.925837	0.936602	0.947502	0.957164	0.964218	0.968411	0.970021	0.970389	0.972001	0.975005	0.976761	0.975073	0.968038	0.956647	0.946981	0.941817	0.936105	0.92574	0.909023	0.884276	0.858802	0.84542	0.838559	0.816649	0.775693	0.734318	0.703827	0.679039	0.656093	0.633125	
