0.332241	0.395526	0.437204	0.44571	0.420711	0.386207	0.349675	0.30805	0.261037	0.228137	0.217379	0.220574	0.208903	0.163198	0.0810607	-0.0405203	-0.198996	-0.392726	-0.593256	-0.77479	-0.91924	-1.00364	-1.01719	-0.962885	-0.846656	-0.671686	-0.446973	-0.196189	0.0510216	0.281304	0.486216	0.65375	0.76591	0.812529	0.807013	0.754985	0.652248	0.503368	0.326221	0.136823	-0.0605933	-0.246692	-0.393556	-0.472579	-0.472007	-0.431788	-0.391046	-0.359043	-0.343881	-0.343881	
0.395526	0.446691	0.472663	0.44798	0.383635	0.315415	0.250159	0.185925	0.128041	0.0909933	0.0785814	0.0899509	0.100896	0.0911807	0.0530675	-0.0197983	-0.140733	-0.305462	-0.47557	-0.639064	-0.791135	-0.905256	-0.950112	-0.928455	-0.859494	-0.738016	-0.562698	-0.353426	-0.131281	0.0936997	0.30642	0.492758	0.640798	0.739732	0.792071	0.799516	0.751428	0.631185	0.458353	0.269552	0.0636991	-0.142608	-0.306059	-0.40648	-0.438373	-0.423639	-0.400739	-0.380016	-0.36318	-0.36318	
0.437204	0.472663	0.469009	0.410779	0.325352	0.239122	0.150571	0.0720439	0.0149219	-0.0225357	-0.0431081	-0.0331045	-0.00397106	0.0243444	0.0371045	0.0140826	-0.0669611	-0.201839	-0.352234	-0.505498	-0.663335	-0.796378	-0.865686	-0.878876	-0.856219	-0.78967	-0.668272	-0.498437	-0.294134	-0.068644	0.14881	0.338313	0.501147	0.637649	0.735626	0.784108	0.783369	0.711847	0.56928	0.393551	0.19337	-0.0139505	-0.186582	-0.3085	-0.376714	-0.402139	-0.409156	-0.404337	-0.392856	-0.392856	
0.44571	0.44798	0.410779	0.334775	0.243862	0.143768	0.040947	-0.0362708	-0.0829578	-0.115613	-0.135465	-0.120504	-0.074486	-0.011728	0.041616	0.0604407	0.0180366	-0.0892963	-0.228862	-0.385767	-0.549102	-0.691708	-0.78548	-0.834206	-0.851122	-0.827549	-0.748085	-0.609887	-0.421649	-0.20181	0.0124915	0.195592	0.355756	0.512647	0.647895	0.729936	0.763057	0.735684	0.638157	0.494579	0.315572	0.121322	-0.049686	-0.180159	-0.274096	-0.346217	-0.401928	-0.434107	-0.445566	-0.445566	
0.420711	0.383635	0.325352	0.243862	0.146015	0.037578	-0.0615765	-0.130603	-0.173888	-0.198476	-0.200545	-0.167707	-0.103042	-0.0196971	0.0565912	0.102868	0.0935262	0.0163965	-0.113566	-0.273279	-0.439367	-0.590282	-0.707173	-0.791723	-0.841926	-0.845647	-0.794221	-0.683632	-0.518858	-0.321178	-0.122915	0.0585763	0.222186	0.383679	0.539417	0.654789	0.713818	0.711685	0.654376	0.556302	0.420205	0.261338	0.103535	-0.0382795	-0.161255	-0.275572	-0.378362	-0.451385	-0.486814	-0.486814	
0.386207	0.315415	0.239122	0.143768	0.037578	-0.0629973	-0.146965	-0.214856	-0.260562	-0.269932	-0.241613	-0.17879	-0.094666	0.000865103	0.084596	0.144531	0.15842	0.102008	-0.0155962	-0.172503	-0.343235	-0.504054	-0.639985	-0.749449	-0.820463	-0.837797	-0.8004	-0.712591	-0.579965	-0.420651	-0.251593	-0.0765909	0.0923928	0.254576	0.409653	0.541701	0.635238	0.668749	0.648295	0.597646	0.512272	0.388978	0.242779	0.0896065	-0.0610617	-0.206107	-0.33745	-0.436202	-0.486564	-0.486564	
0.349675	0.250159	0.150571	0.040947	-0.0615765	-0.146965	-0.220895	-0.285026	-0.319092	-0.305464	-0.245586	-0.154034	-0.0495345	0.0511796	0.134108	0.198749	0.215168	0.162106	0.0499048	-0.102816	-0.277496	-0.448853	-0.589709	-0.701437	-0.778505	-0.800637	-0.768351	-0.699997	-0.603395	-0.485303	-0.353971	-0.205351	-0.046264	0.112506	0.263643	0.405548	0.530798	0.609581	0.638441	0.632991	0.583033	0.481463	0.34513	0.193955	0.0363327	-0.122692	-0.272342	-0.39099	-0.454246	-0.454246	
0.30805	0.185925	0.0720439	-0.0362708	-0.130603	-0.214856	-0.285026	-0.330152	-0.336995	-0.2992	-0.217723	-0.102829	0.0167131	0.121334	0.206082	0.267864	0.273778	0.207034	0.0889785	-0.0623168	-0.241502	-0.416409	-0.549132	-0.647323	-0.717888	-0.742664	-0.718481	-0.66778	-0.601588	-0.520055	-0.421604	-0.306314	-0.180447	-0.0357198	0.121649	0.273617	0.413791	0.524983	0.598486	0.636066	0.623566	0.547379	0.423385	0.282874	0.135304	-0.0218991	-0.182056	-0.321923	-0.403851	-0.403851	
0.261037	0.128041	0.0149219	-0.0829578	-0.173888	-0.260562	-0.319092	-0.336995	-0.315848	-0.260898	-0.164105	-0.0378759	0.0911401	0.204646	0.291384	0.345436	0.333431	0.250666	0.122184	-0.0357986	-0.215464	-0.385845	-0.509483	-0.592592	-0.650803	-0.677653	-0.6676	-0.63558	-0.590794	-0.530741	-0.454443	-0.369781	-0.279944	-0.163567	-0.015313	0.144285	0.292488	0.417333	0.523758	0.603643	0.630619	0.585719	0.484738	0.364523	0.231745	0.0787552	-0.0845315	-0.230424	-0.317441	-0.317441	
0.228137	0.0909933	-0.0225357	-0.115613	-0.198476	-0.269932	-0.305464	-0.2992	-0.260898	-0.193398	-0.0926924	0.0331611	0.17146	0.297032	0.38533	0.422568	0.394561	0.304511	0.164255	-0.00445745	-0.184794	-0.349172	-0.469279	-0.545948	-0.589694	-0.609014	-0.612641	-0.603572	-0.571504	-0.520863	-0.461843	-0.400586	-0.341334	-0.2604	-0.138131	0.011293	0.161247	0.303611	0.439605	0.549603	0.607468	0.594212	0.52115	0.423161	0.307346	0.171072	0.0251988	-0.109103	-0.192193	-0.192193	
0.217379	0.0785814	-0.0431081	-0.135465	-0.200545	-0.241613	-0.245586	-0.217723	-0.164105	-0.0926924	0.000138453	0.117417	0.257406	0.389534	0.471067	0.492635	0.456824	0.365717	0.220849	0.0439427	-0.136787	-0.295782	-0.417826	-0.496971	-0.533155	-0.546523	-0.560359	-0.56913	-0.54801	-0.499021	-0.443742	-0.401039	-0.368622	-0.32103	-0.240163	-0.120616	0.0257072	0.187642	0.353536	0.489758	0.567926	0.57333	0.521133	0.448616	0.361704	0.255513	0.140564	0.0366434	-0.0254926	-0.0254926	
0.220574	0.0899509	-0.0331045	-0.120504	-0.167707	-0.17879	-0.154034	-0.102829	-0.0378759	0.0331611	0.117417	0.218945	0.343653	0.45999	0.535276	0.558511	0.527312	0.44232	0.299191	0.121799	-0.0593485	-0.220483	-0.349099	-0.437633	-0.485032	-0.506511	-0.520582	-0.527386	-0.505135	-0.45571	-0.406324	-0.377955	-0.369754	-0.360293	-0.319598	-0.228543	-0.0939824	0.0787128	0.26566	0.415809	0.504956	0.527825	0.500013	0.45357	0.39414	0.32594	0.261258	0.203525	0.166288	0.166288	
0.208903	0.100896	-0.00397106	-0.074486	-0.103042	-0.094666	-0.0495345	0.0167131	0.0911401	0.17146	0.257406	0.343653	0.431734	0.516325	0.588083	0.625138	0.610145	0.534337	0.398486	0.226218	0.0432501	-0.124541	-0.263615	-0.368439	-0.439122	-0.478708	-0.489741	-0.47345	-0.435556	-0.39346	-0.358747	-0.345316	-0.356294	-0.371908	-0.361433	-0.299062	-0.183865	-0.0197533	0.165414	0.320443	0.424041	0.469583	0.46612	0.443419	0.41618	0.393066	0.380478	0.373621	0.370293	0.370293	
0.163198	0.0911807	0.0243444	-0.011728	-0.0196971	0.000865103	0.0511796	0.121334	0.204646	0.297032	0.389534	0.45999	0.516325	0.574365	0.64023	0.689767	0.695095	0.6416	0.523636	0.358819	0.174514	-0.00472557	-0.167364	-0.299085	-0.392923	-0.446678	-0.45131	-0.412406	-0.358606	-0.317396	-0.298636	-0.303443	-0.324354	-0.35357	-0.363505	-0.324259	-0.239354	-0.106444	0.0580574	0.208625	0.325306	0.398087	0.427439	0.435202	0.439442	0.457799	0.497639	0.540114	0.564464	0.564464	
0.0810607	0.0530675	0.0371045	0.041616	0.0565912	0.084596	0.134108	0.206082	0.291384	0.38533	0.471067	0.535276	0.588083	0.64023	0.699114	0.745771	0.769341	0.748952	0.659056	0.507435	0.32378	0.129999	-0.0627076	-0.223121	-0.329278	-0.380367	-0.383643	-0.349155	-0.297221	-0.255889	-0.238108	-0.244767	-0.269529	-0.302627	-0.319489	-0.302959	-0.256929	-0.17028	-0.0476619	0.0839796	0.210897	0.316928	0.388899	0.433583	0.473206	0.532668	0.61344	0.689768	0.734147	0.734147	
-0.0405203	-0.0197983	0.0140826	0.0604407	0.102868	0.144531	0.198749	0.267864	0.345436	0.422568	0.492635	0.558511	0.625138	0.689767	0.745771	0.786624	0.821843	0.831347	0.776772	0.648497	0.471973	0.268723	0.0547463	-0.123098	-0.230843	-0.280293	-0.29609	-0.28508	-0.2544	-0.213581	-0.179042	-0.171226	-0.186231	-0.215846	-0.242663	-0.250915	-0.243033	-0.20519	-0.129166	-0.0255521	0.0981391	0.227762	0.342533	0.43561	0.523504	0.622383	0.727782	0.819299	0.871856	0.871856	
-0.198996	-0.140733	-0.0669611	0.0180366	0.0935262	0.15842	0.215168	0.273778	0.333431	0.394561	0.456824	0.527312	0.610145	0.695095	0.769341	0.821843	0.8652	0.889501	0.859536	0.753796	0.588614	0.38537	0.169698	-0.00469436	-0.11264	-0.172899	-0.207011	-0.218079	-0.202926	-0.163417	-0.119161	-0.0904115	-0.0835893	-0.104401	-0.140074	-0.178572	-0.21221	-0.216473	-0.178953	-0.101016	0.0135552	0.156135	0.30741	0.444336	0.571183	0.702888	0.832815	0.936472	0.990662	0.990662	
-0.392726	-0.305462	-0.201839	-0.0892963	0.0163965	0.102008	0.162106	0.207034	0.250666	0.304511	0.365717	0.44232	0.534337	0.6416	0.748952	0.831347	0.889501	0.916933	0.893889	0.802565	0.655256	0.470687	0.276901	0.115237	7.19915e-05	-0.0811276	-0.137061	-0.157608	-0.143452	-0.10324	-0.0491678	0.00035068	0.0296818	0.0220867	-0.025199	-0.0976763	-0.16614	-0.202448	-0.193791	-0.134675	-0.0288271	0.120277	0.292808	0.458542	0.620625	0.782075	0.924657	1.03357	1.09346	1.09346	
-0.593256	-0.47557	-0.352234	-0.228862	-0.113566	-0.0155962	0.0499048	0.0889785	0.122184	0.164255	0.220849	0.299191	0.398486	0.523636	0.659056	0.776772	0.859536	0.893889	0.872053	0.79098	0.670096	0.523396	0.363098	0.2131	0.0873131	-0.0147363	-0.0842909	-0.109412	-0.0964169	-0.0498212	0.0175447	0.0866462	0.135986	0.137361	0.08478	-0.000921142	-0.0830858	-0.139361	-0.161676	-0.135244	-0.0507009	0.100851	0.301836	0.507033	0.698305	0.8704	1.01125	1.11062	1.15947	1.15947	
-0.77479	-0.639064	-0.505498	-0.385767	-0.273279	-0.172503	-0.102816	-0.0623168	-0.0357986	-0.00445745	0.0439427	0.121799	0.226218	0.358819	0.507435	0.648497	0.753796	0.802565	0.79098	0.727368	0.63761	0.527839	0.399207	0.262134	0.130294	0.0205738	-0.052804	-0.0830688	-0.0716443	-0.0206288	0.0602426	0.15126	0.218011	0.231972	0.187183	0.103423	0.0222243	-0.044735	-0.0936268	-0.0958147	-0.0294109	0.124188	0.346514	0.578628	0.788872	0.963693	1.09062	1.17178	1.21126	1.21126	
-0.91924	-0.791135	-0.663335	-0.549102	-0.439367	-0.343235	-0.277496	-0.241502	-0.215464	-0.184794	-0.136787	-0.0593485	0.0432501	0.174514	0.32378	0.471973	0.588614	0.655256	0.670096	0.63761	0.568882	0.470768	0.355359	0.227976	0.103058	0.000467187	-0.0646661	-0.0847858	-0.0653923	-0.0085577	0.0803516	0.181184	0.260936	0.292618	0.261763	0.186438	0.111584	0.0481602	0.00230272	0.00290568	0.0715509	0.222858	0.434722	0.656961	0.862064	1.03296	1.15806	1.24014	1.28138	1.28138	
-1.00364	-0.905256	-0.796378	-0.691708	-0.590282	-0.504054	-0.448853	-0.416409	-0.385845	-0.349172	-0.295782	-0.220483	-0.124541	-0.00472557	0.129999	0.268723	0.38537	0.470687	0.523396	0.527839	0.470768	0.364532	0.242442	0.121649	0.0120197	-0.0729368	-0.11825	-0.123552	-0.0945897	-0.033101	0.0548756	0.157404	0.247723	0.30061	0.295444	0.241788	0.183053	0.135992	0.113492	0.142676	0.232325	0.379813	0.565474	0.755674	0.93003	1.08398	1.21603	1.31642	1.37069	1.37069	
-1.01719	-0.950112	-0.865686	-0.78548	-0.707173	-0.639985	-0.589709	-0.549132	-0.509483	-0.469279	-0.417826	-0.349099	-0.263615	-0.167364	-0.0627076	0.0547463	0.169698	0.276901	0.363098	0.399207	0.355359	0.242442	0.110061	-0.0149652	-0.117821	-0.183628	-0.211629	-0.210655	-0.180218	-0.119178	-0.0300617	0.0746043	0.170342	0.242564	0.272517	0.262588	0.243099	0.22846	0.237458	0.29445	0.404704	0.554695	0.717734	0.875744	1.02432	1.16232	1.28591	1.38529	1.44426	1.44426	
-0.962885	-0.928455	-0.878876	-0.834206	-0.791723	-0.749449	-0.701437	-0.647323	-0.592592	-0.545948	-0.496971	-0.437633	-0.368439	-0.299085	-0.223121	-0.123098	-0.00469436	0.115237	0.2131	0.262134	0.227976	0.121649	-0.0149652	-0.153682	-0.263205	-0.323904	-0.342105	-0.335673	-0.306522	-0.248666	-0.16328	-0.0654342	0.0287166	0.116453	0.186484	0.235749	0.274506	0.310077	0.359129	0.443693	0.573609	0.727198	0.877222	1.01778	1.14176	1.25183	1.35834	1.45023	1.50508	1.50508	
-0.846656	-0.859494	-0.856219	-0.851122	-0.841926	-0.820463	-0.778505	-0.717888	-0.650803	-0.589694	-0.533155	-0.485032	-0.439122	-0.392923	-0.329278	-0.230843	-0.11264	7.19915e-05	0.0873131	0.130294	0.103058	0.0120197	-0.117821	-0.263205	-0.392216	-0.47145	-0.494022	-0.482559	-0.449719	-0.399498	-0.332283	-0.24982	-0.156043	-0.053078	0.0513785	0.154637	0.253093	0.34954	0.457487	0.588284	0.744752	0.900289	1.03315	1.14831	1.24444	1.33097	1.42249	1.50848	1.56397	1.56397	
-0.671686	-0.738016	-0.78967	-0.827549	-0.845647	-0.837797	-0.800637	-0.742664	-0.677653	-0.609014	-0.546523	-0.506511	-0.478708	-0.446678	-0.380367	-0.280293	-0.172899	-0.0811276	-0.0147363	0.0205738	0.000467187	-0.0729368	-0.183628	-0.323904	-0.47145	-0.582002	-0.630085	-0.628724	-0.603024	-0.571438	-0.526791	-0.455426	-0.357139	-0.240595	-0.108643	0.0392114	0.19343	0.358694	0.535103	0.711882	0.888567	1.04205	1.15662	1.24943	1.32754	1.39843	1.47278	1.54295	1.58906	1.58906	
-0.446973	-0.562698	-0.668272	-0.748085	-0.794221	-0.8004	-0.768351	-0.718481	-0.6676	-0.612641	-0.560359	-0.520582	-0.489741	-0.45131	-0.383643	-0.29609	-0.207011	-0.137061	-0.0842909	-0.052804	-0.0646661	-0.11825	-0.211629	-0.342105	-0.494022	-0.630085	-0.717336	-0.756015	-0.765695	-0.757586	-0.722483	-0.651692	-0.54623	-0.416039	-0.259072	-0.0713071	0.134752	0.357706	0.585175	0.795724	0.981256	1.12484	1.2309	1.32113	1.3909	1.43976	1.48311	1.52454	1.55279	1.55279	
-0.196189	-0.353426	-0.498437	-0.609887	-0.683632	-0.712591	-0.699997	-0.66778	-0.63558	-0.603572	-0.56913	-0.527386	-0.47345	-0.412406	-0.349155	-0.28508	-0.218079	-0.157608	-0.109412	-0.0830688	-0.0847858	-0.123552	-0.210655	-0.335673	-0.482559	-0.628724	-0.756015	-0.853899	-0.910941	-0.920767	-0.887697	-0.814132	-0.698373	-0.550495	-0.364806	-0.140633	0.100189	0.355061	0.611993	0.840784	1.02475	1.15977	1.26046	1.34227	1.40113	1.43076	1.43637	1.43251	1.43008	1.43008	
0.0510216	-0.131281	-0.294134	-0.421649	-0.518858	-0.579965	-0.603395	-0.601588	-0.590794	-0.571504	-0.54801	-0.505135	-0.435556	-0.358606	-0.297221	-0.2544	-0.202926	-0.143452	-0.0964169	-0.0716443	-0.0653923	-0.0945897	-0.180218	-0.306522	-0.449719	-0.603024	-0.765695	-0.910941	-1.00245	-1.03024	-1.0058	-0.931131	-0.802527	-0.625937	-0.401114	-0.146485	0.112197	0.374853	0.632182	0.858337	1.03209	1.15333	1.24128	1.30619	1.34344	1.34143	1.30217	1.25216	1.21923	1.21923	
0.281304	0.0936997	-0.068644	-0.20181	-0.321178	-0.420651	-0.485303	-0.520055	-0.530741	-0.520863	-0.499021	-0.45571	-0.39346	-0.317396	-0.255889	-0.213581	-0.163417	-0.10324	-0.0498212	-0.0206288	-0.0085577	-0.033101	-0.119178	-0.248666	-0.399498	-0.571438	-0.757586	-0.920767	-1.03024	-1.07703	-1.06396	-0.988972	-0.844239	-0.632852	-0.36858	-0.0838867	0.187293	0.434004	0.662997	0.866975	1.01615	1.11071	1.17189	1.20335	1.20337	1.16043	1.07514	0.98331	0.924949	0.924949	
0.486216	0.30642	0.14881	0.0124915	-0.122915	-0.251593	-0.353971	-0.421604	-0.454443	-0.461843	-0.443742	-0.406324	-0.358747	-0.298636	-0.238108	-0.179042	-0.119161	-0.0491678	0.0175447	0.0602426	0.0803516	0.0548756	-0.0300617	-0.16328	-0.332283	-0.526791	-0.722483	-0.887697	-1.0058	-1.06396	-1.05486	-0.970392	-0.805566	-0.56502	-0.268515	0.0360555	0.305387	0.528629	0.721193	0.881446	0.983792	1.03468	1.04887	1.0262	0.976074	0.893279	0.773291	0.646898	0.562881	0.562881	
0.65375	0.492758	0.338313	0.195592	0.0585763	-0.0765909	-0.205351	-0.306314	-0.369781	-0.400586	-0.401039	-0.377955	-0.345316	-0.303443	-0.244767	-0.171226	-0.0904115	0.00035068	0.0866462	0.15126	0.181184	0.157404	0.0746043	-0.0654342	-0.24982	-0.455426	-0.651692	-0.814132	-0.931131	-0.988972	-0.970392	-0.866925	-0.681273	-0.416019	-0.108045	0.187076	0.444888	0.648432	0.797181	0.896216	0.932252	0.915691	0.865257	0.786201	0.68614	0.560755	0.41112	0.268338	0.17813	0.17813	
0.76591	0.640798	0.501147	0.355756	0.222186	0.0923928	-0.046264	-0.180447	-0.279944	-0.341334	-0.368622	-0.369754	-0.356294	-0.324354	-0.269529	-0.186231	-0.0835893	0.0296818	0.135986	0.218011	0.260936	0.247723	0.170342	0.0287166	-0.156043	-0.357139	-0.54623	-0.698373	-0.802527	-0.844239	-0.805566	-0.681273	-0.471599	-0.195096	0.0934525	0.362273	0.598785	0.766467	0.855638	0.877803	0.837567	0.755019	0.644305	0.506655	0.351396	0.18917	0.028875	-0.111168	-0.197169	-0.197169	
0.812529	0.739732	0.637649	0.512647	0.383679	0.254576	0.112506	-0.0357198	-0.163567	-0.2604	-0.32103	-0.360293	-0.371908	-0.35357	-0.302627	-0.215846	-0.104401	0.0220867	0.137361	0.231972	0.292618	0.30061	0.242564	0.116453	-0.053078	-0.240595	-0.416039	-0.550495	-0.625937	-0.632852	-0.56502	-0.416019	-0.195096	0.064798	0.324088	0.559858	0.746304	0.851718	0.867194	0.804812	0.693333	0.555714	0.392898	0.205555	0.00675542	-0.178491	-0.334883	-0.459859	-0.534486	-0.534486	
0.807013	0.792071	0.735626	0.647895	0.539417	0.409653	0.263643	0.121649	-0.015313	-0.138131	-0.240163	-0.319598	-0.361433	-0.363505	-0.319489	-0.242663	-0.140074	-0.025199	0.08478	0.187183	0.261763	0.295444	0.272517	0.186484	0.0513785	-0.108643	-0.259072	-0.364806	-0.401114	-0.36858	-0.268515	-0.108045	0.0934525	0.324088	0.555775	0.746724	0.867514	0.902418	0.840371	0.694696	0.51084	0.312472	0.101733	-0.110235	-0.315488	-0.500192	-0.648311	-0.752843	-0.806133	-0.806133	
0.754985	0.799516	0.784108	0.729936	0.654789	0.541701	0.405548	0.273617	0.144285	0.011293	-0.120616	-0.228543	-0.299062	-0.324259	-0.302959	-0.250915	-0.178572	-0.0976763	-0.000921142	0.103423	0.186438	0.241788	0.262588	0.235749	0.154637	0.0392114	-0.0713071	-0.140633	-0.146485	-0.0838867	0.0360555	0.187076	0.362273	0.559858	0.746724	0.880586	0.93883	0.914827	0.788027	0.565475	0.307242	0.0490434	-0.198074	-0.419786	-0.617061	-0.779568	-0.890169	-0.956626	-0.989825	-0.989825	
0.652248	0.751428	0.783369	0.763057	0.713818	0.635238	0.530798	0.413791	0.292488	0.161247	0.0257072	-0.0939824	-0.183865	-0.239354	-0.256929	-0.243033	-0.21221	-0.16614	-0.0830858	0.0222243	0.111584	0.183053	0.243099	0.274506	0.253093	0.19343	0.134752	0.100189	0.112197	0.187293	0.305387	0.444888	0.598785	0.746304	0.867514	0.93883	0.941567	0.865812	0.682994	0.409198	0.107249	-0.190911	-0.462733	-0.690727	-0.874942	-1.00031	-1.06062	-1.07947	-1.08166	-1.08166	
0.503368	0.631185	0.711847	0.735684	0.711685	0.668749	0.609581	0.524983	0.417333	0.303611	0.187642	0.0787128	-0.0197533	-0.106444	-0.17028	-0.20519	-0.216473	-0.202448	-0.139361	-0.044735	0.0481602	0.135992	0.22846	0.310077	0.34954	0.358694	0.357706	0.355061	0.374853	0.434004	0.528629	0.648432	0.766467	0.851718	0.902418	0.914827	0.865812	0.731503	0.505114	0.219367	-0.0871705	-0.390105	-0.662294	-0.886043	-1.04429	-1.12787	-1.15527	-1.14372	-1.11715	-1.11715	
0.326221	0.458353	0.56928	0.638157	0.654376	0.648295	0.638441	0.598486	0.523758	0.439605	0.353536	0.26566	0.165414	0.0580574	-0.0476619	-0.129166	-0.178953	-0.193791	-0.161676	-0.0936268	0.00230272	0.113492	0.237458	0.359129	0.457487	0.535103	0.585175	0.611993	0.632182	0.662997	0.721193	0.797181	0.855638	0.867194	0.840371	0.788027	0.682994	0.505114	0.276484	0.0152213	-0.269676	-0.548272	-0.795982	-0.993993	-1.11739	-1.16979	-1.17184	-1.14253	-1.1144	-1.1144	
0.136823	0.269552	0.393551	0.494579	0.556302	0.597646	0.632991	0.636066	0.603643	0.549603	0.489758	0.415809	0.320443	0.208625	0.0839796	-0.0255521	-0.101016	-0.134675	-0.135244	-0.0958147	0.00290568	0.142676	0.29445	0.443693	0.588284	0.711882	0.795724	0.840784	0.858337	0.866975	0.881446	0.896216	0.877803	0.804812	0.694696	0.565475	0.409198	0.219367	0.0152213	-0.200612	-0.436724	-0.670349	-0.879051	-1.03741	-1.12133	-1.14507	-1.12339	-1.07749	-1.04867	-1.04867	
-0.0605933	0.0636991	0.19337	0.315572	0.420205	0.512272	0.583033	0.623566	0.630619	0.607468	0.567926	0.504956	0.424041	0.325306	0.210897	0.0981391	0.0135552	-0.0288271	-0.0507009	-0.0294109	0.0715509	0.232325	0.404704	0.573609	0.744752	0.888567	0.981256	1.02475	1.03209	1.01615	0.983792	0.932252	0.837567	0.693333	0.51084	0.307242	0.107249	-0.0871705	-0.269676	-0.436724	-0.60817	-0.777316	-0.924466	-1.03312	-1.08059	-1.07084	-1.02382	-0.96098	-0.917206	-0.917206	
-0.246692	-0.142608	-0.0139505	0.121322	0.261338	0.388978	0.481463	0.547379	0.585719	0.594212	0.57333	0.527825	0.469583	0.398087	0.316928	0.227762	0.156135	0.120277	0.100851	0.124188	0.222858	0.379813	0.554695	0.727198	0.900289	1.04205	1.12484	1.15977	1.15333	1.11071	1.03468	0.915691	0.755019	0.555714	0.312472	0.0490434	-0.190911	-0.390105	-0.548272	-0.670349	-0.777316	-0.878986	-0.957715	-1.00147	-1.00393	-0.957532	-0.883081	-0.811594	-0.763754	-0.763754	
-0.393556	-0.306059	-0.186582	-0.049686	0.103535	0.242779	0.34513	0.423385	0.484738	0.52115	0.521133	0.500013	0.46612	0.427439	0.388899	0.342533	0.30741	0.292808	0.301836	0.346514	0.434722	0.565474	0.717734	0.877222	1.03315	1.15662	1.2309	1.26046	1.24128	1.17189	1.04887	0.865257	0.644305	0.392898	0.101733	-0.198074	-0.462733	-0.662294	-0.795982	-0.879051	-0.924466	-0.957715	-0.9744	-0.952527	-0.900573	-0.823801	-0.736075	-0.665366	-0.623605	-0.623605	
-0.472579	-0.40648	-0.3085	-0.180159	-0.0382795	0.0896065	0.193955	0.282874	0.364523	0.423161	0.448616	0.45357	0.443419	0.435202	0.433583	0.43561	0.444336	0.458542	0.507033	0.578628	0.656961	0.755674	0.875744	1.01778	1.14831	1.24943	1.32113	1.34227	1.30619	1.20335	1.0262	0.786201	0.506655	0.205555	-0.110235	-0.419786	-0.690727	-0.886043	-0.993993	-1.03741	-1.03312	-1.00147	-0.952527	-0.87583	-0.788558	-0.707294	-0.624202	-0.552123	-0.514009	-0.514009	
-0.472007	-0.438373	-0.376714	-0.274096	-0.161255	-0.0610617	0.0363327	0.135304	0.231745	0.307346	0.361704	0.39414	0.41618	0.439442	0.473206	0.523504	0.571183	0.620625	0.698305	0.788872	0.862064	0.93003	1.02432	1.14176	1.24444	1.32754	1.3909	1.40113	1.34344	1.20337	0.976074	0.68614	0.351396	0.00675542	-0.315488	-0.617061	-0.874942	-1.04429	-1.11739	-1.12133	-1.08059	-1.00393	-0.900573	-0.788558	-0.690661	-0.614301	-0.544977	-0.489335	-0.46629	-0.46629	
-0.431788	-0.423639	-0.402139	-0.346217	-0.275572	-0.206107	-0.122692	-0.0218991	0.0787552	0.171072	0.255513	0.32594	0.393066	0.457799	0.532668	0.622383	0.702888	0.782075	0.8704	0.963693	1.03296	1.08398	1.16232	1.25183	1.33097	1.39843	1.43976	1.43076	1.34143	1.16043	0.893279	0.560755	0.18917	-0.178491	-0.500192	-0.779568	-1.00031	-1.12787	-1.16979	-1.14507	-1.07084	-0.957532	-0.823801	-0.707294	-0.614301	-0.539966	-0.499354	-0.487587	-0.484864	-0.484864	
-0.391046	-0.400739	-0.409156	-0.401928	-0.378362	-0.33745	-0.272342	-0.182056	-0.0845315	0.0251988	0.140564	0.261258	0.380478	0.497639	0.61344	0.727782	0.832815	0.924657	1.01125	1.09062	1.15806	1.21603	1.28591	1.35834	1.42249	1.47278	1.48311	1.43637	1.30217	1.07514	0.773291	0.41112	0.028875	-0.334883	-0.648311	-0.890169	-1.06062	-1.15527	-1.17184	-1.12339	-1.02382	-0.883081	-0.736075	-0.624202	-0.544977	-0.499354	-0.505363	-0.53133	-0.539144	-0.539144	
-0.359043	-0.380016	-0.404337	-0.434107	-0.451385	-0.436202	-0.39099	-0.321923	-0.230424	-0.109103	0.0366434	0.203525	0.373621	0.540114	0.689768	0.819299	0.936472	1.03357	1.11062	1.17178	1.24014	1.31642	1.38529	1.45023	1.50848	1.54295	1.52454	1.43251	1.25216	0.98331	0.646898	0.268338	-0.111168	-0.459859	-0.752843	-0.956626	-1.07947	-1.14372	-1.14253	-1.07749	-0.96098	-0.811594	-0.665366	-0.552123	-0.489335	-0.487587	-0.53133	-0.582696	-0.612868	-0.612868	
-0.343881	-0.36318	-0.392856	-0.445566	-0.486814	-0.486564	-0.454246	-0.403851	-0.317441	-0.192193	-0.0254926	0.166288	0.370293	0.564464	0.734147	0.871856	0.990662	1.09346	1.15947	1.21126	1.28138	1.37069	1.44426	1.50508	1.56397	1.58906	1.55279	1.43008	1.21923	0.924949	0.562881	0.17813	-0.197169	-0.534486	-0.806133	-0.989825	-1.08166	-1.11715	-1.1144	-1.04867	-0.917206	-0.763754	-0.623605	-0.514009	-0.46629	-0.484864	-0.539144	-0.612868	-0.676082	-0.676082	
-0.343881	-0.36318	-0.392856	-0.445566	-0.486814	-0.486564	-0.454246	-0.403851	-0.317441	-0.192193	-0.0254926	0.166288	0.370293	0.564464	0.734147	0.871856	0.990662	1.09346	1.15947	1.21126	1.28138	1.37069	1.44426	1.50508	1.56397	1.58906	1.55279	1.43008	1.21923	0.924949	0.562881	0.17813	-0.197169	-0.534486	-0.806133	-0.989825	-1.08166	-1.11715	-1.1144	-1.04867	-0.917206	-0.763754	-0.623605	-0.514009	-0.46629	-0.484864	-0.539144	-0.612868	-0.676082	-0.676082	
