0.118773	0.119003	0.145869	0.18861	0.233274	0.264685	0.267542	0.224659	0.137014	0.0154008	-0.121152	-0.238948	-0.319484	-0.362158	-0.37474	-0.352979	-0.291904	-0.189735	-0.061595	0.0787767	0.221012	0.334017	0.386887	0.379116	0.325577	0.227247	0.0892497	-0.0803697	-0.253636	-0.407307	-0.548271	-0.675899	-0.783904	-0.854596	-0.867859	-0.81615	-0.71791	-0.606007	-0.485164	-0.351589	-0.196902	-0.0309855	0.116574	0.266283	0.432847	0.591775	0.74456	0.883143	0.965487	0.965487	
0.119003	0.118951	0.161968	0.236351	0.313404	0.367167	0.387675	0.359657	0.27592	0.145103	-0.00485013	-0.141114	-0.249493	-0.318225	-0.34598	-0.335517	-0.284319	-0.18453	-0.0542715	0.0864317	0.228219	0.339172	0.394993	0.401849	0.367272	0.288914	0.172507	0.0266658	-0.132868	-0.287239	-0.428418	-0.563194	-0.692272	-0.792181	-0.841066	-0.829589	-0.773816	-0.686738	-0.563671	-0.420211	-0.262008	-0.0955855	0.0627593	0.225653	0.398235	0.571018	0.73806	0.886561	0.984865	0.984865	
0.145869	0.161968	0.225802	0.323602	0.419724	0.488295	0.520734	0.502924	0.422784	0.288496	0.128465	-0.032519	-0.177928	-0.275535	-0.313961	-0.304675	-0.256595	-0.162535	-0.0338242	0.1072	0.245913	0.353819	0.413897	0.432254	0.408661	0.340096	0.244323	0.131028	-0.00574776	-0.157219	-0.305001	-0.450033	-0.595381	-0.717678	-0.791379	-0.810015	-0.785554	-0.721081	-0.611241	-0.467446	-0.30891	-0.154095	0.00732726	0.18824	0.367492	0.539485	0.703138	0.844779	0.940578	0.940578	
0.18861	0.236351	0.323602	0.437351	0.545994	0.620063	0.655604	0.639106	0.559694	0.424739	0.256952	0.0753705	-0.0956965	-0.214914	-0.263816	-0.253551	-0.208494	-0.121682	0.00152124	0.140633	0.274315	0.375819	0.44085	0.46795	0.450821	0.394247	0.319943	0.233804	0.118691	-0.0259995	-0.179647	-0.333569	-0.487761	-0.623158	-0.714873	-0.756517	-0.75896	-0.717878	-0.626799	-0.50082	-0.350353	-0.189602	-0.0227893	0.160335	0.340681	0.498751	0.637264	0.754568	0.830065	0.830065	
0.233274	0.313404	0.419724	0.545994	0.66238	0.745259	0.785138	0.762377	0.676471	0.537252	0.361897	0.174261	0.00294474	-0.122656	-0.182377	-0.181209	-0.142918	-0.0666304	0.0464003	0.180644	0.30441	0.400949	0.470555	0.505322	0.501647	0.465956	0.414442	0.341551	0.233986	0.097531	-0.0542464	-0.209952	-0.362764	-0.503926	-0.614846	-0.67831	-0.700806	-0.679007	-0.607187	-0.50475	-0.371047	-0.208759	-0.0360177	0.146158	0.314735	0.442095	0.540685	0.62173	0.670459	0.670459	
0.264685	0.367167	0.488295	0.620063	0.745259	0.844643	0.890137	0.86045	0.769632	0.623089	0.438672	0.256318	0.103325	-0.0144287	-0.0843918	-0.0960368	-0.0683657	-0.00545013	0.0925766	0.213082	0.331329	0.431724	0.509318	0.555712	0.568074	0.55633	0.523564	0.449979	0.339119	0.213172	0.0743009	-0.0766322	-0.22256	-0.361364	-0.489739	-0.575233	-0.612255	-0.605807	-0.55278	-0.470862	-0.358474	-0.209265	-0.0402343	0.130485	0.276473	0.375787	0.430464	0.457776	0.472151	0.472151	
0.267542	0.387675	0.520734	0.655604	0.785138	0.890137	0.936561	0.910887	0.82394	0.671314	0.482699	0.311723	0.177962	0.0690109	-0.000104064	-0.0158379	0.0066963	0.0593449	0.136358	0.240008	0.357417	0.470875	0.562145	0.617109	0.640315	0.643265	0.622773	0.555153	0.447513	0.333881	0.216111	0.07642	-0.0703964	-0.210183	-0.343119	-0.442711	-0.493113	-0.499877	-0.469096	-0.405082	-0.304605	-0.176219	-0.0321448	0.110323	0.219726	0.28016	0.29381	0.282404	0.274975	0.274975	
0.224659	0.359657	0.502924	0.639106	0.762377	0.86045	0.910887	0.8988	0.821002	0.676034	0.503823	0.347797	0.217271	0.112781	0.052104	0.040197	0.060498	0.103047	0.165023	0.254897	0.37296	0.500545	0.605053	0.672278	0.706259	0.716996	0.709944	0.666503	0.579434	0.474615	0.36609	0.235527	0.0873762	-0.0586547	-0.190873	-0.285112	-0.336017	-0.355288	-0.345921	-0.301999	-0.220152	-0.117217	-0.0108835	0.082027	0.141035	0.16012	0.143763	0.112237	0.0927738	0.0927738	
0.137014	0.27592	0.422784	0.559694	0.676471	0.769632	0.82394	0.821002	0.75849	0.643218	0.50135	0.351363	0.215338	0.111931	0.05845	0.0457912	0.0583928	0.0983287	0.162653	0.256941	0.376032	0.503548	0.616281	0.699646	0.751133	0.775522	0.783701	0.770957	0.720558	0.631671	0.519488	0.389743	0.248158	0.104075	-0.0216892	-0.105429	-0.154169	-0.179343	-0.183569	-0.163561	-0.113461	-0.0478851	0.0129671	0.0546909	0.064386	0.0395588	-0.00649239	-0.0495904	-0.0729001	-0.0729001	
0.0154008	0.145103	0.288496	0.424739	0.537252	0.623089	0.671314	0.676034	0.643218	0.566163	0.443739	0.298057	0.165267	0.0665692	0.0122247	-0.00831451	0.000662938	0.0442113	0.127578	0.241085	0.357558	0.472699	0.583003	0.679509	0.752061	0.799335	0.830427	0.845461	0.832673	0.778979	0.681365	0.549905	0.413041	0.285483	0.1737	0.0950198	0.0444688	0.0086059	-0.0100591	-0.00555657	0.0143445	0.0358644	0.0496666	0.0386838	-0.005965	-0.0736104	-0.143223	-0.191684	-0.21285	-0.21285	
-0.121152	-0.00485013	0.128465	0.256952	0.361897	0.438672	0.482699	0.503823	0.50135	0.443739	0.330387	0.195831	0.0738664	-0.028869	-0.0962507	-0.119591	-0.105484	-0.0527789	0.0467096	0.174889	0.29422	0.402884	0.512388	0.615459	0.69886	0.770576	0.835259	0.879256	0.896238	0.884302	0.825619	0.713548	0.58562	0.471241	0.37642	0.305609	0.252867	0.211261	0.180257	0.162252	0.148074	0.127775	0.0955094	0.0314348	-0.0655405	-0.168985	-0.251865	-0.297786	-0.313423	-0.313423	
-0.238948	-0.141114	-0.032519	0.0753705	0.174261	0.256318	0.311723	0.347797	0.351363	0.298057	0.195831	0.075993	-0.0465294	-0.167049	-0.248537	-0.272695	-0.246417	-0.186873	-0.0911579	0.0345108	0.1613	0.286031	0.407147	0.511855	0.598754	0.689348	0.786695	0.86627	0.912942	0.930323	0.913705	0.847939	0.751078	0.655159	0.570995	0.502748	0.458511	0.427213	0.387805	0.340572	0.281412	0.210274	0.132459	0.0285361	-0.101372	-0.226452	-0.317303	-0.359419	-0.368728	-0.368728	
-0.319484	-0.249493	-0.177928	-0.0956965	0.00294474	0.103325	0.177962	0.217271	0.215338	0.165267	0.0738664	-0.0465294	-0.183621	-0.314916	-0.405852	-0.434597	-0.404991	-0.346568	-0.265739	-0.157978	-0.0238957	0.125273	0.26064	0.367243	0.457127	0.556756	0.669812	0.778894	0.864553	0.920681	0.946643	0.937187	0.896938	0.830152	0.747158	0.673622	0.634129	0.61758	0.585642	0.518482	0.412943	0.289526	0.166528	0.0297176	-0.115363	-0.23973	-0.323796	-0.367096	-0.385742	-0.385742	
-0.362158	-0.318225	-0.275535	-0.214914	-0.122656	-0.0144287	0.0690109	0.112781	0.111931	0.0665692	-0.028869	-0.167049	-0.314916	-0.443734	-0.533508	-0.573465	-0.557712	-0.510024	-0.444232	-0.350964	-0.22088	-0.0679563	0.0727773	0.184437	0.280421	0.38193	0.491988	0.614339	0.743962	0.855565	0.933161	0.979585	0.991583	0.959763	0.893091	0.820873	0.783608	0.774041	0.739928	0.655909	0.52027	0.358164	0.199909	0.0470675	-0.0911799	-0.201938	-0.282419	-0.333024	-0.359614	-0.359614	
-0.37474	-0.34598	-0.313961	-0.263816	-0.182377	-0.0843918	-0.000104064	0.052104	0.05845	0.0122247	-0.0962507	-0.248537	-0.405852	-0.533508	-0.626232	-0.683016	-0.693673	-0.670056	-0.611897	-0.5219	-0.404169	-0.266776	-0.128439	-0.00608444	0.09717	0.191674	0.288234	0.411119	0.565329	0.722492	0.855835	0.956035	1.01705	1.03038	0.999544	0.948937	0.914086	0.887652	0.832674	0.731264	0.578425	0.401851	0.234667	0.0832899	-0.0399446	-0.129909	-0.198426	-0.255894	-0.297028	-0.297028	
-0.352979	-0.335517	-0.304675	-0.253551	-0.181209	-0.0960368	-0.0158379	0.040197	0.0457912	-0.00831451	-0.119591	-0.272695	-0.434597	-0.573465	-0.683016	-0.759597	-0.797619	-0.795324	-0.745566	-0.661251	-0.557908	-0.441959	-0.313715	-0.188732	-0.0845844	0.00329288	0.0925304	0.21073	0.368431	0.546602	0.719383	0.872758	0.985386	1.04408	1.05778	1.03478	0.99628	0.94708	0.86818	0.751651	0.595902	0.420516	0.254698	0.116337	0.0189518	-0.0447253	-0.0968131	-0.150895	-0.194503	-0.194503	
-0.291904	-0.284319	-0.256595	-0.208494	-0.142918	-0.0683657	0.0066963	0.060498	0.0583928	0.000662938	-0.105484	-0.246417	-0.404991	-0.557712	-0.693673	-0.797619	-0.852669	-0.861668	-0.82856	-0.764193	-0.676603	-0.57404	-0.461423	-0.351376	-0.252285	-0.161693	-0.0742016	0.0343749	0.181826	0.360886	0.559207	0.757379	0.917039	1.02152	1.07213	1.06621	1.02154	0.948525	0.847065	0.720954	0.569802	0.409945	0.262392	0.143183	0.0669156	0.025157	-0.00621805	-0.0428897	-0.0748079	-0.0748079	
-0.189735	-0.18453	-0.162535	-0.121682	-0.0666304	-0.00545013	0.0593449	0.103047	0.0983287	0.0442113	-0.0527789	-0.186873	-0.346568	-0.510024	-0.670056	-0.795324	-0.861668	-0.877883	-0.863014	-0.82355	-0.749405	-0.65383	-0.556732	-0.467588	-0.379396	-0.29237	-0.21004	-0.111682	0.0251876	0.203759	0.413064	0.635858	0.83376	0.97575	1.05335	1.06017	1.00552	0.909217	0.787084	0.646414	0.498196	0.361151	0.243877	0.154404	0.0977496	0.0684555	0.0543754	0.035099	0.0121195	0.0121195	
-0.061595	-0.0542715	-0.0338242	0.00152124	0.0464003	0.0925766	0.136358	0.165023	0.162653	0.127578	0.0467096	-0.0911579	-0.265739	-0.444232	-0.611897	-0.745566	-0.82856	-0.863014	-0.867939	-0.845917	-0.785384	-0.700071	-0.609627	-0.526048	-0.448131	-0.376107	-0.30398	-0.207486	-0.0686354	0.102668	0.298246	0.52124	0.740316	0.916647	1.02319	1.03923	0.974737	0.856525	0.707177	0.545172	0.39817	0.284935	0.197958	0.132529	0.0883121	0.0635522	0.0543197	0.0495316	0.0457628	0.0457628	
0.0787767	0.0864317	0.1072	0.140633	0.180644	0.213082	0.240008	0.254897	0.256941	0.241085	0.174889	0.0345108	-0.157978	-0.350964	-0.5219	-0.661251	-0.764193	-0.82355	-0.845917	-0.834667	-0.787567	-0.71451	-0.626259	-0.539602	-0.466007	-0.409104	-0.347048	-0.246594	-0.105411	0.0551971	0.233553	0.444192	0.670611	0.867887	0.988924	1.00944	0.934333	0.794594	0.62779	0.454528	0.306164	0.201851	0.125323	0.0648086	0.0157764	-0.0141934	-0.0169902	-0.00877401	-0.00365329	-0.00365329	
0.221012	0.228219	0.245913	0.274315	0.30441	0.331329	0.357417	0.37296	0.376032	0.357558	0.29422	0.1613	-0.0238957	-0.22088	-0.404169	-0.557908	-0.676603	-0.749405	-0.785384	-0.787567	-0.753291	-0.690752	-0.611868	-0.528769	-0.452602	-0.392528	-0.327684	-0.233168	-0.10376	0.0506984	0.226372	0.432357	0.650608	0.836549	0.95049	0.969379	0.88947	0.742966	0.569394	0.389508	0.235187	0.117555	0.0225497	-0.050757	-0.106395	-0.142559	-0.15648	-0.159224	-0.157297	-0.157297	
0.334017	0.339172	0.353819	0.375819	0.400949	0.431724	0.470875	0.500545	0.503548	0.472699	0.402884	0.286031	0.125273	-0.0679563	-0.266776	-0.441959	-0.57404	-0.65383	-0.700071	-0.71451	-0.690752	-0.636882	-0.5675	-0.488341	-0.403535	-0.325097	-0.251236	-0.169015	-0.0596277	0.0873409	0.271249	0.475833	0.670617	0.825661	0.915057	0.923359	0.842739	0.698609	0.530214	0.352973	0.186764	0.0392917	-0.0929511	-0.198367	-0.273799	-0.323795	-0.357926	-0.382526	-0.39232	-0.39232	
0.386887	0.394993	0.413897	0.44085	0.470555	0.509318	0.562145	0.605053	0.616281	0.583003	0.512388	0.407147	0.26064	0.0727773	-0.128439	-0.313715	-0.461423	-0.556732	-0.609627	-0.626259	-0.611868	-0.5675	-0.498768	-0.409667	-0.310297	-0.219579	-0.136371	-0.0530704	0.0462858	0.185868	0.364103	0.547067	0.705739	0.820093	0.878081	0.874275	0.793966	0.656929	0.499926	0.33176	0.155433	-0.0331731	-0.219637	-0.368166	-0.470694	-0.539755	-0.593722	-0.641684	-0.670479	-0.670479	
0.379116	0.401849	0.432254	0.46795	0.505322	0.555712	0.617109	0.672278	0.699646	0.679509	0.615459	0.511855	0.367243	0.184437	-0.00608444	-0.188732	-0.351376	-0.467588	-0.526048	-0.539602	-0.528769	-0.488341	-0.409667	-0.2968	-0.181326	-0.0835879	0.0090868	0.102395	0.2067	0.33895	0.492005	0.633721	0.743817	0.814257	0.841275	0.821153	0.740733	0.611804	0.459367	0.291008	0.101768	-0.116092	-0.34011	-0.528606	-0.662385	-0.755289	-0.836852	-0.907116	-0.943902	-0.943902	
0.325577	0.367272	0.408661	0.450821	0.501647	0.568074	0.640315	0.706259	0.751133	0.752061	0.69886	0.598754	0.457127	0.280421	0.09717	-0.0845844	-0.252285	-0.379396	-0.448131	-0.466007	-0.452602	-0.403535	-0.310297	-0.181326	-0.0495821	0.0670488	0.176241	0.285523	0.399566	0.522888	0.644251	0.734777	0.789248	0.810012	0.794202	0.745429	0.659282	0.538229	0.392676	0.225226	0.0249475	-0.211779	-0.453853	-0.663408	-0.824681	-0.948111	-1.05218	-1.13252	-1.17463	-1.17463	
0.227247	0.288914	0.340096	0.394247	0.465956	0.55633	0.643265	0.716996	0.775522	0.799335	0.770576	0.689348	0.556756	0.38193	0.191674	0.00329288	-0.161693	-0.29237	-0.376107	-0.409104	-0.392528	-0.325097	-0.219579	-0.0835879	0.0670488	0.216947	0.360377	0.491578	0.606707	0.70734	0.783452	0.819582	0.821925	0.791633	0.727074	0.640857	0.54334	0.431187	0.295101	0.132725	-0.0680647	-0.306687	-0.550286	-0.770649	-0.952124	-1.09631	-1.21123	-1.28871	-1.32484	-1.32484	
0.0892497	0.172507	0.244323	0.319943	0.414442	0.523564	0.622773	0.709944	0.783701	0.830427	0.835259	0.786695	0.669812	0.491988	0.288234	0.0925304	-0.0742016	-0.21004	-0.30398	-0.347048	-0.327684	-0.251236	-0.136371	0.0090868	0.176241	0.360377	0.540627	0.68825	0.789023	0.847486	0.870377	0.855145	0.806542	0.731638	0.633947	0.521526	0.410354	0.296633	0.163408	0.00756598	-0.180231	-0.394221	-0.613196	-0.827744	-1.02135	-1.18307	-1.30264	-1.3643	-1.38242	-1.38242	
-0.0803697	0.0266658	0.131028	0.233804	0.341551	0.449979	0.555153	0.666503	0.770957	0.845461	0.879256	0.86627	0.778894	0.614339	0.411119	0.21073	0.0343749	-0.111682	-0.207486	-0.246594	-0.233168	-0.169015	-0.0530704	0.102395	0.285523	0.491578	0.68825	0.833604	0.906726	0.922949	0.898165	0.826651	0.719345	0.606079	0.496309	0.381235	0.265018	0.139235	-0.0026873	-0.145082	-0.296054	-0.463457	-0.639592	-0.82506	-1.01268	-1.18353	-1.30425	-1.35805	-1.37244	-1.37244	
-0.253636	-0.132868	-0.00574776	0.118691	0.233986	0.339119	0.447513	0.579434	0.720558	0.832673	0.896238	0.912942	0.864553	0.743962	0.565329	0.368431	0.181826	0.0251876	-0.0686354	-0.105411	-0.10376	-0.0596277	0.0462858	0.2067	0.399566	0.606707	0.789023	0.906726	0.949917	0.932725	0.85719	0.724341	0.565345	0.423607	0.307485	0.195571	0.0781867	-0.0529681	-0.18655	-0.298962	-0.400643	-0.504879	-0.622567	-0.769158	-0.936606	-1.09818	-1.21607	-1.27176	-1.28802	-1.28802	
-0.407307	-0.287239	-0.157219	-0.0259995	0.097531	0.213172	0.333881	0.474615	0.631671	0.778979	0.884302	0.930323	0.920681	0.855565	0.722492	0.546602	0.360886	0.203759	0.102668	0.0551971	0.0506984	0.0873409	0.185868	0.33895	0.522888	0.70734	0.847486	0.922949	0.932725	0.868145	0.72982	0.549715	0.363662	0.20109	0.0714651	-0.0424974	-0.154226	-0.267637	-0.367585	-0.438876	-0.489298	-0.533005	-0.592218	-0.682892	-0.803108	-0.935458	-1.04157	-1.0996	-1.12242	-1.12242	
-0.548271	-0.428418	-0.305001	-0.179647	-0.0542464	0.0743009	0.216111	0.36609	0.519488	0.681365	0.825619	0.913705	0.946643	0.933161	0.855835	0.719383	0.559207	0.413064	0.298246	0.233553	0.226372	0.271249	0.364103	0.492005	0.644251	0.783452	0.870377	0.898165	0.85719	0.72982	0.53846	0.334322	0.135869	-0.0459951	-0.194023	-0.30815	-0.399439	-0.479463	-0.543525	-0.579751	-0.582712	-0.565668	-0.559344	-0.580922	-0.635739	-0.713876	-0.788106	-0.845277	-0.879909	-0.879909	
-0.675899	-0.563194	-0.450033	-0.333569	-0.209952	-0.0766322	0.07642	0.235527	0.389743	0.549905	0.713548	0.847939	0.937187	0.979585	0.956035	0.872758	0.757379	0.635858	0.52124	0.444192	0.432357	0.475833	0.547067	0.633721	0.734777	0.819582	0.855145	0.826651	0.724341	0.549715	0.334322	0.117519	-0.0928865	-0.290073	-0.450336	-0.56367	-0.642246	-0.693925	-0.720966	-0.722738	-0.680287	-0.600473	-0.521603	-0.467862	-0.451766	-0.46615	-0.495969	-0.535547	-0.565687	-0.565687	
-0.783904	-0.692272	-0.595381	-0.487761	-0.362764	-0.22256	-0.0703964	0.0873762	0.248158	0.413041	0.58562	0.751078	0.896938	0.991583	1.01705	0.985386	0.917039	0.83376	0.740316	0.670611	0.650608	0.670617	0.705739	0.743817	0.789248	0.821925	0.806542	0.719345	0.565345	0.363662	0.135869	-0.0928865	-0.308561	-0.505278	-0.670922	-0.792166	-0.866393	-0.89317	-0.88508	-0.84765	-0.759489	-0.62938	-0.487298	-0.35719	-0.265121	-0.210944	-0.191982	-0.207566	-0.227136	-0.227136	
-0.854596	-0.792181	-0.717678	-0.623158	-0.503926	-0.361364	-0.210183	-0.0586547	0.104075	0.285483	0.471241	0.655159	0.830152	0.959763	1.03038	1.04408	1.02152	0.97575	0.916647	0.867887	0.836549	0.825661	0.820093	0.814257	0.810012	0.791633	0.731638	0.606079	0.423607	0.20109	-0.0459951	-0.290073	-0.505278	-0.695513	-0.865659	-0.987055	-1.04503	-1.04436	-0.998261	-0.923644	-0.808633	-0.641964	-0.443928	-0.25416	-0.0996441	0.019563	0.0897369	0.103776	0.0963956	0.0963956	
-0.867859	-0.841066	-0.791379	-0.714873	-0.614846	-0.489739	-0.343119	-0.190873	-0.0216892	0.1737	0.37642	0.570995	0.747158	0.893091	0.999544	1.05778	1.07213	1.05335	1.02319	0.988924	0.95049	0.915057	0.878081	0.841275	0.794202	0.727074	0.633947	0.496309	0.307485	0.0714651	-0.194023	-0.450336	-0.670922	-0.865659	-1.02759	-1.12825	-1.16587	-1.13811	-1.05394	-0.943456	-0.800581	-0.607129	-0.383445	-0.163808	0.0329071	0.193915	0.305994	0.366994	0.389662	0.389662	
-0.81615	-0.829589	-0.810015	-0.756517	-0.67831	-0.575233	-0.442711	-0.285112	-0.105429	0.0950198	0.305609	0.502748	0.673622	0.820873	0.948937	1.03478	1.06621	1.06017	1.03923	1.00944	0.969379	0.923359	0.874275	0.821153	0.745429	0.640857	0.521526	0.381235	0.195571	-0.0424974	-0.30815	-0.56367	-0.792166	-0.987055	-1.12825	-1.20963	-1.22553	-1.16682	-1.05377	-0.905009	-0.727597	-0.528153	-0.31114	-0.0893884	0.124111	0.313234	0.462207	0.564955	0.616148	0.616148	
-0.71791	-0.773816	-0.785554	-0.75896	-0.700806	-0.612255	-0.493113	-0.336017	-0.154169	0.0444688	0.252867	0.458511	0.634129	0.783608	0.914086	0.99628	1.02154	1.00552	0.974737	0.934333	0.88947	0.842739	0.793966	0.740733	0.659282	0.54334	0.410354	0.265018	0.0781867	-0.154226	-0.399439	-0.642246	-0.866393	-1.04503	-1.16587	-1.22553	-1.21091	-1.12432	-0.983827	-0.803477	-0.61797	-0.43773	-0.238237	-0.0268498	0.184233	0.390222	0.565973	0.691811	0.759166	0.759166	
-0.606007	-0.686738	-0.721081	-0.717878	-0.679007	-0.605807	-0.499877	-0.355288	-0.179343	0.0086059	0.211261	0.427213	0.61758	0.774041	0.887652	0.94708	0.948525	0.909217	0.856525	0.794594	0.742966	0.698609	0.656929	0.611804	0.538229	0.431187	0.296633	0.139235	-0.0529681	-0.267637	-0.479463	-0.693925	-0.89317	-1.04436	-1.13811	-1.16682	-1.12432	-1.01873	-0.861022	-0.673449	-0.493508	-0.3285	-0.157635	0.028096	0.228671	0.430314	0.608071	0.748042	0.831827	0.831827	
-0.485164	-0.563671	-0.611241	-0.626799	-0.607187	-0.55278	-0.469096	-0.345921	-0.183569	-0.0100591	0.180257	0.387805	0.585642	0.739928	0.832674	0.86818	0.847065	0.787084	0.707177	0.62779	0.569394	0.530214	0.499926	0.459367	0.392676	0.295101	0.163408	-0.0026873	-0.18655	-0.367585	-0.543525	-0.720966	-0.88508	-0.998261	-1.05394	-1.05377	-0.983827	-0.861022	-0.70575	-0.533646	-0.366153	-0.210156	-0.0677986	0.0841059	0.265421	0.447372	0.610862	0.747782	0.826329	0.826329	
-0.351589	-0.420211	-0.467446	-0.50082	-0.50475	-0.470862	-0.405082	-0.301999	-0.163561	-0.00555657	0.162252	0.340572	0.518482	0.655909	0.731264	0.751651	0.720954	0.646414	0.545172	0.454528	0.389508	0.352973	0.33176	0.291008	0.225226	0.132725	0.00756598	-0.145082	-0.298962	-0.438876	-0.579751	-0.722738	-0.84765	-0.923644	-0.943456	-0.905009	-0.803477	-0.673449	-0.533646	-0.383391	-0.237177	-0.104588	0.012372	0.142859	0.300474	0.451851	0.591519	0.706913	0.761278	0.761278	
-0.196902	-0.262008	-0.30891	-0.350353	-0.371047	-0.358474	-0.304605	-0.220152	-0.113461	0.0143445	0.148074	0.281412	0.412943	0.52027	0.578425	0.595902	0.569802	0.498196	0.39817	0.306164	0.235187	0.186764	0.155433	0.101768	0.0249475	-0.0680647	-0.180231	-0.296054	-0.400643	-0.489298	-0.582712	-0.680287	-0.759489	-0.808633	-0.800581	-0.727597	-0.61797	-0.493508	-0.366153	-0.237177	-0.110578	-0.0054959	0.0877387	0.19826	0.320944	0.439913	0.550279	0.636971	0.682949	0.682949	
-0.0309855	-0.0955855	-0.154095	-0.189602	-0.208759	-0.209265	-0.176219	-0.117217	-0.0478851	0.0358644	0.127775	0.210274	0.289526	0.358164	0.401851	0.420516	0.409945	0.361151	0.284935	0.201851	0.117555	0.0392917	-0.0331731	-0.116092	-0.211779	-0.306687	-0.394221	-0.463457	-0.504879	-0.533005	-0.565668	-0.600473	-0.62938	-0.641964	-0.607129	-0.528153	-0.43773	-0.3285	-0.210156	-0.104588	-0.0054959	0.0809745	0.163435	0.249565	0.331171	0.420639	0.500128	0.551088	0.586193	0.586193	
0.116574	0.0627593	0.00732726	-0.0227893	-0.0360177	-0.0402343	-0.0321448	-0.0108835	0.0129671	0.0496666	0.0955094	0.132459	0.166528	0.199909	0.234667	0.254698	0.262392	0.243877	0.197958	0.125323	0.0225497	-0.0929511	-0.219637	-0.34011	-0.453853	-0.550286	-0.613196	-0.639592	-0.622567	-0.592218	-0.559344	-0.521603	-0.487298	-0.443928	-0.383445	-0.31114	-0.238237	-0.157635	-0.0677986	0.012372	0.0877387	0.163435	0.233998	0.294192	0.343219	0.394346	0.435244	0.4541	0.466643	0.466643	
0.266283	0.225653	0.18824	0.160335	0.146158	0.130485	0.110323	0.082027	0.0546909	0.0386838	0.0314348	0.0285361	0.0297176	0.0470675	0.0832899	0.116337	0.143183	0.154404	0.132529	0.0648086	-0.050757	-0.198367	-0.368166	-0.528606	-0.663408	-0.770649	-0.827744	-0.82506	-0.769158	-0.682892	-0.580922	-0.467862	-0.35719	-0.25416	-0.163808	-0.0893884	-0.0268498	0.028096	0.0841059	0.142859	0.19826	0.249565	0.294192	0.325257	0.343605	0.352404	0.350098	0.343633	0.342067	0.342067	
0.432847	0.398235	0.367492	0.340681	0.314735	0.276473	0.219726	0.141035	0.064386	-0.005965	-0.0655405	-0.101372	-0.115363	-0.0911799	-0.0399446	0.0189518	0.0669156	0.0977496	0.0883121	0.0157764	-0.106395	-0.273799	-0.470694	-0.662385	-0.824681	-0.952124	-1.02135	-1.01268	-0.936606	-0.803108	-0.635739	-0.451766	-0.265121	-0.0996441	0.0329071	0.124111	0.184233	0.228671	0.265421	0.300474	0.320944	0.331171	0.343219	0.343605	0.326185	0.294754	0.25944	0.230703	0.210542	0.210542	
0.591775	0.571018	0.539485	0.498751	0.442095	0.375787	0.28016	0.16012	0.0395588	-0.0736104	-0.168985	-0.226452	-0.23973	-0.201938	-0.129909	-0.0447253	0.025157	0.0684555	0.0635522	-0.0141934	-0.142559	-0.323795	-0.539755	-0.755289	-0.948111	-1.09631	-1.18307	-1.18353	-1.09818	-0.935458	-0.713876	-0.46615	-0.210944	0.019563	0.193915	0.313234	0.390222	0.430314	0.447372	0.451851	0.439913	0.420639	0.394346	0.352404	0.294754	0.223486	0.165544	0.125556	0.0886248	0.0886248	
0.74456	0.73806	0.703138	0.637264	0.540685	0.430464	0.29381	0.143763	-0.00649239	-0.143223	-0.251865	-0.317303	-0.323796	-0.282419	-0.198426	-0.0968131	-0.00621805	0.0543754	0.0543197	-0.0169902	-0.15648	-0.357926	-0.593722	-0.836852	-1.05218	-1.21123	-1.30264	-1.30425	-1.21607	-1.04157	-0.788106	-0.495969	-0.191982	0.0897369	0.305994	0.462207	0.565973	0.608071	0.610862	0.591519	0.550279	0.500128	0.435244	0.350098	0.25944	0.165544	0.081955	0.0251932	-0.00757496	-0.00757496	
0.883143	0.886561	0.844779	0.754568	0.62173	0.457776	0.282404	0.112237	-0.0495904	-0.191684	-0.297786	-0.359419	-0.367096	-0.333024	-0.255894	-0.150895	-0.0428897	0.035099	0.0495316	-0.00877401	-0.159224	-0.382526	-0.641684	-0.907116	-1.13252	-1.28871	-1.3643	-1.35805	-1.27176	-1.0996	-0.845277	-0.535547	-0.207566	0.103776	0.366994	0.564955	0.691811	0.748042	0.747782	0.706913	0.636971	0.551088	0.4541	0.343633	0.230703	0.125556	0.0251932	-0.0500036	-0.078805	-0.078805	
0.965487	0.984865	0.940578	0.830065	0.670459	0.472151	0.274975	0.0927738	-0.0729001	-0.21285	-0.313423	-0.368728	-0.385742	-0.359614	-0.297028	-0.194503	-0.0748079	0.0121195	0.0457628	-0.00365329	-0.157297	-0.39232	-0.670479	-0.943902	-1.17463	-1.32484	-1.38242	-1.37244	-1.28802	-1.12242	-0.879909	-0.565687	-0.227136	0.0963956	0.389662	0.616148	0.759166	0.831827	0.826329	0.761278	0.682949	0.586193	0.466643	0.342067	0.210542	0.0886248	-0.00757496	-0.078805	-0.11424	-0.11424	
0.965487	0.984865	0.940578	0.830065	0.670459	0.472151	0.274975	0.0927738	-0.0729001	-0.21285	-0.313423	-0.368728	-0.385742	-0.359614	-0.297028	-0.194503	-0.0748079	0.0121195	0.0457628	-0.00365329	-0.157297	-0.39232	-0.670479	-0.943902	-1.17463	-1.32484	-1.38242	-1.37244	-1.28802	-1.12242	-0.879909	-0.565687	-0.227136	0.0963956	0.389662	0.616148	0.759166	0.831827	0.826329	0.761278	0.682949	0.586193	0.466643	0.342067	0.210542	0.0886248	-0.00757496	-0.078805	-0.11424	-0.11424	
