0.0741748	-0.13486	-0.335311	-0.51862	-0.671251	-0.788035	-0.859691	-0.878081	-0.858212	-0.802194	-0.710788	-0.60228	-0.486737	-0.377566	-0.280342	-0.198941	-0.138706	-0.0941089	-0.065919	-0.036109	0.00827546	0.059402	0.10459	0.129508	0.113695	0.0462952	-0.0623378	-0.18597	-0.304456	-0.415199	-0.531184	-0.635043	-0.711556	-0.734742	-0.692932	-0.598185	-0.450563	-0.26302	-0.0522339	0.155458	0.355467	0.545903	0.722623	0.885812	1.0293	1.15456	1.26286	1.34239	1.38057	1.38057	
-0.13486	-0.317652	-0.47882	-0.613673	-0.712572	-0.77302	-0.793938	-0.769571	-0.718669	-0.651769	-0.564645	-0.46374	-0.361616	-0.270521	-0.196851	-0.135537	-0.0808484	-0.0395724	-0.0142588	0.0140166	0.0500941	0.0880313	0.126423	0.148484	0.137284	0.0838589	-0.0175831	-0.144275	-0.26604	-0.377103	-0.487167	-0.593179	-0.675732	-0.716908	-0.698146	-0.628102	-0.515878	-0.359582	-0.172567	0.0281308	0.227821	0.424428	0.614522	0.797403	0.971935	1.12907	1.25881	1.34814	1.38989	1.38989	
-0.335311	-0.47882	-0.596419	-0.686476	-0.729858	-0.732717	-0.696489	-0.631604	-0.560535	-0.486692	-0.412585	-0.323492	-0.23838	-0.16903	-0.111313	-0.0601839	-0.0110925	0.0249799	0.0489259	0.0738741	0.105195	0.133146	0.163928	0.182334	0.174923	0.133471	0.0421474	-0.075595	-0.193576	-0.300651	-0.405366	-0.509777	-0.595419	-0.657661	-0.672836	-0.635208	-0.55724	-0.433912	-0.276665	-0.102627	0.0800974	0.273808	0.47252	0.676013	0.878208	1.06199	1.20852	1.30358	1.34981	1.34981	
-0.51862	-0.613673	-0.686476	-0.734704	-0.73163	-0.682417	-0.599084	-0.503537	-0.416332	-0.335544	-0.267969	-0.200073	-0.14051	-0.0875781	-0.0331266	0.01275	0.0564239	0.0876875	0.115	0.13942	0.172875	0.199867	0.229241	0.249656	0.23979	0.20505	0.126178	0.0254941	-0.0755873	-0.175654	-0.278165	-0.380958	-0.474012	-0.557135	-0.608163	-0.610696	-0.56619	-0.475682	-0.354808	-0.216244	-0.060383	0.123809	0.330495	0.550262	0.769828	0.966488	1.12025	1.22413	1.27799	1.27799	
-0.671251	-0.712572	-0.729858	-0.73163	-0.689129	-0.605336	-0.498498	-0.387257	-0.285971	-0.199226	-0.139949	-0.0973914	-0.0607399	-0.0206005	0.0259062	0.0656922	0.104916	0.137278	0.168701	0.199196	0.241504	0.280601	0.318832	0.342454	0.333677	0.299067	0.234	0.157003	0.0755208	-0.0102522	-0.106738	-0.209778	-0.30993	-0.408914	-0.488687	-0.527229	-0.520229	-0.471724	-0.397826	-0.300955	-0.174014	-0.00654947	0.199113	0.425845	0.653558	0.857201	1.01831	1.1353	1.19785	1.19785	
-0.788035	-0.77302	-0.732717	-0.682417	-0.605336	-0.5038	-0.388677	-0.275873	-0.170827	-0.0902929	-0.0408097	-0.0143309	0.00710343	0.032982	0.0637957	0.0968533	0.135049	0.164049	0.202147	0.244817	0.303576	0.363965	0.420256	0.457651	0.454158	0.423016	0.371074	0.315802	0.251291	0.179699	0.0940057	-0.00676928	-0.112096	-0.219388	-0.31823	-0.385002	-0.419208	-0.425561	-0.408014	-0.353244	-0.25061	-0.102673	0.0910221	0.31464	0.546024	0.758594	0.934008	1.06077	1.12747	1.12747	
-0.859691	-0.793938	-0.696489	-0.599084	-0.498498	-0.388677	-0.274714	-0.171405	-0.0832364	-0.0228418	0.011229	0.0303933	0.0427445	0.0571453	0.0829307	0.116602	0.154907	0.192885	0.243971	0.30818	0.383847	0.460514	0.535571	0.585696	0.586189	0.558536	0.520921	0.480918	0.430342	0.372257	0.298657	0.20783	0.103753	-0.00793415	-0.116471	-0.206007	-0.276284	-0.33508	-0.370516	-0.353947	-0.275647	-0.150629	0.0234305	0.235601	0.462549	0.683216	0.870188	1.00414	1.06951	1.06951	
-0.878081	-0.769571	-0.631604	-0.503537	-0.387257	-0.275873	-0.171405	-0.0869306	-0.0264867	0.00999133	0.0296739	0.0363424	0.0482268	0.0663682	0.0946859	0.13806	0.18916	0.246343	0.31928	0.404454	0.487359	0.572301	0.659139	0.714191	0.722238	0.704262	0.67486	0.643614	0.600092	0.54864	0.486672	0.408394	0.311949	0.203146	0.0905153	-0.0144863	-0.107786	-0.202499	-0.275792	-0.294953	-0.252321	-0.155056	-0.00300442	0.194289	0.412273	0.630392	0.822851	0.963584	1.03121	1.03121	
-0.858212	-0.718669	-0.560535	-0.416332	-0.285971	-0.170827	-0.0832364	-0.0264867	0.00551568	0.0213645	0.0255774	0.0268343	0.0431377	0.0710362	0.109891	0.174619	0.252557	0.337058	0.435762	0.535191	0.622348	0.706348	0.787811	0.842705	0.857603	0.846996	0.822357	0.790859	0.755682	0.712656	0.660751	0.594155	0.508132	0.404993	0.29034	0.175905	0.0632058	-0.0491162	-0.144064	-0.197484	-0.192913	-0.128994	-0.00103702	0.183007	0.388044	0.595856	0.787144	0.929751	1.00549	1.00549	
-0.802194	-0.651769	-0.486692	-0.335544	-0.199226	-0.0902929	-0.0228418	0.00999133	0.0213645	0.0230278	0.0195374	0.0187372	0.0358935	0.0732351	0.133576	0.233754	0.353324	0.476396	0.600615	0.712669	0.79583	0.865622	0.928068	0.96646	0.977249	0.97026	0.948227	0.922849	0.90097	0.869891	0.82483	0.763945	0.684004	0.587037	0.479216	0.354392	0.229118	0.105694	-0.00617906	-0.0828454	-0.115944	-0.0864006	0.0128819	0.175908	0.372033	0.571053	0.754319	0.896656	0.974322	0.974322	
-0.710788	-0.564645	-0.412585	-0.267969	-0.139949	-0.0408097	0.011229	0.0296739	0.0255774	0.0195374	0.0133052	0.0133318	0.0374295	0.0985489	0.19211	0.32845	0.492462	0.649769	0.793632	0.910687	0.989219	1.04697	1.08656	1.09471	1.08747	1.07412	1.05484	1.03657	1.02468	1.00394	0.966171	0.906248	0.829621	0.742673	0.638336	0.509927	0.373302	0.238149	0.114499	0.0175144	-0.0366243	-0.0331778	0.0359554	0.178444	0.360273	0.548273	0.717038	0.845034	0.916409	0.916409	
-0.60228	-0.46374	-0.323492	-0.200073	-0.0973914	-0.0143309	0.0303933	0.0363424	0.0268343	0.0187372	0.0133318	0.0235982	0.0728071	0.165769	0.290507	0.458711	0.654652	0.836608	0.990075	1.10722	1.18472	1.22975	1.24214	1.22222	1.19175	1.16965	1.1501	1.12805	1.11373	1.09538	1.06194	1.00276	0.931637	0.851664	0.75309	0.628037	0.489988	0.349739	0.2073	0.0920684	0.0215538	0.00809225	0.0606216	0.183208	0.348657	0.518659	0.669032	0.781249	0.842871	0.842871	
-0.486737	-0.361616	-0.23838	-0.14051	-0.0607399	0.00710343	0.0427445	0.0482268	0.0431377	0.0358935	0.0374295	0.0728071	0.155274	0.279318	0.429801	0.617616	0.828634	1.01473	1.17048	1.28861	1.35862	1.38304	1.37363	1.33807	1.29478	1.26393	1.2349	1.19882	1.16899	1.14456	1.1101	1.05496	0.98785	0.914498	0.821111	0.703977	0.574023	0.424502	0.263523	0.126234	0.0411731	0.0214659	0.0697657	0.182593	0.329316	0.479754	0.613634	0.71408	0.768555	0.768555	
-0.377566	-0.270521	-0.16903	-0.0875781	-0.0206005	0.032982	0.0571453	0.0663682	0.0710362	0.0732351	0.0985489	0.165769	0.279318	0.4276	0.59776	0.793413	0.994328	1.1709	1.3219	1.437	1.49199	1.49657	1.47326	1.43002	1.3806	1.33824	1.29911	1.2509	1.20674	1.17077	1.13013	1.07516	1.01457	0.949145	0.865224	0.758593	0.627402	0.46276	0.281784	0.126036	0.0279337	0.00175225	0.0479588	0.152558	0.285154	0.425304	0.550659	0.644438	0.692772	0.692772	
-0.280342	-0.196851	-0.111313	-0.0331266	0.0259062	0.0637957	0.0829307	0.0946859	0.109891	0.133576	0.19211	0.290507	0.429801	0.59776	0.779316	0.968386	1.14441	1.29552	1.42768	1.52439	1.56831	1.5656	1.53269	1.48293	1.42526	1.37485	1.33278	1.28728	1.24005	1.19136	1.13546	1.07659	1.02207	0.969289	0.900992	0.801719	0.660432	0.476494	0.27928	0.10934	-0.00391983	-0.0450867	-0.0112759	0.0801427	0.206738	0.350684	0.481872	0.575717	0.621907	0.621907	
-0.198941	-0.135537	-0.0601839	0.01275	0.0656922	0.0968533	0.116602	0.13806	0.174619	0.233754	0.32845	0.458711	0.617616	0.793413	0.968386	1.13383	1.27452	1.38804	1.47927	1.54653	1.58223	1.58181	1.548	1.49375	1.43464	1.38285	1.34415	1.3114	1.26757	1.20334	1.12971	1.06238	1.009	0.964753	0.905799	0.808593	0.660417	0.465674	0.260686	0.0792236	-0.0515874	-0.108208	-0.0895732	-0.00880579	0.117744	0.271398	0.417009	0.520989	0.573304	0.573304	
-0.138706	-0.0808484	-0.0110925	0.0564239	0.104916	0.135049	0.154907	0.18916	0.252557	0.353324	0.492462	0.654652	0.828634	0.994328	1.14441	1.27452	1.37734	1.45845	1.51443	1.55281	1.5783	1.57867	1.54117	1.48231	1.42181	1.3676	1.33096	1.30545	1.26363	1.19405	1.11232	1.04058	0.984803	0.935623	0.875312	0.776304	0.630569	0.440116	0.232063	0.037184	-0.111071	-0.181826	-0.171015	-0.0913511	0.0367268	0.199608	0.359007	0.482289	0.547886	0.547886	
-0.0941089	-0.0395724	0.0249799	0.0876875	0.137278	0.164049	0.192885	0.246343	0.337058	0.476396	0.649769	0.836608	1.01473	1.1709	1.29552	1.38804	1.45845	1.51627	1.55371	1.56805	1.58033	1.57409	1.52976	1.46493	1.40555	1.35357	1.31104	1.28053	1.23729	1.16977	1.09245	1.01768	0.955877	0.89856	0.827015	0.724973	0.580886	0.39487	0.183028	-0.0212522	-0.182903	-0.262062	-0.249817	-0.162231	-0.0222166	0.14723	0.320618	0.458109	0.534542	0.534542	
-0.065919	-0.0142588	0.0489259	0.115	0.168701	0.202147	0.243971	0.31928	0.435762	0.600615	0.793632	0.990075	1.17048	1.3219	1.42768	1.47927	1.51443	1.55371	1.57885	1.58141	1.58472	1.56794	1.51153	1.44276	1.38621	1.34162	1.29634	1.25876	1.21816	1.15783	1.07976	0.996985	0.923783	0.851469	0.76831	0.656393	0.505577	0.314537	0.101567	-0.100401	-0.260845	-0.340497	-0.321274	-0.214814	-0.0551176	0.133125	0.319046	0.463937	0.541631	0.541631	
-0.036109	0.0140166	0.0738741	0.13942	0.199196	0.244817	0.30818	0.404454	0.535191	0.712669	0.910687	1.10722	1.28861	1.437	1.52439	1.54653	1.55281	1.56805	1.58141	1.57874	1.57545	1.55315	1.49451	1.4248	1.37656	1.33724	1.29113	1.25417	1.2141	1.15431	1.07079	0.977287	0.889243	0.798915	0.699717	0.57629	0.411351	0.209715	-0.000117018	-0.188272	-0.333913	-0.399741	-0.364018	-0.238031	-0.0561706	0.149235	0.343566	0.488917	0.562542	0.562542	
0.00827546	0.0500941	0.105195	0.172875	0.241504	0.303576	0.383847	0.487359	0.622348	0.79583	0.989219	1.18472	1.35862	1.49199	1.56831	1.58223	1.5783	1.58033	1.58472	1.57545	1.56967	1.54638	1.48999	1.42487	1.37395	1.3338	1.28964	1.25292	1.21016	1.142	1.05287	0.953839	0.851373	0.741762	0.62848	0.498561	0.3245	0.120816	-0.0841279	-0.260816	-0.388597	-0.434534	-0.378142	-0.238556	-0.0443702	0.170822	0.371418	0.521283	0.598621	0.598621	
0.059402	0.0880313	0.133146	0.199867	0.280601	0.363965	0.460514	0.572301	0.706348	0.865622	1.04697	1.22975	1.38304	1.49657	1.5656	1.58181	1.57867	1.57409	1.56794	1.55315	1.54638	1.53066	1.48482	1.4268	1.37453	1.33261	1.2953	1.26338	1.21354	1.13522	1.03744	0.931413	0.813747	0.688415	0.563811	0.426085	0.252405	0.0527534	-0.141069	-0.306815	-0.414012	-0.435129	-0.363298	-0.217721	-0.0242827	0.191646	0.392628	0.547881	0.632452	0.632452	
0.10459	0.126423	0.163928	0.229241	0.318832	0.420256	0.535571	0.659139	0.787811	0.928068	1.08656	1.24214	1.37363	1.47326	1.53269	1.548	1.54117	1.52976	1.51153	1.49451	1.48999	1.48482	1.45486	1.40524	1.3584	1.32173	1.29911	1.27642	1.22325	1.13514	1.02428	0.902223	0.77422	0.647023	0.520745	0.379932	0.209699	0.019613	-0.164499	-0.31437	-0.402964	-0.408773	-0.332925	-0.193633	-0.00260507	0.211598	0.411196	0.567696	0.653409	0.653409	
0.129508	0.148484	0.182334	0.249656	0.342454	0.457651	0.585696	0.714191	0.842705	0.96646	1.09471	1.22222	1.33807	1.43002	1.48293	1.49375	1.48231	1.46493	1.44276	1.4248	1.42487	1.4268	1.40524	1.36813	1.33008	1.30652	1.29894	1.27637	1.21999	1.1252	0.997495	0.856789	0.722568	0.60464	0.486735	0.354284	0.195156	0.0176163	-0.152341	-0.288651	-0.36183	-0.364522	-0.295433	-0.162747	0.0205718	0.230895	0.426171	0.573728	0.654031	0.654031	
0.113695	0.137284	0.174923	0.23979	0.333677	0.454158	0.586189	0.722238	0.857603	0.977249	1.08747	1.19175	1.29478	1.3806	1.42526	1.43464	1.42181	1.40555	1.38621	1.37656	1.37395	1.37453	1.3584	1.33008	1.31061	1.30211	1.29378	1.25895	1.19051	1.08622	0.945819	0.789914	0.649653	0.536805	0.431896	0.315716	0.184391	0.0311553	-0.119258	-0.238983	-0.308748	-0.309795	-0.243541	-0.118606	0.0515959	0.24319	0.422958	0.557387	0.628389	0.628389	
0.0462952	0.0838589	0.133471	0.20505	0.299067	0.423016	0.558536	0.704262	0.846996	0.97026	1.07412	1.16965	1.26393	1.33824	1.37485	1.38285	1.3676	1.35357	1.34162	1.33724	1.3338	1.33261	1.32173	1.30652	1.30211	1.2937	1.2747	1.2183	1.12915	1.00916	0.859762	0.699648	0.556709	0.444871	0.351622	0.260594	0.162676	0.0476671	-0.0739112	-0.182509	-0.252189	-0.256572	-0.193489	-0.0774964	0.0693505	0.233799	0.391122	0.511516	0.577948	0.577948	
-0.0623378	-0.0175831	0.0421474	0.126178	0.234	0.371074	0.520921	0.67486	0.822357	0.948227	1.05484	1.1501	1.2349	1.29911	1.33278	1.34415	1.33096	1.31104	1.29634	1.29113	1.28964	1.2953	1.29911	1.29894	1.29378	1.2747	1.23954	1.16501	1.05168	0.906562	0.749626	0.590357	0.447505	0.340266	0.259624	0.187765	0.118661	0.04144	-0.0472039	-0.136158	-0.202155	-0.211618	-0.162091	-0.0667077	0.0571295	0.194053	0.327617	0.432691	0.494451	0.494451	
-0.18597	-0.144275	-0.075595	0.0254941	0.157003	0.315802	0.480918	0.643614	0.790859	0.922849	1.03657	1.12805	1.19882	1.2509	1.28728	1.3114	1.30545	1.28053	1.25876	1.25417	1.25292	1.26338	1.27642	1.27637	1.25895	1.2183	1.16501	1.07707	0.945778	0.786381	0.623229	0.463947	0.325096	0.226169	0.158185	0.098477	0.0504067	0.00370022	-0.049815	-0.108279	-0.158597	-0.175378	-0.154667	-0.0895945	0.00885278	0.122221	0.231787	0.319032	0.372527	0.372527	
-0.304456	-0.26604	-0.193576	-0.0755873	0.0755208	0.251291	0.430342	0.600092	0.755682	0.90097	1.02468	1.11373	1.16899	1.20674	1.24005	1.26757	1.26363	1.23729	1.21816	1.2141	1.21016	1.21354	1.22325	1.21999	1.19051	1.12915	1.05168	0.945778	0.80871	0.646349	0.480716	0.323056	0.191416	0.100278	0.0393036	-0.00570304	-0.0351726	-0.0542376	-0.0777941	-0.103914	-0.132129	-0.156239	-0.161436	-0.129279	-0.0614944	0.0225522	0.105563	0.173708	0.216	0.216	
-0.415199	-0.377103	-0.300651	-0.175654	-0.0102522	0.179699	0.372257	0.54864	0.712656	0.869891	1.00394	1.09538	1.14456	1.17077	1.19136	1.20334	1.19405	1.16977	1.15783	1.15431	1.142	1.13522	1.13514	1.1252	1.08622	1.00916	0.906562	0.786381	0.646349	0.486376	0.325267	0.179203	0.0575643	-0.0294214	-0.0836915	-0.110081	-0.114483	-0.112765	-0.113679	-0.118856	-0.133832	-0.159465	-0.180043	-0.176493	-0.14689	-0.101106	-0.0474158	0.00140957	0.0307595	0.0307595	
-0.531184	-0.487167	-0.405366	-0.278165	-0.106738	0.0940057	0.298657	0.486672	0.660751	0.82483	0.966171	1.06194	1.1101	1.13013	1.13546	1.12971	1.11232	1.09245	1.07976	1.07079	1.05287	1.03744	1.02428	0.997495	0.945819	0.859762	0.749626	0.623229	0.480716	0.325267	0.175785	0.0449249	-0.0675472	-0.150383	-0.192705	-0.197968	-0.185137	-0.168206	-0.156383	-0.152592	-0.159595	-0.181794	-0.209068	-0.231825	-0.242038	-0.234975	-0.212452	-0.188616	-0.175407	-0.175407	
-0.635043	-0.593179	-0.509777	-0.380958	-0.209778	-0.00676928	0.20783	0.408394	0.594155	0.763945	0.906248	1.00276	1.05496	1.07516	1.07659	1.06238	1.04058	1.01768	0.996985	0.977287	0.953839	0.931413	0.902223	0.856789	0.789914	0.699648	0.590357	0.463947	0.323056	0.179203	0.0449249	-0.0723932	-0.174422	-0.243609	-0.269973	-0.264394	-0.247383	-0.226931	-0.210247	-0.201957	-0.199222	-0.213665	-0.246008	-0.293925	-0.33655	-0.362623	-0.377106	-0.383756	-0.390788	-0.390788	
-0.711556	-0.675732	-0.595419	-0.474012	-0.30993	-0.112096	0.103753	0.311949	0.508132	0.684004	0.829621	0.931637	0.98785	1.01457	1.02207	1.009	0.984803	0.955877	0.923783	0.889243	0.851373	0.813747	0.77422	0.722568	0.649653	0.556709	0.447505	0.325096	0.191416	0.0575643	-0.0675472	-0.174422	-0.259156	-0.308434	-0.32449	-0.315163	-0.298491	-0.279364	-0.262187	-0.253369	-0.246006	-0.258241	-0.29957	-0.363055	-0.425432	-0.480308	-0.527457	-0.561698	-0.579585	-0.579585	
-0.734742	-0.716908	-0.657661	-0.557135	-0.408914	-0.219388	-0.00793415	0.203146	0.404993	0.587037	0.742673	0.851664	0.914498	0.949145	0.969289	0.964753	0.935623	0.89856	0.851469	0.798915	0.741762	0.688415	0.647023	0.60464	0.536805	0.444871	0.340266	0.226169	0.100278	-0.0294214	-0.150383	-0.243609	-0.308434	-0.35091	-0.367728	-0.361264	-0.342862	-0.31917	-0.298488	-0.286118	-0.283684	-0.304719	-0.352223	-0.421704	-0.500013	-0.584741	-0.664653	-0.716035	-0.737943	-0.737943	
-0.692932	-0.698146	-0.672836	-0.608163	-0.488687	-0.31823	-0.116471	0.0905153	0.29034	0.479216	0.638336	0.75309	0.821111	0.865224	0.900992	0.905799	0.875312	0.827015	0.76831	0.699717	0.62848	0.563811	0.520745	0.486735	0.431896	0.351622	0.259624	0.158185	0.0393036	-0.0836915	-0.192705	-0.269973	-0.32449	-0.367728	-0.393502	-0.390039	-0.369006	-0.337203	-0.301886	-0.28624	-0.296538	-0.333418	-0.389429	-0.46474	-0.5598	-0.669811	-0.770889	-0.833706	-0.859178	-0.859178	
-0.598185	-0.628102	-0.635208	-0.610696	-0.527229	-0.385002	-0.206007	-0.0144863	0.175905	0.354392	0.509927	0.628037	0.703977	0.758593	0.801719	0.808593	0.776304	0.724973	0.656393	0.57629	0.498561	0.426085	0.379932	0.354284	0.315716	0.260594	0.187765	0.098477	-0.00570304	-0.110081	-0.197968	-0.264394	-0.315163	-0.361264	-0.390039	-0.392216	-0.372831	-0.329807	-0.281325	-0.258062	-0.275655	-0.323371	-0.393404	-0.485942	-0.595602	-0.714374	-0.818853	-0.891163	-0.924213	-0.924213	
-0.450563	-0.515878	-0.55724	-0.56619	-0.520229	-0.419208	-0.276284	-0.107786	0.0632058	0.229118	0.373302	0.489988	0.574023	0.627402	0.660432	0.660417	0.630569	0.580886	0.505577	0.411351	0.3245	0.252405	0.209699	0.195156	0.184391	0.162676	0.118661	0.0504067	-0.0351726	-0.114483	-0.185137	-0.247383	-0.298491	-0.342862	-0.369006	-0.372831	-0.351339	-0.302567	-0.243965	-0.209257	-0.214872	-0.260295	-0.348696	-0.465743	-0.588359	-0.702876	-0.804491	-0.880834	-0.921616	-0.921616	
-0.26302	-0.359582	-0.433912	-0.475682	-0.471724	-0.425561	-0.33508	-0.202499	-0.0491162	0.105694	0.238149	0.349739	0.424502	0.46276	0.476494	0.465674	0.440116	0.39487	0.314537	0.209715	0.120816	0.0527534	0.019613	0.0176163	0.0311553	0.0476671	0.04144	0.00370022	-0.0542376	-0.112765	-0.168206	-0.226931	-0.279364	-0.31917	-0.337203	-0.329807	-0.302567	-0.248967	-0.184567	-0.131771	-0.114045	-0.150017	-0.249918	-0.389081	-0.525865	-0.648508	-0.753721	-0.834247	-0.876219	-0.876219	
-0.0522339	-0.172567	-0.276665	-0.354808	-0.397826	-0.408014	-0.370516	-0.275792	-0.144064	-0.00617906	0.114499	0.2073	0.263523	0.281784	0.27928	0.260686	0.232063	0.183028	0.101567	-0.000117018	-0.0841279	-0.141069	-0.164499	-0.152341	-0.119258	-0.0739112	-0.0472039	-0.049815	-0.0777941	-0.113679	-0.156383	-0.210247	-0.262187	-0.298488	-0.301886	-0.281325	-0.243965	-0.184567	-0.109665	-0.0405381	-0.00522732	-0.0276701	-0.122036	-0.264306	-0.417905	-0.561469	-0.68274	-0.770151	-0.813968	-0.813968	
0.155458	0.0281308	-0.102627	-0.216244	-0.300955	-0.353244	-0.353947	-0.294953	-0.197484	-0.0828454	0.0175144	0.0920684	0.126234	0.126036	0.10934	0.0792236	0.037184	-0.0212522	-0.100401	-0.188272	-0.260816	-0.306815	-0.31437	-0.288651	-0.238983	-0.182509	-0.136158	-0.108279	-0.103914	-0.118856	-0.152592	-0.201957	-0.253369	-0.286118	-0.28624	-0.258062	-0.209257	-0.131771	-0.0405381	0.0359812	0.0781859	0.0694557	-0.00236189	-0.133721	-0.296575	-0.461238	-0.602672	-0.704399	-0.758909	-0.758909	
0.355467	0.227821	0.0800974	-0.060383	-0.174014	-0.25061	-0.275647	-0.252321	-0.192913	-0.115944	-0.0366243	0.0215538	0.0411731	0.0279337	-0.00391983	-0.0515874	-0.111071	-0.182903	-0.260845	-0.333913	-0.388597	-0.414012	-0.402964	-0.36183	-0.308748	-0.252189	-0.202155	-0.158597	-0.132129	-0.133832	-0.159595	-0.199222	-0.246006	-0.283684	-0.296538	-0.275655	-0.214872	-0.114045	-0.00522732	0.0781859	0.127834	0.134109	0.0827195	-0.0370075	-0.205008	-0.38967	-0.557913	-0.686772	-0.759308	-0.759308	
0.545903	0.424428	0.273808	0.123809	-0.00654947	-0.102673	-0.150629	-0.155056	-0.128994	-0.0864006	-0.0331778	0.00809225	0.0214659	0.00175225	-0.0450867	-0.108208	-0.181826	-0.262062	-0.340497	-0.399741	-0.434534	-0.435129	-0.408773	-0.364522	-0.309795	-0.256572	-0.211618	-0.175378	-0.156239	-0.159465	-0.181794	-0.213665	-0.258241	-0.304719	-0.333418	-0.323371	-0.260295	-0.150017	-0.0276701	0.0694557	0.134109	0.149552	0.102653	-0.0137661	-0.187893	-0.392145	-0.589507	-0.742992	-0.828042	-0.828042	
0.722623	0.614522	0.47252	0.330495	0.199113	0.0910221	0.0234305	-0.00300442	-0.00103702	0.0128819	0.0359554	0.0606216	0.0697657	0.0479588	-0.0112759	-0.0895732	-0.171015	-0.249817	-0.321274	-0.364018	-0.378142	-0.363298	-0.332925	-0.295433	-0.243541	-0.193489	-0.162091	-0.154667	-0.161436	-0.180043	-0.209068	-0.246008	-0.29957	-0.352223	-0.389429	-0.393404	-0.348696	-0.249918	-0.122036	-0.00236189	0.0827195	0.102653	0.0518396	-0.0745541	-0.26336	-0.491093	-0.713392	-0.881057	-0.971666	-0.971666	
0.885812	0.797403	0.676013	0.550262	0.425845	0.31464	0.235601	0.194289	0.183007	0.175908	0.178444	0.183208	0.182593	0.152558	0.0801427	-0.00880579	-0.0913511	-0.162231	-0.214814	-0.238031	-0.238556	-0.217721	-0.193633	-0.162747	-0.118606	-0.0774964	-0.0667077	-0.0895945	-0.129279	-0.176493	-0.231825	-0.293925	-0.363055	-0.421704	-0.46474	-0.485942	-0.465743	-0.389081	-0.264306	-0.133721	-0.0370075	-0.0137661	-0.0745541	-0.218573	-0.431751	-0.678788	-0.911854	-1.08901	-1.18485	-1.18485	
1.0293	0.971935	0.878208	0.769828	0.653558	0.546024	0.462549	0.412273	0.388044	0.372033	0.360273	0.348657	0.329316	0.285154	0.206738	0.117744	0.0367268	-0.0222166	-0.0551176	-0.0561706	-0.0443702	-0.0242827	-0.00260507	0.0205718	0.0515959	0.0693505	0.0571295	0.00885278	-0.0614944	-0.14689	-0.242038	-0.33655	-0.425432	-0.500013	-0.5598	-0.595602	-0.588359	-0.525865	-0.417905	-0.296575	-0.205008	-0.187893	-0.26336	-0.431751	-0.667265	-0.925577	-1.16555	-1.3547	-1.46315	-1.46315	
1.15456	1.12907	1.06199	0.966488	0.857201	0.758594	0.683216	0.630392	0.595856	0.571053	0.548273	0.518659	0.479754	0.425304	0.350684	0.271398	0.199608	0.14723	0.133125	0.149235	0.170822	0.191646	0.211598	0.230895	0.24319	0.233799	0.194053	0.122221	0.0225522	-0.101106	-0.234975	-0.362623	-0.480308	-0.584741	-0.669811	-0.714374	-0.702876	-0.648508	-0.561469	-0.461238	-0.38967	-0.392145	-0.491093	-0.678788	-0.925577	-1.19048	-1.44029	-1.64321	-1.76176	-1.76176	
1.26286	1.25881	1.20852	1.12025	1.01831	0.934008	0.870188	0.822851	0.787144	0.754319	0.717038	0.669032	0.613634	0.550659	0.481872	0.417009	0.359007	0.320618	0.319046	0.343566	0.371418	0.392628	0.411196	0.426171	0.422958	0.391122	0.327617	0.231787	0.105563	-0.0474158	-0.212452	-0.377106	-0.527457	-0.664653	-0.770889	-0.818853	-0.804491	-0.753721	-0.68274	-0.602672	-0.557913	-0.589507	-0.713392	-0.911854	-1.16555	-1.44029	-1.69993	-1.9096	-2.02553	-2.02553	
1.34239	1.34814	1.30358	1.22413	1.1353	1.06077	1.00414	0.963584	0.929751	0.896656	0.845034	0.781249	0.71408	0.644438	0.575717	0.520989	0.482289	0.458109	0.463937	0.488917	0.521283	0.547881	0.567696	0.573728	0.557387	0.511516	0.432691	0.319032	0.173708	0.00140957	-0.188616	-0.383756	-0.561698	-0.716035	-0.833706	-0.891163	-0.880834	-0.834247	-0.770151	-0.704399	-0.686772	-0.742992	-0.881057	-1.08901	-1.3547	-1.64321	-1.9096	-2.11129	-2.21804	-2.21804	
1.38057	1.38989	1.34981	1.27799	1.19785	1.12747	1.06951	1.03121	1.00549	0.974322	0.916409	0.842871	0.768555	0.692772	0.621907	0.573304	0.547886	0.534542	0.541631	0.562542	0.598621	0.632452	0.653409	0.654031	0.628389	0.577948	0.494451	0.372527	0.216	0.0307595	-0.175407	-0.390788	-0.579585	-0.737943	-0.859178	-0.924213	-0.921616	-0.876219	-0.813968	-0.758909	-0.759308	-0.828042	-0.971666	-1.18485	-1.46315	-1.76176	-2.02553	-2.21804	-2.31473	-2.31473	
1.38057	1.38989	1.34981	1.27799	1.19785	1.12747	1.06951	1.03121	1.00549	0.974322	0.916409	0.842871	0.768555	0.692772	0.621907	0.573304	0.547886	0.534542	0.541631	0.562542	0.598621	0.632452	0.653409	0.654031	0.628389	0.577948	0.494451	0.372527	0.216	0.0307595	-0.175407	-0.390788	-0.579585	-0.737943	-0.859178	-0.924213	-0.921616	-0.876219	-0.813968	-0.758909	-0.759308	-0.828042	-0.971666	-1.18485	-1.46315	-1.76176	-2.02553	-2.21804	-2.31473	-2.31473	
