0.359983	0.423327	0.405338	0.300686	0.096634	-0.194836	-0.522525	-0.831182	-1.08405	-1.24884	-1.32215	-1.30191	-1.21612	-1.0819	-0.905788	-0.703651	-0.513928	-0.367094	-0.270932	-0.227655	-0.202335	-0.167999	-0.10209	-0.00548845	0.10074	0.212749	0.329275	0.429664	0.500297	0.560916	0.63092	0.720902	0.815866	0.89588	0.955603	0.996038	1.03402	1.08037	1.12954	1.16222	1.17875	1.19046	1.19545	1.20996	1.22768	1.22519	1.21604	1.21878	1.22925	1.22925	
0.359983	0.423327	0.405338	0.300686	0.096634	-0.194836	-0.522525	-0.831182	-1.08405	-1.24884	-1.32215	-1.30191	-1.21612	-1.0819	-0.905788	-0.703651	-0.513928	-0.367094	-0.270932	-0.227655	-0.202335	-0.167999	-0.10209	-0.00548845	0.10074	0.212749	0.329275	0.429664	0.500297	0.560916	0.63092	0.720902	0.815866	0.89588	0.955603	0.996038	1.03402	1.08037	1.12954	1.16222	1.17875	1.19046	1.19545	1.20996	1.22768	1.22519	1.21604	1.21878	1.22925	1.22925	
0.459826	0.521599	0.503381	0.398114	0.193698	-0.0974393	-0.423938	-0.733494	-0.98603	-1.15316	-1.22771	-1.21075	-1.12809	-0.996812	-0.825858	-0.628376	-0.445635	-0.304681	-0.215589	-0.179948	-0.16243	-0.138124	-0.0826886	0.00187997	0.0963568	0.196676	0.300781	0.389858	0.449664	0.501015	0.562081	0.643108	0.732502	0.808365	0.866838	0.909906	0.950351	1.00165	1.05806	1.09846	1.12538	1.14765	1.16295	1.18955	1.21801	1.22289	1.22006	1.2284	1.24159	1.24159	
0.652056	0.712209	0.691865	0.583832	0.378365	0.0888835	-0.238697	-0.548995	-0.805352	-0.975643	-1.05683	-1.04695	-0.97177	-0.849474	-0.686404	-0.501838	-0.329455	-0.200419	-0.123524	-0.0988373	-0.0962215	-0.0865488	-0.0503869	0.0134534	0.0871963	0.165897	0.248563	0.316452	0.359491	0.394579	0.441269	0.509867	0.587194	0.657489	0.712964	0.755182	0.802351	0.861504	0.926327	0.9821	1.0261	1.06647	1.10254	1.14326	1.18391	1.20744	1.21948	1.23341	1.24828	1.24828	
0.919338	0.973742	0.95079	0.838202	0.629029	0.336933	0.00829965	-0.307884	-0.568621	-0.748914	-0.838433	-0.841096	-0.777989	-0.666735	-0.518693	-0.348514	-0.194129	-0.0797694	-0.0192578	-0.0107297	-0.0242451	-0.0350765	-0.0202869	0.018705	0.0689136	0.124906	0.182632	0.228687	0.251606	0.26898	0.298647	0.348837	0.413804	0.474986	0.526534	0.572533	0.622813	0.688864	0.764739	0.832871	0.893987	0.951377	1.00489	1.06652	1.12499	1.16057	1.184	1.20787	1.22626	1.22626	
1.22733	1.27917	1.25115	1.13209	0.917452	0.623998	0.289937	-0.0331168	-0.30475	-0.497488	-0.602589	-0.623151	-0.577653	-0.484385	-0.353328	-0.205381	-0.0693334	0.0268929	0.0707116	0.0656498	0.0350616	0.00822631	0.000739479	0.0162532	0.0441762	0.0769225	0.11229	0.136363	0.143613	0.146545	0.161765	0.198988	0.25075	0.304193	0.351478	0.394979	0.448812	0.518313	0.595765	0.672715	0.745627	0.815396	0.883522	0.951385	1.01518	1.06553	1.0996	1.12546	1.14452	1.14452	
1.53303	1.58	1.55014	1.42533	1.2062	0.908472	0.569922	0.237806	-0.0457293	-0.254911	-0.37739	-0.419293	-0.394333	-0.320207	-0.209572	-0.0836144	0.0305289	0.109721	0.136543	0.118185	0.0747602	0.0320225	0.00762752	0.00274503	0.0129637	0.030687	0.0478725	0.0584322	0.0565323	0.050341	0.0574405	0.0832464	0.124967	0.171712	0.214603	0.257501	0.309429	0.375822	0.450183	0.525524	0.597776	0.664554	0.731718	0.800044	0.861184	0.908724	0.944024	0.970653	0.985696	0.985696	
1.77874	1.83027	1.80123	1.67541	1.45447	1.15793	0.81775	0.478703	0.184462	-0.0413643	-0.181457	-0.245664	-0.243096	-0.188323	-0.0983341	0.00473311	0.0994073	0.161855	0.176233	0.149128	0.0969457	0.0465861	0.00863093	-0.0100735	-0.0109978	-0.00472909	0.00257904	0.00456638	-0.000217519	-0.00679999	-0.00345455	0.0176077	0.0540597	0.0945722	0.134077	0.174425	0.220779	0.277448	0.336565	0.397573	0.457506	0.511299	0.56471	0.613721	0.657709	0.69584	0.720843	0.738217	0.749963	0.749963	
1.92707	1.98525	1.9646	1.84399	1.62952	1.33951	1.00256	0.66409	0.361298	0.123974	-0.0318062	-0.116092	-0.132422	-0.0960546	-0.0220003	0.060807	0.139194	0.190877	0.196314	0.167076	0.11333	0.0597949	0.0164629	-0.0110079	-0.0183806	-0.0150668	-0.0141124	-0.0141435	-0.0137438	-0.0178815	-0.0116794	0.00916704	0.0391414	0.0746908	0.109052	0.140943	0.177191	0.217484	0.253984	0.294143	0.330239	0.355469	0.382859	0.404099	0.418983	0.435438	0.447327	0.453247	0.45343	0.45343	
1.95104	2.02422	2.01787	1.91094	1.7098	1.43364	1.11066	0.778392	0.476373	0.231307	0.0661149	-0.0328987	-0.0663227	-0.0412532	0.018442	0.0868358	0.153904	0.197867	0.202504	0.175953	0.127949	0.0801785	0.0371894	0.00922961	0.00350845	0.0083246	0.0107359	0.0138981	0.0203146	0.0234726	0.0315512	0.0493951	0.074328	0.0989995	0.123885	0.148045	0.167646	0.183801	0.191056	0.19866	0.202805	0.19701	0.192464	0.181109	0.167694	0.159433	0.149117	0.140926	0.135344	0.135344	
1.86278	1.95272	1.96453	1.87779	1.69879	1.44624	1.14342	0.828732	0.532386	0.288032	0.117604	0.00694968	-0.0381409	-0.0244679	0.026583	0.0828682	0.142684	0.185427	0.193656	0.178678	0.144657	0.110067	0.076645	0.0548527	0.0552619	0.0674162	0.0738521	0.0819213	0.0986471	0.108011	0.118809	0.135927	0.148724	0.157732	0.16714	0.170019	0.166068	0.153399	0.125909	0.102297	0.0752843	0.0367005	0.00188349	-0.0408524	-0.0836038	-0.112396	-0.135773	-0.154096	-0.167535	-0.167535	
1.68896	1.79358	1.82589	1.76318	1.61133	1.38677	1.11409	0.824097	0.54298	0.305666	0.136169	0.0204829	-0.0338919	-0.0261837	0.0167389	0.0649004	0.119263	0.161171	0.176661	0.17435	0.158677	0.141599	0.122658	0.113332	0.12593	0.150579	0.166486	0.184198	0.210211	0.225261	0.235367	0.243426	0.239615	0.225329	0.211589	0.193565	0.162833	0.11705	0.0555929	-0.00221644	-0.0611306	-0.126449	-0.184817	-0.246643	-0.304338	-0.347904	-0.38268	-0.406911	-0.423817	-0.423817	
1.46434	1.58153	1.63002	1.59224	1.47093	1.28058	1.04457	0.7871	0.529669	0.307294	0.14447	0.0283457	-0.0318112	-0.0295246	0.0062359	0.0461317	0.0950479	0.135537	0.158263	0.170643	0.174606	0.178124	0.1761	0.180876	0.206232	0.241173	0.265721	0.290364	0.32244	0.341536	0.349239	0.34843	0.325886	0.285239	0.245628	0.201272	0.141358	0.0643963	-0.0268258	-0.110611	-0.191009	-0.272858	-0.345632	-0.420247	-0.487206	-0.536578	-0.574384	-0.598577	-0.613269	-0.613269	
1.22541	1.34413	1.40433	1.38759	1.29463	1.13925	0.941956	0.724239	0.497453	0.298613	0.150631	0.0411093	-0.0163479	-0.0153872	0.0167749	0.0527135	0.0951479	0.134223	0.16113	0.183775	0.204968	0.222598	0.234286	0.249626	0.281118	0.323229	0.351792	0.378383	0.412425	0.428876	0.42982	0.416877	0.372102	0.306084	0.24397	0.17949	0.100373	0.00309746	-0.107191	-0.208161	-0.301718	-0.392084	-0.471097	-0.546527	-0.612893	-0.664298	-0.702247	-0.725209	-0.739426	-0.739426	
0.99207	1.1071	1.16964	1.16662	1.09777	0.973054	0.816958	0.63871	0.449896	0.281824	0.154572	0.0625283	0.0135702	0.0211907	0.0551687	0.0910057	0.132229	0.16853	0.199593	0.231486	0.263571	0.292482	0.31076	0.326912	0.356575	0.390593	0.411394	0.429984	0.450801	0.458248	0.449405	0.420229	0.358697	0.274016	0.194582	0.121943	0.0356598	-0.0700579	-0.182565	-0.285704	-0.380614	-0.467797	-0.543856	-0.615543	-0.679578	-0.731096	-0.768576	-0.789873	-0.800604	-0.800604	
0.7879	0.889139	0.945964	0.948	0.893231	0.794584	0.670777	0.530948	0.380588	0.246012	0.146688	0.0766892	0.0484919	0.070015	0.11417	0.161669	0.205459	0.245914	0.282427	0.320713	0.362767	0.393955	0.410842	0.419443	0.430589	0.444188	0.444077	0.437974	0.436485	0.424373	0.398431	0.355267	0.277506	0.180376	0.0965072	0.0249399	-0.0551375	-0.150364	-0.25075	-0.34391	-0.426424	-0.500522	-0.56803	-0.630584	-0.687653	-0.737616	-0.77537	-0.794287	-0.798689	-0.798689	
0.618704	0.703341	0.748831	0.747239	0.698646	0.614869	0.516983	0.406622	0.291349	0.189676	0.116687	0.074959	0.0724067	0.115213	0.179783	0.246218	0.30392	0.354081	0.399053	0.44749	0.493781	0.524109	0.533085	0.5214	0.505824	0.484286	0.449995	0.41216	0.375348	0.337995	0.29515	0.233409	0.144641	0.0437585	-0.0414482	-0.101645	-0.162833	-0.238919	-0.316118	-0.388049	-0.45191	-0.508699	-0.559343	-0.60325	-0.648196	-0.690453	-0.72014	-0.736668	-0.742051	-0.742051	
0.485737	0.551796	0.582503	0.572267	0.523554	0.45017	0.368302	0.279636	0.193343	0.119193	0.0699219	0.054148	0.0789555	0.146129	0.234619	0.327631	0.404866	0.470151	0.528769	0.5866	0.638019	0.664852	0.660304	0.625812	0.573948	0.510146	0.436639	0.357727	0.283725	0.219977	0.159504	0.0860839	-0.00820459	-0.107032	-0.186115	-0.234649	-0.278257	-0.331927	-0.383751	-0.433564	-0.473983	-0.503353	-0.528626	-0.550921	-0.577602	-0.605346	-0.626151	-0.63191	-0.62207	-0.62207	
0.383432	0.430745	0.447034	0.426656	0.373834	0.305761	0.234262	0.159902	0.0965485	0.0423675	0.0113407	0.0156282	0.0652147	0.154451	0.267842	0.389498	0.489338	0.574607	0.647259	0.716066	0.770429	0.790939	0.771779	0.709748	0.620989	0.514697	0.401931	0.287847	0.181403	0.0975383	0.0268831	-0.0547273	-0.149982	-0.244452	-0.319402	-0.357766	-0.38402	-0.416132	-0.445532	-0.473084	-0.48968	-0.498292	-0.500567	-0.492469	-0.491874	-0.496491	-0.496414	-0.492194	-0.482434	-0.482434	
0.310349	0.338147	0.337631	0.303052	0.246357	0.18323	0.119196	0.0571672	0.0110295	-0.0252234	-0.0453099	-0.0267045	0.0391903	0.142263	0.275169	0.416402	0.536689	0.637554	0.722207	0.80109	0.857193	0.875382	0.845008	0.762163	0.644002	0.503259	0.358971	0.216086	0.0857008	-0.0125541	-0.0879803	-0.171519	-0.26315	-0.347082	-0.416481	-0.450269	-0.463673	-0.47954	-0.49257	-0.502823	-0.501017	-0.48494	-0.45739	-0.426224	-0.407324	-0.39156	-0.374907	-0.357622	-0.336659	-0.336659	
0.277852	0.283213	0.263625	0.214863	0.149905	0.0888704	0.0309407	-0.0220207	-0.0518777	-0.0767088	-0.0890417	-0.0653077	0.00478436	0.112337	0.249356	0.399264	0.528847	0.63712	0.730082	0.814015	0.874243	0.895156	0.861261	0.770439	0.636407	0.476116	0.314923	0.155912	0.0135522	-0.0889893	-0.165648	-0.248379	-0.334005	-0.412138	-0.477926	-0.506995	-0.511702	-0.512169	-0.507585	-0.500421	-0.482195	-0.453119	-0.412301	-0.364744	-0.328705	-0.299571	-0.274389	-0.253191	-0.233171	-0.233171	
0.293592	0.278745	0.239126	0.169944	0.0955947	0.0345034	-0.0196503	-0.0628783	-0.0811902	-0.0945637	-0.103196	-0.082748	-0.0194731	0.075228	0.20035	0.336943	0.456976	0.559228	0.646649	0.731165	0.796555	0.826984	0.806539	0.725565	0.59755	0.441729	0.278832	0.118377	-0.0233199	-0.127412	-0.203178	-0.283133	-0.36377	-0.432763	-0.493728	-0.522063	-0.516284	-0.501277	-0.486319	-0.46789	-0.438578	-0.399869	-0.350469	-0.302509	-0.26984	-0.239986	-0.212066	-0.193108	-0.180714	-0.180714	
0.35174	0.32217	0.264272	0.180615	0.0952815	0.0315461	-0.0200122	-0.0552988	-0.0640789	-0.0688424	-0.0767603	-0.0654388	-0.0229	0.0461988	0.13969	0.240069	0.331917	0.407056	0.477126	0.552981	0.620968	0.670347	0.673813	0.622091	0.523059	0.390582	0.246221	0.0988013	-0.0315798	-0.127049	-0.19951	-0.274337	-0.346163	-0.406963	-0.461662	-0.486638	-0.475191	-0.45123	-0.426628	-0.400293	-0.371942	-0.337564	-0.292414	-0.253955	-0.230311	-0.207799	-0.188436	-0.176958	-0.170275	-0.170275	
0.424868	0.391996	0.329163	0.235874	0.145352	0.079287	0.0321205	0.00343256	0.000447624	0.000557575	-0.00954407	-0.0140704	-0.00215478	0.0309839	0.0760992	0.126159	0.170406	0.205591	0.246507	0.303259	0.374633	0.441311	0.47812	0.467771	0.409417	0.318695	0.20358	0.0812728	-0.024277	-0.104513	-0.165574	-0.226427	-0.283293	-0.331826	-0.378396	-0.39983	-0.387031	-0.362669	-0.339905	-0.318846	-0.29803	-0.273213	-0.245213	-0.225902	-0.2149	-0.201719	-0.187885	-0.183593	-0.189197	-0.189197	
0.487561	0.464132	0.403317	0.313847	0.224946	0.162581	0.121105	0.0990849	0.0978081	0.0974264	0.0814191	0.0537674	0.0307921	0.019344	0.0118157	0.00361257	-0.00563092	-0.014941	-0.0106349	0.0254466	0.092915	0.175273	0.244721	0.275696	0.266425	0.221543	0.145223	0.0581887	-0.014507	-0.0676154	-0.11029	-0.14985	-0.185799	-0.219242	-0.254415	-0.27541	-0.267514	-0.24966	-0.238876	-0.232157	-0.228179	-0.22177	-0.211679	-0.210426	-0.21487	-0.20999	-0.200095	-0.20299	-0.216655	-0.216655	
0.533201	0.520787	0.474123	0.398662	0.321464	0.266427	0.235381	0.219898	0.215244	0.208238	0.175498	0.119048	0.0517204	-0.00740811	-0.0705879	-0.134431	-0.192326	-0.242652	-0.26701	-0.250626	-0.185818	-0.0918635	0.00405081	0.0739167	0.108573	0.109948	0.0746472	0.0275887	-0.00461712	-0.0244695	-0.0387226	-0.0517148	-0.0651881	-0.0833808	-0.112722	-0.134544	-0.139709	-0.143176	-0.145254	-0.15227	-0.167401	-0.175968	-0.18341	-0.200373	-0.216679	-0.219851	-0.215361	-0.223666	-0.242489	-0.242489	
0.569156	0.573174	0.542638	0.483521	0.419763	0.376528	0.35769	0.346114	0.336364	0.314182	0.259652	0.166216	0.0527306	-0.0571185	-0.173873	-0.28411	-0.38414	-0.463445	-0.509584	-0.506534	-0.445018	-0.345886	-0.22995	-0.129512	-0.0540721	-0.00908519	0.00105369	0.000947549	0.0131168	0.0339213	0.0495536	0.0611794	0.0663315	0.0533077	0.0235214	-0.00511973	-0.0283338	-0.0508731	-0.0704297	-0.0936754	-0.116124	-0.134468	-0.159739	-0.188282	-0.211424	-0.21998	-0.219811	-0.235698	-0.259839	-0.259839	
0.611987	0.62618	0.607928	0.565935	0.51655	0.483312	0.472827	0.464599	0.448718	0.410665	0.331149	0.201403	0.0448772	-0.116453	-0.281216	-0.433222	-0.568733	-0.671401	-0.734672	-0.740027	-0.683415	-0.582017	-0.451416	-0.324594	-0.211928	-0.125201	-0.0681089	-0.0205895	0.0359101	0.0958488	0.142521	0.175219	0.19079	0.181749	0.14892	0.108803	0.0647269	0.0188608	-0.0156255	-0.0502345	-0.08358	-0.108594	-0.136881	-0.16998	-0.200714	-0.211314	-0.210537	-0.228868	-0.252562	-0.252562	
0.657272	0.681444	0.676987	0.645594	0.600615	0.570616	0.561307	0.551781	0.528951	0.478949	0.378953	0.225839	0.0382059	-0.163702	-0.366705	-0.554613	-0.720287	-0.848001	-0.927099	-0.941913	-0.893549	-0.791584	-0.652092	-0.502282	-0.357546	-0.235891	-0.136116	-0.0469874	0.0451049	0.139133	0.216052	0.26759	0.294236	0.290967	0.25713	0.212594	0.152343	0.0812031	0.0275661	-0.0179509	-0.0574372	-0.0906368	-0.126759	-0.159205	-0.184789	-0.190451	-0.187092	-0.201892	-0.218356	-0.218356	
0.708145	0.740017	0.739831	0.707573	0.661093	0.623528	0.604096	0.583029	0.555763	0.498065	0.390759	0.233161	0.0366006	-0.184502	-0.411875	-0.62351	-0.818305	-0.972128	-1.07095	-1.10068	-1.06187	-0.963837	-0.817536	-0.648945	-0.480333	-0.332464	-0.202948	-0.0872323	0.0249993	0.141623	0.241896	0.31039	0.352727	0.364276	0.342931	0.303547	0.236182	0.153748	0.0834904	0.0189078	-0.0311844	-0.0713564	-0.112668	-0.145259	-0.166898	-0.165896	-0.156728	-0.164094	-0.171273	-0.171273	
0.761462	0.791601	0.786868	0.74802	0.686824	0.632493	0.590555	0.554826	0.521505	0.463352	0.361236	0.217573	0.0358723	-0.184996	-0.415979	-0.64288	-0.858906	-1.03833	-1.15925	-1.20334	-1.17694	-1.08109	-0.930983	-0.749702	-0.566336	-0.406421	-0.26463	-0.144177	-0.0311346	0.0910405	0.205832	0.290637	0.348789	0.38715	0.394291	0.371506	0.31381	0.228997	0.147322	0.078144	0.0196095	-0.0336754	-0.0768735	-0.109534	-0.135795	-0.137934	-0.12958	-0.13412	-0.137701	-0.137701	
0.82365	0.84292	0.823229	0.759261	0.673182	0.592882	0.52381	0.469213	0.430838	0.37929	0.291096	0.175912	0.0212776	-0.177599	-0.397534	-0.623982	-0.847844	-1.044	-1.17839	-1.23758	-1.22164	-1.13417	-0.989514	-0.808134	-0.626087	-0.465166	-0.32696	-0.214024	-0.111323	0.0045148	0.124977	0.217068	0.289882	0.353531	0.388267	0.395395	0.364231	0.295581	0.222148	0.156898	0.0995059	0.0453761	-0.0055235	-0.0494862	-0.0851593	-0.105213	-0.115055	-0.121464	-0.121221	-0.121221	
0.893487	0.891306	0.837465	0.735936	0.616002	0.502951	0.405934	0.335158	0.299369	0.261841	0.198745	0.117716	-0.00208661	-0.167615	-0.365487	-0.578949	-0.797101	-0.994654	-1.13467	-1.20405	-1.20075	-1.12925	-1.00175	-0.837402	-0.667406	-0.514578	-0.386439	-0.286741	-0.199669	-0.0965993	0.0142863	0.103568	0.182719	0.265152	0.332229	0.373223	0.380315	0.349661	0.298817	0.247356	0.197515	0.143876	0.0883017	0.0315208	-0.0221232	-0.0637218	-0.093731	-0.112263	-0.118781	-0.118781	
0.964706	0.932663	0.839294	0.695368	0.531293	0.381706	0.257822	0.175436	0.144073	0.124394	0.0932602	0.0450164	-0.0379661	-0.164641	-0.333024	-0.52148	-0.720413	-0.902205	-1.03601	-1.11026	-1.11833	-1.07108	-0.973884	-0.842101	-0.699314	-0.561561	-0.448811	-0.36522	-0.290628	-0.204102	-0.10924	-0.02734	0.0508335	0.145399	0.239068	0.316948	0.369789	0.380087	0.360653	0.331299	0.290897	0.241329	0.184555	0.11824	0.0468666	-0.0185371	-0.0624768	-0.0846328	-0.097174	-0.097174	
1.0153	0.956082	0.825459	0.636956	0.432014	0.249231	0.101977	0.00946534	-0.0215404	-0.02023	-0.0201688	-0.0349944	-0.0786131	-0.161509	-0.290154	-0.448033	-0.618594	-0.777837	-0.904009	-0.979861	-1.00276	-0.982815	-0.920448	-0.831444	-0.720689	-0.604206	-0.511897	-0.442122	-0.379511	-0.308984	-0.231095	-0.16079	-0.0835358	0.0176237	0.126371	0.236695	0.332636	0.38396	0.397889	0.388069	0.359968	0.320131	0.26407	0.19422	0.117607	0.043266	-0.00785863	-0.0323565	-0.0441854	-0.0441854	
1.02432	0.937994	0.777696	0.562069	0.331587	0.124378	-0.0362426	-0.138315	-0.170579	-0.156622	-0.128938	-0.111877	-0.11465	-0.14679	-0.231372	-0.352733	-0.496244	-0.638354	-0.761057	-0.843551	-0.881601	-0.884749	-0.854955	-0.804282	-0.726303	-0.638369	-0.568292	-0.516663	-0.466533	-0.405679	-0.344119	-0.280519	-0.200335	-0.101295	0.01479	0.146904	0.267635	0.350474	0.394746	0.401718	0.3894	0.368626	0.327594	0.267005	0.194532	0.125823	0.0764129	0.0444991	0.028092	0.028092	
0.979159	0.868668	0.691444	0.463453	0.220323	0.00686986	-0.155095	-0.260312	-0.297295	-0.274993	-0.224943	-0.178246	-0.136894	-0.119091	-0.153464	-0.237785	-0.358367	-0.491315	-0.619273	-0.711986	-0.766286	-0.788055	-0.783949	-0.764441	-0.719593	-0.663682	-0.61961	-0.587895	-0.546324	-0.492494	-0.436393	-0.369874	-0.289306	-0.195839	-0.0874197	0.0434538	0.17446	0.273628	0.337931	0.370655	0.387003	0.393158	0.380977	0.34319	0.2765	0.213135	0.174378	0.143912	0.123127	0.123127	
0.897811	0.763749	0.573961	0.340708	0.0982806	-0.110682	-0.266958	-0.368611	-0.403075	-0.370551	-0.301397	-0.223563	-0.141115	-0.078481	-0.0670993	-0.116258	-0.21783	-0.347771	-0.482677	-0.588911	-0.660266	-0.700428	-0.718678	-0.723452	-0.706795	-0.678946	-0.654968	-0.634182	-0.599931	-0.551502	-0.49838	-0.436887	-0.362061	-0.28288	-0.194081	-0.0720345	0.0583738	0.168657	0.255823	0.312963	0.357031	0.393523	0.411075	0.400623	0.359443	0.318532	0.286714	0.252362	0.23255	0.23255	
0.799001	0.647641	0.452054	0.218461	-0.0202023	-0.225359	-0.371989	-0.462173	-0.483132	-0.433748	-0.344213	-0.233081	-0.119207	-0.0286504	0.0135977	-0.0125288	-0.100661	-0.230364	-0.369572	-0.484886	-0.571967	-0.627194	-0.662807	-0.682856	-0.68236	-0.672171	-0.656187	-0.639341	-0.615111	-0.578966	-0.537932	-0.490912	-0.433312	-0.37215	-0.298845	-0.189967	-0.0650624	0.0504436	0.1508	0.232696	0.305569	0.372136	0.425135	0.443882	0.43008	0.420269	0.405298	0.372595	0.352803	0.352803	
0.699596	0.544358	0.347473	0.116487	-0.120777	-0.320728	-0.459723	-0.537929	-0.535017	-0.465548	-0.3502	-0.20837	-0.0737793	0.0329769	0.0868563	0.0748133	-0.0080908	-0.140307	-0.280037	-0.406966	-0.506344	-0.576511	-0.627369	-0.652361	-0.659122	-0.65123	-0.628216	-0.606667	-0.587151	-0.566404	-0.54454	-0.522386	-0.495377	-0.458353	-0.403846	-0.311949	-0.192913	-0.0735642	0.0377733	0.140999	0.238224	0.330472	0.413543	0.467761	0.490794	0.507957	0.517021	0.503045	0.483005	0.483005	
0.600143	0.445377	0.252306	0.0269836	-0.202676	-0.394975	-0.52938	-0.588366	-0.558448	-0.466041	-0.325355	-0.15926	-0.00491819	0.110628	0.170606	0.163807	0.0753411	-0.0635146	-0.217402	-0.360547	-0.472031	-0.556019	-0.608244	-0.631507	-0.63505	-0.616691	-0.586253	-0.555128	-0.536628	-0.531674	-0.525289	-0.530625	-0.539312	-0.524482	-0.487078	-0.415593	-0.309938	-0.194393	-0.0774983	0.0392935	0.152136	0.263475	0.371125	0.46248	0.534872	0.590247	0.62281	0.629081	0.620219	0.620219	
0.505991	0.357001	0.172808	-0.0430388	-0.262932	-0.445819	-0.56857	-0.606995	-0.557224	-0.44994	-0.293683	-0.113368	0.0559672	0.184186	0.255751	0.253186	0.162009	0.0124935	-0.163573	-0.324742	-0.450627	-0.538479	-0.585491	-0.606886	-0.603955	-0.58391	-0.553913	-0.518287	-0.499946	-0.494025	-0.492292	-0.514972	-0.545827	-0.556626	-0.541653	-0.488142	-0.402447	-0.301755	-0.186678	-0.0642397	0.0565157	0.179307	0.303387	0.424222	0.543239	0.647241	0.718066	0.75351	0.762557	0.762557	
0.43215	0.294358	0.119355	-0.0883368	-0.293099	-0.459777	-0.569045	-0.594231	-0.539262	-0.42458	-0.266287	-0.0853487	0.092402	0.237392	0.326088	0.330337	0.245155	0.088916	-0.10535	-0.283469	-0.421885	-0.508745	-0.552001	-0.571769	-0.567904	-0.552122	-0.529896	-0.502139	-0.479168	-0.462591	-0.459637	-0.485333	-0.527076	-0.557599	-0.56332	-0.534403	-0.471031	-0.38133	-0.27362	-0.157974	-0.0376642	0.0877249	0.221167	0.368978	0.524138	0.665644	0.781383	0.862526	0.899897	0.899897	
0.380308	0.254553	0.0949576	-0.0901499	-0.271114	-0.423822	-0.521383	-0.545957	-0.496036	-0.387047	-0.237995	-0.0668001	0.108874	0.268225	0.36636	0.380581	0.309727	0.159776	-0.0354396	-0.223194	-0.370569	-0.462268	-0.511821	-0.536689	-0.536748	-0.524741	-0.510527	-0.492593	-0.464625	-0.434981	-0.426138	-0.447044	-0.489878	-0.535055	-0.558858	-0.552231	-0.517045	-0.446738	-0.347256	-0.233859	-0.114362	0.00497544	0.142155	0.313183	0.496129	0.667951	0.816921	0.92657	0.983464	0.983464	
0.340667	0.234514	0.104602	-0.0508223	-0.208601	-0.343821	-0.430039	-0.462519	-0.430472	-0.336854	-0.199544	-0.0455487	0.122376	0.282114	0.383781	0.410534	0.358294	0.231906	0.0506445	-0.135239	-0.290919	-0.400366	-0.468989	-0.509446	-0.519035	-0.508857	-0.499093	-0.487232	-0.451823	-0.41251	-0.394798	-0.399071	-0.431914	-0.482574	-0.525497	-0.545298	-0.536517	-0.496813	-0.42162	-0.30945	-0.181106	-0.0500559	0.104187	0.280782	0.465402	0.651316	0.808783	0.927447	1.00594	1.00594	
0.332149	0.251226	0.145441	0.0171756	-0.116695	-0.232436	-0.313779	-0.361638	-0.349505	-0.274797	-0.15605	-0.0234653	0.128698	0.279833	0.388831	0.433811	0.41042	0.316076	0.159934	-0.0153657	-0.181939	-0.314557	-0.41369	-0.481122	-0.509349	-0.510843	-0.506575	-0.492394	-0.448096	-0.396058	-0.359084	-0.345232	-0.361086	-0.406568	-0.470514	-0.516661	-0.532729	-0.522489	-0.466899	-0.361579	-0.231362	-0.0857273	0.0836758	0.260587	0.434158	0.607963	0.762496	0.884461	0.961894	0.961894	
0.367855	0.30988	0.225566	0.119908	-0.00136213	-0.110382	-0.198732	-0.252888	-0.255391	-0.203074	-0.110596	-0.000736957	0.130644	0.269811	0.391369	0.464047	0.473795	0.410749	0.282267	0.11686	-0.0550186	-0.207638	-0.335401	-0.42867	-0.485344	-0.509864	-0.516815	-0.500423	-0.451141	-0.389938	-0.332098	-0.299693	-0.302055	-0.340685	-0.403765	-0.455897	-0.490213	-0.499094	-0.463176	-0.379076	-0.256181	-0.107289	0.0608371	0.231998	0.392822	0.543895	0.683709	0.800349	0.868169	0.868169	
0.438395	0.411823	0.355368	0.259406	0.1367	0.0176876	-0.0789524	-0.13837	-0.15592	-0.129787	-0.0634449	0.0286798	0.137133	0.265814	0.400542	0.502254	0.541705	0.507591	0.403717	0.251499	0.0815	-0.0841115	-0.229622	-0.346994	-0.430997	-0.485242	-0.512397	-0.497657	-0.454288	-0.393205	-0.320267	-0.268493	-0.257038	-0.289401	-0.338178	-0.377111	-0.408721	-0.425156	-0.414243	-0.35549	-0.247544	-0.111789	0.0429833	0.197754	0.335228	0.458967	0.578019	0.678069	0.728474	0.728474	
0.528713	0.539499	0.504413	0.412475	0.288775	0.158644	0.0452384	-0.0302114	-0.0676417	-0.0674755	-0.0177007	0.0633047	0.162253	0.288997	0.43287	0.552302	0.611933	0.602803	0.520604	0.384782	0.219533	0.0484243	-0.109908	-0.244067	-0.345479	-0.423794	-0.469989	-0.47363	-0.449228	-0.399334	-0.325535	-0.254148	-0.22459	-0.238155	-0.262789	-0.28874	-0.306558	-0.317784	-0.326627	-0.297544	-0.21622	-0.095458	0.0428328	0.167153	0.275711	0.368905	0.445989	0.51028	0.544695	0.544695	
0.623571	0.653958	0.63208	0.554831	0.439191	0.295601	0.162679	0.0666761	0.00454584	-0.0191218	0.0183312	0.0972708	0.204215	0.339271	0.487814	0.61073	0.684699	0.695539	0.632023	0.514394	0.357785	0.189129	0.0248401	-0.11961	-0.232366	-0.323631	-0.391081	-0.428403	-0.434741	-0.407162	-0.334393	-0.244542	-0.193081	-0.177382	-0.175313	-0.18551	-0.198032	-0.209163	-0.215205	-0.199703	-0.149307	-0.0557429	0.0539189	0.142305	0.212228	0.263706	0.294854	0.31823	0.331427	0.331427	
