0.699125	0.742153	0.754307	0.74955	0.725411	0.67861	0.63082	0.597445	0.577655	0.571053	0.556155	0.501811	0.405497	0.279133	0.128739	-0.0328336	-0.184037	-0.316152	-0.417334	-0.476916	-0.491783	-0.47413	-0.446919	-0.417156	-0.370414	-0.293167	-0.190971	-0.0718908	0.0514404	0.161201	0.262331	0.365031	0.477899	0.595133	0.695894	0.759683	0.779856	0.767116	0.728926	0.674511	0.608299	0.547703	0.491777	0.424874	0.345114	0.254973	0.175683	0.11792	0.0878248	0.0878248	
0.742153	0.760561	0.752957	0.733907	0.705673	0.665002	0.629808	0.606157	0.600218	0.60799	0.601233	0.553489	0.461022	0.328926	0.172504	0.00706466	-0.154988	-0.299684	-0.405654	-0.47117	-0.489261	-0.469378	-0.429715	-0.375171	-0.303148	-0.203648	-0.0787051	0.0666254	0.211721	0.334977	0.43457	0.521565	0.61034	0.707795	0.792797	0.841707	0.853145	0.837146	0.801642	0.74717	0.675689	0.605394	0.539318	0.46429	0.372729	0.260932	0.151638	0.0642878	0.0129699	0.0129699	
0.754307	0.752957	0.733031	0.705269	0.679616	0.642106	0.609356	0.593326	0.597477	0.607449	0.604202	0.564373	0.479093	0.353003	0.203371	0.0394345	-0.121324	-0.263849	-0.381026	-0.45653	-0.480238	-0.457113	-0.407112	-0.33461	-0.240597	-0.123798	0.0196799	0.187506	0.349997	0.481744	0.580807	0.654036	0.723427	0.797813	0.863037	0.899914	0.902936	0.884954	0.850228	0.798419	0.726762	0.653476	0.589522	0.514404	0.417049	0.291679	0.153787	0.0325466	-0.0389731	-0.0389731	
0.74955	0.733907	0.705269	0.679456	0.650028	0.606759	0.572142	0.557947	0.557661	0.566582	0.568606	0.539588	0.468365	0.358063	0.22074	0.0692061	-0.0800855	-0.221022	-0.346195	-0.428834	-0.452538	-0.43285	-0.380885	-0.297008	-0.190904	-0.0578267	0.104994	0.285049	0.453726	0.588616	0.680303	0.742976	0.798166	0.852182	0.903675	0.933176	0.933494	0.914642	0.881602	0.832406	0.767238	0.703919	0.639713	0.5655	0.462216	0.317834	0.158904	0.00948544	-0.0795779	-0.0795779	
0.725411	0.705673	0.679616	0.650028	0.609428	0.558559	0.516427	0.487849	0.477434	0.484285	0.4918	0.473099	0.426169	0.345896	0.229579	0.0939841	-0.0407331	-0.175342	-0.298071	-0.373176	-0.39751	-0.382664	-0.330882	-0.24467	-0.128437	0.0152161	0.182621	0.362882	0.527774	0.650356	0.733704	0.787761	0.823199	0.861698	0.903099	0.934133	0.942607	0.927623	0.893577	0.84306	0.783844	0.725139	0.666224	0.589967	0.480122	0.330331	0.156096	-0.00567722	-0.104574	-0.104574	
0.67861	0.665002	0.642106	0.606759	0.558559	0.506889	0.458023	0.416664	0.396979	0.396939	0.394408	0.380596	0.35898	0.311231	0.223989	0.112245	-0.00566832	-0.124796	-0.229721	-0.293193	-0.314054	-0.297799	-0.252145	-0.174091	-0.0558937	0.0872165	0.246207	0.41308	0.563118	0.67734	0.752811	0.794095	0.817437	0.839149	0.868421	0.900888	0.915885	0.902698	0.866763	0.817955	0.765426	0.715273	0.657712	0.578409	0.463003	0.308931	0.13437	-0.0284604	-0.126357	-0.126357	
0.63082	0.629808	0.609356	0.572142	0.516427	0.458023	0.403366	0.361372	0.33587	0.321225	0.307186	0.293855	0.2864	0.264729	0.207414	0.121853	0.0197129	-0.0768527	-0.150731	-0.197575	-0.211274	-0.20209	-0.168818	-0.0935335	0.0208081	0.150381	0.293394	0.437533	0.5662	0.666021	0.733306	0.767598	0.777366	0.787117	0.810073	0.84346	0.859419	0.846237	0.808018	0.754741	0.707391	0.662239	0.603427	0.523422	0.405336	0.251106	0.0804574	-0.0767341	-0.168563	-0.168563	
0.597445	0.606157	0.593326	0.557947	0.487849	0.416664	0.361372	0.317752	0.285996	0.258024	0.237279	0.227285	0.228934	0.231089	0.201349	0.131468	0.0526815	-0.00972977	-0.0527032	-0.0827851	-0.0957754	-0.0970384	-0.0752661	-0.0088832	0.0931539	0.204305	0.318972	0.431429	0.536815	0.622085	0.679104	0.700114	0.700575	0.702235	0.718283	0.755508	0.774495	0.763514	0.725767	0.671348	0.622194	0.566847	0.49947	0.414284	0.293622	0.145998	-0.0141121	-0.156819	-0.23537	-0.23537	
0.577655	0.600218	0.597477	0.557661	0.477434	0.396979	0.33587	0.285996	0.237954	0.198341	0.176772	0.174341	0.194059	0.220375	0.218203	0.18301	0.137784	0.105758	0.0883054	0.0722193	0.0572845	0.0408741	0.0485267	0.0946016	0.162185	0.238237	0.319535	0.396088	0.475624	0.545208	0.590093	0.602398	0.591195	0.584283	0.598473	0.632936	0.655528	0.650646	0.615854	0.56248	0.501437	0.427712	0.343274	0.25026	0.136205	-0.000747133	-0.14356	-0.263005	-0.325287	-0.325287	
0.571053	0.60799	0.607449	0.566582	0.484285	0.396939	0.321225	0.258024	0.198341	0.149576	0.128645	0.142134	0.188056	0.247759	0.291898	0.307088	0.303282	0.294276	0.291521	0.279615	0.252569	0.217271	0.201298	0.21282	0.23968	0.269581	0.300655	0.337697	0.389286	0.438245	0.46927	0.474943	0.45534	0.441543	0.453403	0.485768	0.511241	0.509549	0.481486	0.430219	0.354625	0.260797	0.157073	0.0547469	-0.0521826	-0.179922	-0.309404	-0.405978	-0.454513	-0.454513	
0.556155	0.601233	0.604202	0.568606	0.4918	0.394408	0.307186	0.237279	0.176772	0.128645	0.117666	0.152412	0.227856	0.325886	0.423902	0.494418	0.529801	0.540373	0.538073	0.516219	0.466162	0.409076	0.364463	0.333923	0.314568	0.298692	0.28703	0.286287	0.30255	0.326882	0.34458	0.33708	0.310107	0.291991	0.298966	0.328237	0.354518	0.358071	0.333269	0.281362	0.196843	0.0778348	-0.0455048	-0.155322	-0.263675	-0.38188	-0.500026	-0.58041	-0.614771	-0.614771	
0.501811	0.553489	0.564373	0.539588	0.473099	0.380596	0.293855	0.227285	0.174341	0.142134	0.152412	0.21411	0.321293	0.45821	0.597395	0.712175	0.775343	0.791589	0.779635	0.739409	0.670508	0.58741	0.508239	0.44139	0.383211	0.328553	0.283157	0.257133	0.246859	0.243988	0.241116	0.218466	0.183292	0.157886	0.1593	0.184476	0.204954	0.203156	0.177624	0.120067	0.0236675	-0.110936	-0.254724	-0.373138	-0.480402	-0.588263	-0.686102	-0.747978	-0.765517	-0.765517	
0.405497	0.461022	0.479093	0.468365	0.426169	0.35898	0.2864	0.228934	0.194059	0.188056	0.227856	0.321293	0.463804	0.634802	0.799591	0.932769	1.00145	1.01186	0.981776	0.917004	0.826232	0.719465	0.615459	0.520847	0.431978	0.351858	0.285511	0.23919	0.208821	0.18616	0.166932	0.132197	0.0907695	0.0634583	0.0551771	0.069258	0.0795293	0.0617855	0.0239474	-0.0437485	-0.150404	-0.292934	-0.444874	-0.568364	-0.668657	-0.76069	-0.83725	-0.87584	-0.882455	-0.882455	
0.279133	0.328926	0.353003	0.358063	0.345896	0.311231	0.264729	0.231089	0.220375	0.247759	0.325886	0.45821	0.634802	0.823444	0.999197	1.13203	1.19537	1.18833	1.12313	1.02731	0.910658	0.787116	0.671346	0.560373	0.452781	0.358563	0.285267	0.232666	0.18717	0.146301	0.106338	0.0637546	0.0272625	0.000896352	-0.0108901	-0.0138433	-0.0243065	-0.0613432	-0.114229	-0.187018	-0.292626	-0.428178	-0.577766	-0.703857	-0.797737	-0.874234	-0.928299	-0.944667	-0.942898	-0.942898	
0.128739	0.172504	0.203371	0.22074	0.229579	0.223989	0.207414	0.201349	0.218203	0.291898	0.423902	0.597395	0.799591	0.999197	1.17055	1.29088	1.3327	1.29749	1.19486	1.06056	0.914935	0.776077	0.656178	0.545191	0.444397	0.357871	0.290824	0.236221	0.180674	0.120597	0.0541679	0.00806845	-0.0261576	-0.0510529	-0.0613497	-0.0801832	-0.105093	-0.152756	-0.21406	-0.288378	-0.383275	-0.503041	-0.638541	-0.754845	-0.842666	-0.900983	-0.935338	-0.939989	-0.933058	-0.933058	
-0.0328336	0.00706466	0.0394345	0.0692061	0.0939841	0.112245	0.121853	0.131468	0.18301	0.307088	0.494418	0.712175	0.932769	1.13203	1.29088	1.38617	1.40331	1.33245	1.18452	1.01179	0.836034	0.690771	0.575021	0.473521	0.39052	0.326628	0.278758	0.238229	0.1768	0.092927	0.0130159	-0.045126	-0.0749915	-0.0900919	-0.105211	-0.131062	-0.16281	-0.206992	-0.262408	-0.327638	-0.403521	-0.504569	-0.61862	-0.721046	-0.801613	-0.841846	-0.859145	-0.855586	-0.846206	-0.846206	
-0.184037	-0.154988	-0.121324	-0.0800855	-0.0407331	-0.00566832	0.0197129	0.0526815	0.137784	0.303282	0.529801	0.775343	1.00145	1.19537	1.3327	1.40331	1.38519	1.27308	1.0893	0.880393	0.688635	0.537081	0.425984	0.343198	0.28442	0.248479	0.229171	0.207192	0.153326	0.0654039	-0.0186087	-0.078446	-0.102826	-0.11036	-0.129681	-0.157041	-0.18663	-0.222434	-0.262557	-0.313273	-0.375143	-0.44814	-0.534813	-0.617855	-0.678303	-0.704829	-0.706734	-0.696677	-0.688389	-0.688389	
-0.316152	-0.299684	-0.263849	-0.221022	-0.175342	-0.124796	-0.0768527	-0.00972977	0.105758	0.294276	0.540373	0.791589	1.01186	1.18833	1.29749	1.33245	1.27308	1.1195	0.903913	0.67086	0.470648	0.317638	0.216997	0.160873	0.13759	0.138036	0.15134	0.150767	0.1123	0.0371751	-0.0380297	-0.084978	-0.100861	-0.107549	-0.130983	-0.16092	-0.188031	-0.210172	-0.232969	-0.269629	-0.317321	-0.363595	-0.416605	-0.469957	-0.500293	-0.508138	-0.495396	-0.476698	-0.470096	-0.470096	
-0.417334	-0.405654	-0.381026	-0.346195	-0.298071	-0.229721	-0.150731	-0.0527032	0.0883054	0.291521	0.538073	0.779635	0.981776	1.12313	1.19486	1.18452	1.0893	0.903913	0.664161	0.415164	0.209155	0.0632714	-0.019018	-0.0434359	-0.0312196	0.00772351	0.0581904	0.0901728	0.0787208	0.030754	-0.0313497	-0.0710881	-0.0864941	-0.0999522	-0.123561	-0.155476	-0.178463	-0.186521	-0.200286	-0.229069	-0.259906	-0.286829	-0.303425	-0.312598	-0.310263	-0.284316	-0.245668	-0.212556	-0.195428	-0.195428	
-0.476916	-0.47117	-0.45653	-0.428834	-0.373176	-0.293193	-0.197575	-0.0827851	0.0722193	0.279615	0.516219	0.739409	0.917004	1.02731	1.06056	1.01179	0.880393	0.67086	0.415164	0.165222	-0.0368459	-0.174672	-0.243375	-0.239754	-0.188511	-0.113328	-0.0277378	0.036445	0.058004	0.0359941	-0.010492	-0.0442126	-0.0691239	-0.0958151	-0.123876	-0.156685	-0.172474	-0.169887	-0.175068	-0.195447	-0.217414	-0.225844	-0.208742	-0.177176	-0.134664	-0.0721466	-0.00648654	0.0480866	0.0772739	0.0772739	
-0.491783	-0.489261	-0.480238	-0.452538	-0.39751	-0.314054	-0.211274	-0.0957754	0.0572845	0.252569	0.466162	0.670508	0.826232	0.910658	0.914935	0.836034	0.688635	0.470648	0.209155	-0.0368459	-0.233522	-0.361704	-0.413621	-0.390918	-0.316266	-0.210736	-0.0940032	0.00469577	0.0591089	0.0630328	0.0322012	-0.00992909	-0.0479213	-0.0911337	-0.133348	-0.168027	-0.181595	-0.173497	-0.171019	-0.177811	-0.187885	-0.178601	-0.137024	-0.0791487	-0.00520348	0.0824397	0.170555	0.246974	0.287404	0.287404	
-0.47413	-0.469378	-0.457113	-0.43285	-0.382664	-0.297799	-0.20209	-0.0970384	0.0408741	0.217271	0.409076	0.58741	0.719465	0.787116	0.776077	0.690771	0.537081	0.317638	0.0632714	-0.174672	-0.361704	-0.479472	-0.514291	-0.474905	-0.379515	-0.248925	-0.105949	0.0175031	0.0976754	0.117841	0.0920954	0.0417127	-0.0197993	-0.0855375	-0.1471	-0.19272	-0.211181	-0.203855	-0.197866	-0.194918	-0.192426	-0.167931	-0.11117	-0.0352603	0.0609621	0.163552	0.26756	0.356166	0.404691	0.404691	
-0.446919	-0.429715	-0.407112	-0.380885	-0.330882	-0.252145	-0.168818	-0.0752661	0.0485267	0.201298	0.364463	0.508239	0.615459	0.671346	0.656178	0.575021	0.425984	0.216997	-0.019018	-0.243375	-0.413621	-0.514291	-0.53656	-0.484246	-0.370568	-0.217967	-0.0585029	0.0831018	0.176789	0.202206	0.173303	0.11227	0.0274804	-0.064563	-0.152909	-0.221027	-0.255875	-0.265655	-0.264814	-0.262569	-0.252783	-0.219254	-0.155231	-0.0659018	0.0459192	0.166885	0.285499	0.386081	0.442482	0.442482	
-0.417156	-0.375171	-0.33461	-0.297008	-0.24467	-0.174091	-0.0935335	-0.0088832	0.0946016	0.21282	0.333923	0.44139	0.520847	0.560373	0.545191	0.473521	0.343198	0.160873	-0.0434359	-0.239754	-0.390918	-0.474905	-0.484246	-0.418817	-0.299849	-0.14018	0.030594	0.181318	0.277045	0.31032	0.286034	0.213019	0.109211	-0.0094453	-0.133961	-0.23772	-0.302235	-0.343152	-0.36558	-0.377539	-0.369886	-0.338735	-0.272641	-0.173061	-0.0490789	0.0936074	0.227092	0.339979	0.403037	0.403037	
-0.370414	-0.303148	-0.240597	-0.190904	-0.128437	-0.0558937	0.0208081	0.0931539	0.162185	0.23968	0.314568	0.383211	0.431978	0.452781	0.444397	0.39052	0.28442	0.13759	-0.0312196	-0.188511	-0.316266	-0.379515	-0.370568	-0.299849	-0.177046	-0.0199387	0.146086	0.293467	0.390667	0.434741	0.416018	0.342432	0.228483	0.0739241	-0.0877915	-0.23204	-0.341048	-0.41991	-0.475437	-0.511167	-0.519556	-0.492049	-0.431532	-0.331475	-0.197143	-0.0504181	0.0873355	0.199745	0.25991	0.25991	
-0.293167	-0.203648	-0.123798	-0.0578267	0.0152161	0.0872165	0.150381	0.204305	0.238237	0.269581	0.298692	0.328553	0.351858	0.358563	0.357871	0.326628	0.248479	0.138036	0.00772351	-0.113328	-0.210736	-0.248925	-0.217967	-0.14018	-0.0199387	0.128269	0.283468	0.423153	0.519109	0.569961	0.555051	0.479799	0.349278	0.165898	-0.0278852	-0.213735	-0.362444	-0.480525	-0.577043	-0.639934	-0.667252	-0.652861	-0.600924	-0.50733	-0.382106	-0.246246	-0.120812	-0.0281196	0.0249053	0.0249053	
-0.190971	-0.0787051	0.0196799	0.104994	0.182621	0.246207	0.293394	0.318972	0.319535	0.300655	0.28703	0.283157	0.285511	0.285267	0.290824	0.278758	0.229171	0.15134	0.0581904	-0.0277378	-0.0940032	-0.105949	-0.0585029	0.030594	0.146086	0.283468	0.427648	0.556384	0.650598	0.700592	0.691653	0.61134	0.460637	0.255724	0.0285891	-0.190629	-0.373047	-0.525498	-0.653873	-0.743204	-0.789917	-0.794298	-0.758164	-0.683424	-0.579946	-0.469831	-0.373138	-0.303527	-0.265915	-0.265915	
-0.0718908	0.0666254	0.187506	0.285049	0.362882	0.41308	0.437533	0.431429	0.396088	0.337697	0.286287	0.257133	0.23919	0.232666	0.236221	0.238229	0.207192	0.150767	0.0901728	0.036445	0.00469577	0.0175031	0.0831018	0.181318	0.293467	0.423153	0.556384	0.673317	0.769452	0.820897	0.810083	0.723743	0.556025	0.33317	0.0842518	-0.152638	-0.359248	-0.542205	-0.696919	-0.812954	-0.884132	-0.907734	-0.88877	-0.838785	-0.76346	-0.689423	-0.633631	-0.593047	-0.575042	-0.575042	
0.0514404	0.211721	0.349997	0.453726	0.527774	0.563118	0.5662	0.536815	0.475624	0.389286	0.30255	0.246859	0.208821	0.18717	0.180674	0.1768	0.153326	0.1123	0.0787208	0.058004	0.0591089	0.0976754	0.176789	0.277045	0.390667	0.519109	0.650598	0.769452	0.864632	0.918797	0.909683	0.817113	0.642367	0.409257	0.15024	-0.0998862	-0.328087	-0.531048	-0.709014	-0.845689	-0.93494	-0.980734	-0.984767	-0.962144	-0.92304	-0.889728	-0.869724	-0.857151	-0.852861	-0.852861	
0.161201	0.334977	0.481744	0.588616	0.650356	0.67734	0.666021	0.622085	0.545208	0.438245	0.326882	0.243988	0.18616	0.146301	0.120597	0.092927	0.0654039	0.0371751	0.030754	0.0359941	0.0630328	0.117841	0.202206	0.31032	0.434741	0.569961	0.700592	0.820897	0.918797	0.977113	0.974368	0.884029	0.707062	0.471059	0.207848	-0.0462579	-0.283795	-0.498494	-0.686702	-0.837538	-0.943908	-1.00872	-1.03666	-1.0406	-1.03598	-1.04103	-1.052	-1.06512	-1.07121	-1.07121	
0.262331	0.43457	0.580807	0.680303	0.733704	0.752811	0.733306	0.679104	0.590093	0.46927	0.34458	0.241116	0.166932	0.106338	0.0541679	0.0130159	-0.0186087	-0.0380297	-0.0313497	-0.010492	0.0322012	0.0920954	0.173303	0.286034	0.416018	0.555051	0.691653	0.810083	0.909683	0.974368	0.975227	0.889269	0.717612	0.488056	0.235292	-0.00839667	-0.237762	-0.447891	-0.633974	-0.78706	-0.903773	-0.982015	-1.02952	-1.05844	-1.08616	-1.12538	-1.16343	-1.19848	-1.21348	-1.21348	
0.365031	0.521565	0.654036	0.742976	0.787761	0.794095	0.767598	0.700114	0.602398	0.474943	0.33708	0.218466	0.132197	0.0637546	0.00806845	-0.045126	-0.078446	-0.084978	-0.0710881	-0.0442126	-0.00992909	0.0417127	0.11227	0.213019	0.342432	0.479799	0.61134	0.723743	0.817113	0.884029	0.889269	0.810171	0.656076	0.441849	0.212424	-0.00356562	-0.21023	-0.391576	-0.556007	-0.698373	-0.809822	-0.897384	-0.960413	-1.01177	-1.07106	-1.13632	-1.19637	-1.24696	-1.2698	-1.2698	
0.477899	0.61034	0.723427	0.798166	0.823199	0.817437	0.777366	0.700575	0.591195	0.45534	0.310107	0.183292	0.0907695	0.0272625	-0.0261576	-0.0749915	-0.102826	-0.100861	-0.0864941	-0.0691239	-0.0479213	-0.0197993	0.0274804	0.109211	0.228483	0.349278	0.460637	0.556025	0.642367	0.707062	0.717612	0.656076	0.51746	0.333127	0.141228	-0.0334196	-0.191379	-0.330303	-0.458878	-0.580459	-0.68407	-0.769707	-0.840638	-0.908318	-0.988973	-1.07649	-1.1559	-1.22248	-1.25691	-1.25691	
0.595133	0.707795	0.797813	0.852182	0.861698	0.839149	0.787117	0.702235	0.584283	0.441543	0.291991	0.157886	0.0634583	0.000896352	-0.0510529	-0.0900919	-0.11036	-0.107549	-0.0999522	-0.0958151	-0.0911337	-0.0855375	-0.064563	-0.0094453	0.0739241	0.165898	0.255724	0.33317	0.409257	0.471059	0.488056	0.441849	0.333127	0.19157	0.0499582	-0.0728823	-0.175119	-0.264578	-0.355084	-0.449225	-0.539447	-0.616887	-0.68829	-0.768412	-0.865853	-0.970524	-1.06621	-1.14793	-1.19431	-1.19431	
0.695894	0.792797	0.863037	0.903675	0.903099	0.868421	0.810073	0.718283	0.598473	0.453403	0.298966	0.1593	0.0551771	-0.0108901	-0.0613497	-0.105211	-0.129681	-0.130983	-0.123561	-0.123876	-0.133348	-0.1471	-0.152909	-0.133961	-0.0877915	-0.0278852	0.0285891	0.0842518	0.15024	0.207848	0.235292	0.212424	0.141228	0.0499582	-0.0398542	-0.106051	-0.154386	-0.196732	-0.249654	-0.320693	-0.395077	-0.464538	-0.529772	-0.616541	-0.726628	-0.840694	-0.953004	-1.04886	-1.10841	-1.10841	
0.759683	0.841707	0.899914	0.933176	0.934133	0.900888	0.84346	0.755508	0.632936	0.485768	0.328237	0.184476	0.069258	-0.0138433	-0.0801832	-0.131062	-0.157041	-0.16092	-0.155476	-0.156685	-0.168027	-0.19272	-0.221027	-0.23772	-0.23204	-0.213735	-0.190629	-0.152638	-0.0998862	-0.0462579	-0.00839667	-0.00356562	-0.0334196	-0.0728823	-0.106051	-0.122955	-0.126157	-0.129948	-0.153352	-0.205498	-0.267701	-0.322067	-0.383157	-0.471964	-0.585111	-0.712711	-0.836647	-0.945773	-1.01946	-1.01946	
0.779856	0.853145	0.902936	0.933494	0.942607	0.915885	0.859419	0.774495	0.655528	0.511241	0.354518	0.204954	0.0795293	-0.0243065	-0.105093	-0.16281	-0.18663	-0.188031	-0.178463	-0.172474	-0.181595	-0.211181	-0.255875	-0.302235	-0.341048	-0.362444	-0.373047	-0.359248	-0.328087	-0.283795	-0.237762	-0.21023	-0.191379	-0.175119	-0.154386	-0.126157	-0.0907427	-0.0663425	-0.0698429	-0.102757	-0.155323	-0.199609	-0.253517	-0.340821	-0.457332	-0.590515	-0.720986	-0.844281	-0.923014	-0.923014	
0.767116	0.837146	0.884954	0.914642	0.927623	0.902698	0.846237	0.763514	0.650646	0.509549	0.358071	0.203156	0.0617855	-0.0613432	-0.152756	-0.206992	-0.222434	-0.210172	-0.186521	-0.169887	-0.173497	-0.203855	-0.265655	-0.343152	-0.41991	-0.480525	-0.525498	-0.542205	-0.531048	-0.498494	-0.447891	-0.391576	-0.330303	-0.264578	-0.196732	-0.129948	-0.0663425	-0.0183151	-0.00163036	-0.0197076	-0.0581584	-0.0954063	-0.14261	-0.223486	-0.337027	-0.466585	-0.598317	-0.721925	-0.80163	-0.80163	
0.728926	0.801642	0.850228	0.881602	0.893577	0.866763	0.808018	0.725767	0.615854	0.481486	0.333269	0.177624	0.0239474	-0.114229	-0.21406	-0.262408	-0.262557	-0.232969	-0.200286	-0.175068	-0.171019	-0.197866	-0.264814	-0.36558	-0.475437	-0.577043	-0.653873	-0.696919	-0.709014	-0.686702	-0.633974	-0.556007	-0.458878	-0.355084	-0.249654	-0.153352	-0.0698429	-0.00163036	0.0388252	0.0417709	0.0238755	0.00160465	-0.0373508	-0.105701	-0.20751	-0.330145	-0.456385	-0.572325	-0.648207	-0.648207	
0.674511	0.74717	0.798419	0.832406	0.84306	0.817955	0.754741	0.671348	0.56248	0.430219	0.281362	0.120067	-0.0437485	-0.187018	-0.288378	-0.327638	-0.313273	-0.269629	-0.229069	-0.195447	-0.177811	-0.194918	-0.262569	-0.377539	-0.511167	-0.639934	-0.743204	-0.812954	-0.845689	-0.837538	-0.78706	-0.698373	-0.580459	-0.449225	-0.320693	-0.205498	-0.102757	-0.0197076	0.0417709	0.0731986	0.0788312	0.0722859	0.050567	0.00345335	-0.0782104	-0.177976	-0.286417	-0.38465	-0.445599	-0.445599	
0.608299	0.675689	0.726762	0.767238	0.783844	0.765426	0.707391	0.622194	0.501437	0.354625	0.196843	0.0236675	-0.150404	-0.292626	-0.383275	-0.403521	-0.375143	-0.317321	-0.259906	-0.217414	-0.187885	-0.192426	-0.252783	-0.369886	-0.519556	-0.667252	-0.789917	-0.884132	-0.93494	-0.943908	-0.903773	-0.809822	-0.68407	-0.539447	-0.395077	-0.267701	-0.155323	-0.0581584	0.0238755	0.0788312	0.110243	0.116873	0.110229	0.0863411	0.0321698	-0.0337467	-0.113326	-0.178179	-0.218211	-0.218211	
0.547703	0.605394	0.653476	0.703919	0.725139	0.715273	0.662239	0.566847	0.427712	0.260797	0.0778348	-0.110936	-0.292934	-0.428178	-0.503041	-0.504569	-0.44814	-0.363595	-0.286829	-0.225844	-0.178601	-0.167931	-0.219254	-0.338735	-0.492049	-0.652861	-0.794298	-0.907734	-0.980734	-1.00872	-0.982015	-0.897384	-0.769707	-0.616887	-0.464538	-0.322067	-0.199609	-0.0954063	0.00160465	0.0722859	0.116873	0.13553	0.138115	0.135235	0.115175	0.0823849	0.040666	0.0124967	-0.00454757	-0.00454757	
0.491777	0.539318	0.589522	0.639713	0.666224	0.657712	0.603427	0.49947	0.343274	0.157073	-0.0455048	-0.254724	-0.444874	-0.577766	-0.638541	-0.61862	-0.534813	-0.416605	-0.303425	-0.208742	-0.137024	-0.11117	-0.155231	-0.272641	-0.431532	-0.600924	-0.758164	-0.88877	-0.984767	-1.03666	-1.02952	-0.960413	-0.840638	-0.68829	-0.529772	-0.383157	-0.253517	-0.14261	-0.0373508	0.050567	0.110229	0.138115	0.150488	0.164179	0.17044	0.173072	0.170378	0.178187	0.186962	0.186962	
0.424874	0.46429	0.514404	0.5655	0.589967	0.578409	0.523422	0.414284	0.25026	0.0547469	-0.155322	-0.373138	-0.568364	-0.703857	-0.754845	-0.721046	-0.617855	-0.469957	-0.312598	-0.177176	-0.0791487	-0.0352603	-0.0659018	-0.173061	-0.331475	-0.50733	-0.683424	-0.838785	-0.962144	-1.0406	-1.05844	-1.01177	-0.908318	-0.768412	-0.616541	-0.471964	-0.340821	-0.223486	-0.105701	0.00345335	0.0863411	0.135235	0.164179	0.196361	0.228463	0.26118	0.293835	0.329898	0.359014	0.359014	
0.345114	0.372729	0.417049	0.462216	0.480122	0.463003	0.405336	0.293622	0.136205	-0.0521826	-0.263675	-0.480402	-0.668657	-0.797737	-0.842666	-0.801613	-0.678303	-0.500293	-0.310263	-0.134664	-0.00520348	0.0609621	0.0459192	-0.0490789	-0.197143	-0.382106	-0.579946	-0.76346	-0.92304	-1.03598	-1.08616	-1.07106	-0.988973	-0.865853	-0.726628	-0.585111	-0.457332	-0.337027	-0.20751	-0.0782104	0.0321698	0.115175	0.17044	0.228463	0.296172	0.361661	0.43457	0.501523	0.547361	0.547361	
0.254973	0.260932	0.291679	0.317834	0.330331	0.308931	0.251106	0.145998	-0.000747133	-0.179922	-0.38188	-0.588263	-0.76069	-0.874234	-0.900983	-0.841846	-0.704829	-0.508138	-0.284316	-0.0721466	0.0824397	0.163552	0.166885	0.0936074	-0.0504181	-0.246246	-0.469831	-0.689423	-0.889728	-1.04103	-1.12538	-1.13632	-1.07649	-0.970524	-0.840694	-0.712711	-0.590515	-0.466585	-0.330145	-0.177976	-0.0337467	0.0823849	0.173072	0.26118	0.361661	0.472651	0.588021	0.688534	0.753916	0.753916	
0.175683	0.151638	0.153787	0.158904	0.156096	0.13437	0.0804574	-0.0141121	-0.14356	-0.309404	-0.500026	-0.686102	-0.83725	-0.928299	-0.935338	-0.859145	-0.706734	-0.495396	-0.245668	-0.00648654	0.170555	0.26756	0.285499	0.227092	0.0873355	-0.120812	-0.373138	-0.633631	-0.869724	-1.052	-1.16343	-1.19637	-1.1559	-1.06621	-0.953004	-0.836647	-0.720986	-0.598317	-0.456385	-0.286417	-0.113326	0.040666	0.170378	0.293835	0.43457	0.588021	0.74469	0.874927	0.953887	0.953887	
0.11792	0.0642878	0.0325466	0.00948544	-0.00567722	-0.0284604	-0.0767341	-0.156819	-0.263005	-0.405978	-0.58041	-0.747978	-0.87584	-0.944667	-0.939989	-0.855586	-0.696677	-0.476698	-0.212556	0.0480866	0.246974	0.356166	0.386081	0.339979	0.199745	-0.0281196	-0.303527	-0.593047	-0.857151	-1.06512	-1.19848	-1.24696	-1.22248	-1.14793	-1.04886	-0.945773	-0.844281	-0.721925	-0.572325	-0.38465	-0.178179	0.0124967	0.178187	0.329898	0.501523	0.688534	0.874927	1.03077	1.11896	1.11896	
0.0878248	0.0129699	-0.0389731	-0.0795779	-0.104574	-0.126357	-0.168563	-0.23537	-0.325287	-0.454513	-0.614771	-0.765517	-0.882455	-0.942898	-0.933058	-0.846206	-0.688389	-0.470096	-0.195428	0.0772739	0.287404	0.404691	0.442482	0.403037	0.25991	0.0249053	-0.265915	-0.575042	-0.852861	-1.07121	-1.21348	-1.2698	-1.25691	-1.19431	-1.10841	-1.01946	-0.923014	-0.80163	-0.648207	-0.445599	-0.218211	-0.00454757	0.186962	0.359014	0.547361	0.753916	0.953887	1.11896	1.21088	1.21088	
0.0878248	0.0129699	-0.0389731	-0.0795779	-0.104574	-0.126357	-0.168563	-0.23537	-0.325287	-0.454513	-0.614771	-0.765517	-0.882455	-0.942898	-0.933058	-0.846206	-0.688389	-0.470096	-0.195428	0.0772739	0.287404	0.404691	0.442482	0.403037	0.25991	0.0249053	-0.265915	-0.575042	-0.852861	-1.07121	-1.21348	-1.2698	-1.25691	-1.19431	-1.10841	-1.01946	-0.923014	-0.80163	-0.648207	-0.445599	-0.218211	-0.00454757	0.186962	0.359014	0.547361	0.753916	0.953887	1.11896	1.21088	1.21088	
