7.00776e-32	1.71293e-33	3.77615e-35	7.53297e-37	1.36392e-38	2.24734e-40	3.37782e-42	4.64091e-44	5.83949e-46	6.74003e-48	7.14633e-50	6.96903e-52	6.25728e-54	5.17727e-56	3.95024e-58	2.78091e-60	1.80698e-62	1.08396e-64	6.00333e-67	3.06925e-69	1.44813e-71	6.30251e-74	2.52847e-76	9.34243e-79	3.17573e-81	9.91798e-84	2.84115e-86	7.45106e-89	1.78485e-91	3.89469e-94	7.71709e-97	1.3833e-99	2.23324e-102	3.23009e-105	4.15912e-108	4.731e-111	4.7093e-114	4.05376e-117	2.97204e-120	1.81893e-123	9.03905e-127	3.50316e-130	9.93116e-134	1.83141e-137	1.64843e-141	0	0	0	0	0	
7.00776e-32	1.71293e-33	3.77615e-35	7.53297e-37	1.36392e-38	2.24734e-40	3.37782e-42	4.64091e-44	5.83949e-46	6.74003e-48	7.14633e-50	6.96903e-52	6.25728e-54	5.17727e-56	3.95024e-58	2.78091e-60	1.80698e-62	1.08396e-64	6.00333e-67	3.06925e-69	1.44813e-71	6.30251e-74	2.52847e-76	9.34243e-79	3.17573e-81	9.91798e-84	2.84115e-86	7.45106e-89	1.78485e-91	3.89469e-94	7.71709e-97	1.3833e-99	2.23324e-102	3.23009e-105	4.15912e-108	4.731e-111	4.7093e-114	4.05376e-117	2.97204e-120	1.81893e-123	9.03905e-127	3.50316e-130	9.93116e-134	1.83141e-137	1.64843e-141	0	0	0	0	0	
3.86567e-30	9.90863e-32	2.28947e-33	4.785e-35	9.07379e-37	1.56548e-38	2.46331e-40	3.54283e-42	4.66641e-44	5.63843e-46	6.25936e-48	6.39245e-50	6.01256e-52	5.21341e-54	4.17057e-56	3.08002e-58	2.10087e-60	1.32394e-62	7.70948e-65	4.14831e-67	2.06221e-69	9.46805e-72	4.01267e-74	1.56871e-76	5.65192e-79	1.87456e-81	5.7155e-84	1.59936e-86	4.09944e-89	9.60252e-92	2.04997e-94	3.97579e-97	6.97875e-100	1.10376e-102	1.56463e-105	1.97529e-108	2.20384e-111	2.15249e-114	1.81868e-117	1.30922e-120	7.87002e-124	3.8426e-127	1.46365e-130	4.07924e-134	7.39765e-138	6.54978e-142	0	0	0	0	
1.98164e-28	5.32587e-30	1.28956e-31	2.82302e-33	5.60499e-35	1.01217e-36	1.66667e-38	2.50808e-40	3.45625e-42	4.36932e-44	5.07524e-46	5.42419e-48	5.34037e-50	4.8486e-52	4.06301e-54	3.14466e-56	2.24924e-58	1.48734e-60	9.09509e-63	5.14365e-65	2.69017e-67	1.30088e-69	5.81414e-72	2.40037e-74	9.14734e-77	3.2146e-79	1.04057e-81	3.09823e-84	8.47092e-87	2.12256e-89	4.86279e-92	1.01583e-94	1.92872e-97	3.31576e-100	5.13835e-103	7.13971e-106	8.83864e-109	9.67349e-112	9.27147e-115	7.68984e-118	5.43592e-121	3.20979e-124	1.53992e-127	5.7652e-131	1.57975e-134	2.81743e-138	2.45389e-142	0	0	0	
9.26526e-27	2.61282e-28	6.63367e-30	1.52183e-31	3.1649e-33	5.98411e-35	1.03138e-36	1.62419e-38	2.34184e-40	3.09739e-42	3.76418e-44	4.20935e-46	4.337e-48	4.12169e-50	3.61647e-52	2.93199e-54	2.19779e-56	1.52396e-58	9.77848e-61	5.80724e-63	3.1922e-65	1.62402e-67	7.64476e-70	3.32832e-72	1.33943e-74	4.97864e-77	1.70757e-79	5.39764e-82	1.57024e-84	4.1969e-87	1.02853e-89	2.30576e-92	4.71536e-95	8.76836e-98	1.47697e-100	2.2435e-103	3.05678e-106	3.71205e-109	3.98668e-112	3.75082e-115	3.05485e-118	2.12119e-121	1.2307e-124	5.8033e-128	2.13607e-131	5.75621e-135	1.00987e-138	8.65461e-143	0	0	
3.94019e-25	1.16685e-26	3.10857e-28	7.47787e-30	1.62975e-31	3.22771e-33	5.82472e-35	9.60097e-37	1.44864e-38	2.00472e-40	2.5489e-42	2.98212e-44	3.21486e-46	3.19727e-48	2.93646e-50	2.49272e-52	1.95724e-54	1.42228e-56	9.56951e-59	5.96324e-61	3.44216e-63	1.84051e-65	9.11477e-68	4.17951e-70	1.77371e-72	6.96217e-75	2.52561e-77	8.45881e-80	2.61245e-82	7.42935e-85	1.94208e-87	4.65714e-90	1.02206e-92	2.04704e-95	3.72961e-98	6.1578e-101	9.17183e-104	1.22584e-106	1.46075e-109	1.54e-112	1.42274e-115	1.1382e-118	7.76556e-122	4.42832e-125	2.05297e-128	7.43132e-132	1.96991e-135	3.40057e-139	2.86825e-143	2.86825e-143	
1.5194e-23	4.72965e-25	1.32323e-26	3.34013e-28	7.63333e-30	1.58431e-31	2.99471e-33	5.16835e-35	8.16237e-37	1.18203e-38	1.57245e-40	1.92472e-42	2.17082e-44	2.2589e-46	2.17103e-48	1.92904e-50	1.58591e-52	1.20714e-54	8.51156e-57	5.56159e-59	3.36848e-61	1.89131e-63	9.84391e-66	4.74871e-68	2.12248e-70	8.78538e-73	3.36546e-75	1.19216e-77	3.90108e-80	1.17776e-82	3.27572e-85	8.37876e-88	1.96691e-90	4.22751e-93	8.2959e-96	1.4815e-98	2.39847e-101	3.50426e-104	4.59582e-107	5.37583e-110	5.56509e-113	5.05011e-116	3.96966e-119	2.66193e-122	1.49238e-125	6.80392e-129	2.42269e-132	6.31898e-136	1.07366e-139	1.07366e-139	
5.29481e-22	1.73436e-23	5.10054e-25	1.3521e-26	3.24245e-28	7.05678e-30	1.39787e-31	2.52694e-33	4.17841e-35	6.33337e-37	8.81644e-39	1.12908e-40	1.33226e-42	1.45035e-44	1.45843e-46	1.35606e-48	1.16689e-50	9.29961e-53	6.86823e-55	4.70298e-57	2.98673e-59	1.75955e-61	9.61651e-64	4.87545e-66	2.29246e-68	9.99359e-71	4.03693e-73	1.51007e-75	5.22618e-78	1.6717e-80	4.93595e-83	1.34329e-85	3.36347e-88	7.73268e-91	1.62835e-93	3.132e-96	5.48433e-99	8.70925e-102	1.24861e-104	1.6074e-107	1.84622e-110	1.87727e-113	1.67382e-116	1.29313e-119	8.52502e-123	4.70011e-126	2.10784e-129	7.38479e-133	1.89598e-136	1.89598e-136	
1.66117e-20	5.73288e-22	1.77415e-23	4.94379e-25	1.24505e-26	2.84334e-28	5.90596e-30	1.11881e-31	1.93772e-33	3.07507e-35	4.48036e-37	6.00401e-39	7.41201e-41	8.44141e-43	8.88027e-45	8.63874e-47	7.77865e-49	6.4885e-51	5.01727e-53	3.59842e-55	2.39476e-57	1.47926e-59	8.48254e-62	4.51568e-64	2.23146e-66	1.02333e-68	4.35351e-71	1.7172e-73	6.27558e-76	2.12303e-78	6.64143e-81	1.91872e-83	5.11149e-86	1.25341e-88	2.82323e-91	5.82708e-94	1.09895e-96	1.88755e-99	2.94123e-102	4.13902e-105	5.23197e-108	5.90247e-111	5.89688e-114	5.16747e-117	3.92477e-120	2.54443e-123	1.37989e-126	6.08875e-130	2.09993e-133	2.09993e-133	
4.67254e-19	1.70134e-20	5.54732e-22	1.62663e-23	4.30611e-25	1.03271e-26	2.25081e-28	4.47085e-30	8.11423e-32	1.3487e-33	2.0573e-35	2.88543e-37	3.72723e-39	4.44097e-41	4.88731e-43	4.97366e-45	4.68541e-47	4.08954e-49	3.30969e-51	2.4852e-53	1.73226e-55	1.12127e-57	6.74146e-60	3.76534e-62	1.95369e-64	9.41568e-67	4.21377e-69	1.75038e-71	6.74512e-74	2.4095e-76	7.97166e-79	2.43995e-81	6.90014e-84	1.80016e-86	4.32471e-89	9.54741e-92	1.93212e-94	3.57413e-97	6.02356e-100	9.21295e-103	1.273e-105	1.5805e-108	1.75186e-111	1.7201e-114	1.48184e-117	1.10676e-120	7.05767e-124	3.76584e-127	1.63588e-130	1.63588e-130	
1.17288e-17	4.51291e-19	1.55248e-20	4.79619e-22	1.33603e-23	3.36791e-25	7.70822e-27	1.6065e-28	3.05706e-30	5.32443e-32	8.50626e-34	1.24898e-35	1.68847e-37	2.10497e-39	2.42343e-41	2.57987e-43	2.54233e-45	2.32145e-47	1.9658e-49	1.54485e-51	1.12733e-53	7.64242e-56	4.81475e-58	2.81949e-60	1.53483e-62	7.76654e-65	3.65257e-67	1.59603e-69	6.47689e-72	2.43957e-74	8.52229e-77	2.75863e-79	8.26494e-82	2.28887e-84	5.85008e-87	1.37744e-89	2.98149e-92	5.91805e-95	1.07415e-97	1.77686e-100	2.66838e-103	3.62131e-106	4.41731e-109	4.81192e-112	4.64466e-115	3.93466e-118	2.89055e-121	1.81353e-124	9.52709e-128	9.52709e-128	
2.61381e-16	1.06468e-17	3.87027e-19	1.26144e-20	3.70191e-22	9.81902e-24	2.36202e-25	5.16912e-27	1.03201e-28	1.88448e-30	3.1545e-32	4.85067e-34	6.86462e-36	8.95583e-38	1.07876e-39	1.20133e-41	1.23832e-43	1.18276e-45	1.04775e-47	8.61489e-50	6.57908e-52	4.66913e-54	3.08067e-56	1.89025e-58	1.07879e-60	5.72697e-63	2.8278e-65	1.29846e-67	5.54265e-70	2.19844e-72	8.09752e-75	2.76754e-77	8.76858e-80	2.57256e-82	6.97943e-85	1.74828e-87	4.03589e-90	8.56806e-93	1.66866e-95	2.97266e-98	4.82799e-101	7.12095e-104	9.49441e-107	1.13816e-109	1.2188e-112	1.15681e-115	9.63883e-119	6.96662e-122	4.30356e-125	4.30356e-125	
5.14197e-15	2.22171e-16	8.54905e-18	2.94414e-19	9.11451e-21	2.54668e-22	6.44534e-24	1.48238e-25	3.1074e-27	5.95265e-29	1.0446e-30	1.68289e-32	2.49396e-34	3.40582e-36	4.29285e-38	5.00132e-40	5.39256e-42	5.38726e-44	4.99158e-46	4.29319e-48	3.43017e-50	2.5475e-52	1.7595e-54	1.13059e-56	6.7605e-59	3.76245e-61	1.94892e-63	9.39518e-66	4.21414e-68	1.75813e-70	6.81898e-73	2.45718e-75	8.21975e-78	2.55015e-80	7.3292e-83	1.94869e-85	4.78558e-88	1.0835e-90	2.25681e-93	4.31373e-96	7.54486e-99	1.20346e-101	1.74382e-104	2.28485e-107	2.69245e-110	2.83501e-113	2.64654e-116	2.16946e-119	1.54396e-122	1.54396e-122	
8.87257e-14	4.07558e-15	1.66332e-16	6.06271e-18	1.98288e-19	5.84379e-21	1.55778e-22	3.76896e-24	8.30204e-26	1.6696e-27	3.07332e-29	5.19e-31	8.05736e-33	1.15212e-34	1.51993e-36	1.85279e-38	2.08978e-40	2.18361e-42	2.11601e-44	1.90343e-46	1.59071e-48	1.23588e-50	8.93195e-53	6.00759e-55	3.76173e-57	2.19334e-59	1.19099e-61	6.0227e-64	2.83598e-66	1.24318e-68	5.07135e-71	1.92419e-73	6.78614e-76	2.22276e-78	6.75513e-81	1.90255e-83	4.9591e-86	1.19437e-88	2.65299e-91	5.42319e-94	1.01768e-96	1.74804e-99	2.73912e-102	3.9002e-105	5.02319e-108	5.82006e-111	6.02714e-114	5.53512e-117	4.46794e-120	4.46794e-120	
1.33339e-12	6.52771e-14	2.83163e-15	1.09444e-16	3.78779e-18	1.17911e-19	3.31466e-21	8.44532e-23	1.95661e-24	4.13418e-26	7.98788e-28	1.41477e-29	2.30197e-31	3.4478e-33	4.76197e-35	6.07488e-37	7.16847e-39	7.83463e-41	7.93992e-43	7.46904e-45	6.52758e-47	5.30414e-49	4.00992e-51	2.82194e-53	1.84942e-55	1.1291e-57	6.42286e-60	3.40454e-62	1.68155e-64	7.7378e-67	3.31639e-69	1.32337e-71	4.914e-74	1.6968e-76	5.44386e-79	1.62118e-81	4.47596e-84	1.14412e-86	2.70324e-89	5.89263e-92	1.18251e-94	2.1791e-97	3.6768e-100	5.66127e-103	7.92321e-106	1.0033e-108	1.14322e-111	1.16462e-114	1.05323e-117	1.05323e-117	
1.73161e-11	9.05966e-13	4.18704e-14	1.71955e-15	6.3087e-17	2.07752e-18	6.16715e-20	1.65663e-21	4.04086e-23	8.97817e-25	1.8222e-26	3.38697e-28	5.77884e-30	9.06977e-32	1.31191e-33	1.75189e-35	2.16312e-37	2.473e-39	2.62108e-41	2.57827e-43	2.35609e-45	2.00188e-47	1.58265e-49	1.16493e-51	7.98729e-54	5.10334e-56	3.03938e-58	1.68759e-60	8.7362e-63	4.2163e-65	1.89679e-67	7.95163e-70	3.10502e-72	1.12876e-74	3.8174e-77	1.20003e-79	3.50297e-82	9.48371e-85	2.37797e-87	5.51335e-90	1.17973e-92	2.32468e-95	4.20784e-98	6.97598e-101	1.05568e-103	1.45252e-106	1.80873e-109	2.02729e-112	2.03378e-115	2.03378e-115	
1.92662e-10	1.08048e-11	5.33388e-13	2.33271e-14	9.08957e-16	3.17177e-17	9.95664e-19	2.82328e-20	7.25812e-22	1.69732e-23	3.62142e-25	7.06877e-27	1.2654e-28	2.08207e-30	3.15516e-32	4.4116e-34	5.7008e-36	6.81841e-38	7.55814e-40	7.77406e-42	7.42745e-44	6.59772e-46	5.45331e-48	4.197e-50	3.00941e-52	2.01136e-54	1.25349e-56	7.2859e-59	3.95038e-61	1.99803e-63	9.42625e-66	4.14731e-68	1.70117e-70	6.50271e-73	2.31503e-75	7.67056e-78	2.36335e-80	6.76416e-83	1.7962e-85	4.41915e-88	1.00565e-90	2.11281e-93	4.08904e-96	7.27162e-99	1.18473e-101	1.76242e-104	2.38443e-107	2.92036e-110	3.22343e-113	3.22343e-113	
1.81952e-09	1.09729e-10	5.80177e-12	2.70829e-13	1.12305e-14	4.15964e-16	1.38287e-17	4.14456e-19	1.12421e-20	2.76965e-22	6.21721e-24	1.27529e-25	2.39659e-27	4.13596e-29	6.56877e-31	9.61959e-33	1.30122e-34	1.62838e-36	1.88794e-38	2.03047e-40	2.02806e-42	1.8831e-44	1.6269e-46	1.30881e-48	9.81076e-51	6.85609e-53	4.46876e-55	2.71755e-57	1.54221e-59	8.1684e-62	4.03796e-64	1.86283e-66	8.01829e-69	3.21914e-71	1.20489e-73	4.202e-76	1.3644e-78	4.12124e-81	1.15679e-83	3.01367e-86	7.27652e-89	1.62563e-91	3.35398e-94	6.37647e-97	1.11424e-99	1.78433e-102	2.60974e-105	3.47232e-108	4.18795e-111	4.18795e-111	
1.44443e-08	9.3978e-10	5.33672e-11	2.66529e-12	1.17853e-13	4.64129e-15	1.6365e-16	5.19057e-18	1.48715e-19	3.8634e-21	9.13139e-23	1.96962e-24	3.88785e-26	7.04049e-28	1.17232e-29	1.79859e-31	2.54722e-33	3.33563e-35	4.04505e-37	4.54881e-39	4.74929e-41	4.60881e-43	4.161e-45	3.49801e-47	2.74015e-49	2.00137e-51	1.36364e-53	8.67104e-56	5.14717e-58	2.85285e-60	1.47653e-62	7.136e-65	3.22003e-67	1.3563e-69	5.33083e-72	1.95418e-74	6.6774e-77	2.12519e-79	6.29429e-82	1.73298e-84	4.42997e-87	1.04988e-89	2.30297e-92	4.6667e-95	8.71649e-98	1.49684e-100	2.35629e-103	3.38862e-106	4.43962e-109	4.43962e-109	
9.5452e-08	6.72102e-09	4.10986e-10	2.20083e-11	1.03964e-12	4.36021e-14	1.63276e-15	5.4868e-17	1.66207e-18	4.55679e-20	1.1348e-21	2.57542e-23	5.34214e-25	1.0155e-26	1.77329e-28	2.85078e-30	4.22754e-32	5.79331e-34	7.34818e-36	8.63932e-38	9.42743e-40	9.55937e-42	9.01654e-44	7.91817e-46	6.47937e-48	4.94384e-50	3.51943e-52	2.33866e-54	1.45114e-56	8.41046e-59	4.55378e-61	2.30354e-63	1.08862e-65	4.80562e-68	1.9811e-70	7.62408e-73	2.73765e-75	9.16659e-78	2.85988e-80	8.30622e-83	2.2434e-85	5.62749e-88	1.30917e-90	2.81979e-93	5.61229e-96	1.02991e-98	1.73812e-101	2.68967e-104	3.80827e-107	3.80827e-107	
5.20491e-07	3.97645e-08	2.62392e-09	1.50926e-10	7.62782e-12	3.41103e-13	1.35795e-14	4.83893e-16	1.55087e-17	4.48984e-19	1.17866e-20	2.81548e-22	6.13873e-24	1.22515e-25	2.24386e-27	3.78002e-29	5.86943e-31	8.41629e-33	1.11639e-34	1.37198e-36	1.56432e-38	1.6569e-40	1.63209e-42	1.49658e-44	1.27864e-46	1.01863e-48	7.57176e-51	5.25441e-53	3.40559e-55	2.06232e-57	1.16713e-59	6.17369e-62	3.0525e-64	1.41067e-66	6.09232e-69	2.45816e-71	9.26271e-74	3.25797e-76	1.06895e-78	3.26917e-81	9.3107e-84	2.46673e-86	6.0716e-89	1.38641e-91	2.93192e-94	5.73111e-97	1.03319e-99	1.71341e-102	2.60972e-105	2.60972e-105	
2.32729e-06	1.9318e-07	1.37708e-08	8.51553e-10	4.60775e-11	2.19823e-12	9.30748e-14	3.51801e-15	1.19319e-16	3.64802e-18	1.00955e-19	2.53814e-21	5.81645e-23	1.21857e-24	2.34029e-26	4.13018e-28	6.71292e-30	1.00685e-31	1.39612e-33	1.79263e-35	2.13461e-37	2.36039e-39	2.42666e-41	2.32198e-43	2.06988e-45	1.72042e-47	1.33426e-49	9.66125e-52	6.53488e-54	4.1308e-56	2.44098e-58	1.34871e-60	6.96879e-63	3.36732e-65	1.52149e-67	6.4273e-70	2.53768e-72	9.36095e-75	3.22439e-77	1.03642e-79	3.10632e-82	8.67293e-85	2.2533e-87	5.44064e-90	1.21903e-92	2.53033e-95	4.85607e-98	8.5973e-101	1.40261e-103	1.40261e-103	
8.51733e-06	7.67714e-07	5.90875e-08	3.92589e-09	2.27304e-10	1.1562e-11	5.20344e-13	2.08491e-14	7.47836e-16	2.41306e-17	7.03492e-19	1.86025e-20	4.47738e-22	9.83977e-24	1.98011e-25	3.65808e-27	6.21858e-29	9.74809e-31	1.41179e-32	1.89231e-34	2.35112e-36	2.71161e-38	2.90675e-40	2.89943e-42	2.69393e-44	2.33357e-46	1.88609e-48	1.42335e-50	1.0035e-52	6.61296e-55	4.07485e-57	2.34851e-59	1.26626e-61	6.38766e-64	3.01476e-66	1.3311e-68	5.49699e-71	2.12258e-73	7.66019e-76	2.58238e-78	8.12665e-81	2.38543e-83	6.52484e-86	1.66126e-88	3.93198e-91	8.6385e-94	1.75864e-96	3.31109e-99	5.76149e-102	5.76149e-102	
2.56225e-05	2.50017e-06	2.07191e-07	1.47543e-08	9.1196e-10	4.93525e-11	2.35609e-12	9.98825e-14	3.78204e-15	1.28569e-16	3.94198e-18	1.09455e-19	2.76248e-21	6.35825e-23	1.3386e-24	2.58469e-26	4.58853e-28	7.50599e-30	1.13366e-31	1.58377e-33	2.05e-35	2.46214e-37	2.74764e-39	2.85246e-41	2.75783e-43	2.48556e-45	2.09007e-47	1.64099e-49	1.20376e-51	8.25466e-54	5.29396e-56	3.17642e-58	1.78354e-60	9.37326e-63	4.61093e-65	2.12308e-67	9.14894e-70	3.68895e-72	1.39129e-74	4.90595e-77	1.6165e-79	4.97366e-82	1.4278e-84	3.82059e-87	9.51857e-90	2.20508e-92	4.74279e-95	9.45473e-98	1.74642e-100	1.74642e-100	
6.39941e-05	6.72312e-06	5.9697e-07	4.53606e-08	2.98099e-09	1.70989e-10	8.6288e-12	3.85758e-13	1.53713e-14	5.48885e-16	1.76484e-17	5.13148e-19	1.35444e-20	3.25652e-22	7.15445e-24	1.44029e-25	2.66367e-27	4.53597e-29	7.12739e-31	1.03535e-32	1.3928e-34	1.73787e-36	2.01412e-38	2.17095e-40	2.17876e-42	2.03803e-44	1.77849e-46	1.44904e-48	1.10308e-50	7.85035e-53	5.22575e-55	3.2551e-57	1.8979e-59	1.03604e-61	5.29576e-64	2.53483e-66	1.13609e-68	4.76708e-71	1.87223e-73	6.87986e-76	2.36432e-78	7.5943e-81	2.27831e-83	6.37847e-86	1.66481e-88	4.04633e-91	9.14584e-94	1.91951e-96	3.74093e-99	3.74093e-99	
0.000134392	1.50922e-05	1.42668e-06	1.15007e-07	7.99366e-09	4.83651e-10	2.56843e-11	1.20582e-12	5.03651e-14	1.88208e-15	6.32358e-17	1.91882e-18	5.2793e-20	1.32172e-21	3.02082e-23	6.32112e-25	1.21421e-26	2.14614e-28	3.49813e-30	5.26839e-32	7.34454e-34	9.49293e-36	1.13927e-37	1.27121e-39	1.32038e-41	1.27801e-43	1.15385e-45	9.72537e-48	7.65836e-50	5.63791e-52	3.88233e-54	2.50183e-56	1.50929e-58	8.52623e-61	4.51116e-63	2.23566e-65	1.03779e-67	4.51187e-70	1.83681e-72	7.00006e-75	2.49631e-77	8.32591e-80	2.59554e-82	7.55714e-85	2.05322e-87	5.20005e-90	1.22617e-92	2.68822e-95	5.48124e-98	5.48124e-98	
0.000240234	2.85827e-05	2.85423e-06	2.42416e-07	1.77114e-08	1.12413e-09	6.25076e-11	3.06773e-12	1.3375e-13	5.21027e-15	1.82276e-16	5.75281e-18	1.64468e-19	4.27493e-21	1.01358e-22	2.19867e-24	4.37541e-26	8.0075e-28	1.35072e-29	2.10427e-31	3.03324e-33	4.05237e-35	5.02536e-37	5.79268e-39	6.2142e-41	6.21112e-43	5.78987e-45	5.03813e-47	4.09554e-49	3.11239e-51	2.21244e-53	1.47183e-55	9.16698e-58	5.34701e-60	2.92151e-62	1.49544e-64	7.17154e-67	3.22189e-69	1.3558e-71	5.3427e-74	1.97081e-76	6.80219e-79	2.19542e-81	6.6213e-84	1.8645e-86	4.89716e-89	1.19837e-91	2.72855e-94	5.78301e-97	5.78301e-97	
0.000369496	4.60681e-05	4.81172e-06	4.26728e-07	3.25055e-08	2.14797e-09	1.24197e-10	6.33095e-12	2.86403e-13	1.15658e-14	4.19098e-16	1.36903e-17	4.04832e-19	1.08773e-20	2.66452e-22	5.96887e-24	1.22614e-25	2.31555e-27	4.02928e-29	6.47381e-31	9.62218e-33	1.3253e-34	1.6942e-36	2.01296e-38	2.22583e-40	2.29315e-42	2.20351e-44	1.97672e-46	1.65684e-48	1.29849e-50	9.52123e-53	6.53552e-55	4.2014e-57	2.5304e-59	1.42818e-61	7.55539e-64	3.7467e-66	1.74165e-68	7.58847e-71	3.09849e-73	1.1853e-75	4.24639e-78	1.42401e-80	4.4673e-83	1.31009e-85	3.58843e-88	9.17107e-91	2.18445e-93	4.85271e-96	4.85271e-96	
0.000493606	6.3649e-05	6.86777e-06	6.28475e-07	4.93422e-08	3.35685e-09	1.99612e-10	1.04538e-11	4.85381e-13	2.00992e-14	7.46171e-16	2.49516e-17	7.54718e-19	2.07272e-20	5.18624e-22	1.18594e-23	2.48536e-25	4.78563e-27	8.48636e-29	1.38884e-30	2.10167e-32	2.9459e-34	3.83096e-36	4.62869e-38	5.20283e-40	5.44712e-42	5.31743e-44	4.84462e-46	4.12295e-48	3.27999e-50	2.4408e-52	1.69993e-54	1.10859e-56	6.77187e-59	3.87589e-61	2.07894e-63	1.04512e-65	4.9244e-68	2.17453e-70	8.99767e-73	3.48762e-75	1.2659e-77	4.30065e-80	1.3667e-82	4.05978e-85	1.1263e-87	2.91537e-90	7.03264e-93	1.58218e-95	1.58218e-95	
0.000576819	7.58109e-05	8.33075e-06	7.75661e-07	6.18982e-08	4.27584e-09	2.57913e-10	1.36879e-11	6.43481e-13	2.69559e-14	1.01157e-15	3.41686e-17	1.04327e-18	2.89051e-20	7.29232e-22	1.68048e-23	3.54745e-25	6.87759e-27	1.22749e-28	2.02111e-30	3.07611e-32	4.33533e-34	5.66703e-36	6.88077e-38	7.77044e-40	8.17152e-42	8.01085e-44	7.32814e-46	6.26069e-48	4.99913e-50	3.73333e-52	2.609e-54	1.707e-56	1.04601e-58	6.00502e-61	3.23037e-63	1.62854e-65	7.6942e-68	3.40655e-70	1.41312e-72	5.49092e-75	1.99778e-77	6.80273e-80	2.16667e-82	6.45007e-85	1.79321e-87	4.65114e-90	1.12422e-92	2.53414e-95	2.53414e-95	
0.00059183	7.80364e-05	8.60175e-06	8.03204e-07	6.42675e-08	4.45045e-09	2.69051e-10	1.43086e-11	6.73936e-13	2.82806e-14	1.06297e-15	3.59573e-17	1.09936e-18	3.04967e-20	7.70261e-22	1.7769e-23	3.75465e-25	7.2859e-27	1.30146e-28	2.14459e-30	3.26643e-32	4.60672e-34	6.02565e-36	7.32061e-38	8.27184e-40	8.70346e-42	8.53664e-44	7.81284e-46	6.67781e-48	5.33448e-50	3.98539e-52	2.78623e-54	1.82362e-56	1.11787e-58	6.41969e-61	3.45454e-63	1.74209e-65	8.23307e-68	3.64615e-70	1.51293e-72	5.88023e-75	2.13996e-77	7.28862e-80	2.32196e-82	6.9139e-85	1.92257e-87	4.98771e-90	1.20581e-92	2.71859e-95	2.71859e-95	
0.000533394	6.94313e-05	7.56006e-06	6.97855e-07	5.52421e-08	3.78757e-09	2.2688e-10	1.19639e-11	5.591e-13	2.32928e-14	8.69673e-16	2.92375e-17	8.88817e-19	2.45259e-20	6.16417e-22	1.41551e-23	2.97827e-25	5.75635e-27	1.02441e-28	1.68217e-30	2.55373e-32	3.59048e-34	4.68275e-36	5.67352e-38	6.39411e-40	6.71123e-42	6.56728e-44	5.99718e-46	5.11515e-48	4.07799e-50	3.04086e-52	2.12202e-54	1.38647e-56	8.48484e-59	4.86488e-61	2.61387e-63	1.31621e-65	6.21158e-68	2.74717e-70	1.13841e-72	4.41904e-75	1.60624e-77	5.46437e-80	1.73883e-82	5.17188e-85	1.43664e-87	3.72322e-90	8.99214e-93	2.02539e-95	2.02539e-95	
0.000421221	5.33026e-05	5.64793e-06	5.0791e-07	3.92155e-08	2.6256e-09	1.53763e-10	7.93604e-12	3.63386e-13	1.48488e-14	5.44301e-16	1.79816e-17	5.3762e-19	1.46018e-20	3.61487e-22	8.18213e-24	1.69798e-25	3.23883e-27	5.69151e-29	9.23335e-31	1.3855e-32	1.92631e-34	2.48539e-36	2.98014e-38	3.32516e-40	3.45646e-42	3.3508e-44	3.03232e-46	2.56373e-48	2.02657e-50	1.49871e-52	1.03748e-54	6.72579e-57	4.08477e-59	2.32473e-61	1.24005e-63	6.20025e-66	2.90594e-68	1.27655e-70	5.25509e-73	2.02674e-75	7.32026e-78	2.47488e-80	7.82744e-83	2.31424e-85	6.39071e-88	1.64667e-90	3.95438e-93	8.85693e-96	8.85693e-96	
0.0002897	3.51443e-05	3.57484e-06	3.08997e-07	2.29569e-08	1.48051e-09	8.35911e-11	4.16292e-12	1.84066e-13	7.26773e-15	2.57579e-16	8.23192e-18	2.38209e-19	6.2645e-21	1.50223e-22	3.29469e-24	6.62688e-26	1.22546e-27	2.08813e-29	3.28531e-31	4.78151e-33	6.44847e-35	8.07082e-37	9.38757e-39	1.01603e-40	1.02442e-42	9.63156e-45	8.45205e-47	6.9282e-49	5.30851e-51	3.80435e-53	2.55131e-55	1.60176e-57	9.41725e-60	5.18612e-62	2.67555e-64	1.29317e-66	5.85531e-69	2.48334e-71	9.86298e-74	3.66706e-76	1.27576e-78	4.15068e-81	1.26202e-83	3.58308e-86	9.49011e-89	2.34222e-91	5.37978e-94	1.15053e-96	1.15053e-96	
0.000171946	1.97522e-05	1.90708e-06	1.56802e-07	1.11028e-08	6.83613e-10	3.69079e-11	1.76008e-12	7.4617e-14	2.82813e-15	9.63176e-17	2.96078e-18	8.24804e-20	2.08982e-21	4.83171e-23	1.02236e-24	1.98508e-26	3.54548e-28	5.83782e-30	8.87916e-32	1.24976e-33	1.63053e-35	1.97482e-37	2.22336e-39	2.32972e-41	2.2745e-43	2.071e-45	1.76022e-47	1.39757e-49	1.03727e-51	7.20048e-54	4.67727e-56	2.84412e-58	1.61938e-60	8.63543e-63	4.31316e-65	2.01785e-67	8.84155e-70	3.62773e-72	1.39343e-74	5.00858e-77	1.68386e-79	5.29167e-82	1.5533e-84	4.25512e-87	1.08673e-89	2.58444e-92	5.71554e-95	1.17582e-97	1.17582e-97	
8.71307e-05	9.38466e-06	8.52608e-07	6.61717e-08	4.43501e-09	2.59101e-10	1.33019e-11	6.04361e-13	2.4452e-14	8.85841e-16	2.8876e-17	8.50648e-19	2.27347e-20	5.53196e-22	1.2294e-23	2.50247e-25	4.67774e-27	8.04842e-29	1.27737e-30	1.87369e-32	2.54454e-34	3.20439e-36	3.74741e-38	4.07503e-40	4.12526e-42	3.89179e-44	3.42476e-46	2.81353e-48	2.15936e-50	1.54924e-52	1.03959e-54	6.52738e-57	3.83614e-59	2.11073e-61	1.08747e-63	5.24659e-66	2.37022e-68	1.00253e-70	3.96916e-73	1.47043e-75	5.09497e-78	1.65023e-80	4.99289e-83	1.40997e-85	3.71279e-88	9.10617e-91	2.07756e-93	4.40258e-96	8.66656e-99	8.66656e-99	
3.72503e-05	3.73127e-06	3.1668e-07	2.305e-08	1.45376e-09	8.01591e-11	3.89414e-12	1.67806e-13	6.4524e-15	2.22557e-16	6.91834e-18	1.94634e-19	4.97418e-21	1.15871e-22	2.46773e-24	4.81821e-26	8.64611e-28	1.42917e-29	2.18052e-31	3.07651e-33	4.02076e-35	4.87496e-37	5.49093e-39	5.75269e-41	5.61214e-43	5.10329e-45	4.32931e-47	3.429e-49	2.5374e-51	1.7552e-53	1.1355e-55	6.87281e-58	3.89303e-60	2.0641e-62	1.02448e-64	4.75995e-67	2.07008e-69	8.42505e-72	3.20793e-74	1.14226e-76	3.8016e-79	1.18181e-81	3.42902e-84	9.2776e-87	2.33818e-89	5.48225e-92	1.19414e-94	2.41245e-97	4.51963e-100	4.51963e-100	
1.3264e-05	1.22803e-06	9.6844e-08	6.57938e-09	3.88833e-10	2.01581e-11	9.23453e-13	3.76217e-14	1.37079e-15	4.48936e-17	1.32743e-18	3.55782e-20	8.67471e-22	1.93028e-23	3.93138e-25	7.34797e-27	1.26334e-28	2.00235e-30	2.93141e-32	3.97098e-34	4.98539e-36	5.80913e-38	6.29073e-40	6.33838e-42	5.94839e-44	5.20437e-46	4.24856e-48	3.2384e-50	2.30621e-52	1.53521e-54	9.55696e-57	5.56534e-59	3.03236e-61	1.54612e-63	7.37717e-66	3.29379e-68	1.3759e-70	5.37587e-73	1.96388e-75	6.70457e-78	2.13773e-80	6.36122e-83	1.76501e-85	4.56173e-88	1.09689e-90	2.45049e-93	5.07814e-96	9.74389e-99	1.73038e-101	1.73038e-101	
3.89522e-06	3.32244e-07	2.42782e-08	1.53585e-09	8.4873e-11	4.1292e-12	1.78074e-13	6.84829e-15	2.36108e-16	7.3322e-18	2.05959e-19	5.25274e-21	1.22046e-22	2.59131e-24	5.04162e-26	9.01076e-28	1.48277e-29	2.25113e-31	3.15895e-33	4.10424e-35	4.94459e-37	5.53135e-39	5.75268e-41	5.56837e-43	5.02147e-45	4.22236e-47	3.31306e-49	2.42739e-51	1.66158e-53	1.0631e-55	6.35986e-58	3.55841e-60	1.86238e-62	9.11826e-65	4.17611e-67	1.78891e-69	7.16572e-72	2.68307e-74	9.38657e-77	3.06641e-79	9.34748e-82	2.65663e-84	7.03243e-87	1.73186e-89	3.96252e-92	8.41022e-95	1.65291e-97	3.00205e-100	5.03462e-103	5.03462e-103	
9.39778e-07	7.3815e-08	4.99623e-09	2.94216e-10	1.51988e-11	6.93747e-13	2.81575e-14	1.02192e-15	3.33289e-17	9.81136e-19	2.61734e-20	6.34973e-22	1.40542e-23	2.84621e-25	5.28777e-27	9.03332e-29	1.42208e-30	2.06701e-32	2.77886e-34	3.4609e-36	3.99882e-38	4.29195e-40	4.28411e-42	3.98107e-44	3.44721e-46	2.78364e-48	2.09766e-50	1.47602e-52	9.70268e-55	5.96081e-57	3.4234e-59	1.83837e-61	9.23141e-64	4.33474e-66	1.90314e-68	7.81085e-71	2.99575e-73	1.07326e-75	3.58967e-78	1.1201e-80	3.25802e-83	8.82522e-86	2.22371e-88	5.20524e-91	1.13019e-93	2.27226e-96	4.22172e-99	7.23187e-102	1.14084e-104	1.14084e-104	
1.86593e-07	1.35172e-08	8.48593e-10	4.65694e-11	2.251e-12	9.64743e-14	3.68767e-15	1.26373e-16	3.90058e-18	1.08887e-19	2.75936e-21	6.36913e-23	1.34307e-24	2.59449e-26	4.60265e-28	7.51519e-30	1.13169e-31	1.57458e-33	2.02756e-35	2.41996e-37	2.68071e-39	2.75949e-41	2.64249e-43	2.35626e-45	1.95804e-47	1.51749e-49	1.09752e-51	7.41152e-54	4.67509e-56	2.75551e-58	1.51788e-60	7.81541e-63	3.76142e-65	1.69201e-67	7.1125e-70	2.79308e-72	1.02425e-74	3.50555e-77	1.11905e-79	3.32922e-82	9.22182e-85	2.3757e-87	5.68467e-90	1.26156e-92	2.59212e-95	4.92137e-98	8.61426e-101	1.3865e-103	2.04867e-106	2.04867e-106	
3.06547e-08	2.05375e-09	1.19859e-10	6.14168e-12	2.78233e-13	1.12122e-14	4.04103e-16	1.30891e-17	3.82671e-19	1.01373e-20	2.44182e-22	5.365e-24	1.07826e-25	1.98745e-27	3.36741e-29	5.25585e-31	7.57122e-33	1.00837e-34	1.2436e-36	1.4222e-38	1.51014e-40	1.49051e-42	1.36885e-44	1.17075e-46	9.33244e-49	6.93807e-51	4.81323e-53	3.11735e-55	1.88555e-57	1.06538e-59	5.62404e-62	2.7739e-64	1.27822e-66	5.50204e-69	2.21169e-71	8.29929e-74	2.90569e-76	9.48574e-79	2.88516e-81	8.16845e-84	2.15034e-86	5.25677e-89	1.19161e-91	2.50042e-94	4.8474e-97	8.66249e-100	1.42329e-102	2.14371e-105	2.9533e-108	2.9533e-108	
4.1984e-09	2.60981e-10	1.41981e-11	6.80876e-13	2.89661e-14	1.09938e-15	3.74139e-17	1.14684e-18	3.17914e-20	7.99908e-22	1.83281e-23	3.83556e-25	7.35092e-27	1.29333e-28	2.09359e-30	3.12429e-32	4.30602e-34	5.49e-36	6.48459e-38	7.10528e-40	7.23077e-42	6.84148e-44	6.02399e-46	4.94016e-48	3.77595e-50	2.69152e-52	1.79005e-54	1.11122e-56	6.44049e-59	3.4858e-61	1.7619e-63	8.31651e-66	3.66541e-68	1.50805e-70	5.78976e-73	2.07321e-75	6.91986e-78	2.15125e-80	6.22338e-83	1.67355e-85	4.17813e-88	9.6699e-91	2.07123e-93	4.09787e-96	7.47209e-99	1.25246e-101	1.92415e-104	2.70006e-107	3.45095e-110	3.45095e-110	
4.83405e-10	2.79758e-11	1.4228e-12	6.40113e-14	2.56258e-15	9.17658e-17	2.95331e-18	8.57812e-20	2.25725e-21	5.39956e-23	1.1778e-24	2.34928e-26	4.29585e-28	7.21794e-30	1.11668e-31	1.59375e-33	2.10196e-35	2.56572e-37	2.90254e-39	3.04699e-41	2.97146e-43	2.69463e-45	2.27422e-47	1.78769e-49	1.30965e-51	8.94639e-54	5.70098e-56	3.38998e-58	1.88139e-60	9.74632e-63	4.71278e-65	2.12687e-67	8.95631e-70	3.51799e-72	1.28834e-74	4.39622e-77	1.39674e-79	4.12813e-82	1.13379e-84	2.89009e-87	6.82761e-90	1.49237e-92	3.01231e-95	5.60241e-98	9.57618e-101	1.49993e-103	2.14549e-106	2.79148e-109	3.29179e-112	3.29179e-112	
4.71993e-11	2.55143e-12	1.21645e-13	5.14657e-15	1.94277e-16	6.57554e-18	2.00427e-19	5.52356e-21	1.38124e-22	3.14419e-24	6.53446e-26	1.24314e-27	2.17011e-29	3.4837e-31	5.15289e-33	7.03539e-35	8.88078e-37	1.03793e-38	1.12463e-40	1.13103e-42	1.05685e-44	9.1838e-47	7.42744e-49	5.59445e-51	3.92663e-53	2.56935e-55	1.56789e-57	8.92484e-60	4.73951e-62	2.34814e-64	1.08525e-66	4.67808e-69	1.88015e-71	7.04219e-74	2.45677e-76	7.97713e-79	2.40866e-81	6.75611e-84	1.75825e-86	4.23941e-89	9.45485e-92	1.9467e-94	3.69214e-97	6.43416e-100	1.02722e-102	1.49731e-105	1.98481e-108	2.38159e-111	2.57513e-114	2.57513e-114	
3.94127e-12	1.99618e-13	8.94543e-15	3.56705e-16	1.27214e-17	4.07638e-19	1.17848e-20	3.08533e-22	7.33967e-24	1.59139e-25	3.15355e-27	5.72586e-29	9.54739e-31	1.46497e-32	2.07243e-34	2.70752e-36	3.27165e-38	3.66148e-40	3.79988e-42	3.66083e-44	3.27719e-46	2.72832e-48	2.11384e-50	1.52508e-52	1.0251e-54	6.42187e-57	3.75052e-59	2.04233e-61	1.03701e-63	4.90953e-66	2.16677e-68	8.912e-71	3.41459e-73	1.21803e-75	4.04233e-78	1.24705e-80	3.57251e-83	9.49232e-86	2.33598e-88	5.31559e-91	1.11634e-93	2.15899e-96	3.83547e-99	6.24064e-102	9.26847e-105	1.25153e-107	1.52938e-110	1.68213e-113	1.65584e-116	1.65584e-116	
2.83734e-13	1.35024e-14	5.70103e-16	2.14708e-17	7.24732e-19	2.20201e-20	6.04604e-22	1.50546e-23	3.41036e-25	7.04899e-27	1.33287e-28	2.31112e-30	3.68268e-32	5.40335e-34	7.31289e-36	9.14393e-38	1.05784e-39	1.13371e-41	1.12689e-43	1.03991e-45	8.91711e-48	7.1105e-50	5.27594e-52	3.64463e-54	2.34499e-56	1.4057e-58	7.85214e-61	4.08757e-63	1.98292e-65	8.96276e-68	3.77358e-70	1.47933e-72	5.39686e-75	1.83099e-77	5.77211e-80	1.68908e-82	4.58263e-85	1.15113e-87	2.67282e-90	5.72582e-93	1.12923e-95	2.04507e-98	3.3912e-101	5.13155e-104	7.05801e-107	8.78315e-110	9.83517e-113	9.84582e-116	8.74963e-119	8.74963e-119	
1.77431e-14	7.9537e-16	3.17104e-17	1.13007e-18	3.61617e-20	1.0433e-21	2.72395e-23	6.45765e-25	1.39431e-26	2.74948e-28	4.96402e-30	8.22424e-32	1.25293e-33	1.75847e-35	2.27743e-37	2.72594e-39	3.01949e-41	3.099e-43	2.95013e-45	2.60735e-47	2.14115e-49	1.63487e-51	1.16133e-53	7.67813e-56	4.72643e-58	2.70948e-60	1.44664e-62	7.19367e-65	3.33122e-67	1.43618e-69	5.76233e-72	2.15056e-74	7.46065e-77	2.40393e-79	7.18711e-82	1.99144e-84	5.10694e-87	1.21014e-89	2.64474e-92	5.31939e-95	9.82169e-98	1.65996e-100	2.55936e-103	3.58577e-106	4.54412e-109	5.18048e-112	5.27861e-115	4.76974e-118	3.7881e-121	3.7881e-121	
9.7052e-16	4.10746e-17	1.54936e-18	5.23368e-20	1.59003e-21	4.36156e-23	1.08405e-24	2.44918e-26	5.04445e-28	9.49667e-30	1.63806e-31	2.59435e-33	3.78021e-35	5.07642e-37	6.29281e-39	7.21102e-41	7.64833e-43	7.51698e-45	6.85265e-47	5.79943e-49	4.55977e-51	3.33272e-53	2.2655e-55	1.43287e-57	8.434e-60	4.62072e-62	2.35637e-64	1.11838e-66	4.93919e-69	2.029e-71	7.74919e-74	2.74979e-76	9.05869e-79	2.76779e-81	7.8343e-84	2.05153e-86	4.96217e-89	1.10657e-91	2.27022e-94	4.27423e-97	7.36365e-100	1.15696e-102	1.65132e-105	2.13127e-108	2.47386e-111	2.56584e-114	2.35939e-117	1.90508e-120	1.33545e-123	1.33545e-123	
4.67306e-17	1.87103e-18	6.68911e-20	2.14504e-21	6.19538e-23	1.61763e-24	3.83124e-26	8.25611e-28	1.62327e-29	2.91933e-31	4.81323e-33	7.29037e-35	1.01632e-36	1.30619e-38	1.55001e-40	1.70059e-42	1.7271e-44	1.62536e-46	1.41871e-48	1.14945e-50	8.65017e-53	6.04971e-55	3.93368e-57	2.37874e-59	1.338e-61	7.0008e-64	3.40717e-66	1.54209e-68	6.48861e-71	2.53697e-73	9.21154e-76	3.10361e-78	9.69408e-81	2.80387e-83	7.49961e-86	1.8521e-88	4.21539e-91	8.82334e-94	1.69424e-96	2.9759e-99	4.76551e-102	6.93033e-105	9.11086e-108	1.07689e-110	1.13705e-113	1.06411e-116	8.74229e-120	6.23013e-123	3.79463e-126	3.79463e-126	
