-0.0368583	-0.0368583	-0.0352595	-0.0376138	-0.0351456	-0.0363319	-0.0361304	-0.0351682	-0.0360894	-0.0359474	-0.0357662	-0.0366727	-0.0373488	-0.0360692	-0.0384613	-0.0363777	-0.0363368	-0.037229	-0.0327448	-0.0345367	-0.0262262	-0.0185565	-0.00224591	0.0286894	0.0766132	0.14568	0.252652	0.391821	0.566813	0.766488	0.965248	1.12891	1.2199	1.20214	1.05127	0.792138	0.451539	0.0826739	-0.252705	-0.519718	-0.719785	-0.831412	-0.862445	-0.816606	-0.693378	-0.517955	-0.346842	-0.221703	-0.156344	-0.139356	
-0.0368583	-0.0368583	-0.0352595	-0.0376138	-0.0351456	-0.0363319	-0.0361304	-0.0351682	-0.0360894	-0.0359474	-0.0357662	-0.0366727	-0.0373488	-0.0360692	-0.0384613	-0.0363777	-0.0363368	-0.037229	-0.0327448	-0.0345367	-0.0262262	-0.0185565	-0.00224591	0.0286894	0.0766132	0.14568	0.252652	0.391821	0.566813	0.766488	0.965248	1.12891	1.2199	1.20214	1.05127	0.792138	0.451539	0.0826739	-0.252705	-0.519718	-0.719785	-0.831412	-0.862445	-0.816606	-0.693378	-0.517955	-0.346842	-0.221703	-0.156344	-0.139356	
-0.0352595	-0.0352595	-0.034914	-0.0362084	-0.0351763	-0.037487	-0.036325	-0.0379807	-0.0378939	-0.0372934	-0.0375871	-0.0364944	-0.0357408	-0.0348477	-0.0367541	-0.0337763	-0.0372236	-0.037347	-0.0325491	-0.0342849	-0.025663	-0.0152181	0.000558089	0.0293753	0.0753485	0.147469	0.254703	0.393304	0.565623	0.766645	0.963128	1.12504	1.21397	1.19853	1.04873	0.791248	0.452733	0.0879553	-0.246142	-0.513885	-0.71312	-0.825661	-0.85726	-0.812571	-0.691003	-0.518572	-0.350224	-0.224665	-0.159927	-0.140954	
-0.0376138	-0.0376138	-0.0362084	-0.0377179	-0.0358029	-0.0354823	-0.035779	-0.0338427	-0.0345606	-0.0349935	-0.0348406	-0.036463	-0.0383146	-0.0376026	-0.0388657	-0.0388734	-0.0359141	-0.0363887	-0.0337997	-0.0331861	-0.0267596	-0.0197982	-0.00265724	0.0294353	0.079213	0.148609	0.252952	0.391999	0.566493	0.76048	0.955873	1.11654	1.20494	1.18452	1.0403	0.78709	0.454795	0.0940014	-0.237239	-0.504971	-0.703553	-0.817101	-0.851477	-0.807387	-0.689387	-0.523074	-0.357543	-0.233996	-0.165037	-0.146036	
-0.0351456	-0.0351456	-0.0351763	-0.0358029	-0.0354774	-0.0372455	-0.0365477	-0.0381664	-0.0381757	-0.0378003	-0.0377422	-0.0370295	-0.035121	-0.0354649	-0.0351524	-0.0342969	-0.0367322	-0.036132	-0.0347883	-0.032049	-0.0261592	-0.0142204	0.00330374	0.0329091	0.077398	0.151536	0.256935	0.395086	0.565011	0.758999	0.94882	1.1037	1.18902	1.17165	1.03206	0.782478	0.458674	0.107296	-0.218803	-0.488648	-0.684518	-0.801145	-0.837076	-0.796001	-0.6832	-0.525314	-0.367165	-0.243698	-0.17493	-0.151787	
-0.0363319	-0.0363319	-0.037487	-0.0354823	-0.0372455	-0.0357411	-0.0355788	-0.0360479	-0.0346215	-0.0355732	-0.0358716	-0.0356907	-0.0376829	-0.037599	-0.0377531	-0.0384672	-0.0367282	-0.03569	-0.0344305	-0.0307736	-0.0266818	-0.0163462	0.00110458	0.0308305	0.0822673	0.156138	0.25743	0.394831	0.563564	0.749992	0.936583	1.08917	1.16896	1.14816	1.01554	0.775929	0.461675	0.121176	-0.20072	-0.46862	-0.66405	-0.782754	-0.822783	-0.784169	-0.678055	-0.531754	-0.380181	-0.259942	-0.186924	-0.160905	
-0.0361304	-0.0361304	-0.036325	-0.035779	-0.0365477	-0.0355788	-0.0366596	-0.0362546	-0.0364633	-0.0373241	-0.0364966	-0.0374448	-0.0364016	-0.0374611	-0.0351725	-0.0375434	-0.0357684	-0.0345369	-0.0371637	-0.0296279	-0.0267475	-0.0150114	0.00494709	0.0375818	0.0841917	0.157735	0.259753	0.397098	0.564047	0.74509	0.923756	1.06665	1.14521	1.12425	0.999475	0.765448	0.467111	0.13871	-0.17418	-0.442867	-0.635355	-0.758399	-0.801405	-0.766795	-0.669694	-0.536031	-0.394737	-0.27756	-0.202509	-0.172113	
-0.0351682	-0.0351682	-0.0379807	-0.0338427	-0.0381664	-0.0360479	-0.0362546	-0.038153	-0.0359517	-0.0371412	-0.0368228	-0.0358594	-0.0361348	-0.0363122	-0.0358765	-0.0365127	-0.03675	-0.0351703	-0.0354741	-0.0278693	-0.0263189	-0.0115295	0.00751136	0.0351694	0.0868616	0.164322	0.265053	0.399649	0.559803	0.734743	0.90832	1.04661	1.11529	1.09372	0.975694	0.755483	0.470859	0.158692	-0.146581	-0.411254	-0.602857	-0.72967	-0.776088	-0.746835	-0.659351	-0.540709	-0.410518	-0.298054	-0.221558	-0.185125	
-0.0360894	-0.0360894	-0.0378939	-0.0345606	-0.0381757	-0.0346215	-0.0364633	-0.0359517	-0.0348782	-0.0368138	-0.0360978	-0.0368492	-0.0381816	-0.0383479	-0.0370848	-0.0392353	-0.0362161	-0.0344603	-0.0364353	-0.0283783	-0.0261038	-0.0132085	0.00794472	0.0408178	0.0939096	0.167111	0.266441	0.400738	0.560178	0.727876	0.890901	1.01821	1.08296	1.06112	0.949573	0.740778	0.474413	0.179171	-0.115755	-0.375266	-0.566654	-0.696924	-0.747855	-0.724181	-0.648552	-0.545621	-0.42788	-0.322633	-0.243862	-0.201827	
-0.0359474	-0.0359474	-0.0372934	-0.0349935	-0.0378003	-0.0355732	-0.0373241	-0.0371412	-0.0368138	-0.0376819	-0.0365949	-0.0367433	-0.0356951	-0.0362227	-0.0346644	-0.0366001	-0.0355122	-0.0348445	-0.0356578	-0.0273676	-0.0243208	-0.009241	0.0118899	0.0435559	0.0955338	0.171635	0.273243	0.404723	0.556225	0.717018	0.871912	0.990212	1.04711	1.0237	0.918513	0.723951	0.477539	0.20051	-0.0810583	-0.33386	-0.524423	-0.657957	-0.712736	-0.695913	-0.633511	-0.54593	-0.443689	-0.346188	-0.268348	-0.219454	
-0.0357662	-0.0357662	-0.0375871	-0.0348406	-0.0377422	-0.0358716	-0.0364966	-0.0368228	-0.0360978	-0.0365949	-0.0369672	-0.0365452	-0.0380065	-0.0371497	-0.0381151	-0.0375404	-0.0365519	-0.0356333	-0.0342457	-0.0274824	-0.0242231	-0.00844723	0.0144271	0.0454349	0.10226	0.177797	0.278262	0.406724	0.554318	0.707985	0.8522	0.960931	1.00759	0.983627	0.882952	0.706118	0.477523	0.221303	-0.0462752	-0.2887	-0.479773	-0.61597	-0.674813	-0.667315	-0.617339	-0.5473	-0.460176	-0.3739	-0.296641	-0.241247	
-0.0366727	-0.0366727	-0.0364944	-0.036463	-0.0370295	-0.0356907	-0.0374448	-0.0358594	-0.0368492	-0.0367433	-0.0365452	-0.0370982	-0.0366762	-0.0378618	-0.0360983	-0.0381609	-0.0358238	-0.0354888	-0.0326935	-0.0295918	-0.0201419	-0.00778356	0.0141604	0.0523713	0.107856	0.181602	0.28282	0.409394	0.551832	0.699727	0.830815	0.925843	0.966663	0.941565	0.84452	0.682186	0.475267	0.240998	-0.0093146	-0.23993	-0.431781	-0.566951	-0.632716	-0.632359	-0.598347	-0.542671	-0.474563	-0.399754	-0.325824	-0.264143	
-0.0373488	-0.0373488	-0.0357408	-0.0383146	-0.035121	-0.0376829	-0.0364016	-0.0361348	-0.0381816	-0.0356951	-0.0380065	-0.0366762	-0.0363839	-0.0367293	-0.0357379	-0.0360223	-0.0353518	-0.0355422	-0.0329586	-0.0283283	-0.0202989	-0.00501246	0.0205406	0.0554519	0.109028	0.188079	0.290665	0.413399	0.54951	0.68729	0.808055	0.895345	0.925295	0.893535	0.801206	0.657651	0.470926	0.257441	0.0284258	-0.189934	-0.378602	-0.514902	-0.584458	-0.59601	-0.574272	-0.535898	-0.485942	-0.4255	-0.356001	-0.289802	
-0.0360692	-0.0360692	-0.0348477	-0.0376026	-0.0354649	-0.037599	-0.0374611	-0.0363122	-0.0383479	-0.0362227	-0.0371497	-0.0378618	-0.0367293	-0.0389301	-0.0380506	-0.0383871	-0.037108	-0.0357786	-0.0307067	-0.0284887	-0.0165423	-0.00433044	0.0199796	0.0609913	0.118332	0.195619	0.296066	0.415302	0.548236	0.680612	0.789431	0.85997	0.880567	0.846949	0.759136	0.628479	0.461497	0.27214	0.0660667	-0.138524	-0.323872	-0.457567	-0.534298	-0.55589	-0.548737	-0.525879	-0.49651	-0.450971	-0.387986	-0.319013	
-0.0384613	-0.0384613	-0.0367541	-0.0388657	-0.0351524	-0.0377531	-0.0351725	-0.0358765	-0.0370848	-0.0346644	-0.0381151	-0.0360983	-0.0357379	-0.0380506	-0.0344482	-0.0359553	-0.0360817	-0.0341511	-0.0312898	-0.030208	-0.0153693	-0.00277971	0.0243658	0.0653832	0.118823	0.200805	0.301319	0.419054	0.546453	0.66901	0.763339	0.825664	0.837829	0.796412	0.708991	0.594531	0.447897	0.282946	0.100409	-0.0881283	-0.266032	-0.39613	-0.478994	-0.511237	-0.516585	-0.51011	-0.500598	-0.470693	-0.41677	-0.346586	
-0.0363777	-0.0363777	-0.0337763	-0.0388734	-0.0342969	-0.0384672	-0.0375434	-0.0365127	-0.0392353	-0.0366001	-0.0375404	-0.0381609	-0.0360223	-0.0383871	-0.0359553	-0.0371479	-0.0356921	-0.0326034	-0.0321913	-0.024224	-0.0139077	-0.000426347	0.0289629	0.0728971	0.126733	0.210194	0.308832	0.424356	0.547569	0.66008	0.747456	0.795479	0.795039	0.744296	0.665001	0.560143	0.433065	0.28934	0.135943	-0.0386669	-0.203168	-0.331964	-0.419006	-0.463514	-0.480721	-0.492073	-0.502277	-0.489605	-0.445999	-0.37979	
-0.0363368	-0.0363368	-0.0372236	-0.0359141	-0.0367322	-0.0367282	-0.0357684	-0.03675	-0.0362161	-0.0355122	-0.0365519	-0.0358238	-0.0353518	-0.037108	-0.0360817	-0.0356921	-0.037412	-0.0330273	-0.0304954	-0.0250275	-0.0120068	0.00347289	0.0322391	0.0724287	0.132073	0.217308	0.315356	0.427677	0.54641	0.652189	0.726685	0.760889	0.750478	0.696476	0.614781	0.519012	0.40916	0.293602	0.163154	0.00856392	-0.142294	-0.264798	-0.357173	-0.411025	-0.440191	-0.469166	-0.497407	-0.501703	-0.470884	-0.410108	
-0.037229	-0.037229	-0.037347	-0.0363887	-0.036132	-0.03569	-0.0345369	-0.0351703	-0.0344603	-0.0348445	-0.0356333	-0.0354888	-0.0355422	-0.0357786	-0.0341511	-0.0326034	-0.0330273	-0.0275253	-0.0287551	-0.0211658	-0.0106017	0.00511526	0.0375896	0.0836015	0.141877	0.225141	0.320984	0.435489	0.548625	0.645774	0.708883	0.73465	0.711082	0.647059	0.56499	0.479469	0.386391	0.292897	0.187418	0.0546095	-0.0774468	-0.195095	-0.28943	-0.352083	-0.393685	-0.440026	-0.486024	-0.506675	-0.491907	-0.439655	
-0.0327448	-0.0327448	-0.0325491	-0.0337997	-0.0347883	-0.0344305	-0.0371637	-0.0354741	-0.0364353	-0.0356578	-0.0342457	-0.0326935	-0.0329586	-0.0307067	-0.0312898	-0.0321913	-0.0304954	-0.0287551	-0.0257772	-0.0153591	-0.00312391	0.0158035	0.0468354	0.0877742	0.151071	0.235368	0.334662	0.446193	0.553424	0.642159	0.698643	0.709723	0.673545	0.603747	0.521086	0.439007	0.35941	0.290271	0.20744	0.100029	-0.0142884	-0.122611	-0.218138	-0.287582	-0.342619	-0.40692	-0.46739	-0.507653	-0.507692	-0.469841	
-0.0345367	-0.0345367	-0.0342849	-0.0331861	-0.032049	-0.0307736	-0.0296279	-0.0278693	-0.0283783	-0.0273676	-0.0274824	-0.0295918	-0.0283283	-0.0284887	-0.030208	-0.024224	-0.0250275	-0.0211658	-0.0153591	-0.00991157	0.000186272	0.0206468	0.0531231	0.0986946	0.1654	0.247434	0.347298	0.454797	0.557491	0.643463	0.688945	0.687235	0.640723	0.564392	0.474875	0.396649	0.331933	0.282205	0.221096	0.140501	0.047736	-0.050293	-0.142529	-0.216827	-0.286154	-0.364245	-0.44083	-0.496102	-0.515417	-0.490822	
-0.0262262	-0.0262262	-0.025663	-0.0267596	-0.0261592	-0.0266818	-0.0267475	-0.0263189	-0.0261038	-0.0243208	-0.0242231	-0.0201419	-0.0202989	-0.0165423	-0.0153693	-0.0139077	-0.0120068	-0.0106017	-0.00312391	0.000186272	0.0194271	0.0394107	0.0711508	0.118326	0.186522	0.266132	0.366643	0.475009	0.576045	0.65336	0.687634	0.678016	0.620524	0.534215	0.438748	0.36547	0.309659	0.276483	0.236103	0.18583	0.111665	0.0291433	-0.0577152	-0.135613	-0.219373	-0.311632	-0.402418	-0.476281	-0.514253	-0.506947	
-0.0185565	-0.0185565	-0.0152181	-0.0197982	-0.0142204	-0.0163462	-0.0150114	-0.0115295	-0.0132085	-0.009241	-0.00844723	-0.00778356	-0.00501246	-0.00433044	-0.00277971	-0.000426347	0.00347289	0.00511526	0.0158035	0.0206468	0.0394107	0.059109	0.0926665	0.144209	0.207809	0.291594	0.397971	0.502183	0.595711	0.669111	0.698559	0.675813	0.607586	0.513451	0.413229	0.336943	0.289708	0.269104	0.251494	0.226241	0.173812	0.109182	0.0322483	-0.0489683	-0.145032	-0.248429	-0.354245	-0.44446	-0.50108	-0.510799	
-0.00224591	-0.00224591	0.000558089	-0.00265724	0.00330374	0.00110458	0.00494709	0.00751136	0.00794472	0.0118899	0.0144271	0.0141604	0.0205406	0.0199796	0.0243658	0.0289629	0.0322391	0.0375896	0.0468354	0.0531231	0.0711508	0.0926665	0.126747	0.180241	0.247292	0.335897	0.436736	0.535425	0.632717	0.700899	0.721236	0.688473	0.61492	0.506825	0.400145	0.322254	0.283485	0.268422	0.273105	0.270648	0.242495	0.198048	0.13386	0.0515035	-0.0539753	-0.16731	-0.289253	-0.395381	-0.470297	-0.498785	
0.0286894	0.0286894	0.0293753	0.0294353	0.0329091	0.0308305	0.0375818	0.0351694	0.0408178	0.0435559	0.0454349	0.0523713	0.0554519	0.0609913	0.0653832	0.0728971	0.0724287	0.0836015	0.0877742	0.0986946	0.118326	0.144209	0.180241	0.236288	0.300427	0.388933	0.487946	0.593298	0.687668	0.74991	0.761241	0.722577	0.636135	0.521797	0.408411	0.327894	0.286545	0.279797	0.305047	0.320911	0.31758	0.29449	0.248437	0.163809	0.0560002	-0.0697362	-0.206372	-0.327684	-0.421979	-0.466326	
0.0766132	0.0766132	0.0753485	0.079213	0.077398	0.0822673	0.0841917	0.0868616	0.0939096	0.0955338	0.10226	0.107856	0.109028	0.118332	0.118823	0.126733	0.132073	0.141877	0.151071	0.1654	0.186522	0.207809	0.247292	0.300427	0.369924	0.46102	0.564209	0.667561	0.755504	0.811337	0.820421	0.776978	0.681363	0.557643	0.433423	0.350109	0.306056	0.308573	0.343196	0.378345	0.398015	0.402809	0.370314	0.291817	0.184075	0.0470262	-0.102126	-0.240486	-0.34814	-0.412732	
0.14568	0.14568	0.147469	0.148609	0.151536	0.156138	0.157735	0.164322	0.167111	0.171635	0.177797	0.181602	0.188079	0.195619	0.200805	0.210194	0.217308	0.225141	0.235368	0.247434	0.266132	0.291594	0.335897	0.388933	0.46102	0.552881	0.651098	0.751209	0.84017	0.898352	0.902435	0.84796	0.742913	0.612017	0.483157	0.393548	0.344228	0.350193	0.394172	0.446488	0.490403	0.520395	0.504785	0.440218	0.334672	0.189378	0.0272156	-0.124083	-0.24661	-0.330882	
0.252652	0.252652	0.254703	0.252952	0.256935	0.25743	0.259753	0.265053	0.266441	0.273243	0.278262	0.28282	0.290665	0.296066	0.301319	0.308832	0.315356	0.320984	0.334662	0.347298	0.366643	0.397971	0.436736	0.487946	0.564209	0.651098	0.750189	0.857452	0.94504	0.993699	0.992409	0.933652	0.824784	0.686348	0.550481	0.449362	0.397069	0.40551	0.455004	0.519508	0.58691	0.640611	0.646209	0.599838	0.49894	0.348512	0.176654	0.0135948	-0.122609	-0.226994	
0.391821	0.391821	0.393304	0.391999	0.395086	0.394831	0.397098	0.399649	0.400738	0.404723	0.406724	0.409394	0.413399	0.415302	0.419054	0.424356	0.427677	0.435489	0.446193	0.454797	0.475009	0.502183	0.535425	0.593298	0.667561	0.751209	0.857452	0.958812	1.03855	1.08794	1.08728	1.02225	0.90818	0.762416	0.617527	0.508776	0.456288	0.461682	0.510959	0.588732	0.679506	0.754305	0.78582	0.761508	0.671207	0.520868	0.344079	0.171938	0.0222465	-0.0982002	
0.566813	0.566813	0.565623	0.566493	0.565011	0.563564	0.564047	0.559803	0.560178	0.556225	0.554318	0.551832	0.54951	0.548236	0.546453	0.547569	0.54641	0.548625	0.553424	0.557491	0.576045	0.595711	0.632717	0.687668	0.755504	0.84017	0.94504	1.03855	1.12055	1.17147	1.16538	1.09626	0.975597	0.824186	0.674223	0.562142	0.501949	0.500527	0.551585	0.645261	0.749815	0.846541	0.907121	0.911002	0.833667	0.69211	0.514562	0.33676	0.175469	0.0422358	
0.766488	0.766488	0.766645	0.76048	0.758999	0.749992	0.74509	0.734743	0.727876	0.717018	0.707985	0.699727	0.68729	0.680612	0.66901	0.66008	0.652189	0.645774	0.642159	0.643463	0.65336	0.669111	0.700899	0.74991	0.811337	0.898352	0.993699	1.08794	1.17147	1.21933	1.20471	1.13299	1.01123	0.859315	0.701685	0.580126	0.514899	0.509805	0.564915	0.663466	0.780097	0.900593	0.995199	1.02441	0.968112	0.842953	0.670679	0.490121	0.319624	0.178964	
0.965248	0.965248	0.963128	0.955873	0.94882	0.936583	0.923756	0.90832	0.890901	0.871912	0.8522	0.830815	0.808055	0.789431	0.763339	0.747456	0.726685	0.708883	0.698643	0.688945	0.687634	0.698559	0.721236	0.761241	0.820421	0.902435	0.992409	1.08728	1.16538	1.20471	1.19052	1.12267	0.997917	0.836649	0.671564	0.55014	0.480189	0.467361	0.520858	0.622892	0.751843	0.896131	1.02025	1.07554	1.051	0.94792	0.788204	0.607518	0.436404	0.291196	
1.12891	1.12891	1.12504	1.11654	1.1037	1.08917	1.06665	1.04661	1.01821	0.990212	0.960931	0.925843	0.895345	0.85997	0.825664	0.795479	0.760889	0.73465	0.709723	0.687235	0.678016	0.675813	0.688473	0.722577	0.776978	0.84796	0.933652	1.02225	1.09626	1.13299	1.12267	1.04831	0.917149	0.751694	0.590349	0.463375	0.38138	0.36257	0.417839	0.519708	0.65696	0.821876	0.971191	1.05773	1.0691	0.992911	0.849824	0.676012	0.508697	0.361649	
1.2199	1.2199	1.21397	1.20494	1.18902	1.16896	1.14521	1.11529	1.08296	1.04711	1.00759	0.966663	0.925295	0.880567	0.837829	0.795039	0.750478	0.711082	0.673545	0.640723	0.620524	0.607586	0.61492	0.636135	0.681363	0.742913	0.824784	0.90818	0.975597	1.01123	0.997917	0.917149	0.782955	0.621266	0.454379	0.315606	0.225143	0.208151	0.255039	0.350941	0.493859	0.676463	0.844195	0.963426	1.00942	0.963877	0.841383	0.681975	0.520205	0.374935	
1.20214	1.20214	1.19853	1.18452	1.17165	1.14816	1.12425	1.09372	1.06112	1.0237	0.983627	0.941565	0.893535	0.846949	0.796412	0.744296	0.696476	0.647059	0.603747	0.564392	0.534215	0.513451	0.506825	0.521797	0.557643	0.612017	0.686348	0.762416	0.824186	0.859315	0.836649	0.751694	0.621266	0.454846	0.275754	0.129973	0.0396041	0.0122035	0.0436899	0.13464	0.283727	0.471189	0.652404	0.802186	0.880726	0.866482	0.768342	0.627959	0.473545	0.330992	
1.05127	1.05127	1.04873	1.0403	1.03206	1.01554	0.999475	0.975694	0.949573	0.918513	0.882952	0.84452	0.801206	0.759136	0.708991	0.665001	0.614781	0.56499	0.521086	0.474875	0.438748	0.413229	0.400145	0.408411	0.433423	0.483157	0.550481	0.617527	0.674223	0.701685	0.671564	0.590349	0.454379	0.275754	0.091156	-0.0557374	-0.158195	-0.202845	-0.181542	-0.0938443	0.0490031	0.230839	0.426295	0.600263	0.707145	0.721164	0.65279	0.532809	0.388288	0.246451	
0.792138	0.792138	0.791248	0.78709	0.782478	0.775929	0.765448	0.755483	0.740778	0.723951	0.706118	0.682186	0.657651	0.628479	0.594531	0.560143	0.519012	0.479469	0.439007	0.396649	0.36547	0.336943	0.322254	0.327894	0.350109	0.393548	0.449362	0.508776	0.562142	0.580126	0.55014	0.463375	0.315606	0.129973	-0.0557374	-0.215936	-0.333319	-0.390802	-0.378773	-0.30525	-0.178155	-0.00151231	0.202534	0.389793	0.515773	0.557824	0.5189	0.418423	0.283789	0.139128	
0.451539	0.451539	0.452733	0.454795	0.458674	0.461675	0.467111	0.470859	0.474413	0.477539	0.477523	0.475267	0.470926	0.461497	0.447897	0.433065	0.40916	0.386391	0.35941	0.331933	0.309659	0.289708	0.283485	0.286545	0.306056	0.344228	0.397069	0.456288	0.501949	0.514899	0.480189	0.38138	0.225143	0.0396041	-0.158195	-0.333319	-0.464954	-0.535571	-0.540077	-0.484664	-0.374731	-0.205667	-0.00277891	0.187462	0.330036	0.39932	0.388258	0.308917	0.185342	0.0429558	
0.0826739	0.0826739	0.0879553	0.0940014	0.107296	0.121176	0.13871	0.158692	0.179171	0.20051	0.221303	0.240998	0.257441	0.27214	0.282946	0.28934	0.293602	0.292897	0.290271	0.282205	0.276483	0.269104	0.268422	0.279797	0.308573	0.350193	0.40551	0.461682	0.500527	0.509805	0.467361	0.36257	0.208151	0.0122035	-0.202845	-0.390802	-0.535571	-0.6218	-0.643293	-0.608812	-0.51801	-0.358531	-0.166284	0.0230167	0.178303	0.271914	0.284428	0.226364	0.117606	-0.0185906	
-0.252705	-0.252705	-0.246142	-0.237239	-0.218803	-0.20072	-0.17418	-0.146581	-0.115755	-0.0810583	-0.0462752	-0.0093146	0.0284258	0.0660667	0.100409	0.135943	0.163154	0.187418	0.20744	0.221096	0.236103	0.251494	0.273105	0.305047	0.343196	0.394172	0.455004	0.510959	0.551585	0.564915	0.520858	0.417839	0.255039	0.0436899	-0.181542	-0.378773	-0.540077	-0.643293	-0.686669	-0.677189	-0.60131	-0.458381	-0.284117	-0.101671	0.0645501	0.174054	0.20572	0.170719	0.0810911	-0.0416255	
-0.519718	-0.519718	-0.513885	-0.504971	-0.488648	-0.46862	-0.442867	-0.411254	-0.375266	-0.33386	-0.2887	-0.23993	-0.189934	-0.138524	-0.0881283	-0.0386669	0.00856392	0.0546095	0.100029	0.140501	0.18583	0.226241	0.270648	0.320911	0.378345	0.446488	0.519508	0.588732	0.645261	0.663466	0.622892	0.519708	0.350941	0.13464	-0.0938443	-0.30525	-0.484664	-0.608812	-0.677189	-0.68466	-0.62604	-0.510123	-0.359841	-0.181024	-0.0116494	0.103918	0.152575	0.14188	0.0781891	-0.0292143	
-0.719785	-0.719785	-0.71312	-0.703553	-0.684518	-0.66405	-0.635355	-0.602857	-0.566654	-0.524423	-0.479773	-0.431781	-0.378602	-0.323872	-0.266032	-0.203168	-0.142294	-0.0774468	-0.0142884	0.047736	0.111665	0.173812	0.242495	0.31758	0.398015	0.490403	0.58691	0.679506	0.749815	0.780097	0.751843	0.65696	0.493859	0.283727	0.0490031	-0.178155	-0.374731	-0.51801	-0.60131	-0.62604	-0.5965	-0.513513	-0.37718	-0.206524	-0.0474408	0.0678053	0.132713	0.147745	0.107739	0.0180469	
-0.831412	-0.831412	-0.825661	-0.817101	-0.801145	-0.782754	-0.758399	-0.72967	-0.696924	-0.657957	-0.61597	-0.566951	-0.514902	-0.457567	-0.39613	-0.331964	-0.264798	-0.195095	-0.122611	-0.050293	0.0291433	0.109182	0.198048	0.29449	0.402809	0.520395	0.640611	0.754305	0.846541	0.900593	0.896131	0.821876	0.676463	0.471189	0.230839	-0.00151231	-0.205667	-0.358531	-0.458381	-0.510123	-0.513513	-0.448235	-0.327652	-0.181185	-0.0419281	0.0727684	0.150625	0.180962	0.161119	0.0876565	
-0.862445	-0.862445	-0.85726	-0.851477	-0.837076	-0.822783	-0.801405	-0.776088	-0.747855	-0.712736	-0.674813	-0.632716	-0.584458	-0.534298	-0.478994	-0.419006	-0.357173	-0.28943	-0.218138	-0.142529	-0.0577152	0.0322483	0.13386	0.248437	0.370314	0.504785	0.646209	0.78582	0.907121	0.995199	1.02025	0.971191	0.844195	0.652404	0.426295	0.202534	-0.00277891	-0.166284	-0.284117	-0.359841	-0.37718	-0.327652	-0.236866	-0.121313	0.00455378	0.118901	0.197149	0.237513	0.234029	0.182066	
-0.816606	-0.816606	-0.812571	-0.807387	-0.796001	-0.784169	-0.766795	-0.746835	-0.724181	-0.695913	-0.667315	-0.632359	-0.59601	-0.55589	-0.511237	-0.463514	-0.411025	-0.352083	-0.287582	-0.216827	-0.135613	-0.0489683	0.0515035	0.163809	0.291817	0.440218	0.599838	0.761508	0.911002	1.02441	1.07554	1.05773	0.963426	0.802186	0.600263	0.389793	0.187462	0.0230167	-0.101671	-0.181024	-0.206524	-0.181185	-0.121313	-0.0232977	0.0946859	0.196514	0.269236	0.3142	0.326514	0.297443	
-0.693378	-0.693378	-0.691003	-0.689387	-0.6832	-0.678055	-0.669694	-0.659351	-0.648552	-0.633511	-0.617339	-0.598347	-0.574272	-0.548737	-0.516585	-0.480721	-0.440191	-0.393685	-0.342619	-0.286154	-0.219373	-0.145032	-0.0539753	0.0560002	0.184075	0.334672	0.49894	0.671207	0.833667	0.968112	1.051	1.0691	1.00942	0.880726	0.707145	0.515773	0.330036	0.178303	0.0645501	-0.0116494	-0.0474408	-0.0419281	0.00455378	0.0946859	0.195206	0.280721	0.345315	0.393088	0.416283	0.411258	
-0.517955	-0.517955	-0.518572	-0.523074	-0.525314	-0.531754	-0.536031	-0.540709	-0.545621	-0.54593	-0.5473	-0.542671	-0.535898	-0.525879	-0.51011	-0.492073	-0.469166	-0.440026	-0.40692	-0.364245	-0.311632	-0.248429	-0.16731	-0.0697362	0.0470262	0.189378	0.348512	0.520868	0.69211	0.842953	0.94792	0.992911	0.963877	0.866482	0.721164	0.557824	0.39932	0.271914	0.174054	0.103918	0.0678053	0.0727684	0.118901	0.196514	0.280721	0.352717	0.410733	0.454557	0.48719	0.502681	
-0.346842	-0.346842	-0.350224	-0.357543	-0.367165	-0.380181	-0.394737	-0.410518	-0.42788	-0.443689	-0.460176	-0.474563	-0.485942	-0.49651	-0.500598	-0.502277	-0.497407	-0.486024	-0.46739	-0.44083	-0.402418	-0.354245	-0.289253	-0.206372	-0.102126	0.0272156	0.176654	0.344079	0.514562	0.670679	0.788204	0.849824	0.841383	0.768342	0.65279	0.5189	0.388258	0.284428	0.20572	0.152575	0.132713	0.150625	0.197149	0.269236	0.345315	0.410733	0.458871	0.499385	0.537766	0.560668	
-0.221703	-0.221703	-0.224665	-0.233996	-0.243698	-0.259942	-0.27756	-0.298054	-0.322633	-0.346188	-0.3739	-0.399754	-0.4255	-0.450971	-0.470693	-0.489605	-0.501703	-0.506675	-0.507653	-0.496102	-0.476281	-0.44446	-0.395381	-0.327684	-0.240486	-0.124083	0.0135948	0.171938	0.33676	0.490121	0.607518	0.676012	0.681975	0.627959	0.532809	0.418423	0.308917	0.226364	0.170719	0.14188	0.147745	0.180962	0.237513	0.3142	0.393088	0.454557	0.499385	0.537662	0.569578	0.587597	
-0.156344	-0.156344	-0.159927	-0.165037	-0.17493	-0.186924	-0.202509	-0.221558	-0.243862	-0.268348	-0.296641	-0.325824	-0.356001	-0.387986	-0.41677	-0.445999	-0.470884	-0.491907	-0.507692	-0.515417	-0.514253	-0.50108	-0.470297	-0.421979	-0.34814	-0.24661	-0.122609	0.0222465	0.175469	0.319624	0.436404	0.508697	0.520205	0.473545	0.388288	0.283789	0.185342	0.117606	0.0810911	0.0781891	0.107739	0.161119	0.234029	0.326514	0.416283	0.48719	0.537766	0.569578	0.587906	0.600168	
-0.139356	-0.139356	-0.140954	-0.146036	-0.151787	-0.160905	-0.172113	-0.185125	-0.201827	-0.219454	-0.241247	-0.264143	-0.289802	-0.319013	-0.346586	-0.37979	-0.410108	-0.439655	-0.469841	-0.490822	-0.506947	-0.510799	-0.498785	-0.466326	-0.412732	-0.330882	-0.226994	-0.0982002	0.0422358	0.178964	0.291196	0.361649	0.374935	0.330992	0.246451	0.139128	0.0429558	-0.0185906	-0.0416255	-0.0292143	0.0180469	0.0876565	0.182066	0.297443	0.411258	0.502681	0.560668	0.587597	0.600168	0.618534	
