-0.137861	-0.137861	-0.138172	-0.147446	-0.154001	-0.161704	-0.17365	-0.178588	-0.187624	-0.19191	-0.19365	-0.200007	-0.195795	-0.190184	-0.186051	-0.178615	-0.174166	-0.172185	-0.17998	-0.192333	-0.219332	-0.256826	-0.298517	-0.352042	-0.405806	-0.451849	-0.491442	-0.523968	-0.538761	-0.537327	-0.520145	-0.483105	-0.420884	-0.329907	-0.225566	-0.109453	0.0184357	0.147901	0.261702	0.366714	0.46781	0.554589	0.61636	0.643475	0.633727	0.594204	0.527546	0.433434	0.31525	0.203148	
-0.163107	-0.163107	-0.164374	-0.167534	-0.169962	-0.173976	-0.180119	-0.181242	-0.186855	-0.188425	-0.185974	-0.183212	-0.174351	-0.170282	-0.167438	-0.165165	-0.169916	-0.185842	-0.208627	-0.239238	-0.283534	-0.332897	-0.379853	-0.431127	-0.474814	-0.506723	-0.529929	-0.542876	-0.53425	-0.508524	-0.462003	-0.394822	-0.301199	-0.188693	-0.0712606	0.0480182	0.173234	0.291614	0.392818	0.485373	0.568403	0.629228	0.655083	0.642576	0.594422	0.523397	0.435933	0.32964	0.215333	0.117918	
-0.195462	-0.195462	-0.196001	-0.194618	-0.194265	-0.193564	-0.190308	-0.185118	-0.180678	-0.17066	-0.160036	-0.156395	-0.149508	-0.149475	-0.154521	-0.165168	-0.18872	-0.218185	-0.257666	-0.301272	-0.352345	-0.398545	-0.438879	-0.480311	-0.507758	-0.521844	-0.525918	-0.514043	-0.47845	-0.421734	-0.346527	-0.250539	-0.138378	-0.0156727	0.0994101	0.215003	0.330388	0.435678	0.5208	0.594391	0.650216	0.674069	0.658552	0.606664	0.526594	0.437456	0.339111	0.234823	0.130521	0.0518175	
-0.224252	-0.224252	-0.221489	-0.218667	-0.211422	-0.202113	-0.191303	-0.178192	-0.166241	-0.154382	-0.147563	-0.14483	-0.143075	-0.152151	-0.172272	-0.19605	-0.231009	-0.272994	-0.314715	-0.358635	-0.400836	-0.438678	-0.465875	-0.491677	-0.497535	-0.490459	-0.469187	-0.427038	-0.359794	-0.274969	-0.176416	-0.0649942	0.0536682	0.172962	0.279536	0.387123	0.489377	0.577147	0.637838	0.683522	0.700562	0.681961	0.625426	0.540093	0.441365	0.34303	0.246015	0.148283	0.0577658	-0.00157227	
-0.230217	-0.230217	-0.228864	-0.215878	-0.20635	-0.19414	-0.178129	-0.168242	-0.157721	-0.151327	-0.150652	-0.155459	-0.168677	-0.193632	-0.221033	-0.253553	-0.291939	-0.330406	-0.364476	-0.40052	-0.431364	-0.450761	-0.460161	-0.463002	-0.443265	-0.407262	-0.355271	-0.280751	-0.187321	-0.0838391	0.0255388	0.139769	0.255176	0.363749	0.460225	0.554696	0.639087	0.697831	0.725952	0.732893	0.706897	0.647865	0.557695	0.453873	0.347951	0.253764	0.164731	0.0777946	0.00505242	-0.0393093	
-0.187839	-0.187839	-0.18671	-0.181702	-0.177243	-0.172724	-0.164483	-0.164696	-0.163817	-0.168406	-0.182408	-0.200242	-0.224136	-0.250181	-0.279869	-0.309789	-0.342099	-0.371314	-0.395405	-0.416173	-0.426001	-0.423312	-0.410237	-0.383142	-0.330722	-0.263588	-0.183712	-0.0845855	0.0227207	0.133252	0.241742	0.352565	0.45834	0.555016	0.636192	0.712608	0.7672	0.788377	0.776588	0.742341	0.678193	0.587033	0.479233	0.368938	0.268891	0.185029	0.105895	0.0320469	-0.0269668	-0.0578863	
-0.118642	-0.118642	-0.12096	-0.121327	-0.12663	-0.133686	-0.141528	-0.15886	-0.173864	-0.194827	-0.22196	-0.243065	-0.269419	-0.297941	-0.323515	-0.348805	-0.370082	-0.386257	-0.389775	-0.391277	-0.37602	-0.346168	-0.301337	-0.240313	-0.157622	-0.0677634	0.0318622	0.142305	0.253423	0.360268	0.464857	0.566575	0.661382	0.738781	0.799446	0.845809	0.861593	0.839501	0.788037	0.71969	0.626764	0.519787	0.407445	0.30387	0.218069	0.146822	0.0812789	0.0188095	-0.0241511	-0.0437539	
-0.0507073	-0.0507073	-0.0573753	-0.0639506	-0.0793047	-0.097664	-0.11588	-0.143508	-0.16552	-0.194108	-0.222166	-0.245895	-0.277206	-0.301625	-0.319431	-0.335391	-0.341507	-0.338808	-0.324414	-0.299588	-0.254683	-0.191883	-0.121922	-0.0328373	0.066515	0.170334	0.275905	0.38879	0.494205	0.5955	0.691596	0.78125	0.85705	0.907668	0.939114	0.94684	0.921864	0.859023	0.780505	0.689444	0.586009	0.477982	0.37515	0.288805	0.220446	0.165422	0.111239	0.0612149	0.032749	0.0198136	
-0.0146905	-0.0146905	-0.0191	-0.030227	-0.0435014	-0.0628951	-0.0820581	-0.107428	-0.131675	-0.156092	-0.184348	-0.205614	-0.227425	-0.239626	-0.24528	-0.246014	-0.233441	-0.207168	-0.166515	-0.111309	-0.0406992	0.0428008	0.130547	0.234497	0.340429	0.444082	0.549642	0.656678	0.754564	0.845158	0.927769	0.996645	1.04347	1.06034	1.0559	1.02578	0.963747	0.87498	0.783177	0.685982	0.586611	0.488739	0.405152	0.337457	0.288047	0.244741	0.199018	0.159363	0.139323	0.128517	
0.00384912	0.00384912	0.00197253	-0.00699799	-0.0171641	-0.0286457	-0.0467939	-0.0635729	-0.0793667	-0.0987971	-0.112736	-0.1195	-0.12467	-0.120334	-0.105971	-0.0822455	-0.0411291	0.0132703	0.0772924	0.15254	0.241271	0.335959	0.432425	0.538958	0.641091	0.740157	0.841345	0.938246	1.02222	1.09504	1.15456	1.19213	1.20242	1.18186	1.14398	1.08188	0.995814	0.897332	0.806336	0.716463	0.628686	0.549177	0.484584	0.435714	0.39988	0.362927	0.322326	0.288213	0.271631	0.257331	
0.0314182	0.0314182	0.0298028	0.0231201	0.017548	0.00869281	-0.0019526	-0.00784585	-0.015357	-0.0190656	-0.0131899	-0.00401947	0.0108591	0.0417855	0.0824565	0.133717	0.197774	0.270162	0.349039	0.440947	0.535471	0.632558	0.727465	0.832229	0.925981	1.01885	1.10894	1.18787	1.24912	1.29489	1.32135	1.3209	1.29304	1.23998	1.17739	1.09472	1.00086	0.90591	0.828163	0.750222	0.680561	0.618729	0.572877	0.538843	0.511242	0.477769	0.439602	0.409933	0.394961	0.372997	
0.0802821	0.0802821	0.0801013	0.0743598	0.0716018	0.0687797	0.0650306	0.070558	0.073933	0.0888766	0.109844	0.135374	0.177435	0.228247	0.285993	0.352589	0.427032	0.511959	0.596312	0.689172	0.780784	0.872293	0.966062	1.05956	1.14291	1.21928	1.29073	1.33985	1.37036	1.38085	1.3694	1.33301	1.27271	1.20109	1.12378	1.03764	0.946872	0.870007	0.807864	0.747803	0.695696	0.652241	0.623242	0.60083	0.579667	0.549135	0.514608	0.493116	0.477723	0.452035	
0.153974	0.153974	0.156367	0.155159	0.157335	0.165072	0.166628	0.182449	0.198366	0.219197	0.255399	0.293311	0.344328	0.400721	0.459913	0.532646	0.609078	0.687825	0.767429	0.853277	0.940363	1.01984	1.10466	1.17922	1.24179	1.29432	1.33378	1.34649	1.33972	1.31483	1.26907	1.20539	1.12669	1.0494	0.971159	0.891883	0.815461	0.761263	0.715527	0.673946	0.63747	0.612509	0.596919	0.585126	0.569773	0.543399	0.518639	0.507211	0.494887	0.471637	
0.268394	0.268394	0.267523	0.27361	0.278241	0.285705	0.298253	0.316849	0.336352	0.365864	0.40199	0.437142	0.48241	0.531847	0.586903	0.649411	0.712403	0.776873	0.849325	0.921778	0.989411	1.05204	1.11568	1.16138	1.19263	1.21209	1.21207	1.18567	1.14623	1.09136	1.02331	0.944187	0.863489	0.790824	0.722421	0.655465	0.600801	0.566825	0.537609	0.510555	0.490124	0.480494	0.476974	0.474534	0.46474	0.446241	0.43561	0.434819	0.430869	0.409657	
0.418771	0.418771	0.417632	0.423847	0.426239	0.43349	0.446294	0.457251	0.472853	0.494168	0.514283	0.538011	0.574185	0.608719	0.648735	0.692745	0.739123	0.790225	0.841337	0.888753	0.932347	0.968239	0.998172	1.00419	1.00027	0.981524	0.942379	0.88524	0.821642	0.749913	0.670602	0.592091	0.518408	0.459853	0.402367	0.353282	0.317607	0.301538	0.281936	0.267524	0.258465	0.260847	0.264801	0.268733	0.262172	0.254389	0.256261	0.26871	0.270561	0.25775	
0.576764	0.576764	0.57844	0.580418	0.582814	0.586036	0.589115	0.589123	0.595419	0.599206	0.606064	0.619543	0.633706	0.647296	0.664756	0.688776	0.712569	0.732416	0.755413	0.770029	0.777649	0.773954	0.761458	0.728609	0.687062	0.635147	0.564724	0.490675	0.414449	0.337933	0.260397	0.190897	0.132229	0.0868795	0.0426547	0.00853153	-0.0097565	-0.0165026	-0.0296627	-0.0358394	-0.0359374	-0.0261195	-0.0169785	-0.0100634	-0.0108554	-0.00748806	0.0106315	0.0346484	0.0450892	0.0467911	
0.712596	0.712596	0.709925	0.709827	0.708385	0.702572	0.705218	0.700479	0.701141	0.701773	0.697259	0.698577	0.692101	0.686812	0.688394	0.681197	0.671186	0.655559	0.639215	0.607771	0.566639	0.5239	0.463876	0.393667	0.320016	0.24201	0.15379	0.0719753	-0.00396691	-0.0787841	-0.144246	-0.202501	-0.242101	-0.278593	-0.307808	-0.330886	-0.333201	-0.338222	-0.34396	-0.344874	-0.335737	-0.321547	-0.30842	-0.299038	-0.292824	-0.277212	-0.243626	-0.213994	-0.192512	-0.181334	
0.775796	0.775796	0.777662	0.780182	0.785846	0.788541	0.797273	0.797835	0.800133	0.799964	0.791326	0.785359	0.771149	0.753047	0.729085	0.688436	0.642425	0.591484	0.523133	0.448726	0.364362	0.279451	0.175819	0.0781745	-0.0170597	-0.114132	-0.209621	-0.289196	-0.361668	-0.427841	-0.482204	-0.524629	-0.552373	-0.579081	-0.599028	-0.609401	-0.604075	-0.608406	-0.608747	-0.604223	-0.588183	-0.571947	-0.557066	-0.544935	-0.532855	-0.502658	-0.461822	-0.426415	-0.399261	-0.377234	
0.78334	0.78334	0.793807	0.798244	0.815805	0.833208	0.846674	0.864298	0.877828	0.88572	0.887624	0.88334	0.861739	0.829365	0.778135	0.716238	0.639284	0.550989	0.443959	0.33243	0.211757	0.0887358	-0.0389522	-0.155163	-0.266752	-0.375262	-0.469085	-0.544556	-0.614328	-0.670927	-0.716227	-0.745116	-0.767833	-0.786171	-0.800395	-0.798406	-0.793031	-0.79501	-0.791233	-0.779842	-0.75895	-0.742336	-0.724354	-0.710703	-0.688424	-0.647269	-0.603236	-0.564863	-0.537482	-0.503391	
0.780294	0.780294	0.787969	0.799472	0.817652	0.843877	0.863991	0.895567	0.918212	0.931589	0.942161	0.93436	0.908044	0.871745	0.815194	0.741252	0.647935	0.537014	0.413123	0.278135	0.143462	0.00145093	-0.135815	-0.264514	-0.383109	-0.495577	-0.585026	-0.662129	-0.728801	-0.781198	-0.819346	-0.843944	-0.864413	-0.879938	-0.888117	-0.879985	-0.878395	-0.877638	-0.871105	-0.852764	-0.832804	-0.815757	-0.798236	-0.783101	-0.751185	-0.707501	-0.664082	-0.631388	-0.604397	-0.562818	
0.779911	0.779911	0.783021	0.802338	0.817444	0.842196	0.865434	0.890186	0.907139	0.917469	0.926648	0.912995	0.893785	0.862465	0.805575	0.730842	0.642926	0.535602	0.419406	0.291863	0.162063	0.0204599	-0.111947	-0.235811	-0.355604	-0.465455	-0.553932	-0.633513	-0.701272	-0.754022	-0.791542	-0.819302	-0.842017	-0.859524	-0.863037	-0.858208	-0.861271	-0.860927	-0.851481	-0.831908	-0.816997	-0.801246	-0.788429	-0.769312	-0.733608	-0.691199	-0.65388	-0.629128	-0.599557	-0.554043	
0.785426	0.785426	0.786821	0.797233	0.805291	0.814869	0.829877	0.837911	0.845139	0.85501	0.853025	0.842043	0.831364	0.799231	0.753371	0.70224	0.639122	0.55933	0.470377	0.37076	0.260968	0.146376	0.0360967	-0.0748485	-0.190078	-0.290331	-0.378403	-0.463166	-0.535531	-0.593019	-0.636602	-0.673788	-0.703745	-0.725238	-0.729179	-0.734202	-0.742021	-0.743459	-0.731117	-0.71725	-0.706506	-0.69622	-0.685881	-0.663915	-0.628589	-0.592036	-0.566564	-0.548957	-0.518328	-0.474566	
0.756028	0.756028	0.757285	0.755865	0.756966	0.757108	0.758999	0.757694	0.759012	0.759489	0.750082	0.746049	0.738443	0.716187	0.703055	0.683805	0.650362	0.609913	0.560983	0.505879	0.438617	0.364703	0.285541	0.194178	0.100869	0.0143557	-0.0728368	-0.162426	-0.238063	-0.303659	-0.359608	-0.410068	-0.451225	-0.477514	-0.490909	-0.507486	-0.522136	-0.522892	-0.513788	-0.506957	-0.502653	-0.497915	-0.489162	-0.466956	-0.436867	-0.412778	-0.402682	-0.39132	-0.365324	-0.326558	
0.658823	0.658823	0.661085	0.657884	0.65952	0.65966	0.657318	0.656928	0.657863	0.653002	0.654515	0.658751	0.658754	0.66445	0.676076	0.679464	0.678055	0.681984	0.681413	0.673002	0.650465	0.620913	0.582022	0.525106	0.462761	0.395223	0.313494	0.230582	0.152836	0.0796947	0.00834016	-0.0551428	-0.108931	-0.143893	-0.173713	-0.203435	-0.223894	-0.225899	-0.224962	-0.22587	-0.22876	-0.227164	-0.219804	-0.198617	-0.178847	-0.170472	-0.174338	-0.168522	-0.150757	-0.119608	
0.509206	0.509206	0.511515	0.5121	0.518329	0.520487	0.527006	0.534007	0.541987	0.552411	0.56792	0.585749	0.602489	0.632161	0.6568	0.68348	0.718546	0.75883	0.792561	0.817594	0.838814	0.858959	0.858502	0.842201	0.816463	0.777015	0.713485	0.648197	0.575088	0.498697	0.417768	0.343053	0.278833	0.22867	0.179717	0.135149	0.110533	0.0994582	0.0903324	0.0781809	0.0713626	0.0686611	0.0771259	0.0923617	0.099609	0.0912208	0.0786391	0.0781766	0.0881359	0.105833	
0.348143	0.348143	0.348433	0.353665	0.358944	0.366236	0.379797	0.394582	0.413199	0.440043	0.466143	0.499793	0.535323	0.578496	0.621661	0.672556	0.733797	0.789919	0.843226	0.90095	0.96229	1.01358	1.04504	1.07295	1.09012	1.08018	1.05079	1.01214	0.957315	0.886025	0.807409	0.727963	0.656819	0.588436	0.519417	0.462379	0.428295	0.401857	0.376709	0.353319	0.340726	0.333633	0.340619	0.344465	0.337266	0.31441	0.298066	0.291972	0.294557	0.296507	
0.212254	0.212254	0.211115	0.215966	0.216101	0.226041	0.235435	0.251766	0.273752	0.300719	0.335068	0.373979	0.423052	0.476456	0.5368	0.604622	0.675268	0.741114	0.817521	0.900254	0.978377	1.04503	1.11287	1.17873	1.22767	1.24993	1.26602	1.2623	1.23481	1.18342	1.121	1.04973	0.975843	0.892699	0.808157	0.741804	0.690264	0.642881	0.595927	0.561654	0.537005	0.525444	0.521433	0.51084	0.485662	0.454746	0.436201	0.426725	0.420866	0.410278	
0.110428	0.110428	0.111104	0.110744	0.110867	0.114796	0.116639	0.125493	0.138224	0.155693	0.185719	0.219843	0.270144	0.323739	0.387116	0.459064	0.530041	0.610806	0.702653	0.789534	0.873583	0.960173	1.05264	1.13656	1.20568	1.26686	1.32266	1.3537	1.35878	1.34345	1.31019	1.25987	1.19127	1.10425	1.0168	0.942158	0.870255	0.797096	0.730318	0.68086	0.642695	0.620958	0.599922	0.571899	0.531372	0.499663	0.480832	0.470059	0.456912	0.436289	
0.0478847	0.0478847	0.0473707	0.040611	0.0379241	0.0298005	0.0250862	0.0225089	0.0233695	0.0316579	0.0462937	0.0704011	0.102877	0.142018	0.194763	0.256142	0.325258	0.411766	0.497488	0.582446	0.675428	0.773953	0.871032	0.96342	1.0497	1.13964	1.21855	1.27836	1.31964	1.34585	1.34933	1.32865	1.27814	1.20575	1.13046	1.05162	0.962604	0.868191	0.787171	0.720068	0.669171	0.62962	0.589909	0.542218	0.49511	0.465629	0.448542	0.435531	0.416394	0.384184	
0.0112276	0.0112276	0.00681246	-0.000712627	-0.010065	-0.0236258	-0.033707	-0.0462528	-0.0562686	-0.0629395	-0.0690674	-0.0661182	-0.0609658	-0.0412222	-0.00891109	0.0323302	0.0906812	0.158499	0.228047	0.313232	0.408114	0.506283	0.605214	0.702358	0.80067	0.903797	0.995556	1.0762	1.14943	1.21091	1.25072	1.26321	1.244	1.20508	1.15307	1.07863	0.98173	0.87966	0.787824	0.705338	0.637289	0.574673	0.51173	0.446247	0.397967	0.370034	0.353905	0.337127	0.312774	0.269211	
-0.0185217	-0.0185217	-0.0230671	-0.027882	-0.0397214	-0.0525063	-0.0692129	-0.0903159	-0.112112	-0.13569	-0.157648	-0.175301	-0.187516	-0.188139	-0.183767	-0.168765	-0.139165	-0.103258	-0.0482926	0.0263809	0.108799	0.199275	0.294548	0.392583	0.501799	0.609732	0.706537	0.801429	0.897451	0.982661	1.05004	1.09372	1.1143	1.11824	1.09576	1.03673	0.949574	0.855661	0.759781	0.666768	0.578276	0.490726	0.402203	0.325345	0.276027	0.247708	0.228439	0.206581	0.175257	0.12038	
-0.0407218	-0.0407218	-0.04538	-0.0550454	-0.0702452	-0.0880808	-0.112162	-0.137262	-0.163929	-0.191344	-0.216141	-0.241005	-0.261552	-0.281952	-0.299404	-0.306418	-0.30537	-0.291133	-0.255589	-0.210198	-0.153597	-0.0824927	0.000592439	0.100282	0.210369	0.311091	0.411121	0.520306	0.628088	0.723713	0.8078	0.878365	0.93827	0.981585	0.990359	0.959622	0.903663	0.83281	0.746075	0.649714	0.544843	0.43382	0.324869	0.240434	0.185049	0.148093	0.116067	0.0814278	0.0337737	-0.038428	
-0.0856655	-0.0856655	-0.0897965	-0.100466	-0.112947	-0.129593	-0.149027	-0.16858	-0.191126	-0.214843	-0.240084	-0.267961	-0.295884	-0.324938	-0.34781	-0.365037	-0.377752	-0.378862	-0.373576	-0.362033	-0.333222	-0.286272	-0.219335	-0.134121	-0.0473153	0.0434354	0.152925	0.269508	0.376451	0.476325	0.57266	0.66491	0.753238	0.823108	0.860363	0.868551	0.857345	0.821053	0.756904	0.667574	0.556044	0.430247	0.311907	0.220413	0.152146	0.0956742	0.0417604	-0.0154786	-0.088411	-0.18129	
-0.167121	-0.167121	-0.16628	-0.164971	-0.163368	-0.164144	-0.166428	-0.173218	-0.185362	-0.202179	-0.224402	-0.249784	-0.277268	-0.303935	-0.329147	-0.355685	-0.380428	-0.402386	-0.423171	-0.43205	-0.42544	-0.404822	-0.368622	-0.322729	-0.265301	-0.17987	-0.0744236	0.0294708	0.131535	0.238387	0.345672	0.452943	0.555304	0.63848	0.700488	0.750558	0.784878	0.788786	0.75745	0.689218	0.587435	0.467561	0.35587	0.261549	0.178164	0.0983103	0.0193702	-0.0657781	-0.166007	-0.276087	
-0.231556	-0.231556	-0.22761	-0.218882	-0.208899	-0.197897	-0.187506	-0.181068	-0.177777	-0.179392	-0.186738	-0.19901	-0.217509	-0.241461	-0.272694	-0.308574	-0.345061	-0.381799	-0.412937	-0.434629	-0.451089	-0.461161	-0.462818	-0.452081	-0.414825	-0.351215	-0.279033	-0.198452	-0.100277	0.00935249	0.12291	0.238849	0.345335	0.435997	0.521413	0.606679	0.676667	0.717844	0.723628	0.688763	0.616942	0.527552	0.437592	0.346179	0.248675	0.145936	0.0392283	-0.0774995	-0.203908	-0.325769	
-0.248292	-0.248292	-0.245511	-0.239835	-0.231908	-0.221096	-0.208819	-0.195534	-0.182062	-0.171197	-0.164637	-0.164648	-0.173564	-0.192238	-0.219807	-0.252963	-0.290242	-0.329388	-0.366753	-0.404858	-0.442927	-0.475675	-0.499241	-0.505954	-0.493245	-0.471139	-0.437761	-0.379181	-0.296426	-0.198341	-0.0866322	0.0288868	0.134486	0.235768	0.343769	0.450672	0.54108	0.608898	0.647557	0.651101	0.6252	0.58263	0.523201	0.439536	0.332241	0.208995	0.0725958	-0.0757308	-0.223277	-0.349882	
-0.234436	-0.234436	-0.233217	-0.231279	-0.22724	-0.221316	-0.213613	-0.203451	-0.192586	-0.182042	-0.173043	-0.167926	-0.16788	-0.174003	-0.18644	-0.206414	-0.234903	-0.270796	-0.314184	-0.363462	-0.411887	-0.454747	-0.488774	-0.51214	-0.529887	-0.541203	-0.533077	-0.500721	-0.447882	-0.372419	-0.277487	-0.177452	-0.0738294	0.0431047	0.168012	0.283383	0.382898	0.466621	0.529932	0.571933	0.59872	0.607414	0.582289	0.514067	0.407488	0.270878	0.109725	-0.0625337	-0.221937	-0.347294	
-0.206575	-0.206575	-0.206736	-0.207141	-0.207267	-0.207377	-0.206926	-0.205668	-0.203884	-0.200818	-0.196568	-0.191574	-0.186016	-0.18148	-0.180569	-0.186606	-0.201861	-0.227884	-0.264975	-0.308979	-0.355682	-0.402871	-0.447996	-0.49116	-0.531365	-0.55997	-0.571149	-0.566326	-0.542541	-0.49745	-0.437842	-0.363407	-0.2623	-0.137241	-0.00956818	0.106848	0.212483	0.306624	0.389139	0.466828	0.540513	0.592082	0.599607	0.555126	0.461361	0.322393	0.149239	-0.0325578	-0.193249	-0.314653	
-0.177049	-0.177049	-0.178747	-0.181817	-0.186513	-0.192418	-0.198947	-0.205822	-0.211803	-0.215835	-0.217266	-0.215373	-0.210467	-0.204098	-0.198552	-0.196042	-0.198826	-0.208931	-0.226722	-0.252183	-0.286744	-0.330374	-0.381533	-0.437325	-0.489782	-0.530853	-0.55924	-0.574639	-0.576489	-0.568093	-0.545741	-0.493126	-0.404227	-0.295028	-0.181972	-0.0684698	0.0425863	0.146642	0.248771	0.356357	0.460017	0.536721	0.569558	0.55175	0.478644	0.350532	0.184697	0.0124195	-0.138514	-0.253567	
-0.157818	-0.157818	-0.1609	-0.166739	-0.175088	-0.185032	-0.195709	-0.206086	-0.214761	-0.221093	-0.224607	-0.225202	-0.2237	-0.22079	-0.216833	-0.21206	-0.207028	-0.202665	-0.201104	-0.206861	-0.224406	-0.255912	-0.300983	-0.354421	-0.407956	-0.45691	-0.500144	-0.537069	-0.568301	-0.589416	-0.586567	-0.551472	-0.492912	-0.420867	-0.33372	-0.230636	-0.119382	-0.00323179	0.121753	0.250728	0.365603	0.450688	0.499266	0.503867	0.45433	0.351725	0.215817	0.0731416	-0.0566964	-0.160273	
-0.164728	-0.164728	-0.166588	-0.170195	-0.175076	-0.18079	-0.18693	-0.192988	-0.198849	-0.204569	-0.210068	-0.215287	-0.219755	-0.222262	-0.221508	-0.216783	-0.208317	-0.197927	-0.189402	-0.187056	-0.193723	-0.210759	-0.237561	-0.271838	-0.313214	-0.363392	-0.42159	-0.48274	-0.536965	-0.57097	-0.57879	-0.568748	-0.549427	-0.515763	-0.458767	-0.378001	-0.274956	-0.14805	-0.00467982	0.133833	0.24841	0.334204	0.390506	0.40988	0.385602	0.323655	0.239207	0.145182	0.0512173	-0.0281033	
-0.192825	-0.192825	-0.190084	-0.185092	-0.17863	-0.172006	-0.166662	-0.16399	-0.165192	-0.170543	-0.17938	-0.190138	-0.200396	-0.207858	-0.211241	-0.210605	-0.207336	-0.203757	-0.201813	-0.201809	-0.203132	-0.205672	-0.210898	-0.223661	-0.25135	-0.298089	-0.36026	-0.427204	-0.485611	-0.528038	-0.557968	-0.581022	-0.593873	-0.588829	-0.562178	-0.509125	-0.420129	-0.294809	-0.152637	-0.0195093	0.0912782	0.177724	0.237267	0.266969	0.271733	0.262085	0.243067	0.212582	0.172699	0.137634	
-0.194964	-0.194964	-0.19158	-0.185366	-0.177393	-0.169033	-0.1617	-0.156657	-0.154683	-0.155924	-0.160063	-0.166396	-0.17416	-0.182959	-0.192597	-0.202756	-0.212767	-0.221229	-0.225995	-0.225323	-0.219459	-0.211253	-0.206282	-0.211642	-0.231962	-0.26636	-0.310028	-0.358107	-0.408897	-0.463814	-0.52164	-0.574063	-0.611674	-0.631046	-0.629141	-0.596299	-0.525191	-0.423713	-0.310072	-0.198166	-0.0954565	-0.0102861	0.0505229	0.0918359	0.128857	0.171776	0.216456	0.253033	0.27991	0.30564	
-0.160277	-0.160277	-0.162314	-0.165949	-0.170415	-0.174625	-0.177452	-0.178001	-0.175881	-0.171612	-0.166686	-0.163311	-0.163934	-0.170285	-0.182431	-0.198416	-0.214582	-0.226605	-0.231321	-0.228434	-0.220769	-0.213152	-0.210465	-0.214939	-0.224995	-0.238074	-0.254913	-0.280804	-0.322458	-0.381898	-0.452633	-0.523373	-0.584252	-0.626433	-0.640025	-0.620407	-0.575093	-0.516602	-0.449627	-0.372596	-0.290249	-0.214803	-0.151816	-0.0919169	-0.0208897	0.0657923	0.16187	0.259983	0.357054	0.450298	
-0.144584	-0.144584	-0.148203	-0.15475	-0.162971	-0.171291	-0.17817	-0.182439	-0.183625	-0.182136	-0.179137	-0.176276	-0.175199	-0.176964	-0.181751	-0.188885	-0.197079	-0.205013	-0.211938	-0.217734	-0.222502	-0.226146	-0.227892	-0.22639	-0.221505	-0.216482	-0.217727	-0.232131	-0.264081	-0.314068	-0.379376	-0.454166	-0.527023	-0.581867	-0.608059	-0.610081	-0.601698	-0.589874	-0.569641	-0.534826	-0.486607	-0.428346	-0.357708	-0.268965	-0.16047	-0.0351644	0.105014	0.259907	0.424068	0.581658	
-0.162684	-0.162684	-0.162071	-0.161096	-0.160211	-0.160011	-0.161083	-0.163807	-0.168174	-0.17361	-0.178981	-0.182862	-0.183985	-0.181863	-0.177334	-0.172632	-0.170863	-0.174958	-0.186274	-0.203467	-0.222472	-0.237727	-0.244298	-0.240482	-0.22946	-0.218194	-0.214118	-0.222331	-0.245061	-0.282715	-0.334125	-0.394693	-0.455762	-0.509276	-0.553677	-0.592572	-0.627535	-0.65567	-0.674029	-0.680881	-0.670012	-0.628731	-0.546905	-0.426896	-0.280455	-0.115723	0.0688722	0.275775	0.495157	0.70301	
-0.170542	-0.170542	-0.16853	-0.16506	-0.161119	-0.157896	-0.156478	-0.157544	-0.161118	-0.166463	-0.172214	-0.176713	-0.178522	-0.177013	-0.17277	-0.167655	-0.164449	-0.165996	-0.174047	-0.188321	-0.206204	-0.223354	-0.235347	-0.239768	-0.237381	-0.23178	-0.228222	-0.23207	-0.246729	-0.271756	-0.303029	-0.336476	-0.373448	-0.421383	-0.48604	-0.562767	-0.638717	-0.704468	-0.759143	-0.801037	-0.816999	-0.786977	-0.699806	-0.561211	-0.385376	-0.181837	0.0468813	0.296247	0.551552	0.789737	
-0.160307	-0.160307	-0.160472	-0.160805	-0.161306	-0.16195	-0.162686	-0.163464	-0.164271	-0.165176	-0.166347	-0.167991	-0.17025	-0.17308	-0.176177	-0.17906	-0.181327	-0.182933	-0.184408	-0.186831	-0.191443	-0.19907	-0.209677	-0.22217	-0.234588	-0.244936	-0.252353	-0.257492	-0.261599	-0.265428	-0.270031	-0.279662	-0.303406	-0.351455	-0.427634	-0.525628	-0.633011	-0.737664	-0.829026	-0.894938	-0.921059	-0.895198	-0.811577	-0.670781	-0.477528	-0.240333	0.0272545	0.307412	0.581786	0.834858	
-0.154948	-0.154948	-0.156041	-0.157943	-0.160156	-0.162109	-0.163326	-0.163583	-0.163028	-0.162207	-0.16197	-0.163275	-0.166899	-0.173113	-0.18142	-0.190483	-0.198309	-0.202819	-0.202719	-0.198382	-0.192326	-0.188858	-0.192595	-0.206279	-0.228933	-0.255371	-0.27746	-0.287212	-0.281119	-0.263653	-0.246979	-0.245689	-0.269731	-0.321524	-0.399547	-0.502573	-0.627002	-0.759513	-0.87627	-0.953538	-0.979391	-0.953251	-0.874891	-0.737865	-0.53646	-0.278038	0.01419	0.311851	0.594747	0.854113	
-0.154948	-0.154948	-0.156041	-0.157943	-0.160156	-0.162109	-0.163326	-0.163583	-0.163028	-0.162207	-0.16197	-0.163275	-0.166899	-0.173113	-0.18142	-0.190483	-0.198309	-0.202819	-0.202719	-0.198382	-0.192326	-0.188858	-0.192595	-0.206279	-0.228933	-0.255371	-0.27746	-0.287212	-0.281119	-0.263653	-0.246979	-0.245689	-0.269731	-0.321524	-0.399547	-0.502573	-0.627002	-0.759513	-0.87627	-0.953538	-0.979391	-0.953251	-0.874891	-0.737865	-0.53646	-0.278038	0.01419	0.311851	0.594747	0.854113	
