-0.372384	-0.372384	-0.341783	-0.289643	-0.213769	-0.137013	-0.0846222	-0.0698056	-0.0972422	-0.16494	-0.241061	-0.293215	-0.272068	-0.161286	0.0190884	0.234216	0.43822	0.58868	0.689255	0.744426	0.724709	0.638548	0.518724	0.386293	0.274546	0.215884	0.205932	0.244507	0.323506	0.426817	0.5542	0.690457	0.810767	0.91737	1.00373	1.06719	1.10377	1.11514	1.0794	0.996812	0.886537	0.759234	0.62378	0.474414	0.304401	0.155485	0.0708932	0.0571005	0.0897909	0.136833	
-0.372384	-0.372384	-0.341783	-0.289643	-0.213769	-0.137013	-0.0846222	-0.0698056	-0.0972422	-0.16494	-0.241061	-0.293215	-0.272068	-0.161286	0.0190884	0.234216	0.43822	0.58868	0.689255	0.744426	0.724709	0.638548	0.518724	0.386293	0.274546	0.215884	0.205932	0.244507	0.323506	0.426817	0.5542	0.690457	0.810767	0.91737	1.00373	1.06719	1.10377	1.11514	1.0794	0.996812	0.886537	0.759234	0.62378	0.474414	0.304401	0.155485	0.0708932	0.0571005	0.0897909	0.136833	
-0.341783	-0.341783	-0.308291	-0.253928	-0.181905	-0.10662	-0.0490347	-0.0313687	-0.0629608	-0.137123	-0.217279	-0.260638	-0.232524	-0.131773	0.0366373	0.249162	0.45399	0.611971	0.715049	0.757113	0.731813	0.653706	0.544047	0.423187	0.312012	0.234519	0.207292	0.239142	0.314522	0.41811	0.541426	0.660747	0.768902	0.868506	0.952562	1.01948	1.05696	1.05653	1.01391	0.929826	0.818401	0.697628	0.556065	0.403933	0.236754	0.085864	0.00119523	-0.0118757	0.0210742	0.069723	
-0.289643	-0.289643	-0.253928	-0.198447	-0.12973	-0.0538926	0.00747014	0.0247709	-0.00678668	-0.0769811	-0.160168	-0.208132	-0.179646	-0.0815629	0.0782592	0.280706	0.483234	0.649026	0.752483	0.784963	0.759528	0.691957	0.591875	0.476885	0.357469	0.264967	0.224516	0.240169	0.299855	0.387746	0.49295	0.593965	0.6902	0.776508	0.852257	0.915448	0.952815	0.951329	0.90457	0.817615	0.702542	0.577847	0.429342	0.272846	0.113719	-0.0283393	-0.11302	-0.136332	-0.105228	-0.0445326	
-0.213769	-0.213769	-0.181905	-0.12973	-0.0591453	0.0232273	0.0853609	0.0965316	0.0628477	0.00121821	-0.0804179	-0.138358	-0.120372	-0.0241111	0.127783	0.32113	0.517358	0.678285	0.774598	0.812754	0.799238	0.740577	0.643578	0.523927	0.395391	0.297217	0.245377	0.236167	0.266354	0.324754	0.402659	0.493036	0.576508	0.648344	0.708131	0.760268	0.794636	0.80398	0.762824	0.677312	0.559096	0.420015	0.266891	0.113814	-0.0366684	-0.169349	-0.257164	-0.283524	-0.24846	-0.174075	
-0.137013	-0.137013	-0.10662	-0.0538926	0.0232273	0.106295	0.16437	0.17231	0.13975	0.0745676	-0.00408363	-0.0652802	-0.0587886	0.0211739	0.165997	0.353428	0.539417	0.680564	0.772168	0.821839	0.820289	0.769552	0.677318	0.55432	0.423109	0.315363	0.23938	0.200248	0.198154	0.225442	0.281594	0.353773	0.420489	0.480937	0.531942	0.579545	0.615325	0.62663	0.591563	0.513949	0.402468	0.259943	0.107253	-0.0430012	-0.190539	-0.322243	-0.410704	-0.428561	-0.381254	-0.298031	
-0.0846222	-0.0846222	-0.0490347	0.00747014	0.0853609	0.16437	0.215999	0.228248	0.201517	0.133225	0.04625	-0.0236748	-0.029714	0.0435173	0.178681	0.347501	0.516196	0.649253	0.743082	0.796859	0.800087	0.755066	0.674178	0.559083	0.431667	0.307594	0.198665	0.126263	0.0911601	0.0931458	0.129379	0.178844	0.225103	0.276238	0.327563	0.382621	0.425651	0.437488	0.412315	0.347829	0.253091	0.127563	-0.0287504	-0.185274	-0.335649	-0.460619	-0.534447	-0.542446	-0.491186	-0.398982	
-0.0698056	-0.0698056	-0.0313687	0.0247709	0.0965316	0.17231	0.228248	0.249826	0.224406	0.146282	0.0478556	-0.0289239	-0.0417159	0.0191295	0.138912	0.287285	0.440301	0.566685	0.662642	0.721934	0.733013	0.697942	0.626458	0.518673	0.389277	0.255786	0.126052	0.0225888	-0.04268	-0.0724716	-0.0609218	-0.0310569	0.00821992	0.0543627	0.114357	0.17697	0.230157	0.25793	0.254434	0.212538	0.135203	0.0230514	-0.129846	-0.295512	-0.451811	-0.571237	-0.624798	-0.623645	-0.571142	-0.477594	
-0.0972422	-0.0972422	-0.0629608	-0.00678668	0.0628477	0.13975	0.201517	0.224406	0.187095	0.100796	-0.00424944	-0.0799016	-0.100457	-0.0614473	0.0294604	0.163567	0.302619	0.422793	0.517761	0.586055	0.611085	0.591147	0.526627	0.426815	0.298776	0.160452	0.0206486	-0.104154	-0.201085	-0.261897	-0.275716	-0.249946	-0.206321	-0.152305	-0.0873569	-0.0192133	0.0456242	0.105801	0.137916	0.126712	0.0638956	-0.0444791	-0.192047	-0.358245	-0.521711	-0.644114	-0.692487	-0.677718	-0.623659	-0.539868	
-0.16494	-0.16494	-0.137123	-0.0769811	0.00121821	0.0745676	0.133225	0.146282	0.100796	0.0103492	-0.0910363	-0.176399	-0.216701	-0.205024	-0.130188	-0.00807474	0.115624	0.226314	0.322416	0.39526	0.433162	0.436748	0.393061	0.308479	0.183634	0.0376912	-0.107782	-0.244968	-0.362613	-0.442342	-0.471399	-0.451694	-0.398044	-0.327573	-0.25242	-0.170056	-0.0825984	0.00849409	0.0731841	0.0884809	0.0408635	-0.0610478	-0.202887	-0.372793	-0.543965	-0.673914	-0.734681	-0.721133	-0.661741	-0.579868	
-0.241061	-0.241061	-0.217279	-0.160168	-0.0804179	-0.00408363	0.04625	0.0478556	-0.00424944	-0.0910363	-0.198796	-0.306027	-0.375074	-0.377286	-0.317661	-0.2152	-0.0996989	0.011487	0.105763	0.178977	0.232306	0.25678	0.246079	0.188021	0.0746509	-0.0753165	-0.227282	-0.372713	-0.498624	-0.578753	-0.614434	-0.602697	-0.54769	-0.462167	-0.368476	-0.259004	-0.136886	-0.015942	0.0748667	0.10666	0.0709121	-0.0216281	-0.162023	-0.335528	-0.516334	-0.659552	-0.736296	-0.739239	-0.685626	-0.602254	
-0.293215	-0.293215	-0.260638	-0.208132	-0.138358	-0.0652802	-0.0236748	-0.0289239	-0.0799016	-0.176399	-0.306027	-0.432956	-0.518645	-0.542132	-0.503637	-0.420084	-0.310141	-0.203566	-0.107918	-0.0216562	0.0512435	0.0951755	0.110888	0.074497	-0.0221648	-0.1587	-0.309274	-0.457412	-0.578031	-0.657994	-0.69527	-0.689179	-0.632734	-0.53627	-0.414122	-0.27216	-0.112492	0.0347895	0.14281	0.185367	0.156414	0.0644609	-0.0750761	-0.253077	-0.445237	-0.613151	-0.7116	-0.737874	-0.702901	-0.626007	
-0.272068	-0.272068	-0.232524	-0.179646	-0.120372	-0.0587886	-0.029714	-0.0417159	-0.100457	-0.216701	-0.375074	-0.518645	-0.6176	-0.662695	-0.649901	-0.588212	-0.493924	-0.391581	-0.286394	-0.180096	-0.0845155	-0.017881	0.0152835	-0.000735147	-0.0723952	-0.187514	-0.329923	-0.470648	-0.586494	-0.665167	-0.69771	-0.686373	-0.62969	-0.527225	-0.385225	-0.215302	-0.0264888	0.141816	0.260386	0.309102	0.28355	0.185583	0.0361659	-0.150183	-0.350915	-0.537815	-0.665326	-0.715494	-0.700821	-0.630875	
-0.161286	-0.161286	-0.131773	-0.0815629	-0.0241111	0.0211739	0.0435173	0.0191295	-0.0614473	-0.205024	-0.377286	-0.542132	-0.662695	-0.728277	-0.731853	-0.688622	-0.611314	-0.509935	-0.392204	-0.267096	-0.149427	-0.0527938	-0.00158378	-0.00127718	-0.0470239	-0.137296	-0.262846	-0.393154	-0.505537	-0.587216	-0.620646	-0.605114	-0.546694	-0.442223	-0.285069	-0.0913632	0.109749	0.285825	0.405422	0.451081	0.422971	0.324309	0.164239	-0.0320533	-0.243477	-0.444553	-0.603894	-0.681295	-0.679017	-0.606749	
0.0190884	0.0190884	0.0366373	0.0782592	0.127783	0.165997	0.178681	0.138912	0.0294604	-0.130188	-0.317661	-0.503637	-0.649901	-0.731853	-0.758022	-0.726511	-0.646854	-0.535973	-0.409256	-0.271984	-0.134372	-0.0137113	0.0594567	0.0794699	0.0586159	-0.0101028	-0.117019	-0.235079	-0.345181	-0.431005	-0.472174	-0.461445	-0.40726	-0.303617	-0.13779	0.0694098	0.272775	0.445827	0.558327	0.594045	0.556267	0.452258	0.288076	0.0828832	-0.142736	-0.359631	-0.538608	-0.642303	-0.651256	-0.575702	
0.234216	0.234216	0.249162	0.280706	0.32113	0.353428	0.347501	0.287285	0.163567	-0.00807474	-0.2152	-0.420084	-0.588212	-0.688622	-0.726511	-0.696679	-0.614151	-0.494619	-0.353003	-0.19895	-0.04281	0.0971665	0.19256	0.230719	0.225497	0.172991	0.0858751	-0.0168972	-0.120482	-0.208786	-0.262904	-0.26605	-0.220757	-0.120592	0.0427363	0.245572	0.442002	0.603214	0.702218	0.726864	0.678801	0.561243	0.388488	0.17159	-0.0664636	-0.297787	-0.487294	-0.60647	-0.623323	-0.543043	
0.43822	0.43822	0.45399	0.483234	0.517358	0.539417	0.516196	0.440301	0.302619	0.115624	-0.0996989	-0.310141	-0.493924	-0.611314	-0.646854	-0.614151	-0.525712	-0.392914	-0.229982	-0.0561235	0.118587	0.270408	0.385058	0.446756	0.452082	0.409919	0.341235	0.247903	0.144233	0.055055	-0.00829415	-0.0306965	0.00658978	0.102639	0.248953	0.425308	0.604666	0.746368	0.830059	0.845339	0.789002	0.654888	0.471882	0.242523	-0.00233156	-0.239943	-0.438644	-0.561595	-0.580478	-0.502619	
0.58868	0.58868	0.611971	0.649026	0.678285	0.680564	0.649253	0.566685	0.422793	0.226314	0.011487	-0.203566	-0.391581	-0.509935	-0.535973	-0.494619	-0.392914	-0.24088	-0.0574603	0.135699	0.323137	0.482125	0.610258	0.68827	0.704601	0.675283	0.618069	0.526586	0.419822	0.325583	0.251249	0.217949	0.249066	0.337371	0.461342	0.604325	0.754777	0.876331	0.94419	0.948332	0.880444	0.737949	0.544168	0.307293	0.0534221	-0.187431	-0.387819	-0.507484	-0.527513	-0.450781	
0.689255	0.689255	0.715049	0.752483	0.774598	0.772168	0.743082	0.662642	0.517761	0.322416	0.105763	-0.107918	-0.286394	-0.392204	-0.409256	-0.353003	-0.229982	-0.0574603	0.140886	0.34676	0.541286	0.706368	0.83987	0.923446	0.947787	0.923916	0.868429	0.781839	0.681189	0.584369	0.506312	0.465597	0.484147	0.553023	0.651294	0.76842	0.895045	0.998853	1.05168	1.04003	0.957549	0.806658	0.6066	0.360499	0.099002	-0.140746	-0.331619	-0.442016	-0.458879	-0.381254	
0.744426	0.744426	0.757113	0.784963	0.812754	0.821839	0.796859	0.721934	0.586055	0.39526	0.178977	-0.0216562	-0.180096	-0.267096	-0.271984	-0.19895	-0.0561235	0.135699	0.34676	0.560111	0.759312	0.927273	1.0546	1.13132	1.16185	1.14122	1.07882	0.99853	0.910337	0.819357	0.742007	0.699569	0.698873	0.741522	0.819421	0.917103	1.01695	1.1001	1.1367	1.10749	1.0149	0.861567	0.657992	0.40992	0.147029	-0.0881096	-0.265005	-0.362745	-0.374042	-0.297961	
0.724709	0.724709	0.731813	0.759528	0.799238	0.820289	0.800087	0.733013	0.611085	0.433162	0.232306	0.0512435	-0.0845155	-0.149427	-0.134372	-0.04281	0.118587	0.323137	0.541286	0.759312	0.959687	1.12304	1.23684	1.30128	1.33193	1.31038	1.2431	1.16424	1.08805	1.00715	0.939758	0.896295	0.880803	0.900082	0.961302	1.03988	1.11041	1.16522	1.18348	1.14068	1.04166	0.886596	0.683706	0.43856	0.186598	-0.0335473	-0.197057	-0.283213	-0.289108	-0.216185	
0.638548	0.638548	0.653706	0.691957	0.740577	0.769552	0.755066	0.697942	0.591147	0.436748	0.25678	0.0951755	-0.017881	-0.0527938	-0.0137113	0.0971665	0.270408	0.482125	0.706368	0.927273	1.12304	1.27685	1.3773	1.42445	1.44182	1.41661	1.35573	1.28807	1.21995	1.14705	1.08695	1.04768	1.0232	1.02363	1.06347	1.12132	1.16771	1.19678	1.1879	1.13011	1.02764	0.870159	0.665382	0.429729	0.19733	0.000313177	-0.141666	-0.216821	-0.213403	-0.138464	
0.518724	0.518724	0.544047	0.591875	0.643578	0.677318	0.674178	0.626458	0.526627	0.393061	0.246079	0.110888	0.0152835	-0.00158378	0.0594567	0.19256	0.385058	0.610258	0.83987	1.0546	1.23684	1.3773	1.46833	1.50184	1.50153	1.47483	1.43241	1.37855	1.31465	1.24813	1.19375	1.15857	1.13589	1.12759	1.14163	1.17102	1.194	1.19602	1.15463	1.07824	0.974739	0.81758	0.617511	0.392295	0.176981	0.00147047	-0.117826	-0.174127	-0.159879	-0.0899235	
0.386293	0.386293	0.423187	0.476885	0.523927	0.55432	0.559083	0.518673	0.426815	0.308479	0.188021	0.074497	-0.000735147	-0.00127718	0.0794699	0.230719	0.446756	0.68827	0.923446	1.13132	1.30128	1.42445	1.50184	1.52829	1.5251	1.50737	1.47508	1.42673	1.37124	1.31992	1.27649	1.24628	1.22877	1.22034	1.21748	1.20882	1.19342	1.16125	1.09501	1.00443	0.893139	0.731515	0.53764	0.325858	0.127942	-0.0267385	-0.126423	-0.169448	-0.154644	-0.100815	
0.274546	0.274546	0.312012	0.357469	0.395391	0.423109	0.431667	0.389277	0.298776	0.183634	0.0746509	-0.0221648	-0.0723952	-0.0470239	0.0586159	0.225497	0.452082	0.704601	0.947787	1.16185	1.33193	1.44182	1.50153	1.5251	1.53302	1.52271	1.49187	1.45056	1.41462	1.37944	1.35053	1.32985	1.31629	1.30465	1.28752	1.24729	1.18453	1.11258	1.02961	0.93131	0.801468	0.627513	0.435734	0.241671	0.0693758	-0.0627625	-0.154044	-0.198344	-0.197898	-0.162806	
0.215884	0.215884	0.234519	0.264967	0.297217	0.315363	0.307594	0.255786	0.160452	0.0376912	-0.0753165	-0.1587	-0.187514	-0.137296	-0.0101028	0.172991	0.409919	0.675283	0.923916	1.14122	1.31038	1.41661	1.47483	1.50737	1.52271	1.51335	1.48699	1.46483	1.44938	1.42775	1.41465	1.41599	1.41082	1.38822	1.34726	1.28189	1.184	1.07457	0.965481	0.846852	0.697934	0.5155	0.328592	0.152811	0.000902096	-0.116316	-0.206276	-0.261392	-0.27711	-0.263449	
0.205932	0.205932	0.207292	0.224516	0.245377	0.23938	0.198665	0.126052	0.0206486	-0.107782	-0.227282	-0.309274	-0.329923	-0.262846	-0.117019	0.0858751	0.341235	0.618069	0.868429	1.07882	1.2431	1.35573	1.43241	1.47508	1.49187	1.48699	1.47274	1.46782	1.47071	1.47192	1.48321	1.50208	1.50378	1.47471	1.41042	1.31558	1.19386	1.05658	0.907955	0.753543	0.589284	0.408625	0.228187	0.0608053	-0.0841255	-0.198637	-0.29231	-0.359281	-0.389562	-0.393302	
0.244507	0.244507	0.239142	0.240169	0.236167	0.200248	0.126263	0.0225888	-0.104154	-0.244968	-0.372713	-0.457412	-0.470648	-0.393154	-0.235079	-0.0168972	0.247903	0.526586	0.781839	0.99853	1.16424	1.28807	1.37855	1.42673	1.45056	1.46483	1.46782	1.47233	1.49679	1.53626	1.57683	1.5956	1.59313	1.56113	1.48044	1.35326	1.20035	1.03225	0.847487	0.658203	0.481148	0.303981	0.124751	-0.040821	-0.180137	-0.295087	-0.39361	-0.469676	-0.509445	-0.521021	
0.323506	0.323506	0.314522	0.299855	0.266354	0.198154	0.0911601	-0.04268	-0.201085	-0.362613	-0.498624	-0.578031	-0.586494	-0.505537	-0.345181	-0.120482	0.144233	0.419822	0.681189	0.910337	1.08805	1.21995	1.31465	1.37124	1.41462	1.44938	1.47071	1.49679	1.54452	1.60769	1.66852	1.69801	1.68847	1.63973	1.53942	1.3858	1.19498	0.991943	0.775297	0.564101	0.379626	0.200856	0.0204056	-0.145061	-0.285307	-0.401403	-0.496573	-0.572266	-0.613678	-0.62465	
0.426817	0.426817	0.41811	0.387746	0.324754	0.225442	0.0931458	-0.0724716	-0.261897	-0.442342	-0.578753	-0.657994	-0.665167	-0.587216	-0.431005	-0.208786	0.055055	0.325583	0.584369	0.819357	1.00715	1.14705	1.24813	1.31992	1.37944	1.42775	1.47192	1.53626	1.60769	1.67109	1.73513	1.7868	1.77508	1.69305	1.56594	1.39834	1.18476	0.948568	0.703971	0.474334	0.279896	0.100505	-0.0762295	-0.240979	-0.38736	-0.503346	-0.590745	-0.658107	-0.696261	-0.705982	
0.5542	0.5542	0.541426	0.49295	0.402659	0.281594	0.129379	-0.0609218	-0.275716	-0.471399	-0.614434	-0.69527	-0.69771	-0.620646	-0.472174	-0.262904	-0.00829415	0.251249	0.506312	0.742007	0.939758	1.08695	1.19375	1.27649	1.35053	1.41465	1.48321	1.57683	1.66852	1.73513	1.79942	1.84509	1.81844	1.71109	1.5638	1.37994	1.15542	0.904092	0.643936	0.403702	0.200462	0.0178827	-0.151645	-0.314013	-0.457739	-0.570654	-0.651086	-0.71044	-0.742537	-0.744553	
0.690457	0.690457	0.660747	0.593965	0.493036	0.353773	0.178844	-0.0310569	-0.249946	-0.451694	-0.602697	-0.689179	-0.686373	-0.605114	-0.461445	-0.26605	-0.0306965	0.217949	0.465597	0.699569	0.896295	1.04768	1.15857	1.24628	1.32985	1.41599	1.50208	1.5956	1.69801	1.7868	1.84509	1.85603	1.80066	1.68704	1.53075	1.332	1.10002	0.856945	0.606258	0.368211	0.162749	-0.0208919	-0.194298	-0.351961	-0.488806	-0.595452	-0.671102	-0.721624	-0.747266	-0.736338	
0.810767	0.810767	0.768902	0.6902	0.576508	0.420489	0.225103	0.00821992	-0.206321	-0.398044	-0.54769	-0.632734	-0.62969	-0.546694	-0.40726	-0.220757	0.00658978	0.249066	0.484147	0.698873	0.880803	1.0232	1.13589	1.22877	1.31629	1.41082	1.50378	1.59313	1.68847	1.77508	1.81844	1.80066	1.72733	1.61669	1.46148	1.26133	1.04479	0.823328	0.592294	0.37113	0.174779	-0.0079398	-0.180176	-0.338776	-0.476913	-0.581606	-0.654962	-0.698979	-0.715295	-0.702399	
0.91737	0.91737	0.868506	0.776508	0.648344	0.480937	0.276238	0.0543627	-0.152305	-0.327573	-0.462167	-0.53627	-0.527225	-0.442223	-0.303617	-0.120592	0.102639	0.337371	0.553023	0.741522	0.900082	1.02363	1.12759	1.22034	1.30465	1.38822	1.47471	1.56113	1.63973	1.69305	1.71109	1.68704	1.61669	1.50557	1.36012	1.18805	1.0046	0.810261	0.612697	0.421739	0.238836	0.0625117	-0.109373	-0.273653	-0.419671	-0.532911	-0.606508	-0.643492	-0.654934	-0.645826	
1.00373	1.00373	0.952562	0.852257	0.708131	0.531942	0.327563	0.114357	-0.0873569	-0.25242	-0.368476	-0.414122	-0.385225	-0.285069	-0.13779	0.0427363	0.248953	0.461342	0.651294	0.819421	0.961302	1.06347	1.14163	1.21748	1.28752	1.34726	1.41042	1.48044	1.53942	1.56594	1.5638	1.53075	1.46148	1.36012	1.24504	1.12245	0.984549	0.831032	0.68165	0.52718	0.35749	0.178292	0.00156942	-0.169636	-0.322393	-0.443005	-0.522005	-0.563046	-0.579018	-0.575176	
1.06719	1.06719	1.01948	0.915448	0.760268	0.579545	0.382621	0.17697	-0.0192133	-0.170056	-0.259004	-0.27216	-0.215302	-0.0913632	0.0694098	0.245572	0.425308	0.604325	0.76842	0.917103	1.03988	1.12132	1.17102	1.20882	1.24729	1.28189	1.31558	1.35326	1.3858	1.39834	1.37994	1.332	1.26133	1.18805	1.12245	1.0584	0.980544	0.885373	0.780218	0.6539	0.499469	0.322646	0.139747	-0.0358356	-0.194169	-0.321089	-0.411456	-0.467756	-0.495814	-0.498355	
1.10377	1.10377	1.05696	0.952815	0.794636	0.615325	0.425651	0.230157	0.0456242	-0.0825984	-0.136886	-0.112492	-0.0264888	0.109749	0.272775	0.442002	0.604666	0.754777	0.895045	1.01695	1.11041	1.16771	1.194	1.19342	1.18453	1.184	1.19386	1.20035	1.19498	1.18476	1.15542	1.10002	1.04479	1.0046	0.984549	0.980544	0.977784	0.94347	0.871739	0.767579	0.637081	0.47715	0.295752	0.108491	-0.0597937	-0.200265	-0.302848	-0.369493	-0.404964	-0.410302	
1.11514	1.11514	1.05653	0.951329	0.80398	0.62663	0.437488	0.25793	0.105801	0.00849409	-0.015942	0.0347895	0.141816	0.285825	0.445827	0.603214	0.746368	0.876331	0.998853	1.1001	1.16522	1.19678	1.19602	1.16125	1.11258	1.07457	1.05658	1.03225	0.991943	0.948568	0.904092	0.856945	0.823328	0.810261	0.831032	0.885373	0.94347	0.962857	0.927385	0.852211	0.754956	0.6171	0.440884	0.245091	0.0640345	-0.0882346	-0.201249	-0.273599	-0.311335	-0.307743	
1.0794	1.0794	1.01391	0.90457	0.762824	0.591563	0.412315	0.254434	0.137916	0.0731841	0.0748667	0.14281	0.260386	0.405422	0.558327	0.702218	0.830059	0.94419	1.05168	1.1367	1.18348	1.1879	1.15463	1.09501	1.02961	0.965481	0.907955	0.847487	0.775297	0.703971	0.643936	0.606258	0.592294	0.612697	0.68165	0.780218	0.871739	0.927385	0.93117	0.895278	0.82886	0.714003	0.550877	0.356329	0.165518	0.00306509	-0.122466	-0.202119	-0.235029	-0.216733	
0.996812	0.996812	0.929826	0.817615	0.677312	0.513949	0.347829	0.212538	0.126712	0.0884809	0.10666	0.185367	0.309102	0.451081	0.594045	0.726864	0.845339	0.948332	1.04003	1.10749	1.14068	1.13011	1.07824	1.00443	0.93131	0.846852	0.753543	0.658203	0.564101	0.474334	0.403702	0.368211	0.37113	0.421739	0.52718	0.6539	0.767579	0.852211	0.895278	0.893616	0.851584	0.760049	0.618392	0.431261	0.238631	0.0683186	-0.0633223	-0.140155	-0.167395	-0.140019	
0.886537	0.886537	0.818401	0.702542	0.559096	0.402468	0.253091	0.135203	0.0638956	0.0408635	0.0709121	0.156414	0.28355	0.422971	0.556267	0.678801	0.789002	0.880444	0.957549	1.0149	1.04166	1.02764	0.974739	0.893139	0.801468	0.697934	0.589284	0.481148	0.379626	0.279896	0.200462	0.162749	0.174779	0.238836	0.35749	0.499469	0.637081	0.754956	0.82886	0.851584	0.830948	0.75832	0.638927	0.469742	0.283272	0.114623	-0.00898027	-0.0790055	-0.10036	-0.0637121	
0.759234	0.759234	0.697628	0.577847	0.420015	0.259943	0.127563	0.0230514	-0.0444791	-0.0610478	-0.0216281	0.0644609	0.185583	0.324309	0.452258	0.561243	0.654888	0.737949	0.806658	0.861567	0.886596	0.870159	0.81758	0.731515	0.627513	0.5155	0.408625	0.303981	0.200856	0.100505	0.0178827	-0.0208919	-0.0079398	0.0625117	0.178292	0.322646	0.47715	0.6171	0.714003	0.760049	0.75832	0.704478	0.606807	0.46402	0.295306	0.143832	0.0295887	-0.0331963	-0.0437586	0.000228993	
0.62378	0.62378	0.556065	0.429342	0.266891	0.107253	-0.0287504	-0.129846	-0.192047	-0.202887	-0.162023	-0.0750761	0.0361659	0.164239	0.288076	0.388488	0.471882	0.544168	0.6066	0.657992	0.683706	0.665382	0.617511	0.53764	0.435734	0.328592	0.228187	0.124751	0.0204056	-0.0762295	-0.151645	-0.194298	-0.180176	-0.109373	0.00156942	0.139747	0.295752	0.440884	0.550877	0.618392	0.638927	0.606807	0.536161	0.419652	0.280094	0.148735	0.0486427	-0.00488603	-0.00217482	0.0461856	
0.474414	0.474414	0.403933	0.272846	0.113814	-0.0430012	-0.185274	-0.295512	-0.358245	-0.372793	-0.335528	-0.253077	-0.150183	-0.0320533	0.0828832	0.17159	0.242523	0.307293	0.360499	0.40992	0.43856	0.429729	0.392295	0.325858	0.241671	0.152811	0.0608053	-0.040821	-0.145061	-0.240979	-0.314013	-0.351961	-0.338776	-0.273653	-0.169636	-0.0358356	0.108491	0.245091	0.356329	0.431261	0.469742	0.46402	0.419652	0.335966	0.226636	0.120279	0.0416019	0.00696057	0.0208904	0.0757759	
0.304401	0.304401	0.236754	0.113719	-0.0366684	-0.190539	-0.335649	-0.451811	-0.521711	-0.543965	-0.516334	-0.445237	-0.350915	-0.243477	-0.142736	-0.0664636	-0.00233156	0.0534221	0.099002	0.147029	0.186598	0.19733	0.176981	0.127942	0.0693758	0.000902096	-0.0841255	-0.180137	-0.285307	-0.38736	-0.457739	-0.488806	-0.476913	-0.419671	-0.322393	-0.194169	-0.0597937	0.0640345	0.165518	0.238631	0.283272	0.295306	0.280094	0.226636	0.144358	0.0671371	0.0125027	-0.00649019	0.0205961	0.083866	
0.155485	0.155485	0.085864	-0.0283393	-0.169349	-0.322243	-0.460619	-0.571237	-0.644114	-0.673914	-0.659552	-0.613151	-0.537815	-0.444553	-0.359631	-0.297787	-0.239943	-0.187431	-0.140746	-0.0881096	-0.0335473	0.000313177	0.00147047	-0.0267385	-0.0627625	-0.116316	-0.198637	-0.295087	-0.401403	-0.503346	-0.570654	-0.595452	-0.581606	-0.532911	-0.443005	-0.321089	-0.200265	-0.0882346	0.00306509	0.0683186	0.114623	0.143832	0.148735	0.120279	0.0671371	0.0150471	-0.0164319	-0.0197422	0.0175825	0.0884895	
0.0708932	0.0708932	0.00119523	-0.11302	-0.257164	-0.410704	-0.534447	-0.624798	-0.692487	-0.734681	-0.736296	-0.7116	-0.665326	-0.603894	-0.538608	-0.487294	-0.438644	-0.387819	-0.331619	-0.265005	-0.197057	-0.141666	-0.117826	-0.126423	-0.154044	-0.206276	-0.29231	-0.39361	-0.496573	-0.590745	-0.651086	-0.671102	-0.654962	-0.606508	-0.522005	-0.411456	-0.302848	-0.201249	-0.122466	-0.0633223	-0.00898027	0.0295887	0.0486427	0.0416019	0.0125027	-0.0164319	-0.027136	-0.0085044	0.0415835	0.107251	
0.0571005	0.0571005	-0.0118757	-0.136332	-0.283524	-0.428561	-0.542446	-0.623645	-0.677718	-0.721133	-0.739239	-0.737874	-0.715494	-0.681295	-0.642303	-0.60647	-0.561595	-0.507484	-0.442016	-0.362745	-0.283213	-0.216821	-0.174127	-0.169448	-0.198344	-0.261392	-0.359281	-0.469676	-0.572266	-0.658107	-0.71044	-0.721624	-0.698979	-0.643492	-0.563046	-0.467756	-0.369493	-0.273599	-0.202119	-0.140155	-0.0790055	-0.0331963	-0.00488603	0.00696057	-0.00649019	-0.0197422	-0.0085044	0.0317244	0.0855762	0.135854	
0.0897909	0.0897909	0.0210742	-0.105228	-0.24846	-0.381254	-0.491186	-0.571142	-0.623659	-0.661741	-0.685626	-0.702901	-0.700821	-0.679017	-0.651256	-0.623323	-0.580478	-0.527513	-0.458879	-0.374042	-0.289108	-0.213403	-0.159879	-0.154644	-0.197898	-0.27711	-0.389562	-0.509445	-0.613678	-0.696261	-0.742537	-0.747266	-0.715295	-0.654934	-0.579018	-0.495814	-0.404964	-0.311335	-0.235029	-0.167395	-0.10036	-0.0437586	-0.00217482	0.0208904	0.0205961	0.0175825	0.0415835	0.0855762	0.129278	0.159547	
0.136833	0.136833	0.069723	-0.0445326	-0.174075	-0.298031	-0.398982	-0.477594	-0.539868	-0.579868	-0.602254	-0.626007	-0.630875	-0.606749	-0.575702	-0.543043	-0.502619	-0.450781	-0.381254	-0.297961	-0.216185	-0.138464	-0.0899235	-0.100815	-0.162806	-0.263449	-0.393302	-0.521021	-0.62465	-0.705982	-0.744553	-0.736338	-0.702399	-0.645826	-0.575176	-0.498355	-0.410302	-0.307743	-0.216733	-0.140019	-0.0637121	0.000228993	0.0461856	0.0757759	0.083866	0.0884895	0.107251	0.135854	0.159547	0.162072	
