-0.133692	-0.133798	-0.139286	-0.137068	-0.139382	-0.140707	-0.143496	-0.164911	-0.172456	-0.166759	-0.164134	-0.175769	-0.204635	-0.216368	-0.208165	-0.206692	-0.224425	-0.26914	-0.313109	-0.318819	-0.30235	-0.296189	-0.32338	-0.417351	-0.583391	-0.779784	-0.968979	-1.12442	-1.19906	-1.1525	-0.988321	-0.725928	-0.368525	0.0704718	0.539295	0.974793	1.34295	1.63465	1.83213	1.89924	1.8087	1.57302	1.24684	0.901984	0.597729	0.365086	0.208392	0.116547	0.0751992	0.0751992	
-0.133692	-0.133798	-0.139286	-0.137068	-0.139382	-0.140707	-0.143496	-0.164911	-0.172456	-0.166759	-0.164134	-0.175769	-0.204635	-0.216368	-0.208165	-0.206692	-0.224425	-0.26914	-0.313109	-0.318819	-0.30235	-0.296189	-0.32338	-0.417351	-0.583391	-0.779784	-0.968979	-1.12442	-1.19906	-1.1525	-0.988321	-0.725928	-0.368525	0.0704718	0.539295	0.974793	1.34295	1.63465	1.83213	1.89924	1.8087	1.57302	1.24684	0.901984	0.597729	0.365086	0.208392	0.116547	0.0751992	0.0751992	
-0.122439	-0.128035	-0.128957	-0.134979	-0.14596	-0.153961	-0.157452	-0.152318	-0.156897	-0.170928	-0.176167	-0.183258	-0.197901	-0.205805	-0.209103	-0.218854	-0.238905	-0.269255	-0.296827	-0.306854	-0.306274	-0.314237	-0.353198	-0.447702	-0.59987	-0.780773	-0.956659	-1.09593	-1.15806	-1.11072	-0.951203	-0.691501	-0.339728	0.0852004	0.53744	0.96265	1.32634	1.61265	1.80167	1.86254	1.77408	1.54925	1.23771	0.905328	0.608136	0.377303	0.219241	0.125155	0.0823063	0.0823063	
-0.12363	-0.128598	-0.13414	-0.142866	-0.147337	-0.15713	-0.158032	-0.144895	-0.150446	-0.17131	-0.194753	-0.198415	-0.181529	-0.188251	-0.217806	-0.241538	-0.257116	-0.264793	-0.272787	-0.291889	-0.315914	-0.348842	-0.408944	-0.502953	-0.629558	-0.781182	-0.930289	-1.03913	-1.07882	-1.02934	-0.877511	-0.624031	-0.285064	0.112594	0.533875	0.939136	1.29277	1.56764	1.74074	1.79081	1.70729	1.50363	1.22017	0.911711	0.6282	0.401029	0.24049	0.142173	0.0964661	0.0964661	
-0.137664	-0.139454	-0.144354	-0.146152	-0.135185	-0.138962	-0.152547	-0.161717	-0.16891	-0.175416	-0.190302	-0.190709	-0.178763	-0.195346	-0.228958	-0.255735	-0.268703	-0.258082	-0.252901	-0.284018	-0.335323	-0.399217	-0.482686	-0.572304	-0.666473	-0.778154	-0.887031	-0.954694	-0.966241	-0.912243	-0.768774	-0.526654	-0.209918	0.149125	0.52881	0.905356	1.2415	1.49803	1.64972	1.68737	1.61295	1.43969	1.19553	0.920542	0.656501	0.434922	0.271281	0.167221	0.117562	0.117562	
-0.135319	-0.136115	-0.13674	-0.143933	-0.145011	-0.139638	-0.153552	-0.174224	-0.178584	-0.176256	-0.177548	-0.182656	-0.194727	-0.213934	-0.236596	-0.260749	-0.268561	-0.251014	-0.248259	-0.292895	-0.369562	-0.463472	-0.562981	-0.64239	-0.702955	-0.767247	-0.823835	-0.844515	-0.82632	-0.764245	-0.628227	-0.40471	-0.121219	0.190733	0.522288	0.862013	1.17126	1.40224	1.52992	1.55718	1.49734	1.3621	1.1654	0.930972	0.691103	0.477147	0.31042	0.19974	0.145399	0.145399	
-0.13129	-0.132771	-0.128441	-0.136958	-0.157593	-0.161726	-0.162857	-0.171227	-0.175435	-0.171045	-0.171556	-0.194403	-0.217225	-0.227165	-0.243004	-0.256818	-0.255113	-0.251783	-0.268959	-0.3247	-0.420676	-0.535539	-0.637219	-0.701373	-0.730287	-0.742049	-0.738658	-0.712154	-0.665007	-0.590654	-0.461598	-0.265784	-0.0262299	0.233659	0.513746	0.808709	1.08052	1.27963	1.38422	1.40663	1.36769	1.27594	1.13149	0.941959	0.72976	0.525557	0.356473	0.239028	0.179691	0.179691	
-0.130654	-0.142309	-0.145518	-0.144442	-0.156531	-0.167204	-0.16766	-0.165109	-0.171078	-0.176297	-0.180807	-0.207743	-0.235189	-0.242123	-0.242625	-0.238218	-0.243926	-0.274315	-0.315342	-0.379687	-0.486876	-0.605337	-0.694441	-0.740561	-0.738657	-0.695343	-0.631838	-0.562406	-0.487253	-0.397525	-0.277571	-0.118994	0.0686695	0.274755	0.501418	0.743604	0.967973	1.13138	1.2174	1.24309	1.23136	1.18607	1.09529	0.952351	0.770134	0.577889	0.407876	0.284252	0.22004	0.22004	
-0.134744	-0.144349	-0.160769	-0.160078	-0.161387	-0.163244	-0.160806	-0.161915	-0.170734	-0.189765	-0.206715	-0.224991	-0.243035	-0.241769	-0.228456	-0.227776	-0.259782	-0.31808	-0.379268	-0.455557	-0.560637	-0.661108	-0.727832	-0.753085	-0.717671	-0.621999	-0.506571	-0.39982	-0.296994	-0.1926	-0.0873762	0.0264789	0.158719	0.311081	0.481894	0.663767	0.833455	0.961126	1.03616	1.07435	1.09505	1.09662	1.05794	0.960997	0.810007	0.631943	0.46303	0.33449	0.265931	0.265931	
-0.153846	-0.150548	-0.157433	-0.157084	-0.154071	-0.157651	-0.159808	-0.17147	-0.1916	-0.215376	-0.226956	-0.227272	-0.232676	-0.23018	-0.225809	-0.247721	-0.300706	-0.376025	-0.459919	-0.543707	-0.625877	-0.694099	-0.734618	-0.731737	-0.659204	-0.521677	-0.3673	-0.227366	-0.0986065	0.0138969	0.0968705	0.163059	0.240569	0.339	0.450212	0.566254	0.678899	0.77517	0.848511	0.907783	0.964194	1.01061	1.02014	0.966866	0.847462	0.685738	0.520399	0.388751	0.316725	0.316725	
-0.154499	-0.150211	-0.147582	-0.149025	-0.150874	-0.165592	-0.182595	-0.197077	-0.211075	-0.227272	-0.230473	-0.216622	-0.215926	-0.230569	-0.253525	-0.294882	-0.358987	-0.450671	-0.550929	-0.623257	-0.668596	-0.702084	-0.710629	-0.669259	-0.562004	-0.398596	-0.21688	-0.0470845	0.100821	0.209895	0.264733	0.285606	0.31108	0.353454	0.400851	0.449674	0.508999	0.581928	0.662872	0.749612	0.842566	0.929858	0.982236	0.969145	0.880999	0.737615	0.578568	0.446014	0.371671	0.371671	
-0.142292	-0.143486	-0.150997	-0.162107	-0.169448	-0.187894	-0.207244	-0.21711	-0.21728	-0.216538	-0.218009	-0.213129	-0.221777	-0.254904	-0.301946	-0.363241	-0.441474	-0.537623	-0.627827	-0.674721	-0.686122	-0.682614	-0.6476	-0.564041	-0.432991	-0.257425	-0.0557457	0.136805	0.290554	0.384095	0.409531	0.390664	0.365798	0.348208	0.329546	0.315647	0.331157	0.390849	0.486911	0.604332	0.73221	0.855134	0.944286	0.96732	0.909592	0.786287	0.636297	0.505254	0.429923	0.429923	
-0.148857	-0.155118	-0.166341	-0.188914	-0.198291	-0.204711	-0.21264	-0.213905	-0.210123	-0.208761	-0.216363	-0.224626	-0.249865	-0.305833	-0.376054	-0.453938	-0.53499	-0.611705	-0.673007	-0.695317	-0.675501	-0.625533	-0.541441	-0.424813	-0.281502	-0.0996528	0.114517	0.315026	0.458532	0.529217	0.528289	0.474436	0.398326	0.317454	0.235336	0.169467	0.154573	0.210959	0.326577	0.474479	0.633645	0.786389	0.906247	0.961206	0.93269	0.830853	0.692544	0.565473	0.490565	0.490565	
-0.171506	-0.185032	-0.187528	-0.199347	-0.208204	-0.208686	-0.209211	-0.207796	-0.204006	-0.20616	-0.230503	-0.264994	-0.31079	-0.385084	-0.470994	-0.549377	-0.61126	-0.655499	-0.686761	-0.683242	-0.624135	-0.523658	-0.400618	-0.264201	-0.112175	0.0734498	0.286019	0.474647	0.59602	0.643094	0.61922	0.531098	0.401582	0.258325	0.121906	0.0195528	-0.0113249	0.0494718	0.185506	0.360741	0.546267	0.723095	0.868079	0.950934	0.950164	0.870771	0.746471	0.625725	0.552648	0.552648	
-0.186359	-0.200851	-0.205047	-0.20757	-0.205408	-0.198237	-0.197997	-0.201884	-0.211946	-0.232137	-0.276972	-0.338554	-0.403599	-0.481399	-0.560436	-0.621936	-0.658236	-0.670229	-0.665741	-0.624602	-0.523755	-0.385623	-0.239176	-0.0881399	0.0731321	0.253589	0.444531	0.604976	0.700488	0.72607	0.67863	0.553277	0.370754	0.173045	-0.00258358	-0.124247	-0.158611	-0.0891312	0.0649488	0.262365	0.46882	0.664541	0.829834	0.936905	0.962231	0.905809	0.797437	0.68514	0.615215	0.615215	
-0.201026	-0.201669	-0.196304	-0.194698	-0.196733	-0.19214	-0.197951	-0.219094	-0.252104	-0.295748	-0.360884	-0.437172	-0.502754	-0.566812	-0.626329	-0.664474	-0.672969	-0.647505	-0.596282	-0.513653	-0.38429	-0.226141	-0.063078	0.102278	0.265683	0.424041	0.576654	0.702471	0.773412	0.776609	0.700201	0.535144	0.306435	0.0694234	-0.127289	-0.252861	-0.282178	-0.203345	-0.0358364	0.177706	0.399825	0.610054	0.791691	0.919712	0.969359	0.935985	0.844988	0.742938	0.677343	0.677343	
-0.192663	-0.19335	-0.186644	-0.182219	-0.192057	-0.207381	-0.234283	-0.276631	-0.333573	-0.392709	-0.457907	-0.530162	-0.586296	-0.629801	-0.663604	-0.671201	-0.641997	-0.571928	-0.476251	-0.364439	-0.221279	-0.050219	0.12756	0.298526	0.4469	0.568183	0.67701	0.769109	0.814665	0.789292	0.677972	0.476423	0.215969	-0.0408233	-0.241415	-0.359897	-0.380246	-0.29423	-0.118926	0.10476	0.337901	0.559124	0.753944	0.900071	0.972181	0.961508	0.888829	0.798445	0.738166	0.738166	
-0.173714	-0.17851	-0.1884	-0.201243	-0.231079	-0.265386	-0.310851	-0.367685	-0.429787	-0.489914	-0.548914	-0.608715	-0.646535	-0.660573	-0.657339	-0.624494	-0.554639	-0.447638	-0.321795	-0.191725	-0.0387616	0.141963	0.323407	0.480936	0.598431	0.678851	0.747214	0.805566	0.819195	0.757709	0.611234	0.384614	0.11199	-0.145239	-0.336776	-0.442597	-0.454025	-0.364592	-0.187019	0.0415804	0.281935	0.511443	0.716973	0.878739	0.971416	0.982717	0.928806	0.851096	0.7969	0.7969	
-0.187382	-0.203037	-0.229714	-0.25901	-0.304124	-0.35455	-0.406416	-0.465699	-0.528867	-0.580975	-0.620159	-0.655989	-0.665881	-0.640945	-0.593568	-0.520924	-0.42035	-0.290892	-0.144877	0.00154823	0.161517	0.338709	0.503189	0.630684	0.713028	0.757421	0.787828	0.806616	0.779822	0.680355	0.50775	0.273758	0.00880772	-0.233853	-0.409253	-0.50168	-0.506792	-0.418055	-0.242855	-0.0134808	0.231139	0.466889	0.681196	0.856466	0.967802	1.00003	0.964876	0.900436	0.852857	0.852857	
-0.23291	-0.266297	-0.306487	-0.347106	-0.400233	-0.45592	-0.509882	-0.561348	-0.609064	-0.644377	-0.656447	-0.65409	-0.624322	-0.55967	-0.476604	-0.376452	-0.255219	-0.108793	0.0540386	0.210666	0.363336	0.516619	0.64834	0.741662	0.792858	0.804252	0.792734	0.764052	0.694178	0.564909	0.382836	0.160337	-0.0815712	-0.301163	-0.458833	-0.540371	-0.54279	-0.45829	-0.288854	-0.0616906	0.185014	0.425472	0.647035	0.833946	0.96206	1.01392	0.997088	0.946116	0.905454	0.905454	
-0.313065	-0.353701	-0.407179	-0.453143	-0.505068	-0.556864	-0.598754	-0.633282	-0.655643	-0.656385	-0.628851	-0.587862	-0.526027	-0.432224	-0.322217	-0.200141	-0.061766	0.0967126	0.265385	0.414936	0.541651	0.658167	0.75439	0.816947	0.83829	0.812383	0.752539	0.674742	0.569943	0.427582	0.254787	0.058517	-0.152027	-0.346381	-0.488544	-0.563118	-0.566291	-0.488525	-0.32696	-0.103958	0.14328	0.387285	0.614882	0.811803	0.954859	1.02485	1.02556	0.987884	0.954216	0.954216	
-0.422425	-0.465111	-0.513998	-0.557186	-0.598201	-0.632481	-0.649297	-0.649872	-0.636405	-0.604789	-0.544698	-0.470996	-0.382864	-0.266715	-0.135114	0.00510224	0.153869	0.310249	0.464636	0.589199	0.681198	0.760967	0.82481	0.856161	0.841599	0.771861	0.663793	0.546635	0.424242	0.288019	0.139403	-0.0230207	-0.200805	-0.372285	-0.502968	-0.574477	-0.580997	-0.511337	-0.358646	-0.140914	0.105798	0.352459	0.585081	0.790573	0.9468	1.03329	1.05044	1.02557	0.99877	0.99877	
-0.530293	-0.56929	-0.608898	-0.63056	-0.643694	-0.648948	-0.63554	-0.605148	-0.55958	-0.498298	-0.411227	-0.311615	-0.201813	-0.0664652	0.081233	0.227568	0.368605	0.503669	0.629039	0.722654	0.781867	0.827898	0.857362	0.850292	0.792891	0.680076	0.535402	0.397911	0.277873	0.163089	0.046323	-0.0817178	-0.230277	-0.383503	-0.506895	-0.578388	-0.589801	-0.52865	-0.38499	-0.172995	0.0725053	0.321128	0.557927	0.770707	0.938411	1.03968	1.07193	1.05909	1.03884	1.03884	
-0.617544	-0.629917	-0.643377	-0.643121	-0.629551	-0.605623	-0.562567	-0.503776	-0.431018	-0.344785	-0.23481	-0.112208	0.015111	0.158512	0.304553	0.437911	0.555196	0.659088	0.752555	0.817046	0.845049	0.853973	0.841376	0.789799	0.691409	0.548034	0.387055	0.250344	0.148379	0.0628304	-0.0216567	-0.119738	-0.244985	-0.384954	-0.504464	-0.57788	-0.594794	-0.541843	-0.406779	-0.200523	0.043373	0.293411	0.533658	0.752576	0.93014	1.04439	1.09022	1.0884	1.07422	1.07422	
-0.641338	-0.636281	-0.624868	-0.595803	-0.553082	-0.503793	-0.436287	-0.351241	-0.253864	-0.146241	-0.0177654	0.117265	0.245001	0.377809	0.505564	0.613651	0.701443	0.774379	0.837471	0.871289	0.862542	0.827075	0.768368	0.676544	0.551043	0.397556	0.241544	0.121741	0.0457504	-0.0101772	-0.06694	-0.141725	-0.249875	-0.380862	-0.498807	-0.575083	-0.597408	-0.551885	-0.424599	-0.223745	0.0183781	0.269408	0.512466	0.73648	0.922365	1.04779	1.10552	1.1135	1.10478	1.10478	
-0.609116	-0.575512	-0.539914	-0.489691	-0.423393	-0.347283	-0.255174	-0.149405	-0.0325748	0.08685	0.215244	0.343476	0.456951	0.566977	0.668082	0.748584	0.807997	0.84998	0.878602	0.874184	0.821941	0.740995	0.643735	0.527701	0.39585	0.252462	0.116691	0.0216015	-0.0279974	-0.0588598	-0.0945835	-0.152809	-0.249178	-0.374359	-0.492068	-0.571399	-0.598591	-0.559458	-0.438898	-0.242871	-0.0025059	0.249192	0.494497	0.722656	0.915395	1.05017	1.11801	1.13443	1.13045	1.13045	
-0.514211	-0.459825	-0.398787	-0.322772	-0.231382	-0.136719	-0.0293167	0.0870802	0.203839	0.316292	0.433315	0.543574	0.632447	0.715665	0.790548	0.843404	0.871283	0.876014	0.862497	0.814687	0.720984	0.605713	0.488243	0.369245	0.250175	0.130263	0.0212357	-0.0489161	-0.076493	-0.0888075	-0.110088	-0.157366	-0.24599	-0.367518	-0.485596	-0.567704	-0.598966	-0.565051	-0.450025	-0.258079	-0.0193113	0.232815	0.479864	0.711284	0.909476	1.05179	1.12787	1.15124	1.15119	1.15119	
-0.350807	-0.274061	-0.193111	-0.102189	-0.000344459	0.102635	0.209501	0.318795	0.426736	0.522731	0.615712	0.702572	0.768446	0.825187	0.869949	0.888582	0.877333	0.838689	0.781576	0.696185	0.575098	0.445616	0.329296	0.225271	0.130509	0.0385888	-0.0446498	-0.0942398	-0.105889	-0.105907	-0.11809	-0.15857	-0.242305	-0.361578	-0.480183	-0.564528	-0.598939	-0.569014	-0.458253	-0.269517	-0.032073	0.220313	0.468647	0.702503	0.904797	1.05283	1.13524	1.16398	1.16699	1.16699	
-0.132811	-0.0432228	0.0450688	0.13928	0.241186	0.336355	0.432632	0.526869	0.613234	0.688181	0.761067	0.823908	0.860436	0.883716	0.891469	0.869366	0.815434	0.7361	0.645803	0.539771	0.411996	0.288822	0.189892	0.11046	0.0428251	-0.0235389	-0.0861419	-0.121028	-0.122396	-0.115007	-0.121907	-0.158454	-0.239284	-0.357221	-0.476269	-0.562186	-0.598774	-0.571594	-0.463786	-0.277306	-0.0408238	0.211707	0.460903	0.696409	0.901497	1.05346	1.14023	1.1727	1.17784	1.17784	
0.112324	0.199144	0.28545	0.372224	0.461248	0.542738	0.62088	0.696467	0.76509	0.816507	0.859903	0.891145	0.893016	0.877043	0.842842	0.779957	0.690867	0.585716	0.48174	0.375497	0.259374	0.156308	0.0822639	0.0286744	-0.0152739	-0.0620394	-0.110248	-0.135686	-0.130983	-0.119516	-0.123646	-0.158189	-0.23754	-0.354789	-0.474084	-0.560857	-0.598632	-0.572952	-0.466764	-0.281531	-0.0455897	0.207009	0.456668	0.693066	0.89967	1.05377	1.14293	1.17745	1.18376	1.18376	
0.347791	0.429501	0.502036	0.57421	0.649431	0.714003	0.77392	0.826359	0.866363	0.887619	0.897974	0.891282	0.852228	0.795965	0.726119	0.635623	0.529091	0.417979	0.319776	0.229281	0.135415	0.0573635	0.00787564	-0.024043	-0.0504863	-0.0841659	-0.12339	-0.143167	-0.135056	-0.121559	-0.124519	-0.158406	-0.237378	-0.354446	-0.473735	-0.560628	-0.598599	-0.573175	-0.467263	-0.282238	-0.0463861	0.206225	0.455962	0.692507	0.899363	1.05382	1.14338	1.17824	1.18474	1.18474	
0.558882	0.624107	0.685822	0.743892	0.799113	0.840377	0.872808	0.89617	0.903682	0.887323	0.858439	0.813293	0.7395	0.65563	0.56656	0.46656	0.361551	0.262199	0.183132	0.115646	0.0459317	-0.00906009	-0.038691	-0.0550667	-0.070244	-0.0962549	-0.130363	-0.146761	-0.136688	-0.122342	-0.12518	-0.159434	-0.238954	-0.356261	-0.47526	-0.561521	-0.598691	-0.572281	-0.465296	-0.279437	-0.0432155	0.209356	0.458787	0.694739	0.900587	1.05362	1.14159	1.17508	1.1808	1.1808	
0.735367	0.788861	0.827474	0.85996	0.888712	0.901272	0.901868	0.888409	0.858595	0.807179	0.745606	0.673157	0.580369	0.48607	0.395813	0.304452	0.21565	0.137287	0.0815194	0.0367377	-0.012397	-0.0496064	-0.0653101	-0.0718697	-0.0807087	-0.102876	-0.134261	-0.148403	-0.137013	-0.122501	-0.125976	-0.161464	-0.242364	-0.360266	-0.478645	-0.563503	-0.598864	-0.570214	-0.460815	-0.273096	-0.0360674	0.216399	0.465131	0.699739	0.903307	1.05313	1.13752	1.16795	1.17193	1.17193	
0.859772	0.884302	0.898595	0.90492	0.90239	0.879565	0.845018	0.800359	0.740156	0.662911	0.585194	0.502768	0.407192	0.320369	0.244622	0.171528	0.103818	0.048244	0.0141464	-0.01276	-0.0473456	-0.0724361	-0.0792562	-0.0802848	-0.0861641	-0.106913	-0.136854	-0.149104	-0.136601	-0.122368	-0.127118	-0.164644	-0.247697	-0.366471	-0.483841	-0.566491	-0.599011	-0.566853	-0.453707	-0.263143	-0.0249196	0.227344	0.474964	0.707456	0.907449	1.05227	1.13112	1.15683	1.15811	1.15811	
0.905634	0.907033	0.889189	0.86194	0.826501	0.775855	0.716982	0.649652	0.575307	0.491742	0.41174	0.334207	0.252515	0.183565	0.126776	0.0745686	0.0279185	-0.00844187	-0.0264245	-0.0414801	-0.0669595	-0.0843715	-0.0859172	-0.0842321	-0.0892462	-0.109996	-0.139041	-0.14932	-0.135714	-0.122132	-0.128769	-0.169123	-0.255048	-0.374875	-0.490757	-0.570348	-0.598963	-0.562007	-0.443801	-0.249477	-0.00974233	0.242173	0.488239	0.717805	0.912893	1.05091	1.12227	1.14166	1.13935	1.13935	
0.863784	0.832803	0.7884	0.739769	0.686089	0.618182	0.547402	0.476757	0.401167	0.322088	0.256991	0.196119	0.13109	0.082338	0.0462825	0.0120695	-0.0192618	-0.0417347	-0.0485995	-0.0569907	-0.0776496	-0.09031	-0.0887397	-0.0860128	-0.0914255	-0.112974	-0.141209	-0.149209	-0.134468	-0.121933	-0.131097	-0.175077	-0.264528	-0.385457	-0.499263	-0.574884	-0.598488	-0.555416	-0.430871	-0.231965	0.00949692	0.260856	0.504885	0.730668	0.919471	1.04886	1.11086	1.12238	1.11565	1.11565	
0.738639	0.693367	0.634791	0.575129	0.511114	0.440955	0.374534	0.309682	0.247115	0.186489	0.137254	0.0919616	0.0472814	0.0179011	-0.00396463	-0.02594	-0.0460807	-0.0591518	-0.0597003	-0.0653944	-0.0836876	-0.0930967	-0.0896581	-0.0869032	-0.0934901	-0.116247	-0.143466	-0.148774	-0.132928	-0.121915	-0.134298	-0.182714	-0.276254	-0.39817	-0.509178	-0.57985	-0.597285	-0.546753	-0.414642	-0.210456	0.0328259	0.283347	0.524801	0.74588	0.926958	1.04591	1.0967	1.09896	1.08704	1.08704	
0.572272	0.51892	0.455877	0.397387	0.340743	0.280736	0.226504	0.178087	0.130008	0.0838724	0.0541369	0.0263831	-0.00479966	-0.0217546	-0.0326284	-0.0462191	-0.0603637	-0.0679463	-0.0648723	-0.0701456	-0.0874666	-0.0943533	-0.0897142	-0.0875552	-0.0958476	-0.119985	-0.145767	-0.14795	-0.131155	-0.122251	-0.138613	-0.192276	-0.290346	-0.412928	-0.520266	-0.584932	-0.594984	-0.535624	-0.394796	-0.184793	0.0602593	0.309574	0.547855	0.763228	0.935073	1.04176	1.07963	1.07134	1.05357	1.05357	
0.396098	0.34651	0.292243	0.247665	0.20128	0.153932	0.115336	0.080809	0.0486109	0.0209995	0.0042367	-0.0155449	-0.0354052	-0.0416747	-0.0473925	-0.0576898	-0.0679978	-0.071542	-0.0670053	-0.0735817	-0.0903258	-0.0947738	-0.0893834	-0.088336	-0.0987424	-0.124226	-0.147976	-0.146649	-0.12924	-0.123163	-0.144328	-0.204034	-0.3069	-0.429589	-0.532223	-0.589751	-0.591139	-0.521571	-0.370988	-0.154821	0.091789	0.339438	0.573868	0.782437	0.943466	1.03609	1.05945	1.0395	1.01536	1.01536	
0.243103	0.206326	0.164746	0.130734	0.0966552	0.0651623	0.0417843	0.0213247	-0.000114826	-0.0185474	-0.0256105	-0.0373137	-0.0504722	-0.0524404	-0.0555817	-0.0634236	-0.0716364	-0.0729077	-0.0681895	-0.0766538	-0.0926605	-0.0946831	-0.0889711	-0.089483	-0.10232	-0.128918	-0.149902	-0.144796	-0.127331	-0.12493	-0.151781	-0.218271	-0.325978	-0.447937	-0.54467	-0.593848	-0.58523	-0.504081	-0.342856	-0.120406	0.127374	0.3728	0.602613	0.803163	0.951716	1.02852	1.03595	1.00347	0.972572	0.972572	
0.132116	0.102585	0.0708225	0.0525167	0.0311158	0.0114713	-0.00274195	-0.0160044	-0.0290472	-0.0380029	-0.0399634	-0.0501752	-0.0588217	-0.0567467	-0.0592846	-0.0671042	-0.0739866	-0.0730219	-0.0689903	-0.0798888	-0.0947254	-0.094211	-0.0886357	-0.0911812	-0.106685	-0.133937	-0.15131	-0.142353	-0.125646	-0.127898	-0.161355	-0.235272	-0.347572	-0.467664	-0.557145	-0.596691	-0.576659	-0.482594	-0.310044	-0.0814542	0.166931	0.409476	0.633796	0.824978	0.959324	1.01864	1.00894	0.963321	0.925452	0.925452	
0.0504491	0.032333	0.0167481	0.00712607	-0.0092099	-0.021742	-0.0278145	-0.0341735	-0.0439371	-0.0487849	-0.0476893	-0.0565733	-0.061961	-0.0587483	-0.0622511	-0.0697576	-0.0750014	-0.0725144	-0.0702924	-0.0835207	-0.0963591	-0.0933809	-0.0885773	-0.0936289	-0.111888	-0.139067	-0.151946	-0.13936	-0.124498	-0.132481	-0.173471	-0.255292	-0.371582	-0.488352	-0.569095	-0.597658	-0.564753	-0.45652	-0.272223	-0.0379231	0.210321	0.449225	0.66705	0.847365	0.965711	1.00599	0.978243	0.919178	0.874335	0.874335	
0.00794022	-0.0031114	-0.0165279	-0.0221505	-0.033149	-0.0368398	-0.0394575	-0.0458769	-0.0513873	-0.0517096	-0.0521292	-0.0614135	-0.0630967	-0.0595125	-0.0644751	-0.0717986	-0.0756025	-0.072049	-0.0722284	-0.0873439	-0.0974494	-0.0923372	-0.0890084	-0.0969929	-0.117903	-0.144009	-0.151573	-0.135961	-0.124302	-0.139162	-0.188574	-0.278528	-0.397778	-0.509457	-0.579871	-0.596043	-0.548772	-0.425259	-0.229115	0.0101555	0.257346	0.491743	0.701914	0.869701	0.970223	0.990094	0.943722	0.871263	0.819654	0.819654	
-0.0192413	-0.0322328	-0.0352795	-0.0351513	-0.0419093	-0.0442624	-0.0472017	-0.0498717	-0.0551214	-0.0555336	-0.054694	-0.0627791	-0.0632034	-0.0606929	-0.0667869	-0.0736726	-0.0757669	-0.0716038	-0.0749828	-0.0913147	-0.0978812	-0.0911948	-0.0901587	-0.10144	-0.124614	-0.148375	-0.150009	-0.13245	-0.125584	-0.148478	-0.207104	-0.305072	-0.425765	-0.530299	-0.588728	-0.591052	-0.527918	-0.388231	-0.180528	0.0626615	0.307735	0.536645	0.737827	0.891253	0.972129	0.970467	0.905298	0.819882	0.761949	0.761949	
-0.036107	-0.039278	-0.0387431	-0.0414399	-0.0500163	-0.0498073	-0.0497005	-0.05431	-0.057621	-0.0532679	-0.0566129	-0.0664907	-0.062904	-0.0612235	-0.0694366	-0.0753307	-0.0753062	-0.0717015	-0.0788498	-0.0950339	-0.0974515	-0.0902245	-0.0923417	-0.107078	-0.131755	-0.151713	-0.147196	-0.129298	-0.128975	-0.161013	-0.229462	-0.33486	-0.454954	-0.55006	-0.594827	-0.581806	-0.501355	-0.344914	-0.12638	0.119373	0.36114	0.583458	0.774102	0.911172	0.970646	0.946651	0.862967	0.765445	0.701864	0.701864	
-0.0379361	-0.0459373	-0.0460444	-0.0499812	-0.0528587	-0.0484137	-0.0518294	-0.0553722	-0.0565793	-0.0561745	-0.0613747	-0.0657853	-0.0612159	-0.0639421	-0.0722932	-0.0760159	-0.0748257	-0.0728694	-0.0834399	-0.0980077	-0.0963007	-0.089841	-0.0958085	-0.113889	-0.138913	-0.153564	-0.143273	-0.127173	-0.135195	-0.177358	-0.255959	-0.367615	-0.484538	-0.567785	-0.597234	-0.567346	-0.468245	-0.294885	-0.0667343	0.179959	0.417128	0.631597	0.80992	0.9285	0.964953	0.91823	0.816821	0.708467	0.640146	0.640146	
-0.046823	-0.0515944	-0.0465623	-0.0491639	-0.0503806	-0.0508584	-0.0550267	-0.0578303	-0.0590179	-0.0556832	-0.0614913	-0.0667858	-0.0623368	-0.0661664	-0.0743434	-0.0768376	-0.0744305	-0.0748546	-0.0886348	-0.100077	-0.0945876	-0.0904152	-0.100795	-0.121739	-0.145511	-0.153538	-0.13865	-0.126943	-0.145018	-0.198082	-0.286743	-0.402787	-0.513477	-0.582399	-0.594933	-0.546651	-0.427786	-0.237874	-0.00181957	0.243972	0.475172	0.680354	0.844311	0.942176	0.954226	0.884876	0.767071	0.649569	0.577625	0.577625	
-0.0492768	-0.048592	-0.0449717	-0.0530411	-0.0548713	-0.053407	-0.0558193	-0.0577556	-0.0563595	-0.0572484	-0.0671718	-0.0663477	-0.0611323	-0.0697822	-0.0770708	-0.0764427	-0.0740923	-0.078665	-0.0940803	-0.10057	-0.0926722	-0.0925686	-0.107455	-0.130227	-0.150833	-0.151451	-0.13408	-0.129641	-0.159227	-0.223667	-0.321725	-0.439496	-0.540509	-0.592727	-0.586831	-0.518664	-0.379274	-0.173811	0.0679517	0.310852	0.534642	0.72887	0.876151	0.951063	0.937682	0.846377	0.71406	0.589473	0.515197	0.515197	
-0.0490814	-0.0479009	-0.0510014	-0.0574058	-0.0520076	-0.051644	-0.056811	-0.0593406	-0.0586512	-0.0610136	-0.0673235	-0.063965	-0.0642001	-0.0739729	-0.0773909	-0.0760193	-0.0755936	-0.0836429	-0.0984681	-0.0996152	-0.0915023	-0.0967332	-0.115615	-0.138725	-0.154173	-0.147467	-0.130674	-0.136399	-0.178553	-0.254439	-0.360477	-0.476498	-0.564178	-0.597525	-0.57177	-0.482331	-0.322171	-0.102879	0.141978	0.379929	0.594785	0.776114	0.904169	0.953989	0.914633	0.802688	0.658275	0.528982	0.453792	0.453792	
-0.0508406	-0.0525933	-0.0531897	-0.053668	-0.0504135	-0.056169	-0.0611203	-0.0596349	-0.0571278	-0.0631147	-0.069333	-0.0639388	-0.0667277	-0.0768215	-0.0783401	-0.0761899	-0.0775669	-0.0893573	-0.101882	-0.0976011	-0.0916761	-0.103145	-0.124968	-0.146405	-0.154927	-0.142233	-0.129891	-0.148359	-0.203606	-0.290466	-0.402137	-0.512176	-0.582891	-0.595505	-0.548545	-0.436669	-0.25619	-0.0255475	0.219479	0.45043	0.654705	0.820865	0.926957	0.949799	0.884547	0.75396	0.600353	0.46896	0.39434	0.39434	
