0.399785	0.281759	0.174073	0.100754	0.0582334	0.0329203	0.0342667	0.0432788	0.0456174	0.0437142	0.0574418	0.111049	0.21376	0.36478	0.569489	0.803592	1.02862	1.20531	1.30177	1.31625	1.23665	1.068	0.827618	0.553695	0.278931	0.0359651	-0.138311	-0.22298	-0.221199	-0.163295	-0.0962096	-0.0581444	-0.05359	-0.0695316	-0.0790705	-0.0595764	-0.0100523	0.0634887	0.152143	0.256116	0.392891	0.548416	0.718454	0.896661	1.06663	1.22624	1.34959	1.43368	1.47665	1.47665	
0.281759	0.156138	0.0523742	-0.0148858	-0.0473074	-0.0556402	-0.0342548	-0.0100234	0.0106063	0.0275027	0.0554427	0.11764	0.216966	0.361989	0.547439	0.751412	0.948678	1.10363	1.19243	1.21483	1.14598	0.994592	0.786727	0.545803	0.306644	0.0959141	-0.0595635	-0.131776	-0.126278	-0.0694152	-0.00107128	0.0422492	0.0489519	0.027079	0.00399525	0.00954527	0.046171	0.106359	0.18833	0.28919	0.421445	0.568558	0.731815	0.900625	1.05693	1.20643	1.32424	1.4061	1.44078	1.44078	
0.174073	0.0523742	-0.0419024	-0.0996847	-0.11787	-0.109266	-0.069071	-0.0259362	0.0132926	0.0484522	0.0843159	0.13812	0.219401	0.337137	0.484352	0.644485	0.800456	0.925358	1.00463	1.03219	0.976679	0.85022	0.68211	0.490226	0.304847	0.145772	0.0298143	-0.0192729	-0.00697702	0.0488814	0.112846	0.158495	0.165919	0.139546	0.112112	0.101008	0.118722	0.161282	0.227047	0.314341	0.432711	0.572241	0.718601	0.861843	0.996778	1.12461	1.22349	1.29583	1.33269	1.33269	
0.100754	-0.0148858	-0.0996847	-0.1486	-0.152937	-0.123541	-0.066735	0.000821313	0.0573963	0.107032	0.147403	0.183726	0.235713	0.309101	0.402571	0.508606	0.611741	0.697624	0.761923	0.790338	0.752637	0.660061	0.536782	0.404036	0.28021	0.181473	0.117848	0.100503	0.130863	0.18609	0.241112	0.279783	0.280982	0.251462	0.217174	0.19122	0.193093	0.219534	0.265068	0.338902	0.438262	0.54888	0.662465	0.77074	0.876827	0.977644	1.05671	1.11209	1.13309	1.13309	
0.0582334	-0.0473074	-0.11787	-0.152937	-0.142718	-0.0924265	-0.0160557	0.0676433	0.13897	0.198109	0.237905	0.257064	0.270955	0.294151	0.333707	0.383938	0.428623	0.468634	0.507374	0.530984	0.514524	0.458483	0.386483	0.310676	0.24789	0.206191	0.193485	0.213967	0.259935	0.314526	0.357538	0.387947	0.384139	0.350361	0.308966	0.269389	0.254006	0.260332	0.288266	0.34607	0.421485	0.500187	0.574789	0.640757	0.704747	0.76768	0.820091	0.856848	0.871746	0.871746	
0.0329203	-0.0556402	-0.109266	-0.123541	-0.0924265	-0.0183173	0.0725759	0.168974	0.24933	0.311989	0.352262	0.350222	0.327809	0.308255	0.303327	0.300355	0.29483	0.288646	0.297498	0.31323	0.309426	0.28599	0.258882	0.234671	0.224077	0.232544	0.259379	0.304117	0.357079	0.404967	0.437087	0.459098	0.45079	0.41715	0.373802	0.320948	0.284189	0.271705	0.287933	0.333614	0.390132	0.440568	0.472436	0.488784	0.503867	0.521923	0.535221	0.537916	0.536725	0.536725	
0.0342667	-0.0342548	-0.069071	-0.066735	-0.0160557	0.0725759	0.177129	0.287037	0.378831	0.449556	0.483786	0.465233	0.417633	0.361215	0.314867	0.269234	0.217548	0.176901	0.158022	0.152157	0.154314	0.154697	0.162593	0.190252	0.225361	0.2704	0.327264	0.383567	0.43435	0.470426	0.481836	0.482751	0.466807	0.431099	0.387282	0.333949	0.291256	0.271868	0.273834	0.305468	0.344291	0.362337	0.353363	0.323036	0.290268	0.258233	0.222418	0.185102	0.158921	0.158921	
0.0432788	-0.0100234	-0.0259362	0.000821313	0.0676433	0.168974	0.287037	0.407365	0.514798	0.587476	0.622775	0.605168	0.541913	0.455862	0.369225	0.281595	0.197431	0.128205	0.0768841	0.0510394	0.0481264	0.0650974	0.108185	0.17561	0.251263	0.32758	0.405445	0.470281	0.512073	0.523222	0.504602	0.474564	0.439769	0.403247	0.361829	0.317905	0.275099	0.247648	0.251001	0.27421	0.29323	0.278507	0.22667	0.150526	0.0645875	-0.017549	-0.0970309	-0.168824	-0.213364	-0.213364	
0.0456174	0.0106063	0.0132926	0.0573963	0.13897	0.24933	0.378831	0.514798	0.630697	0.710503	0.756149	0.749674	0.67876	0.570998	0.45343	0.330809	0.217015	0.117641	0.0379974	-0.00680968	-0.00991782	0.0212533	0.0928872	0.194649	0.301154	0.406554	0.501211	0.568682	0.596316	0.580218	0.525421	0.458521	0.396702	0.347447	0.309108	0.27171	0.236926	0.218019	0.224377	0.240329	0.241629	0.196812	0.100422	-0.0243461	-0.15182	-0.271666	-0.389109	-0.489118	-0.550749	-0.550749	
0.0437142	0.0275027	0.0484522	0.107032	0.198109	0.311989	0.449556	0.587476	0.710503	0.804695	0.862122	0.865817	0.797388	0.682091	0.543235	0.391403	0.242685	0.117977	0.0198186	-0.0357651	-0.0382738	0.00711529	0.100755	0.233705	0.370896	0.497871	0.603668	0.666069	0.676972	0.636583	0.551618	0.448674	0.361315	0.294402	0.247185	0.215269	0.190924	0.182637	0.194857	0.20847	0.193834	0.122472	-0.00577626	-0.162694	-0.323764	-0.478364	-0.624104	-0.747709	-0.824454	-0.824454	
0.0574418	0.0554427	0.0843159	0.147403	0.237905	0.352262	0.483786	0.622775	0.756149	0.862122	0.926289	0.937138	0.880693	0.77076	0.614453	0.430965	0.253996	0.106817	-0.00561506	-0.0702592	-0.0729399	-0.0138313	0.105469	0.26642	0.429504	0.573362	0.68179	0.738433	0.737746	0.679404	0.57398	0.446516	0.330735	0.24543	0.192418	0.166191	0.153036	0.15368	0.177465	0.195727	0.172537	0.0861651	-0.0624573	-0.242207	-0.425127	-0.604616	-0.7779	-0.922018	-1.00951	-1.00951	
0.111049	0.11764	0.13812	0.183726	0.257064	0.350222	0.465233	0.605168	0.749674	0.865817	0.937138	0.961776	0.920819	0.810719	0.634146	0.422931	0.220285	0.047881	-0.0844721	-0.156562	-0.153735	-0.0762704	0.0719848	0.258971	0.44797	0.612414	0.729675	0.786215	0.77582	0.700489	0.571425	0.421575	0.28404	0.185855	0.133518	0.113983	0.121044	0.149185	0.191157	0.219909	0.202515	0.114082	-0.0431329	-0.237798	-0.440006	-0.637124	-0.822905	-0.975886	-1.06999	-1.06999	
0.21376	0.216966	0.219401	0.235713	0.270955	0.327809	0.417633	0.541913	0.67876	0.797388	0.880693	0.920819	0.896489	0.783557	0.594002	0.363732	0.122707	-0.0924671	-0.249097	-0.329661	-0.316307	-0.211124	-0.0345679	0.18685	0.408834	0.597941	0.728289	0.782715	0.758589	0.666914	0.524865	0.364152	0.221293	0.119659	0.0722908	0.0726247	0.109602	0.170243	0.241081	0.29211	0.281875	0.194862	0.0385445	-0.153755	-0.351136	-0.546066	-0.729436	-0.881681	-0.969836	-0.969836	
0.36478	0.361989	0.337137	0.309101	0.294151	0.308255	0.361215	0.455862	0.570998	0.682091	0.77076	0.810719	0.783557	0.667758	0.471852	0.218053	-0.0629768	-0.31597	-0.493695	-0.579774	-0.559687	-0.43559	-0.230506	0.0202728	0.275122	0.489684	0.635495	0.696353	0.673162	0.58117	0.439816	0.28468	0.141712	0.0482093	0.0212133	0.0530858	0.130766	0.232968	0.335455	0.405045	0.409761	0.333522	0.194773	0.0206577	-0.16351	-0.343367	-0.511498	-0.647609	-0.727948	-0.727948	
0.569489	0.547439	0.484352	0.402571	0.333707	0.303327	0.314867	0.369225	0.45343	0.543235	0.614453	0.634146	0.594002	0.471852	0.26382	-0.0190504	-0.332786	-0.617382	-0.821458	-0.920892	-0.898421	-0.754277	-0.518529	-0.237324	0.0456668	0.284188	0.448147	0.527953	0.522841	0.447468	0.32525	0.190457	0.0693518	0.00238223	0.00367013	0.0701509	0.192057	0.339209	0.475311	0.568249	0.59476	0.53891	0.420509	0.26435	0.095651	-0.0654294	-0.213249	-0.330795	-0.397083	-0.397083	
0.803592	0.751412	0.644485	0.508606	0.383938	0.300355	0.269234	0.281595	0.330809	0.391403	0.430965	0.422931	0.363732	0.218053	-0.0190504	-0.3261	-0.671214	-0.990538	-1.22585	-1.34425	-1.31477	-1.14707	-0.882922	-0.564927	-0.248793	0.0190241	0.216168	0.323676	0.341798	0.294161	0.20266	0.103373	0.0245025	-0.00704038	0.0303681	0.138935	0.299776	0.482887	0.651831	0.771025	0.81541	0.779303	0.681309	0.544494	0.392425	0.243339	0.111084	0.00967619	-0.0424873	-0.0424873	
1.02862	0.948678	0.800456	0.611741	0.428623	0.29483	0.217548	0.197431	0.217015	0.242685	0.253996	0.220285	0.122707	-0.0629768	-0.332786	-0.671214	-1.04814	-1.4049	-1.6688	-1.79371	-1.75857	-1.5737	-1.27609	-0.918894	-0.560854	-0.250727	-0.0172015	0.123641	0.176527	0.162285	0.111717	0.055533	0.0154681	0.0238159	0.0967436	0.243165	0.442693	0.6571	0.844671	0.970698	1.02354	1.00141	0.924468	0.809731	0.674716	0.540387	0.423908	0.339	0.293139	0.293139	
1.20531	1.10363	0.925358	0.697624	0.468634	0.288646	0.176901	0.128205	0.117641	0.117977	0.106817	0.047881	-0.0924671	-0.31597	-0.617382	-0.990538	-1.4049	-1.78884	-2.06807	-2.20016	-2.16174	-1.96248	-1.63239	-1.23394	-0.83679	-0.489688	-0.222947	-0.0481217	0.0432688	0.0692062	0.0587942	0.0407755	0.0396019	0.0836654	0.191042	0.369068	0.594737	0.826279	1.01739	1.13839	1.18817	1.17753	1.11568	1.01605	0.899124	0.780652	0.682222	0.616781	0.585713	0.585713	
1.30177	1.19243	1.00463	0.761923	0.507374	0.297498	0.158022	0.0768841	0.0379974	0.0198186	-0.00561506	-0.0844721	-0.249097	-0.493695	-0.821458	-1.22585	-1.6688	-2.06807	-2.35794	-2.50028	-2.45971	-2.24319	-1.89067	-1.45992	-1.03354	-0.663113	-0.370766	-0.170525	-0.0543924	0.000298507	0.0254549	0.0422093	0.0815941	0.160327	0.295254	0.495726	0.729561	0.954807	1.13645	1.25005	1.28957	1.27906	1.22511	1.14261	1.0441	0.93948	0.862538	0.814625	0.795683	0.795683	
1.31625	1.21483	1.03219	0.790338	0.530984	0.31323	0.152157	0.0510394	-0.00680968	-0.0357651	-0.0702592	-0.156562	-0.329661	-0.579774	-0.920892	-1.34425	-1.79371	-2.20016	-2.50028	-2.64552	-2.60115	-2.38244	-2.01833	-1.57251	-1.1297	-0.740352	-0.435346	-0.226431	-0.099302	-0.0303573	0.0160132	0.0595157	0.123788	0.226134	0.375244	0.580181	0.814948	1.0314	1.18902	1.27283	1.29339	1.28096	1.24029	1.17467	1.09676	1.01386	0.952594	0.920178	0.907014	0.907014	
1.23665	1.14598	0.976679	0.752637	0.514524	0.309426	0.154314	0.0481264	-0.00991782	-0.0382738	-0.0729399	-0.153735	-0.316307	-0.559687	-0.898421	-1.31477	-1.75857	-2.16174	-2.45971	-2.60115	-2.56286	-2.35395	-1.99651	-1.55235	-1.10488	-0.711681	-0.407901	-0.20506	-0.0827799	-0.0138166	0.0357803	0.0817575	0.149973	0.254191	0.403731	0.605911	0.824249	1.01464	1.14612	1.20564	1.20842	1.19183	1.15913	1.1126	1.05618	0.991301	0.946218	0.924953	0.9205	0.9205	
1.068	0.994592	0.85022	0.660061	0.458483	0.28599	0.154697	0.0650974	0.0212533	0.00711529	-0.0138313	-0.0762704	-0.211124	-0.43559	-0.754277	-1.14707	-1.5737	-1.96248	-2.24319	-2.38244	-2.35395	-2.15696	-1.81831	-1.38992	-0.954568	-0.573632	-0.284337	-0.098391	0.002888	0.0502366	0.0776868	0.106427	0.161908	0.250666	0.384203	0.563482	0.750475	0.906143	1.00578	1.0418	1.03083	1.01099	0.984965	0.954728	0.919265	0.87618	0.851101	0.843046	0.845539	0.845539	
0.827618	0.786727	0.68211	0.536782	0.386483	0.258882	0.162593	0.108185	0.0928872	0.100755	0.105469	0.0719848	-0.0345679	-0.230506	-0.518529	-0.882922	-1.27609	-1.63239	-1.89067	-2.01833	-1.99651	-1.81831	-1.50685	-1.11966	-0.715241	-0.358123	-0.0943487	0.0679375	0.14059	0.152669	0.149371	0.154448	0.179345	0.243247	0.346946	0.480183	0.621825	0.740211	0.799446	0.800995	0.775226	0.744957	0.72634	0.713618	0.696991	0.678377	0.668149	0.671171	0.676852	0.676852	
0.553695	0.545803	0.490226	0.404036	0.310676	0.234671	0.190252	0.17561	0.194649	0.233705	0.26642	0.258971	0.18685	0.0202728	-0.237324	-0.564927	-0.918894	-1.23394	-1.45992	-1.57251	-1.55235	-1.38992	-1.11966	-0.78172	-0.421856	-0.104217	0.130487	0.264333	0.303274	0.287491	0.258893	0.232099	0.225844	0.255835	0.316539	0.401957	0.488835	0.547741	0.56194	0.535338	0.485904	0.438012	0.413729	0.40775	0.402981	0.40061	0.401656	0.403949	0.413737	0.413737	
0.278931	0.306644	0.304847	0.28021	0.24789	0.224077	0.225361	0.251263	0.301154	0.370896	0.429504	0.44797	0.408834	0.275122	0.0456668	-0.248793	-0.560854	-0.83679	-1.03354	-1.1297	-1.10488	-0.954568	-0.715241	-0.421856	-0.107995	0.170879	0.372296	0.475797	0.488304	0.448935	0.388866	0.334222	0.305568	0.303264	0.322401	0.351671	0.373822	0.372507	0.335349	0.271011	0.193593	0.12441	0.0856529	0.0689635	0.0620097	0.0639949	0.0707973	0.0804009	0.0921254	0.0921254	
0.0359651	0.0959141	0.145772	0.181473	0.206191	0.232544	0.2704	0.32758	0.406554	0.497871	0.573362	0.612414	0.597941	0.489684	0.284188	0.0190241	-0.250727	-0.489688	-0.663113	-0.740352	-0.711681	-0.573632	-0.358123	-0.104217	0.170879	0.418998	0.592894	0.678448	0.677181	0.614432	0.531099	0.458301	0.406819	0.379072	0.362376	0.337568	0.294488	0.231693	0.146509	0.0411292	-0.0675167	-0.163819	-0.231255	-0.265208	-0.275867	-0.272538	-0.264444	-0.254634	-0.246686	-0.246686	
-0.138311	-0.0595635	0.0298143	0.117848	0.193485	0.259379	0.327264	0.405445	0.501211	0.603668	0.68179	0.729675	0.728289	0.635495	0.448147	0.216168	-0.0172015	-0.222947	-0.370766	-0.435346	-0.407901	-0.284337	-0.0943487	0.130487	0.372296	0.592894	0.75478	0.835609	0.828678	0.757376	0.666346	0.581449	0.513833	0.462727	0.414574	0.345499	0.247913	0.13364	0.00845677	-0.126181	-0.263388	-0.387239	-0.481048	-0.53626	-0.561344	-0.567431	-0.561432	-0.551034	-0.543009	-0.543009	
-0.22298	-0.131776	-0.0192729	0.100503	0.213967	0.304117	0.383567	0.470281	0.568682	0.666069	0.738433	0.786215	0.782715	0.696353	0.527953	0.323676	0.123641	-0.0481217	-0.170525	-0.226431	-0.20506	-0.098391	0.0679375	0.264333	0.475797	0.678448	0.835609	0.919149	0.918611	0.85765	0.770389	0.678153	0.603027	0.539732	0.467407	0.359028	0.22487	0.078868	-0.0770666	-0.226218	-0.370911	-0.511348	-0.62786	-0.707773	-0.75591	-0.774825	-0.774458	-0.766427	-0.758361	-0.758361	
-0.221199	-0.126278	-0.00697702	0.130863	0.259935	0.357079	0.43435	0.512073	0.596316	0.676972	0.737746	0.77582	0.758589	0.673162	0.522841	0.341798	0.176527	0.0432688	-0.0543924	-0.099302	-0.0827799	0.002888	0.14059	0.303274	0.488304	0.677181	0.828678	0.918611	0.9388	0.900921	0.828161	0.74344	0.672636	0.60614	0.51538	0.386235	0.22585	0.0527395	-0.107704	-0.255694	-0.400938	-0.541855	-0.667447	-0.76626	-0.834517	-0.86592	-0.876905	-0.876247	-0.870291	-0.870291	
-0.163295	-0.0694152	0.0488814	0.18609	0.314526	0.404967	0.470426	0.523222	0.580218	0.636583	0.679404	0.700489	0.666914	0.58117	0.447468	0.294161	0.162285	0.0692062	0.000298507	-0.0303573	-0.0138166	0.0502366	0.152669	0.287491	0.448935	0.614432	0.757376	0.85765	0.900921	0.888189	0.841419	0.78069	0.726937	0.660323	0.559219	0.422824	0.248494	0.065214	-0.0916822	-0.231832	-0.367115	-0.497066	-0.620369	-0.726434	-0.80428	-0.850248	-0.869992	-0.866908	-0.861012	-0.861012	
-0.0962096	-0.00107128	0.112846	0.241112	0.357538	0.437087	0.481836	0.504602	0.525421	0.551618	0.57398	0.571425	0.524865	0.439816	0.32525	0.20266	0.111717	0.0587942	0.0254549	0.0160132	0.0357803	0.0776868	0.149371	0.258893	0.388866	0.531099	0.666346	0.770389	0.828161	0.841419	0.825464	0.795172	0.756986	0.698288	0.604302	0.463892	0.28873	0.112932	-0.0394093	-0.172224	-0.286038	-0.394513	-0.510041	-0.614558	-0.693778	-0.743686	-0.762289	-0.756101	-0.752113	-0.752113	
-0.0581444	0.0422492	0.158495	0.279783	0.387947	0.459098	0.482751	0.474564	0.458521	0.448674	0.446516	0.421575	0.364152	0.28468	0.190457	0.103373	0.055533	0.0407755	0.0422093	0.0595157	0.0817575	0.106427	0.154448	0.232099	0.334222	0.458301	0.581449	0.678153	0.74344	0.78069	0.795172	0.794574	0.775696	0.734383	0.651297	0.514229	0.344576	0.177417	0.0319657	-0.0880998	-0.18228	-0.274	-0.366018	-0.453192	-0.528984	-0.573976	-0.587242	-0.574635	-0.561026	-0.561026	
-0.05359	0.0489519	0.165919	0.280982	0.384139	0.45079	0.466807	0.439769	0.396702	0.361315	0.330735	0.28404	0.221293	0.141712	0.0693518	0.0245025	0.0154681	0.0396019	0.0815941	0.123788	0.149973	0.161908	0.179345	0.225844	0.305568	0.406819	0.513833	0.603027	0.672636	0.726937	0.756986	0.775696	0.779044	0.745438	0.664885	0.540282	0.393273	0.24431	0.109785	0.0117895	-0.0601046	-0.128631	-0.19218	-0.260286	-0.328245	-0.367369	-0.374483	-0.363444	-0.346793	-0.346793	
-0.0695316	0.027079	0.139546	0.251462	0.350361	0.41715	0.431099	0.403247	0.347447	0.294402	0.24543	0.185855	0.119659	0.0482093	0.00238223	-0.00704038	0.0238159	0.0836654	0.160327	0.226134	0.254191	0.250666	0.243247	0.255835	0.303264	0.379072	0.462727	0.539732	0.60614	0.660323	0.698288	0.734383	0.745438	0.71284	0.64506	0.538193	0.414298	0.293592	0.187077	0.113197	0.063997	0.0309489	-0.00278583	-0.0541391	-0.10776	-0.145707	-0.158556	-0.152121	-0.137618	-0.137618	
-0.0790705	0.00399525	0.112112	0.217174	0.308966	0.373802	0.387282	0.361829	0.309108	0.247185	0.192418	0.133518	0.0722908	0.0212133	0.00367013	0.0303681	0.0967436	0.191042	0.295254	0.375244	0.403731	0.384203	0.346946	0.316539	0.322401	0.362376	0.414574	0.467407	0.51538	0.559219	0.604302	0.651297	0.664885	0.64506	0.593437	0.507576	0.41528	0.325018	0.249522	0.201255	0.179203	0.1808	0.176032	0.146453	0.103784	0.0619361	0.0417061	0.0433865	0.0530341	0.0530341	
-0.0595764	0.00954527	0.101008	0.19122	0.269389	0.320948	0.333949	0.317905	0.27171	0.215269	0.166191	0.113983	0.0726247	0.0530858	0.0701509	0.138935	0.243165	0.369068	0.495726	0.580181	0.605911	0.563482	0.480183	0.401957	0.351671	0.337568	0.345499	0.359028	0.386235	0.422824	0.463892	0.514229	0.540282	0.538193	0.507576	0.454234	0.403198	0.350652	0.303478	0.278999	0.28291	0.304514	0.321739	0.314376	0.283273	0.240367	0.210939	0.203828	0.19582	0.19582	
-0.0100523	0.046171	0.118722	0.193093	0.254006	0.284189	0.291256	0.275099	0.236926	0.190924	0.153036	0.121044	0.109602	0.130766	0.192057	0.299776	0.442693	0.594737	0.729561	0.814948	0.824249	0.750475	0.621825	0.488835	0.373822	0.294488	0.247913	0.22487	0.22585	0.248494	0.28873	0.344576	0.393273	0.414298	0.41528	0.403198	0.384946	0.365494	0.343541	0.332185	0.349564	0.386754	0.420604	0.426821	0.408307	0.37139	0.331795	0.315444	0.304392	0.304392	
0.0634887	0.106359	0.161282	0.219534	0.260332	0.271705	0.271868	0.247648	0.218019	0.182637	0.15368	0.149185	0.170243	0.232968	0.339209	0.482887	0.6571	0.826279	0.954807	1.0314	1.01464	0.906143	0.740211	0.547741	0.372507	0.231693	0.13364	0.078868	0.0527395	0.065214	0.112932	0.177417	0.24431	0.293592	0.325018	0.350652	0.365494	0.366437	0.361629	0.359399	0.378883	0.420472	0.464822	0.485248	0.47152	0.44101	0.405624	0.377977	0.363591	0.363591	
0.152143	0.18833	0.227047	0.265068	0.288266	0.287933	0.273834	0.251001	0.224377	0.194857	0.177465	0.191157	0.241081	0.335455	0.475311	0.651831	0.844671	1.01739	1.13645	1.18902	1.14612	1.00578	0.799446	0.56194	0.335349	0.146509	0.00845677	-0.0770666	-0.107704	-0.0916822	-0.0394093	0.0319657	0.109785	0.187077	0.249522	0.303478	0.343541	0.361629	0.363362	0.364854	0.383551	0.41593	0.457203	0.485437	0.482566	0.459919	0.423061	0.384487	0.364767	0.364767	
0.256116	0.28919	0.314341	0.338902	0.34607	0.333614	0.305468	0.27421	0.240329	0.20847	0.195727	0.219909	0.29211	0.405045	0.568249	0.771025	0.970698	1.13839	1.25005	1.27283	1.20564	1.0418	0.800995	0.535338	0.271011	0.0411292	-0.126181	-0.226218	-0.255694	-0.231832	-0.172224	-0.0880998	0.0117895	0.113197	0.201255	0.278999	0.332185	0.359399	0.364854	0.357506	0.367144	0.392766	0.422423	0.443214	0.440533	0.418923	0.379408	0.335146	0.313537	0.313537	
0.392891	0.421445	0.432711	0.438262	0.421485	0.390132	0.344291	0.29323	0.241629	0.193834	0.172537	0.202515	0.281875	0.409761	0.59476	0.81541	1.02354	1.18817	1.28957	1.29339	1.20842	1.03083	0.775226	0.485904	0.193593	-0.0675167	-0.263388	-0.370911	-0.400938	-0.367115	-0.286038	-0.18228	-0.0601046	0.063997	0.179203	0.28291	0.349564	0.378883	0.383551	0.367144	0.353911	0.353487	0.35769	0.365643	0.357749	0.327062	0.287037	0.241785	0.209034	0.209034	
0.548416	0.568558	0.572241	0.54888	0.500187	0.440568	0.362337	0.278507	0.196812	0.122472	0.0861651	0.114082	0.194862	0.333522	0.53891	0.779303	1.00141	1.17753	1.27906	1.28096	1.19183	1.01099	0.744957	0.438012	0.12441	-0.163819	-0.387239	-0.511348	-0.541855	-0.497066	-0.394513	-0.274	-0.128631	0.0309489	0.1808	0.304514	0.386754	0.420472	0.41593	0.392766	0.353487	0.323248	0.293018	0.268084	0.24778	0.207034	0.159837	0.107187	0.0732168	0.0732168	
0.718454	0.731815	0.718601	0.662465	0.574789	0.472436	0.353363	0.22667	0.100422	-0.00577626	-0.0624573	-0.0431329	0.0385445	0.194773	0.420509	0.681309	0.924468	1.11568	1.22511	1.24029	1.15913	0.984965	0.72634	0.413729	0.0856529	-0.231255	-0.481048	-0.62786	-0.667447	-0.620369	-0.510041	-0.366018	-0.19218	-0.00278583	0.176032	0.321739	0.420604	0.464822	0.457203	0.422423	0.35769	0.293018	0.231937	0.173617	0.12923	0.0801853	0.0283525	-0.0264999	-0.0566362	-0.0566362	
0.896661	0.900625	0.861843	0.77074	0.640757	0.488784	0.323036	0.150526	-0.0243461	-0.162694	-0.242207	-0.237798	-0.153755	0.0206577	0.26435	0.544494	0.809731	1.01605	1.14261	1.17467	1.1126	0.954728	0.713618	0.40775	0.0689635	-0.265208	-0.53626	-0.707773	-0.76626	-0.726434	-0.614558	-0.453192	-0.260286	-0.0541391	0.146453	0.314376	0.426821	0.485248	0.485437	0.443214	0.365643	0.268084	0.173617	0.092219	0.0303642	-0.0268372	-0.0803854	-0.127533	-0.159981	-0.159981	
1.06663	1.05693	0.996778	0.876827	0.704747	0.503867	0.290268	0.0645875	-0.15182	-0.323764	-0.425127	-0.440006	-0.351136	-0.16351	0.095651	0.392425	0.674716	0.899124	1.0441	1.09676	1.05618	0.919265	0.696991	0.402981	0.0620097	-0.275867	-0.561344	-0.75591	-0.834517	-0.80428	-0.693778	-0.528984	-0.328245	-0.10776	0.103784	0.283273	0.408307	0.47152	0.482566	0.440533	0.357749	0.24778	0.12923	0.0303642	-0.045501	-0.105159	-0.152437	-0.191695	-0.217836	-0.217836	
1.22624	1.20643	1.12461	0.977644	0.76768	0.521923	0.258233	-0.017549	-0.271666	-0.478364	-0.604616	-0.637124	-0.546066	-0.343367	-0.0654294	0.243339	0.540387	0.780652	0.93948	1.01386	0.991301	0.87618	0.678377	0.40061	0.0639949	-0.272538	-0.567431	-0.774825	-0.86592	-0.850248	-0.743686	-0.573976	-0.367369	-0.145707	0.0619361	0.240367	0.37139	0.44101	0.459919	0.418923	0.327062	0.207034	0.0801853	-0.0268372	-0.105159	-0.153639	-0.189117	-0.216607	-0.227646	-0.227646	
1.34959	1.32424	1.22349	1.05671	0.820091	0.535221	0.222418	-0.0970309	-0.389109	-0.624104	-0.7779	-0.822905	-0.729436	-0.511498	-0.213249	0.111084	0.423908	0.682222	0.862538	0.952594	0.946218	0.851101	0.668149	0.401656	0.0707973	-0.264444	-0.561432	-0.774458	-0.876905	-0.869992	-0.762289	-0.587242	-0.374483	-0.158556	0.0417061	0.210939	0.331795	0.405624	0.423061	0.379408	0.287037	0.159837	0.0283525	-0.0803854	-0.152437	-0.189117	-0.207777	-0.215269	-0.217951	-0.217951	
1.43368	1.4061	1.29583	1.11209	0.856848	0.537916	0.185102	-0.168824	-0.489118	-0.747709	-0.922018	-0.975886	-0.881681	-0.647609	-0.330795	0.00967619	0.339	0.616781	0.814625	0.920178	0.924953	0.843046	0.671171	0.403949	0.0804009	-0.254634	-0.551034	-0.766427	-0.876247	-0.866908	-0.756101	-0.574635	-0.363444	-0.152121	0.0433865	0.203828	0.315444	0.377977	0.384487	0.335146	0.241785	0.107187	-0.0264999	-0.127533	-0.191695	-0.216607	-0.215269	-0.201776	-0.198	-0.198	
1.47665	1.44078	1.33269	1.13309	0.871746	0.536725	0.158921	-0.213364	-0.550749	-0.824454	-1.00951	-1.06999	-0.969836	-0.727948	-0.397083	-0.0424873	0.293139	0.585713	0.795683	0.907014	0.9205	0.845539	0.676852	0.413737	0.0921254	-0.246686	-0.543009	-0.758361	-0.870291	-0.861012	-0.752113	-0.561026	-0.346793	-0.137618	0.0530341	0.19582	0.304392	0.363591	0.364767	0.313537	0.209034	0.0732168	-0.0566362	-0.159981	-0.217836	-0.227646	-0.217951	-0.198	-0.181864	-0.181864	
1.47665	1.44078	1.33269	1.13309	0.871746	0.536725	0.158921	-0.213364	-0.550749	-0.824454	-1.00951	-1.06999	-0.969836	-0.727948	-0.397083	-0.0424873	0.293139	0.585713	0.795683	0.907014	0.9205	0.845539	0.676852	0.413737	0.0921254	-0.246686	-0.543009	-0.758361	-0.870291	-0.861012	-0.752113	-0.561026	-0.346793	-0.137618	0.0530341	0.19582	0.304392	0.363591	0.364767	0.313537	0.209034	0.0732168	-0.0566362	-0.159981	-0.217836	-0.227646	-0.217951	-0.198	-0.181864	-0.181864	
