1.21623	1.11401	0.962195	0.784584	0.605759	0.444818	0.306203	0.19628	0.111215	0.054004	0.022861	0.0205995	0.0364634	0.0743075	0.132955	0.196921	0.239173	0.253474	0.236575	0.199586	0.139308	0.0601743	-0.0233389	-0.112171	-0.20496	-0.269696	-0.290046	-0.258703	-0.185112	-0.0824966	0.0705077	0.251745	0.426932	0.577958	0.706238	0.806198	0.873945	0.902563	0.895609	0.846312	0.775484	0.698005	0.602158	0.502585	0.392579	0.284484	0.180579	0.0984239	0.0592143	0.0592143	
1.11401	1.04696	0.935626	0.79934	0.658285	0.531649	0.42009	0.322793	0.233633	0.159225	0.105321	0.0885397	0.0932074	0.120505	0.167941	0.224741	0.268419	0.284528	0.271489	0.236743	0.187602	0.12462	0.0441245	-0.0551598	-0.158531	-0.240531	-0.278188	-0.264525	-0.20354	-0.0992832	0.0694522	0.267914	0.45527	0.618793	0.750956	0.847934	0.904184	0.915104	0.886361	0.814155	0.709909	0.595811	0.46714	0.33737	0.214595	0.101375	-0.0026814	-0.0820994	-0.120838	-0.120838	
0.962195	0.935626	0.870817	0.776656	0.678396	0.596154	0.524576	0.452076	0.365697	0.282749	0.214096	0.17857	0.165999	0.173464	0.20289	0.23952	0.273437	0.286166	0.272807	0.243708	0.207199	0.157059	0.0856427	-0.0154468	-0.117054	-0.201094	-0.24815	-0.244874	-0.194558	-0.0881734	0.0729535	0.264644	0.451815	0.610856	0.738811	0.826383	0.867626	0.870221	0.828483	0.736578	0.608952	0.466509	0.312509	0.165352	0.0414799	-0.0618538	-0.146328	-0.207347	-0.233396	-0.233396	
0.784584	0.79934	0.776656	0.731876	0.690083	0.655952	0.621597	0.572492	0.500568	0.417126	0.340339	0.280676	0.245053	0.230171	0.229431	0.238137	0.250954	0.253545	0.242916	0.224049	0.199188	0.160986	0.0939902	0.00243331	-0.0899411	-0.165454	-0.209863	-0.206338	-0.154446	-0.0536191	0.0867204	0.252885	0.418574	0.5619	0.675951	0.744497	0.774033	0.768198	0.71718	0.614668	0.47569	0.32025	0.158806	0.0125326	-0.0990344	-0.177979	-0.238679	-0.274482	-0.286293	-0.286293	
0.605759	0.658285	0.678396	0.690083	0.697368	0.703187	0.701582	0.678957	0.627258	0.555456	0.469726	0.383948	0.317559	0.271261	0.236626	0.217779	0.208205	0.200573	0.193598	0.181307	0.163539	0.132341	0.0773895	0.00323906	-0.070244	-0.13154	-0.164956	-0.149776	-0.0905421	0.00358369	0.119212	0.246679	0.372174	0.484781	0.572054	0.621835	0.638878	0.624055	0.570673	0.465209	0.329417	0.175572	0.0197915	-0.111162	-0.20233	-0.253636	-0.2924	-0.307829	-0.308956	-0.308956	
0.444818	0.531649	0.596154	0.655952	0.703187	0.736971	0.759722	0.764282	0.741264	0.679978	0.586685	0.476405	0.378334	0.297143	0.228402	0.18184	0.148206	0.12805	0.122922	0.112259	0.100106	0.07899	0.0385317	-0.00532128	-0.0554306	-0.0927922	-0.0992026	-0.0697961	-0.000670423	0.0823993	0.169734	0.252465	0.326948	0.399247	0.458493	0.490181	0.490414	0.463066	0.403812	0.305436	0.180536	0.0435811	-0.0949038	-0.205659	-0.272753	-0.308095	-0.330012	-0.338952	-0.335836	-0.335836	
0.306203	0.42009	0.524576	0.621597	0.701582	0.759722	0.806511	0.838567	0.835674	0.782604	0.68254	0.552891	0.42397	0.305963	0.210852	0.135912	0.0802085	0.049818	0.0361449	0.0256353	0.0211479	0.0149803	0.000975187	-0.016092	-0.0368474	-0.0458253	-0.0253539	0.0238517	0.0980107	0.175059	0.236334	0.276499	0.297336	0.324073	0.353836	0.361415	0.340807	0.296567	0.230977	0.145417	0.0398494	-0.0720526	-0.18316	-0.273354	-0.323465	-0.35088	-0.366708	-0.375934	-0.375636	-0.375636	
0.19628	0.322793	0.452076	0.572492	0.678957	0.764282	0.838567	0.891584	0.898647	0.851782	0.749201	0.606581	0.462018	0.320815	0.200489	0.0984612	0.0228479	-0.0205592	-0.0517616	-0.0607189	-0.0560274	-0.0438464	-0.0262677	-0.014106	0.00235643	0.0272938	0.0709831	0.129878	0.196242	0.258392	0.291838	0.296036	0.27663	0.264798	0.263588	0.239512	0.188116	0.121943	0.0493051	-0.0224735	-0.0987552	-0.17492	-0.248534	-0.312884	-0.35279	-0.378126	-0.394035	-0.407073	-0.411978	-0.411978	
0.111215	0.233633	0.365697	0.500568	0.627258	0.741264	0.835674	0.898647	0.918653	0.873524	0.771467	0.634828	0.485177	0.33594	0.198357	0.0849998	-0.0005426	-0.059825	-0.09835	-0.111976	-0.0979677	-0.0632549	-0.020551	0.0235013	0.073049	0.127801	0.182023	0.238286	0.288292	0.320682	0.326169	0.296201	0.24571	0.203166	0.162694	0.105294	0.0266567	-0.0593378	-0.130757	-0.189101	-0.235421	-0.270152	-0.303793	-0.336633	-0.363965	-0.38497	-0.398959	-0.409449	-0.416875	-0.416875	
0.054004	0.159225	0.282749	0.417126	0.555456	0.679978	0.782604	0.851782	0.873524	0.836227	0.74676	0.631641	0.494991	0.352255	0.2117	0.0932356	0.00854286	-0.0519544	-0.089262	-0.103115	-0.0797606	-0.0327801	0.0262721	0.0970276	0.172096	0.244147	0.303033	0.343877	0.36246	0.354731	0.322275	0.262273	0.188297	0.118255	0.0428202	-0.04192	-0.138089	-0.226603	-0.291029	-0.333232	-0.347458	-0.349337	-0.344291	-0.345174	-0.360504	-0.374718	-0.38693	-0.39425	-0.399038	-0.399038	
0.022861	0.105321	0.214096	0.340339	0.469726	0.586685	0.68254	0.749201	0.771467	0.74676	0.684492	0.596871	0.487486	0.361326	0.231559	0.118644	0.0446304	-0.00628488	-0.0356627	-0.0427803	-0.0152193	0.0425297	0.116922	0.204009	0.289219	0.369112	0.420255	0.437245	0.415411	0.363426	0.291497	0.200608	0.105785	0.00660686	-0.0929022	-0.195949	-0.293424	-0.373768	-0.42534	-0.445255	-0.438038	-0.408489	-0.373965	-0.345956	-0.339474	-0.34971	-0.359778	-0.364648	-0.367477	-0.367477	
0.0205995	0.0885397	0.17857	0.280676	0.383948	0.476405	0.552891	0.606581	0.634828	0.631641	0.596871	0.544567	0.473826	0.377392	0.265277	0.168687	0.104876	0.0683836	0.0484906	0.0498994	0.0836851	0.154532	0.24056	0.33025	0.415531	0.487736	0.52325	0.506449	0.44039	0.343543	0.233639	0.109174	-0.0140092	-0.132956	-0.243152	-0.344123	-0.425525	-0.484032	-0.515025	-0.516071	-0.492233	-0.451041	-0.401458	-0.350384	-0.324662	-0.318941	-0.320769	-0.320516	-0.316425	-0.316425	
0.0364634	0.0932074	0.165999	0.245053	0.317559	0.378334	0.42397	0.462018	0.485177	0.494991	0.487486	0.473826	0.442602	0.387076	0.30873	0.237846	0.193597	0.178883	0.172178	0.180481	0.225616	0.299855	0.382118	0.459479	0.52984	0.582566	0.593364	0.537058	0.430098	0.29576	0.150504	-0.00481063	-0.152287	-0.276854	-0.380745	-0.465578	-0.52483	-0.561732	-0.572992	-0.560755	-0.5281	-0.479285	-0.42334	-0.357531	-0.309894	-0.286169	-0.275915	-0.269085	-0.262099	-0.262099	
0.0743075	0.120505	0.173464	0.230171	0.271261	0.297143	0.305963	0.320815	0.33594	0.352255	0.361326	0.377392	0.387076	0.377753	0.351263	0.327138	0.32247	0.330086	0.335078	0.352078	0.397817	0.46035	0.528112	0.580999	0.62334	0.643775	0.614941	0.52123	0.381406	0.223053	0.0524305	-0.124356	-0.283221	-0.404411	-0.493567	-0.55927	-0.592561	-0.6034	-0.592711	-0.566133	-0.52731	-0.47793	-0.426465	-0.364571	-0.310238	-0.272378	-0.250795	-0.237232	-0.228977	-0.228977	
0.132955	0.167941	0.20289	0.229431	0.236626	0.228402	0.210852	0.200489	0.198357	0.2117	0.231559	0.265277	0.30873	0.351263	0.391297	0.427334	0.468439	0.504603	0.524458	0.546627	0.582067	0.623192	0.66128	0.680701	0.685334	0.660247	0.589447	0.469431	0.311551	0.137968	-0.0466005	-0.229405	-0.384822	-0.495067	-0.568333	-0.616678	-0.62748	-0.611557	-0.580952	-0.542219	-0.496777	-0.448721	-0.4065	-0.361963	-0.319078	-0.282261	-0.258709	-0.245335	-0.240096	-0.240096	
0.196921	0.224741	0.23952	0.238137	0.217779	0.18184	0.135912	0.0984612	0.0849998	0.0932356	0.118644	0.168687	0.237846	0.327138	0.427334	0.525277	0.615365	0.682327	0.722297	0.744277	0.760424	0.773618	0.778735	0.762568	0.720625	0.64713	0.536866	0.397381	0.230006	0.0479863	-0.135225	-0.307382	-0.443447	-0.539572	-0.606714	-0.643412	-0.641901	-0.607494	-0.558466	-0.51184	-0.459718	-0.411739	-0.37832	-0.352138	-0.331044	-0.305808	-0.28638	-0.27693	-0.27385	-0.27385	
0.239173	0.268419	0.273437	0.250954	0.208205	0.148206	0.0802085	0.0228479	-0.0005426	0.00854286	0.0446304	0.104876	0.193597	0.32247	0.468439	0.615365	0.746558	0.839301	0.895177	0.913926	0.918479	0.91276	0.885025	0.833724	0.740688	0.61948	0.477215	0.322877	0.155406	-0.0255458	-0.196695	-0.347211	-0.4641	-0.551662	-0.619147	-0.655882	-0.64864	-0.603631	-0.54419	-0.489669	-0.438582	-0.391505	-0.360253	-0.347237	-0.340436	-0.328395	-0.313504	-0.30343	-0.300911	-0.300911	
0.253474	0.284528	0.286166	0.253545	0.200573	0.12805	0.049818	-0.0205592	-0.059825	-0.0519544	-0.00628488	0.0683836	0.178883	0.330086	0.504603	0.682327	0.839301	0.955881	1.02985	1.05971	1.06123	1.03827	0.976228	0.879991	0.744204	0.58573	0.421259	0.259836	0.0976579	-0.0697286	-0.225966	-0.353544	-0.45292	-0.538068	-0.607691	-0.650861	-0.649146	-0.602072	-0.540171	-0.483259	-0.434697	-0.389992	-0.354702	-0.342693	-0.342743	-0.341468	-0.333143	-0.325695	-0.324338	-0.324338	
0.236575	0.271489	0.272807	0.242916	0.193598	0.122922	0.0361449	-0.0517616	-0.09835	-0.089262	-0.0356627	0.0484906	0.172178	0.335078	0.524458	0.722297	0.895177	1.02985	1.12372	1.17204	1.176	1.13532	1.03847	0.904452	0.735467	0.551597	0.371621	0.207823	0.0597385	-0.0872146	-0.222994	-0.332782	-0.419529	-0.502786	-0.578222	-0.631051	-0.638291	-0.596713	-0.536825	-0.479808	-0.437129	-0.394499	-0.356997	-0.341142	-0.342123	-0.34954	-0.346885	-0.348722	-0.350288	-0.350288	
0.199586	0.236743	0.243708	0.224049	0.181307	0.112259	0.0256353	-0.0607189	-0.111976	-0.103115	-0.0427803	0.0498994	0.180481	0.352078	0.546627	0.744277	0.913926	1.05971	1.17204	1.23359	1.2412	1.18339	1.06308	0.907505	0.724726	0.529599	0.344357	0.181686	0.0469111	-0.0832722	-0.205308	-0.299712	-0.379592	-0.456045	-0.53589	-0.597182	-0.612742	-0.583907	-0.533136	-0.484211	-0.448305	-0.410901	-0.371763	-0.351329	-0.345955	-0.350204	-0.350737	-0.355874	-0.363274	-0.363274	
0.139308	0.187602	0.207199	0.199188	0.163539	0.100106	0.0211479	-0.0560274	-0.0979677	-0.0797606	-0.0152193	0.0836851	0.225616	0.397817	0.582067	0.760424	0.918479	1.06123	1.176	1.2412	1.24252	1.1742	1.05042	0.893276	0.713317	0.525834	0.34739	0.1888	0.0575761	-0.0649776	-0.180976	-0.266056	-0.335255	-0.405184	-0.482274	-0.54636	-0.571655	-0.560316	-0.531882	-0.502323	-0.478308	-0.447751	-0.408697	-0.380119	-0.3594	-0.348224	-0.338958	-0.338576	-0.345669	-0.345669	
0.0601743	0.12462	0.157059	0.160986	0.132341	0.07899	0.0149803	-0.0438464	-0.0632549	-0.0327801	0.0425297	0.154532	0.299855	0.46035	0.623192	0.773618	0.91276	1.03827	1.13532	1.18339	1.1742	1.11026	1.00098	0.860712	0.702182	0.53998	0.37793	0.229691	0.0966364	-0.0245591	-0.131048	-0.210577	-0.271013	-0.334928	-0.409344	-0.475162	-0.51204	-0.524367	-0.52831	-0.528082	-0.522936	-0.502573	-0.466167	-0.427577	-0.389777	-0.357854	-0.328243	-0.31362	-0.309603	-0.309603	
-0.0233389	0.0441245	0.0856427	0.0939902	0.0773895	0.0385317	0.000975187	-0.0262677	-0.020551	0.0262721	0.116922	0.24056	0.382118	0.528112	0.66128	0.778735	0.885025	0.976228	1.03847	1.06308	1.05042	1.00098	0.914045	0.802298	0.678483	0.554907	0.428624	0.298401	0.17397	0.0579022	-0.0406094	-0.117479	-0.178532	-0.237911	-0.31059	-0.377258	-0.429057	-0.469009	-0.510364	-0.548105	-0.56658	-0.561339	-0.527163	-0.481432	-0.432566	-0.386397	-0.343032	-0.309908	-0.292961	-0.292961	
-0.112171	-0.0551598	-0.0154468	0.00243331	0.00323906	-0.00532128	-0.016092	-0.014106	0.0235013	0.0970276	0.204009	0.33025	0.459479	0.580999	0.680701	0.762568	0.833724	0.879991	0.904452	0.907505	0.893276	0.860712	0.802298	0.726653	0.641739	0.561558	0.473392	0.375312	0.272286	0.176112	0.089301	0.00837386	-0.0574426	-0.122192	-0.195785	-0.268588	-0.335545	-0.404082	-0.480492	-0.554029	-0.602697	-0.612081	-0.58417	-0.53494	-0.479548	-0.426887	-0.373203	-0.322715	-0.29328	-0.29328	
-0.20496	-0.158531	-0.117054	-0.0899411	-0.070244	-0.0554306	-0.0368474	0.00235643	0.073049	0.172096	0.289219	0.415531	0.52984	0.62334	0.685334	0.720625	0.740688	0.744204	0.735467	0.724726	0.713317	0.702182	0.678483	0.641739	0.601878	0.559453	0.511558	0.452025	0.381791	0.310673	0.234016	0.150293	0.0761571	0.00240803	-0.0752808	-0.16014	-0.250588	-0.346005	-0.457287	-0.561005	-0.630381	-0.654305	-0.629468	-0.575688	-0.517037	-0.457488	-0.39497	-0.336341	-0.298587	-0.298587	
-0.269696	-0.240531	-0.201094	-0.165454	-0.13154	-0.0927922	-0.0458253	0.0272938	0.127801	0.244147	0.369112	0.487736	0.582566	0.643775	0.660247	0.64713	0.61948	0.58573	0.551597	0.529599	0.525834	0.53998	0.554907	0.561558	0.559453	0.54823	0.53609	0.51511	0.483829	0.441447	0.379367	0.2963	0.210507	0.12473	0.0325348	-0.0697348	-0.180599	-0.302859	-0.434114	-0.551475	-0.633222	-0.666407	-0.651309	-0.602532	-0.54294	-0.478549	-0.411134	-0.351039	-0.31585	-0.31585	
-0.290046	-0.278188	-0.24815	-0.209863	-0.164956	-0.0992026	-0.0253539	0.0709831	0.182023	0.303033	0.420255	0.52325	0.593364	0.614941	0.589447	0.536866	0.477215	0.421259	0.371621	0.344357	0.34739	0.37793	0.428624	0.473392	0.511558	0.53609	0.558299	0.573272	0.572997	0.559742	0.514677	0.441294	0.353134	0.254819	0.144891	0.0194112	-0.118532	-0.267924	-0.410724	-0.526892	-0.60597	-0.64367	-0.641769	-0.607359	-0.557069	-0.497493	-0.437956	-0.38993	-0.368692	-0.368692	
-0.258703	-0.264525	-0.244874	-0.206338	-0.149776	-0.0697961	0.0238517	0.129878	0.238286	0.343877	0.437245	0.506449	0.537058	0.52123	0.469431	0.397381	0.322877	0.259836	0.207823	0.181686	0.1888	0.229691	0.298401	0.375312	0.452025	0.51511	0.573272	0.619665	0.652833	0.667178	0.644387	0.587088	0.499822	0.390739	0.26326	0.115211	-0.0483388	-0.214876	-0.361437	-0.467781	-0.538779	-0.587557	-0.60774	-0.600349	-0.575501	-0.534218	-0.492305	-0.46491	-0.458775	-0.458775	
-0.185112	-0.20354	-0.194558	-0.154446	-0.0905421	-0.000670423	0.0980107	0.196242	0.288292	0.36246	0.415411	0.44039	0.430098	0.381406	0.311551	0.230006	0.155406	0.0976579	0.0597385	0.0469111	0.0575761	0.0966364	0.17397	0.272286	0.381791	0.483829	0.572997	0.652833	0.717332	0.759399	0.761439	0.719016	0.637815	0.525413	0.383221	0.220324	0.0413617	-0.136362	-0.279945	-0.37707	-0.446991	-0.508984	-0.556295	-0.583481	-0.592948	-0.584574	-0.568012	-0.562833	-0.568947	-0.568947	
-0.0824966	-0.0992832	-0.0881734	-0.0536191	0.00358369	0.0823993	0.175059	0.258392	0.320682	0.354731	0.363426	0.343543	0.29576	0.223053	0.137968	0.0479863	-0.0255458	-0.0697286	-0.0872146	-0.0832722	-0.0649776	-0.0245591	0.0579022	0.176112	0.310673	0.441447	0.559742	0.667178	0.759399	0.824214	0.843211	0.813985	0.744186	0.637994	0.497125	0.335817	0.155103	-0.0227233	-0.164854	-0.262156	-0.339769	-0.41944	-0.492422	-0.555344	-0.601425	-0.632215	-0.6483	-0.662219	-0.679506	-0.679506	
0.0705077	0.0694522	0.0729535	0.0867204	0.119212	0.169734	0.236334	0.291838	0.326169	0.322275	0.291497	0.233639	0.150504	0.0524305	-0.0466005	-0.135225	-0.196695	-0.225966	-0.222994	-0.205308	-0.180976	-0.131048	-0.0406094	0.089301	0.234016	0.379367	0.514677	0.644387	0.761439	0.843211	0.874248	0.854591	0.795721	0.705145	0.588161	0.45442	0.299815	0.143329	0.00759193	-0.0985855	-0.194796	-0.307715	-0.41861	-0.521673	-0.611924	-0.679834	-0.727627	-0.763048	-0.786601	-0.786601	
0.251745	0.267914	0.264644	0.252885	0.246679	0.252465	0.276499	0.296036	0.296201	0.262273	0.200608	0.109174	-0.00481063	-0.124356	-0.229405	-0.307382	-0.347211	-0.353544	-0.332782	-0.299712	-0.266056	-0.210577	-0.117479	0.00837386	0.150293	0.2963	0.441294	0.587088	0.719016	0.813985	0.854591	0.84246	0.801415	0.73947	0.664477	0.578677	0.465243	0.336918	0.208793	0.0937333	-0.0304322	-0.176477	-0.330121	-0.479303	-0.606621	-0.715736	-0.798715	-0.862596	-0.899619	-0.899619	
0.426932	0.45527	0.451815	0.418574	0.372174	0.326948	0.297336	0.27663	0.24571	0.188297	0.105785	-0.0140092	-0.152287	-0.283221	-0.384822	-0.443447	-0.4641	-0.45292	-0.419529	-0.379592	-0.335255	-0.271013	-0.178532	-0.0574426	0.0761571	0.210507	0.353134	0.499822	0.637815	0.744186	0.795721	0.801415	0.780658	0.754606	0.728642	0.691434	0.623238	0.525705	0.411696	0.289197	0.142064	-0.0410194	-0.238859	-0.431057	-0.594293	-0.73212	-0.849562	-0.938615	-0.990285	-0.990285	
0.577958	0.618793	0.610856	0.5619	0.484781	0.399247	0.324073	0.264798	0.203166	0.118255	0.00660686	-0.132956	-0.276854	-0.404411	-0.495067	-0.539572	-0.551662	-0.538068	-0.502786	-0.456045	-0.405184	-0.334928	-0.237911	-0.122192	0.00240803	0.12473	0.254819	0.390739	0.525413	0.637994	0.705145	0.73947	0.754606	0.771384	0.795571	0.801535	0.767012	0.694095	0.590814	0.459812	0.292413	0.081074	-0.151845	-0.374564	-0.563991	-0.723743	-0.865988	-0.976182	-1.03697	-1.03697	
0.706238	0.750956	0.738811	0.675951	0.572054	0.458493	0.353836	0.263588	0.162694	0.0428202	-0.0929022	-0.243152	-0.380745	-0.493567	-0.568333	-0.606714	-0.619147	-0.607691	-0.578222	-0.53589	-0.482274	-0.409344	-0.31059	-0.195785	-0.0752808	0.0325348	0.144891	0.26326	0.383221	0.497125	0.588161	0.664477	0.728642	0.795571	0.863909	0.901953	0.893674	0.838332	0.741497	0.605848	0.421513	0.195923	-0.0555712	-0.300695	-0.51029	-0.69304	-0.854502	-0.977468	-1.04099	-1.04099	
0.806198	0.847934	0.826383	0.744497	0.621835	0.490181	0.361415	0.239512	0.105294	-0.04192	-0.195949	-0.344123	-0.465578	-0.55927	-0.616678	-0.643412	-0.655882	-0.650861	-0.631051	-0.597182	-0.54636	-0.475162	-0.377258	-0.268588	-0.16014	-0.0697348	0.0194112	0.115211	0.220324	0.335817	0.45442	0.578677	0.691434	0.801535	0.901953	0.966644	0.982308	0.945899	0.86314	0.726401	0.5421	0.317342	0.063461	-0.192759	-0.426583	-0.632994	-0.816468	-0.946475	-1.01062	-1.01062	
0.873945	0.904184	0.867626	0.774033	0.638878	0.490414	0.340807	0.188116	0.0266567	-0.138089	-0.293424	-0.425525	-0.52483	-0.592561	-0.62748	-0.641901	-0.64864	-0.649146	-0.638291	-0.612742	-0.571655	-0.51204	-0.429057	-0.335545	-0.250588	-0.180599	-0.118532	-0.0483388	0.0413617	0.155103	0.299815	0.465243	0.623238	0.767012	0.893674	0.982308	1.0207	1.00497	0.938711	0.813513	0.643438	0.440745	0.201185	-0.0526387	-0.301844	-0.531893	-0.73199	-0.872073	-0.936745	-0.936745	
0.902563	0.915104	0.870221	0.768198	0.624055	0.463066	0.296567	0.121943	-0.0593378	-0.226603	-0.373768	-0.484032	-0.561732	-0.6034	-0.611557	-0.607494	-0.603631	-0.602072	-0.596713	-0.583907	-0.560316	-0.524367	-0.469009	-0.404082	-0.346005	-0.302859	-0.267924	-0.214876	-0.136362	-0.0227233	0.143329	0.336918	0.525705	0.694095	0.838332	0.945899	1.00497	1.01035	0.961698	0.857625	0.712556	0.538241	0.327097	0.091351	-0.152613	-0.38357	-0.583625	-0.725468	-0.788791	-0.788791	
0.895609	0.886361	0.828483	0.71718	0.570673	0.403812	0.230977	0.0493051	-0.130757	-0.291029	-0.42534	-0.515025	-0.572992	-0.592711	-0.580952	-0.558466	-0.54419	-0.540171	-0.536825	-0.533136	-0.531882	-0.52831	-0.510364	-0.480492	-0.457287	-0.434114	-0.410724	-0.361437	-0.279945	-0.164854	0.00759193	0.208793	0.411696	0.590814	0.741497	0.86314	0.938711	0.961698	0.937718	0.858932	0.743175	0.603313	0.425965	0.224407	0.0109735	-0.195904	-0.376741	-0.505148	-0.566272	-0.566272	
0.846312	0.814155	0.736578	0.614668	0.465209	0.305436	0.145417	-0.0224735	-0.189101	-0.333232	-0.445255	-0.516071	-0.560755	-0.566133	-0.542219	-0.51184	-0.489669	-0.483259	-0.479808	-0.484211	-0.502323	-0.528082	-0.548105	-0.554029	-0.561005	-0.551475	-0.526892	-0.467781	-0.37707	-0.262156	-0.0985855	0.0937333	0.289197	0.459812	0.605848	0.726401	0.813513	0.857625	0.858932	0.81334	0.735918	0.634657	0.502037	0.352582	0.185656	0.0242958	-0.116645	-0.222732	-0.27139	-0.27139	
0.775484	0.709909	0.608952	0.47569	0.329417	0.180536	0.0398494	-0.0987552	-0.235421	-0.347458	-0.438038	-0.492233	-0.5281	-0.52731	-0.496777	-0.459718	-0.438582	-0.434697	-0.437129	-0.448305	-0.478308	-0.522936	-0.56658	-0.602697	-0.630381	-0.633222	-0.60597	-0.538779	-0.446991	-0.339769	-0.194796	-0.0304322	0.142064	0.292413	0.421513	0.5421	0.643438	0.712556	0.743175	0.735918	0.698643	0.643958	0.567654	0.475852	0.371259	0.266668	0.177709	0.113109	0.0828214	0.0828214	
0.698005	0.595811	0.466509	0.32025	0.175572	0.0435811	-0.0720526	-0.17492	-0.270152	-0.349337	-0.408489	-0.451041	-0.479285	-0.47793	-0.448721	-0.411739	-0.391505	-0.389992	-0.394499	-0.410901	-0.447751	-0.502573	-0.561339	-0.612081	-0.654305	-0.666407	-0.64367	-0.587557	-0.508984	-0.41944	-0.307715	-0.176477	-0.0410194	0.081074	0.195923	0.317342	0.440745	0.538241	0.603313	0.634657	0.643958	0.643182	0.62769	0.602672	0.56336	0.523606	0.496292	0.482678	0.478852	0.478852	
0.602158	0.46714	0.312509	0.158806	0.0197915	-0.0949038	-0.18316	-0.248534	-0.303793	-0.344291	-0.373965	-0.401458	-0.42334	-0.426465	-0.4065	-0.37832	-0.360253	-0.354702	-0.356997	-0.371763	-0.408697	-0.466167	-0.527163	-0.58417	-0.629468	-0.651309	-0.641769	-0.60774	-0.556295	-0.492422	-0.41861	-0.330121	-0.238859	-0.151845	-0.0555712	0.063461	0.201185	0.327097	0.425965	0.502037	0.567654	0.62769	0.683313	0.732049	0.764678	0.796594	0.834339	0.8715	0.89565	0.89565	
0.502585	0.33737	0.165352	0.0125326	-0.111162	-0.205659	-0.273354	-0.312884	-0.336633	-0.345174	-0.345956	-0.350384	-0.357531	-0.364571	-0.361963	-0.352138	-0.347237	-0.342693	-0.341142	-0.351329	-0.380119	-0.427577	-0.481432	-0.53494	-0.575688	-0.602532	-0.607359	-0.600349	-0.583481	-0.555344	-0.521673	-0.479303	-0.431057	-0.374564	-0.300695	-0.192759	-0.0526387	0.091351	0.224407	0.352582	0.475852	0.602672	0.732049	0.854017	0.967989	1.07233	1.17126	1.25477	1.29897	1.29897	
0.392579	0.214595	0.0414799	-0.0990344	-0.20233	-0.272753	-0.323465	-0.35279	-0.363965	-0.360504	-0.339474	-0.324662	-0.309894	-0.310238	-0.319078	-0.331044	-0.340436	-0.342743	-0.342123	-0.345955	-0.3594	-0.389777	-0.432566	-0.479548	-0.517037	-0.54294	-0.557069	-0.575501	-0.592948	-0.601425	-0.611924	-0.606621	-0.594293	-0.563991	-0.51029	-0.426583	-0.301844	-0.152613	0.0109735	0.185656	0.371259	0.56336	0.764678	0.967989	1.16125	1.34009	1.49477	1.61065	1.67017	1.67017	
0.284484	0.101375	-0.0618538	-0.177979	-0.253636	-0.308095	-0.35088	-0.378126	-0.38497	-0.374718	-0.34971	-0.318941	-0.286169	-0.272378	-0.282261	-0.305808	-0.328395	-0.341468	-0.34954	-0.350204	-0.348224	-0.357854	-0.386397	-0.426887	-0.457488	-0.478549	-0.497493	-0.534218	-0.584574	-0.632215	-0.679834	-0.715736	-0.73212	-0.723743	-0.69304	-0.632994	-0.531893	-0.38357	-0.195904	0.0242958	0.266668	0.523606	0.796594	1.07233	1.34009	1.58094	1.77839	1.91809	1.98599	1.98599	
0.180579	-0.0026814	-0.146328	-0.238679	-0.2924	-0.330012	-0.366708	-0.394035	-0.398959	-0.38693	-0.359778	-0.320769	-0.275915	-0.250795	-0.258709	-0.28638	-0.313504	-0.333143	-0.346885	-0.350737	-0.338958	-0.328243	-0.343032	-0.373203	-0.39497	-0.411134	-0.437956	-0.492305	-0.568012	-0.6483	-0.727627	-0.798715	-0.849562	-0.865988	-0.854502	-0.816468	-0.73199	-0.583625	-0.376741	-0.116645	0.177709	0.496292	0.834339	1.17126	1.49477	1.77839	2.00551	2.16023	2.23523	2.23523	
0.0984239	-0.0820994	-0.207347	-0.274482	-0.307829	-0.338952	-0.375934	-0.407073	-0.409449	-0.39425	-0.364648	-0.320516	-0.269085	-0.237232	-0.245335	-0.27693	-0.30343	-0.325695	-0.348722	-0.355874	-0.338576	-0.31362	-0.309908	-0.322715	-0.336341	-0.351039	-0.38993	-0.46491	-0.562833	-0.662219	-0.763048	-0.862596	-0.938615	-0.976182	-0.977468	-0.946475	-0.872073	-0.725468	-0.505148	-0.222732	0.113109	0.482678	0.8715	1.25477	1.61065	1.91809	2.16023	2.32375	2.40424	2.40424	
0.0592143	-0.120838	-0.233396	-0.286293	-0.308956	-0.335836	-0.375636	-0.411978	-0.416875	-0.399038	-0.367477	-0.316425	-0.262099	-0.228977	-0.240096	-0.27385	-0.300911	-0.324338	-0.350288	-0.363274	-0.345669	-0.309603	-0.292961	-0.29328	-0.298587	-0.31585	-0.368692	-0.458775	-0.568947	-0.679506	-0.786601	-0.899619	-0.990285	-1.03697	-1.04099	-1.01062	-0.936745	-0.788791	-0.566272	-0.27139	0.0828214	0.478852	0.89565	1.29897	1.67017	1.98599	2.23523	2.40424	2.48875	2.48875	
0.0592143	-0.120838	-0.233396	-0.286293	-0.308956	-0.335836	-0.375636	-0.411978	-0.416875	-0.399038	-0.367477	-0.316425	-0.262099	-0.228977	-0.240096	-0.27385	-0.300911	-0.324338	-0.350288	-0.363274	-0.345669	-0.309603	-0.292961	-0.29328	-0.298587	-0.31585	-0.368692	-0.458775	-0.568947	-0.679506	-0.786601	-0.899619	-0.990285	-1.03697	-1.04099	-1.01062	-0.936745	-0.788791	-0.566272	-0.27139	0.0828214	0.478852	0.89565	1.29897	1.67017	1.98599	2.23523	2.40424	2.48875	2.48875	
