-1.27609	-1.27609	-1.27984	-1.27362	-1.22597	-1.12185	-0.965884	-0.783145	-0.579983	-0.362926	-0.127234	0.131985	0.41002	0.68755	0.926145	1.09413	1.16242	1.14511	1.05534	0.899246	0.689761	0.471264	0.275692	0.0905361	-0.0891791	-0.25037	-0.37897	-0.467468	-0.520894	-0.554575	-0.590241	-0.631609	-0.669334	-0.695311	-0.697982	-0.686759	-0.66976	-0.651383	-0.615814	-0.538813	-0.418773	-0.288378	-0.160328	-0.0364776	0.0831969	0.18656	0.262191	0.30556	0.32324	0.312665	
-1.27609	-1.27609	-1.27984	-1.27362	-1.22597	-1.12185	-0.965884	-0.783145	-0.579983	-0.362926	-0.127234	0.131985	0.41002	0.68755	0.926145	1.09413	1.16242	1.14511	1.05534	0.899246	0.689761	0.471264	0.275692	0.0905361	-0.0891791	-0.25037	-0.37897	-0.467468	-0.520894	-0.554575	-0.590241	-0.631609	-0.669334	-0.695311	-0.697982	-0.686759	-0.66976	-0.651383	-0.615814	-0.538813	-0.418773	-0.288378	-0.160328	-0.0364776	0.0831969	0.18656	0.262191	0.30556	0.32324	0.312665	
-1.27984	-1.27984	-1.28585	-1.28579	-1.24898	-1.16153	-1.02445	-0.860544	-0.672128	-0.465409	-0.235652	0.0218633	0.302149	0.588562	0.841753	1.02988	1.11847	1.11635	1.03256	0.874809	0.661049	0.441413	0.249933	0.0745204	-0.0946706	-0.249171	-0.375994	-0.467268	-0.523329	-0.557771	-0.591433	-0.627995	-0.660264	-0.678931	-0.671848	-0.649551	-0.619709	-0.591038	-0.549329	-0.471631	-0.35491	-0.229347	-0.104135	0.0159076	0.131415	0.226503	0.290753	0.320702	0.328775	0.31428	
-1.27362	-1.27362	-1.28579	-1.29812	-1.28381	-1.22545	-1.12417	-0.993555	-0.835024	-0.649663	-0.433087	-0.180264	0.10674	0.409162	0.690304	0.910668	1.03269	1.05485	0.983379	0.827591	0.612963	0.394224	0.210008	0.0472073	-0.106676	-0.248516	-0.368984	-0.45754	-0.514259	-0.548302	-0.577781	-0.607201	-0.626985	-0.629412	-0.604645	-0.562178	-0.516334	-0.474218	-0.424955	-0.345879	-0.232813	-0.111628	0.00456062	0.115371	0.215225	0.292298	0.336221	0.349916	0.346173	0.33094	
-1.22597	-1.22597	-1.24898	-1.28381	-1.30142	-1.28589	-1.23108	-1.14906	-1.0337	-0.88396	-0.690807	-0.445578	-0.15113	0.175328	0.488766	0.747114	0.904511	0.955786	0.903806	0.761311	0.556319	0.346311	0.168564	0.0157861	-0.125245	-0.252869	-0.35805	-0.435814	-0.483981	-0.512638	-0.536394	-0.554137	-0.558312	-0.539969	-0.492858	-0.433007	-0.37126	-0.318395	-0.260068	-0.175019	-0.0607174	0.0541998	0.158367	0.244053	0.315088	0.360836	0.380674	0.378893	0.37343	0.363045	
-1.12185	-1.12185	-1.16153	-1.22545	-1.28589	-1.3191	-1.3214	-1.29479	-1.23472	-1.13045	-0.968689	-0.736435	-0.433392	-0.0853795	0.260894	0.551617	0.743734	0.826002	0.803908	0.688533	0.509154	0.315974	0.147852	0.000411932	-0.132571	-0.24746	-0.338049	-0.398894	-0.433998	-0.45187	-0.463353	-0.468064	-0.454321	-0.416209	-0.352156	-0.274279	-0.199822	-0.132196	-0.0609285	0.0316956	0.143625	0.24759	0.324691	0.377799	0.408244	0.419396	0.412955	0.400148	0.392495	0.390623	
-0.965884	-0.965884	-1.02445	-1.12417	-1.23108	-1.3214	-1.38337	-1.41892	-1.4161	-1.36081	-1.23257	-1.01441	-0.708807	-0.343236	0.026392	0.346575	0.571763	0.691978	0.708227	0.631844	0.485418	0.316088	0.156689	0.0126077	-0.118487	-0.23007	-0.311853	-0.361661	-0.380622	-0.379928	-0.37235	-0.356748	-0.327924	-0.277312	-0.201453	-0.113198	-0.0219932	0.0624284	0.148269	0.244872	0.345685	0.424022	0.468713	0.47978	0.472135	0.4491	0.420539	0.395799	0.389306	0.394862	
-0.783145	-0.783145	-0.860544	-0.993555	-1.14906	-1.29479	-1.41892	-1.5117	-1.56192	-1.5476	-1.44801	-1.24635	-0.945506	-0.577895	-0.195005	0.146169	0.407006	0.568655	0.630662	0.59557	0.487372	0.343211	0.197724	0.0576831	-0.0743321	-0.189032	-0.274312	-0.320223	-0.328004	-0.309647	-0.279528	-0.246063	-0.203725	-0.144149	-0.0625896	0.0373349	0.139656	0.237018	0.327805	0.4153	0.491982	0.539626	0.546952	0.525685	0.485393	0.43909	0.393201	0.361188	0.352957	0.364995	
-0.579983	-0.579983	-0.672128	-0.835024	-1.0337	-1.23472	-1.4161	-1.56192	-1.65432	-1.67198	-1.59575	-1.41358	-1.13056	-0.775189	-0.393929	-0.0370865	0.255877	0.461664	0.56769	0.576116	0.504583	0.3906	0.260943	0.128662	-0.00324043	-0.123583	-0.214444	-0.262914	-0.267222	-0.240017	-0.19999	-0.154831	-0.10462	-0.0381647	0.0491876	0.151308	0.254954	0.347641	0.427813	0.496816	0.547623	0.567906	0.550991	0.504064	0.443788	0.380404	0.325427	0.290796	0.285368	0.30217	
-0.362926	-0.362926	-0.465409	-0.649663	-0.88396	-1.13045	-1.36081	-1.5476	-1.67198	-1.71239	-1.65673	-1.49746	-1.24076	-0.909254	-0.538928	-0.176944	0.141792	0.382585	0.53106	0.579787	0.550351	0.468384	0.359619	0.23758	0.109536	-0.0110425	-0.106089	-0.16116	-0.174465	-0.158989	-0.125441	-0.0823219	-0.0265618	0.0479249	0.138567	0.237789	0.327218	0.40038	0.457202	0.500496	0.526394	0.526356	0.492408	0.434287	0.362443	0.294802	0.239078	0.207341	0.205196	0.223587	
-0.127234	-0.127234	-0.235652	-0.433087	-0.690807	-0.968689	-1.23257	-1.44801	-1.59575	-1.65673	-1.62153	-1.48725	-1.25791	-0.952606	-0.599194	-0.241359	0.0872195	0.352052	0.531784	0.621072	0.632151	0.585934	0.4985	0.389944	0.270908	0.155765	0.0586472	-0.0071278	-0.0420125	-0.0502909	-0.0365598	-0.000471002	0.0561265	0.13532	0.224698	0.31369	0.384496	0.43348	0.463193	0.478406	0.474513	0.451665	0.402912	0.336571	0.26504	0.202451	0.155492	0.134177	0.137425	0.156688	
0.131985	0.131985	0.0218633	-0.180264	-0.445578	-0.736435	-1.01441	-1.24635	-1.41358	-1.49746	-1.48725	-1.37768	-1.17505	-0.895214	-0.565033	-0.226071	0.0945064	0.361865	0.5606	0.678335	0.727369	0.715303	0.65449	0.5668	0.465166	0.360372	0.262781	0.183026	0.126913	0.0942469	0.0917335	0.118106	0.170402	0.243051	0.322198	0.396501	0.449453	0.477506	0.48177	0.464329	0.426636	0.374209	0.308925	0.239147	0.171723	0.121666	0.0890247	0.078887	0.0903125	0.111929	
0.41002	0.41002	0.302149	0.10674	-0.15113	-0.433392	-0.708807	-0.945506	-1.13056	-1.24076	-1.25791	-1.17505	-0.998109	-0.748064	-0.449842	-0.14421	0.147179	0.397081	0.590943	0.720654	0.794475	0.815766	0.788802	0.733879	0.659261	0.57238	0.477961	0.394095	0.327238	0.284939	0.272822	0.289735	0.32701	0.381821	0.438808	0.493891	0.527972	0.537201	0.517444	0.471569	0.400357	0.323032	0.243019	0.169939	0.107772	0.0677262	0.0457362	0.0471463	0.0634681	0.084624	
0.68755	0.68755	0.588562	0.409162	0.175328	-0.0853795	-0.343236	-0.577895	-0.775189	-0.909254	-0.952606	-0.895214	-0.748064	-0.532311	-0.273576	-0.00979	0.241373	0.455675	0.6254	0.745996	0.831347	0.881094	0.890555	0.872507	0.829669	0.764611	0.684879	0.609701	0.54957	0.509047	0.494366	0.501487	0.523337	0.554775	0.587195	0.615392	0.625274	0.611225	0.569725	0.501298	0.411743	0.319662	0.235197	0.162066	0.100139	0.061162	0.0402129	0.0401876	0.054641	0.0711348	
0.926145	0.926145	0.841753	0.690304	0.488766	0.260894	0.026392	-0.195005	-0.393929	-0.538928	-0.599194	-0.565033	-0.449842	-0.273576	-0.0568123	0.164018	0.370469	0.540791	0.673072	0.771332	0.856791	0.925416	0.963888	0.977467	0.965345	0.931678	0.879463	0.828773	0.783455	0.74754	0.729566	0.729013	0.737898	0.752417	0.759628	0.76123	0.743858	0.707422	0.648185	0.568217	0.469275	0.37468	0.290069	0.216484	0.149118	0.100633	0.0678141	0.0585408	0.0643379	0.0712493	
1.09413	1.09413	1.02988	0.910668	0.747114	0.551617	0.346575	0.146169	-0.0370865	-0.176944	-0.241359	-0.226071	-0.14421	-0.00979	0.164018	0.34272	0.504197	0.630011	0.722631	0.795575	0.871049	0.944009	0.994597	1.02764	1.04645	1.05282	1.04314	1.02731	1.00192	0.973622	0.955608	0.952465	0.955439	0.953715	0.937841	0.909302	0.864047	0.804482	0.729403	0.640358	0.540174	0.447856	0.369806	0.297075	0.22136	0.156551	0.105271	0.0799179	0.0731355	0.0700713	
1.16242	1.16242	1.11847	1.03269	0.904511	0.743734	0.571763	0.407006	0.255877	0.141792	0.0872195	0.0945064	0.147179	0.241373	0.370469	0.504197	0.620212	0.702471	0.759968	0.804819	0.860438	0.919302	0.965515	1.01029	1.0613	1.11658	1.15956	1.18708	1.19219	1.18032	1.17163	1.1703	1.16519	1.14423	1.09885	1.03818	0.963159	0.879363	0.787207	0.688429	0.585058	0.494946	0.42054	0.349284	0.26853	0.194617	0.134892	0.100766	0.0842951	0.0652325	
1.14511	1.14511	1.11635	1.05485	0.955786	0.826002	0.691978	0.568655	0.461664	0.382585	0.352052	0.361865	0.397081	0.455675	0.540791	0.630011	0.702471	0.750122	0.7773	0.795734	0.822682	0.856458	0.889918	0.939962	1.01808	1.11657	1.20796	1.28357	1.32734	1.34698	1.35698	1.36233	1.34908	1.30442	1.22646	1.12883	1.02055	0.909883	0.797326	0.685489	0.573691	0.477923	0.403255	0.333582	0.258511	0.19226	0.140014	0.110973	0.0884812	0.0533579	
1.05534	1.05534	1.03256	0.983379	0.903806	0.803908	0.708227	0.630662	0.56769	0.53106	0.531784	0.5606	0.590943	0.6254	0.673072	0.722631	0.759968	0.7773	0.778594	0.76908	0.76673	0.777058	0.79855	0.850489	0.944448	1.07066	1.20254	1.32123	1.40907	1.46208	1.49395	1.50533	1.4823	1.41208	1.29885	1.16395	1.02535	0.891972	0.764021	0.637334	0.511755	0.402545	0.319353	0.252218	0.188117	0.137493	0.105391	0.0887069	0.0710585	0.0317557	
0.899246	0.899246	0.874809	0.827591	0.761311	0.688533	0.631844	0.59557	0.576116	0.579787	0.621072	0.678335	0.720654	0.745996	0.771332	0.795575	0.804819	0.795734	0.76908	0.733707	0.709682	0.704619	0.719339	0.767035	0.863231	1.00416	1.16332	1.31937	1.44207	1.52475	1.57421	1.59122	1.55795	1.46192	1.31455	1.14571	0.981555	0.830261	0.685977	0.543915	0.402653	0.280877	0.194867	0.131858	0.0800121	0.0441194	0.0252902	0.0227681	0.0150208	-0.0180619	
0.689761	0.689761	0.661049	0.612963	0.556319	0.509154	0.485418	0.487372	0.504583	0.550351	0.632151	0.727369	0.794475	0.831347	0.856791	0.871049	0.860438	0.822682	0.76673	0.709682	0.670326	0.656514	0.661724	0.698665	0.788579	0.933328	1.11166	1.29039	1.43735	1.53866	1.60049	1.61936	1.57495	1.45633	1.28155	1.08728	0.902583	0.732021	0.570268	0.411284	0.260295	0.136801	0.0537049	0.00120496	-0.0381689	-0.0644226	-0.06964	-0.0624556	-0.0618501	-0.0859243	
0.471264	0.471264	0.441413	0.394224	0.346311	0.315974	0.316088	0.343211	0.3906	0.468384	0.585934	0.715303	0.815766	0.881094	0.925416	0.944009	0.919302	0.856458	0.777058	0.704619	0.656514	0.631739	0.62488	0.647073	0.726127	0.867768	1.0504	1.23658	1.3903	1.49648	1.55809	1.57055	1.51439	1.38076	1.19202	0.983363	0.784493	0.599167	0.423204	0.255519	0.103071	-0.0177818	-0.0921962	-0.133192	-0.156706	-0.166215	-0.159571	-0.144305	-0.140141	-0.162436	
0.275692	0.275692	0.249933	0.210008	0.168564	0.147852	0.156689	0.197724	0.260943	0.359619	0.4985	0.65449	0.788802	0.890555	0.963888	0.994597	0.965515	0.889918	0.79855	0.719339	0.661724	0.62488	0.603844	0.612495	0.678002	0.806425	0.979403	1.15543	1.29873	1.39117	1.43636	1.43344	1.36465	1.2241	1.02937	0.816371	0.614294	0.427811	0.254387	0.0903944	-0.0571503	-0.169263	-0.234043	-0.257918	-0.260223	-0.255943	-0.241505	-0.22783	-0.227982	-0.246967	
0.0905361	0.0905361	0.0745204	0.0472073	0.0157861	0.000411932	0.0126077	0.0576831	0.128662	0.23758	0.389944	0.5668	0.733879	0.872507	0.977467	1.02764	1.01029	0.939962	0.850489	0.767035	0.698665	0.647073	0.612495	0.606088	0.65185	0.755932	0.905086	1.05574	1.17103	1.23346	1.25144	1.22757	1.1462	0.997558	0.800217	0.591456	0.401789	0.234269	0.0795371	-0.0693813	-0.201814	-0.297741	-0.343337	-0.346451	-0.333646	-0.323659	-0.314657	-0.309022	-0.311634	-0.322971	
-0.0891791	-0.0891791	-0.0946706	-0.106676	-0.125245	-0.132571	-0.118487	-0.0743321	-0.00324043	0.109536	0.270908	0.465166	0.659261	0.829669	0.965345	1.04645	1.0613	1.01808	0.944448	0.863231	0.788579	0.726127	0.678002	0.65185	0.666739	0.73182	0.838236	0.941694	1.00997	1.02991	1.01635	0.971786	0.876189	0.722692	0.530729	0.34079	0.179033	0.039634	-0.0902296	-0.215878	-0.322402	-0.387374	-0.405233	-0.389976	-0.368623	-0.362645	-0.362519	-0.363627	-0.367119	-0.374198	
-0.25037	-0.25037	-0.249171	-0.248516	-0.252869	-0.24746	-0.23007	-0.189032	-0.123583	-0.0110425	0.155765	0.360372	0.57238	0.764611	0.931678	1.05282	1.11658	1.11657	1.07066	1.00416	0.933328	0.867768	0.806425	0.755932	0.73182	0.744367	0.787624	0.824755	0.830265	0.801215	0.751902	0.681622	0.571656	0.419993	0.24637	0.0886863	-0.0409944	-0.148877	-0.246958	-0.336002	-0.400622	-0.42497	-0.417667	-0.390505	-0.369606	-0.368265	-0.373426	-0.377138	-0.38264	-0.389004	
-0.37897	-0.37897	-0.375994	-0.368984	-0.35805	-0.338049	-0.311853	-0.274312	-0.214444	-0.106089	0.0586472	0.262781	0.477961	0.684879	0.879463	1.04314	1.15956	1.20796	1.20254	1.16332	1.11166	1.0504	0.979403	0.905086	0.838236	0.787624	0.754715	0.71221	0.64959	0.56439	0.473647	0.376179	0.260348	0.125374	-0.0154197	-0.138942	-0.23663	-0.313235	-0.374136	-0.420125	-0.441687	-0.432608	-0.403854	-0.368431	-0.34372	-0.339382	-0.346527	-0.355888	-0.367538	-0.380461	
-0.467468	-0.467468	-0.467268	-0.45754	-0.435814	-0.398894	-0.361661	-0.320223	-0.262914	-0.16116	-0.0071278	0.183026	0.394095	0.609701	0.828773	1.02731	1.18708	1.28357	1.32123	1.31937	1.29039	1.23658	1.15543	1.05574	0.941694	0.824755	0.71221	0.59543	0.464737	0.325252	0.195392	0.082804	-0.0225784	-0.126505	-0.233081	-0.32198	-0.389686	-0.433284	-0.458779	-0.470397	-0.46427	-0.431409	-0.388286	-0.34256	-0.308982	-0.2989	-0.305592	-0.31741	-0.334716	-0.349494	
-0.520894	-0.520894	-0.523329	-0.514259	-0.483981	-0.433998	-0.380622	-0.328004	-0.267222	-0.174465	-0.0420125	0.126913	0.327238	0.54957	0.783455	1.00192	1.19219	1.32734	1.40907	1.44207	1.43735	1.3903	1.29873	1.17103	1.00997	0.830265	0.64959	0.464737	0.273336	0.0844733	-0.0703563	-0.182453	-0.264184	-0.334798	-0.401932	-0.451551	-0.481171	-0.491998	-0.493629	-0.490029	-0.473577	-0.43491	-0.386361	-0.336473	-0.298893	-0.279117	-0.278065	-0.285253	-0.297325	-0.308436	
-0.554575	-0.554575	-0.557771	-0.548302	-0.512638	-0.45187	-0.379928	-0.309647	-0.240017	-0.158989	-0.0502909	0.0942469	0.284939	0.509047	0.74754	0.973622	1.18032	1.34698	1.46208	1.52475	1.53866	1.49648	1.39117	1.23346	1.02991	0.801215	0.56439	0.325252	0.0844733	-0.134091	-0.297379	-0.400076	-0.461739	-0.501545	-0.527507	-0.531243	-0.520397	-0.503974	-0.489673	-0.478015	-0.46093	-0.42587	-0.383412	-0.342401	-0.306201	-0.28167	-0.273803	-0.272787	-0.27893	-0.283907	
-0.590241	-0.590241	-0.591433	-0.577781	-0.536394	-0.463353	-0.37235	-0.279528	-0.19999	-0.125441	-0.0365598	0.0917335	0.272822	0.494366	0.729566	0.955608	1.17163	1.35698	1.49395	1.57421	1.60049	1.55809	1.43636	1.25144	1.01635	0.751902	0.473647	0.195392	-0.0703563	-0.297379	-0.45873	-0.557288	-0.607835	-0.621528	-0.607532	-0.567895	-0.521543	-0.478355	-0.445182	-0.423014	-0.406711	-0.382538	-0.356197	-0.330221	-0.305993	-0.286178	-0.279244	-0.280395	-0.28365	-0.282092	
-0.631609	-0.631609	-0.627995	-0.607201	-0.554137	-0.468064	-0.356748	-0.246063	-0.154831	-0.0823219	-0.000471002	0.118106	0.289735	0.501487	0.729013	0.952465	1.1703	1.36233	1.50533	1.59122	1.61936	1.57055	1.43344	1.22757	0.971786	0.681622	0.376179	0.082804	-0.182453	-0.400076	-0.557288	-0.65555	-0.696349	-0.688595	-0.641044	-0.568989	-0.490056	-0.418046	-0.362789	-0.330531	-0.317852	-0.309251	-0.299842	-0.293896	-0.288663	-0.284433	-0.292332	-0.302956	-0.310195	-0.304708	
-0.669334	-0.669334	-0.660264	-0.626985	-0.558312	-0.454321	-0.327924	-0.203725	-0.10462	-0.0265618	0.0561265	0.170402	0.32701	0.523337	0.737898	0.955439	1.16519	1.34908	1.4823	1.55795	1.57495	1.51439	1.36465	1.1462	0.876189	0.571656	0.260348	-0.0225784	-0.264184	-0.461739	-0.607835	-0.696349	-0.725538	-0.699325	-0.630844	-0.53354	-0.424761	-0.327799	-0.256321	-0.220222	-0.216139	-0.224087	-0.234708	-0.25369	-0.274277	-0.29787	-0.325118	-0.34991	-0.358771	-0.349348	
-0.695311	-0.695311	-0.678931	-0.629412	-0.539969	-0.416209	-0.277312	-0.144149	-0.0381647	0.0479249	0.13532	0.243051	0.381821	0.554775	0.752417	0.953715	1.14423	1.30442	1.41208	1.46192	1.45633	1.38076	1.2241	0.997558	0.722692	0.419993	0.125374	-0.126505	-0.334798	-0.501545	-0.621528	-0.688595	-0.699325	-0.659279	-0.57213	-0.450766	-0.320541	-0.209067	-0.135493	-0.107508	-0.119854	-0.150946	-0.187609	-0.231358	-0.282364	-0.331628	-0.377095	-0.408772	-0.418429	-0.404088	
-0.697982	-0.697982	-0.671848	-0.604645	-0.492858	-0.352156	-0.201453	-0.0625896	0.0491876	0.138567	0.224698	0.322198	0.438808	0.587195	0.759628	0.937841	1.09885	1.22646	1.29885	1.31455	1.28155	1.19202	1.02937	0.800217	0.530729	0.24637	-0.0154197	-0.233081	-0.401932	-0.527507	-0.607532	-0.641044	-0.630844	-0.57213	-0.463673	-0.327368	-0.186842	-0.0787811	-0.0159189	-0.0056942	-0.0402911	-0.0960644	-0.153116	-0.222206	-0.297533	-0.370994	-0.428035	-0.463931	-0.47224	-0.458589	
-0.686759	-0.686759	-0.649551	-0.562178	-0.433007	-0.274279	-0.113198	0.0373349	0.151308	0.237789	0.31369	0.396501	0.493891	0.615392	0.76123	0.909302	1.03818	1.12883	1.16395	1.14571	1.08728	0.983363	0.816371	0.591456	0.34079	0.0886863	-0.138942	-0.32198	-0.451551	-0.531243	-0.567895	-0.568989	-0.53354	-0.450766	-0.327368	-0.182158	-0.046884	0.0508966	0.0967327	0.0866028	0.0336331	-0.036238	-0.112475	-0.197574	-0.29234	-0.380336	-0.443418	-0.482683	-0.498566	-0.492529	
-0.66976	-0.66976	-0.619709	-0.516334	-0.37126	-0.199822	-0.0219932	0.139656	0.254954	0.327218	0.384496	0.449453	0.527972	0.625274	0.743858	0.864047	0.963159	1.02055	1.02535	0.981555	0.902583	0.784493	0.614294	0.401789	0.179033	-0.0409944	-0.23663	-0.389686	-0.481171	-0.520397	-0.521543	-0.490056	-0.424761	-0.320541	-0.186842	-0.046884	0.076946	0.158202	0.186198	0.165523	0.108936	0.033698	-0.0488369	-0.141495	-0.243171	-0.338836	-0.413036	-0.465337	-0.496382	-0.503439	
-0.651383	-0.651383	-0.591038	-0.474218	-0.318395	-0.132196	0.0624284	0.237018	0.347641	0.40038	0.43348	0.477506	0.537201	0.611225	0.707422	0.804482	0.879363	0.909883	0.891972	0.830261	0.732021	0.599167	0.427811	0.234269	0.039634	-0.148877	-0.313235	-0.433284	-0.491998	-0.503974	-0.478355	-0.418046	-0.327799	-0.209067	-0.0787811	0.0508966	0.158202	0.225297	0.25084	0.236546	0.188976	0.120982	0.040707	-0.0473301	-0.149887	-0.258805	-0.350249	-0.41922	-0.46601	-0.486339	
-0.615814	-0.615814	-0.549329	-0.424955	-0.260068	-0.0609285	0.148269	0.327805	0.427813	0.457202	0.463193	0.48177	0.517444	0.569725	0.648185	0.729403	0.787207	0.797326	0.764021	0.685977	0.570268	0.423204	0.254387	0.0795371	-0.0902296	-0.246958	-0.374136	-0.458779	-0.493629	-0.489673	-0.445182	-0.362789	-0.256321	-0.135493	-0.0159189	0.0967327	0.186198	0.25084	0.286841	0.291454	0.263438	0.215644	0.154678	0.0785882	-0.0277457	-0.149958	-0.261153	-0.347646	-0.410521	-0.449058	
-0.538813	-0.538813	-0.471631	-0.345879	-0.175019	0.0316956	0.244872	0.4153	0.496816	0.500496	0.478406	0.464329	0.471569	0.501298	0.568217	0.640358	0.688429	0.685489	0.637334	0.543915	0.411284	0.255519	0.0903944	-0.0693813	-0.215878	-0.336002	-0.420125	-0.470397	-0.490029	-0.478015	-0.423014	-0.330531	-0.220222	-0.107508	-0.0056942	0.0866028	0.165523	0.236546	0.291454	0.320257	0.323246	0.31186	0.277705	0.215045	0.112283	-0.0146612	-0.140878	-0.2447	-0.329418	-0.388109	
-0.418773	-0.418773	-0.35491	-0.232813	-0.0607174	0.143625	0.345685	0.491982	0.547623	0.526394	0.474513	0.426636	0.400357	0.411743	0.469275	0.540174	0.585058	0.573691	0.511755	0.402653	0.260295	0.103071	-0.0571503	-0.201814	-0.322402	-0.400622	-0.441687	-0.46427	-0.473577	-0.46093	-0.406711	-0.317852	-0.216139	-0.119854	-0.0402911	0.0336331	0.108936	0.188976	0.263438	0.323246	0.368739	0.396056	0.392169	0.350275	0.26534	0.140909	0.000438385	-0.125283	-0.224708	-0.301518	
-0.288378	-0.288378	-0.229347	-0.111628	0.0541998	0.24759	0.424022	0.539626	0.567906	0.526356	0.451665	0.374209	0.323032	0.319662	0.37468	0.447856	0.494946	0.477923	0.402545	0.280877	0.136801	-0.0177818	-0.169263	-0.297741	-0.387374	-0.42497	-0.432608	-0.431409	-0.43491	-0.42587	-0.382538	-0.309251	-0.224087	-0.150946	-0.0960644	-0.036238	0.033698	0.120982	0.215644	0.31186	0.396056	0.460971	0.492388	0.487247	0.424208	0.302381	0.148125	0.0129418	-0.0961363	-0.18799	
-0.160328	-0.160328	-0.104135	0.00456062	0.158367	0.324691	0.468713	0.546952	0.550991	0.492408	0.402912	0.308925	0.243019	0.235197	0.290069	0.369806	0.42054	0.403255	0.319353	0.194867	0.0537049	-0.0921962	-0.234043	-0.343337	-0.405233	-0.417667	-0.403854	-0.388286	-0.386361	-0.383412	-0.356197	-0.299842	-0.234708	-0.187609	-0.153116	-0.112475	-0.0488369	0.040707	0.154678	0.277705	0.392169	0.492388	0.572664	0.602389	0.558283	0.443399	0.295921	0.163309	0.0533272	-0.0516531	
-0.0364776	-0.0364776	0.0159076	0.115371	0.244053	0.377799	0.47978	0.525685	0.504064	0.434287	0.336571	0.239147	0.169939	0.162066	0.216484	0.297075	0.349284	0.333582	0.252218	0.131858	0.00120496	-0.133192	-0.257918	-0.346451	-0.389976	-0.390505	-0.368431	-0.34256	-0.336473	-0.342401	-0.330221	-0.293896	-0.25369	-0.231358	-0.222206	-0.197574	-0.141495	-0.0473301	0.0785882	0.215045	0.350275	0.487247	0.602389	0.654953	0.630604	0.544672	0.427139	0.313101	0.214712	0.109954	
0.0831969	0.0831969	0.131415	0.215225	0.315088	0.408244	0.472135	0.485393	0.443788	0.362443	0.26504	0.171723	0.107772	0.100139	0.149118	0.22136	0.26853	0.258511	0.188117	0.0800121	-0.0381689	-0.156706	-0.260223	-0.333646	-0.368623	-0.369606	-0.34372	-0.308982	-0.298893	-0.306201	-0.305993	-0.288663	-0.274277	-0.282364	-0.297533	-0.29234	-0.243171	-0.149887	-0.0277457	0.112283	0.26534	0.424208	0.558283	0.630604	0.640833	0.601654	0.524844	0.44576	0.376584	0.29223	
0.18656	0.18656	0.226503	0.292298	0.360836	0.419396	0.4491	0.43909	0.380404	0.294802	0.202451	0.121666	0.0677262	0.061162	0.100633	0.156551	0.194617	0.19226	0.137493	0.0441194	-0.0644226	-0.166215	-0.255943	-0.323659	-0.362645	-0.368265	-0.339382	-0.2989	-0.279117	-0.28167	-0.286178	-0.284433	-0.29787	-0.331628	-0.370994	-0.380336	-0.338836	-0.258805	-0.149958	-0.0146612	0.140909	0.302381	0.443399	0.544672	0.601654	0.614685	0.597898	0.573802	0.545864	0.48329	
0.262191	0.262191	0.290753	0.336221	0.380674	0.412955	0.420539	0.393201	0.325427	0.239078	0.155492	0.0890247	0.0457362	0.0402129	0.0678141	0.105271	0.134892	0.140014	0.105391	0.0252902	-0.06964	-0.159571	-0.241505	-0.314657	-0.362519	-0.373426	-0.346527	-0.305592	-0.278065	-0.273803	-0.279244	-0.292332	-0.325118	-0.377095	-0.428035	-0.443418	-0.413036	-0.350249	-0.261153	-0.140878	0.000438385	0.148125	0.295921	0.427139	0.524844	0.597898	0.651768	0.686042	0.691936	0.649662	
0.30556	0.30556	0.320702	0.349916	0.378893	0.400148	0.395799	0.361188	0.290796	0.207341	0.134177	0.078887	0.0471463	0.0401876	0.0585408	0.0799179	0.100766	0.110973	0.0887069	0.0227681	-0.0624556	-0.144305	-0.22783	-0.309022	-0.363627	-0.377138	-0.355888	-0.31741	-0.285253	-0.272787	-0.280395	-0.302956	-0.34991	-0.408772	-0.463931	-0.482683	-0.465337	-0.41922	-0.347646	-0.2447	-0.125283	0.0129418	0.163309	0.313101	0.44576	0.573802	0.686042	0.761816	0.791386	0.776916	
0.32324	0.32324	0.328775	0.346173	0.37343	0.392495	0.389306	0.352957	0.285368	0.205196	0.137425	0.0903125	0.0634681	0.054641	0.0643379	0.0731355	0.0842951	0.0884812	0.0710585	0.0150208	-0.0618501	-0.140141	-0.227982	-0.311634	-0.367119	-0.38264	-0.367538	-0.334716	-0.297325	-0.27893	-0.28365	-0.310195	-0.358771	-0.418429	-0.47224	-0.498566	-0.496382	-0.46601	-0.410521	-0.329418	-0.224708	-0.0961363	0.0533272	0.214712	0.376584	0.545864	0.691936	0.791386	0.845294	0.855284	
0.312665	0.312665	0.31428	0.33094	0.363045	0.390623	0.394862	0.364995	0.30217	0.223587	0.156688	0.111929	0.084624	0.0711348	0.0712493	0.0700713	0.0652325	0.0533579	0.0317557	-0.0180619	-0.0859243	-0.162436	-0.246967	-0.322971	-0.374198	-0.389004	-0.380461	-0.349494	-0.308436	-0.283907	-0.282092	-0.304708	-0.349348	-0.404088	-0.458589	-0.492529	-0.503439	-0.486339	-0.449058	-0.388109	-0.301518	-0.18799	-0.0516531	0.109954	0.29223	0.48329	0.649662	0.776916	0.855284	0.881572	
