0.54211	0.590951	0.63186	0.645093	0.635228	0.606489	0.569292	0.517926	0.465896	0.408864	0.326923	0.215774	0.0812827	-0.0336932	-0.10757	-0.143682	-0.157263	-0.159362	-0.145335	-0.126849	-0.106578	-0.0839549	-0.0612993	-0.0347894	-0.0229236	-0.0343561	-0.0693696	-0.116127	-0.175466	-0.250843	-0.336338	-0.427659	-0.500874	-0.567254	-0.621644	-0.64082	-0.62498	-0.575221	-0.498324	-0.389893	-0.257859	-0.136491	-0.0415075	0.0391528	0.116127	0.190881	0.251749	0.285211	0.29676	0.29676	
0.590951	0.626554	0.653753	0.652662	0.620883	0.566409	0.502242	0.432362	0.360877	0.284935	0.190855	0.0768637	-0.0554321	-0.15762	-0.201892	-0.197278	-0.165841	-0.130757	-0.0961893	-0.0699216	-0.0580382	-0.0614593	-0.0642125	-0.0688796	-0.0950012	-0.130105	-0.171485	-0.214684	-0.267135	-0.329483	-0.403036	-0.483736	-0.551655	-0.61706	-0.672955	-0.696271	-0.680317	-0.632124	-0.554204	-0.445891	-0.310305	-0.180697	-0.0700255	0.0392466	0.145468	0.253632	0.347433	0.407804	0.438498	0.438498	
0.63186	0.653753	0.666558	0.643593	0.583916	0.50376	0.413737	0.328326	0.240731	0.150583	0.0496968	-0.0653652	-0.179418	-0.25668	-0.272909	-0.235036	-0.167779	-0.0964554	-0.0385792	0.00105294	0.00196429	-0.0197206	-0.0422426	-0.0773129	-0.127302	-0.174633	-0.219186	-0.262594	-0.311694	-0.364965	-0.419895	-0.479485	-0.5402	-0.603989	-0.660285	-0.696373	-0.693084	-0.659541	-0.593607	-0.493212	-0.368449	-0.242162	-0.123769	0.0037475	0.131258	0.260664	0.377377	0.463215	0.510251	0.510251	
0.645093	0.652662	0.643593	0.599171	0.515909	0.409757	0.294644	0.190866	0.0914223	-0.00740601	-0.105245	-0.204171	-0.288105	-0.331425	-0.322746	-0.257142	-0.157917	-0.055787	0.0256933	0.071177	0.0693503	0.0415055	0.000632759	-0.0508424	-0.110074	-0.165229	-0.210753	-0.26041	-0.312404	-0.355245	-0.387645	-0.429672	-0.484494	-0.545193	-0.607344	-0.657146	-0.6737	-0.665735	-0.620407	-0.535833	-0.432286	-0.316088	-0.19344	-0.056172	0.0889488	0.231063	0.359527	0.463524	0.517855	0.517855	
0.635228	0.620883	0.583916	0.515909	0.413498	0.278003	0.137428	0.016873	-0.0887629	-0.181968	-0.271885	-0.34323	-0.386316	-0.391373	-0.352364	-0.263459	-0.137769	-0.0101057	0.0860832	0.139112	0.144108	0.112495	0.0632026	0.00167502	-0.0559872	-0.114162	-0.166285	-0.227796	-0.28514	-0.312773	-0.328125	-0.356379	-0.402191	-0.464447	-0.53398	-0.593166	-0.636105	-0.648004	-0.624689	-0.563544	-0.478448	-0.380949	-0.262412	-0.123599	0.0263893	0.173235	0.307581	0.414238	0.471039	0.471039	
0.606489	0.566409	0.50376	0.409757	0.278003	0.116729	-0.0439806	-0.177224	-0.28468	-0.372371	-0.440684	-0.481979	-0.479773	-0.442738	-0.369828	-0.256538	-0.111634	0.0263928	0.131859	0.191406	0.208539	0.181668	0.12928	0.0683074	0.00885264	-0.0477961	-0.110832	-0.180646	-0.232817	-0.248593	-0.255935	-0.274169	-0.314957	-0.375679	-0.443652	-0.513089	-0.56982	-0.60184	-0.605374	-0.571265	-0.510134	-0.428563	-0.3182	-0.182792	-0.0374845	0.101979	0.227396	0.319289	0.367639	0.367639	
0.569292	0.502242	0.413737	0.294644	0.137428	-0.0439806	-0.221467	-0.371281	-0.478511	-0.552771	-0.595476	-0.6015	-0.558564	-0.481768	-0.375671	-0.240496	-0.0880722	0.0571825	0.166181	0.229015	0.251687	0.231602	0.182885	0.124689	0.0686815	0.0127272	-0.0551836	-0.123358	-0.166618	-0.1772	-0.181162	-0.196748	-0.233336	-0.284619	-0.35222	-0.422679	-0.481944	-0.531071	-0.555671	-0.553441	-0.519701	-0.458505	-0.362855	-0.240039	-0.110628	0.0157677	0.120314	0.196907	0.232222	0.232222	
0.517926	0.432362	0.328326	0.190866	0.016873	-0.177224	-0.371281	-0.531239	-0.633993	-0.690205	-0.706739	-0.679828	-0.601106	-0.488576	-0.354755	-0.205499	-0.0526024	0.08814	0.189097	0.243989	0.266014	0.254215	0.214218	0.16289	0.107493	0.0572757	0.000698543	-0.0582629	-0.0902469	-0.102998	-0.113806	-0.133262	-0.164694	-0.205183	-0.262447	-0.325144	-0.381754	-0.439067	-0.486035	-0.514169	-0.512308	-0.472575	-0.395858	-0.291728	-0.185572	-0.087855	-0.00882777	0.0446229	0.0688767	0.0688767	
0.465896	0.360877	0.240731	0.0914223	-0.0887629	-0.28468	-0.478511	-0.633993	-0.727788	-0.766749	-0.757307	-0.701545	-0.599177	-0.461307	-0.308594	-0.155689	-0.00183594	0.132521	0.217142	0.254151	0.267895	0.262175	0.231961	0.181739	0.131014	0.0923651	0.051993	0.00923398	-0.0151585	-0.0300958	-0.0475353	-0.0719094	-0.100876	-0.133924	-0.181514	-0.233944	-0.285416	-0.342641	-0.400633	-0.451584	-0.480552	-0.468123	-0.418735	-0.346098	-0.273755	-0.214705	-0.165233	-0.131496	-0.115899	-0.115899	
0.408864	0.284935	0.150583	-0.00740601	-0.181968	-0.372371	-0.552771	-0.690205	-0.766749	-0.780429	-0.748549	-0.671415	-0.546885	-0.40023	-0.243944	-0.0887833	0.0637405	0.183553	0.243031	0.265869	0.27042	0.268025	0.246033	0.194127	0.151016	0.124804	0.100943	0.0720564	0.0493898	0.0346489	0.0128173	-0.0139895	-0.0385682	-0.064035	-0.0973116	-0.139183	-0.185543	-0.23771	-0.302702	-0.368085	-0.423932	-0.446858	-0.431724	-0.402064	-0.377135	-0.362677	-0.347494	-0.337805	-0.330571	-0.330571	
0.326923	0.190855	0.0496968	-0.105245	-0.271885	-0.440684	-0.595476	-0.706739	-0.757307	-0.748549	-0.693642	-0.596613	-0.464399	-0.316049	-0.164582	-0.0148315	0.124732	0.223079	0.264447	0.272755	0.274488	0.27754	0.258775	0.211272	0.178627	0.162491	0.142634	0.121802	0.0996163	0.0871994	0.071065	0.0482906	0.0305431	0.0124264	-0.0109635	-0.0434946	-0.0855703	-0.137858	-0.199227	-0.276791	-0.35637	-0.414605	-0.447006	-0.466251	-0.491458	-0.51757	-0.534694	-0.543893	-0.549938	-0.549938	
0.215774	0.0768637	-0.0653652	-0.204171	-0.34323	-0.481979	-0.6015	-0.679828	-0.701545	-0.671415	-0.596613	-0.481825	-0.347561	-0.200806	-0.0646283	0.0644015	0.17351	0.240683	0.266752	0.26488	0.269012	0.277416	0.262059	0.232794	0.20936	0.199461	0.18451	0.160997	0.141142	0.128744	0.118463	0.101642	0.0893246	0.077104	0.0603105	0.0382522	0.000416712	-0.0497218	-0.107578	-0.190741	-0.286915	-0.382775	-0.46303	-0.530655	-0.601526	-0.654244	-0.693082	-0.720253	-0.737426	-0.737426	
0.0812827	-0.0554321	-0.179418	-0.288105	-0.386316	-0.479773	-0.558564	-0.601106	-0.599177	-0.546885	-0.464399	-0.347561	-0.210851	-0.0713735	0.0393772	0.12753	0.199728	0.239709	0.251709	0.246866	0.252062	0.260161	0.252663	0.237622	0.225957	0.225934	0.216785	0.196493	0.178913	0.166729	0.158616	0.148715	0.139767	0.1263	0.115673	0.0973392	0.0611817	0.0105708	-0.0496891	-0.13169	-0.239096	-0.358998	-0.47546	-0.581239	-0.679098	-0.751646	-0.805209	-0.848296	-0.8787	-0.8787	
-0.0336932	-0.15762	-0.25668	-0.331425	-0.391373	-0.442738	-0.481768	-0.488576	-0.461307	-0.40023	-0.316049	-0.200806	-0.0713735	0.0400574	0.118664	0.166459	0.201463	0.223217	0.226478	0.219827	0.218561	0.227814	0.226896	0.218047	0.221446	0.235888	0.236128	0.22572	0.210964	0.200604	0.195527	0.190684	0.185096	0.16985	0.161806	0.144471	0.11078	0.0580075	-0.00473924	-0.084775	-0.19997	-0.33595	-0.480157	-0.614803	-0.734601	-0.825194	-0.892057	-0.949536	-0.988161	-0.988161	
-0.10757	-0.201892	-0.272909	-0.322746	-0.352364	-0.369828	-0.375671	-0.354755	-0.308594	-0.243944	-0.164582	-0.0646283	0.0393772	0.118664	0.156832	0.169776	0.178154	0.189344	0.184465	0.178007	0.178086	0.182772	0.17903	0.175663	0.191825	0.221183	0.242234	0.246252	0.243052	0.24	0.240928	0.240147	0.236777	0.226742	0.218102	0.202175	0.169256	0.111315	0.0413557	-0.047069	-0.17089	-0.319026	-0.480839	-0.635484	-0.776719	-0.889728	-0.975521	-1.04603	-1.08935	-1.08935	
-0.143682	-0.197278	-0.235036	-0.257142	-0.263459	-0.256538	-0.240496	-0.205499	-0.155689	-0.0887833	-0.0148315	0.0644015	0.12753	0.166459	0.169776	0.154169	0.138385	0.130652	0.120811	0.115548	0.11372	0.111438	0.109044	0.112485	0.14657	0.199157	0.242245	0.265622	0.280863	0.289859	0.294963	0.29859	0.300063	0.297196	0.288808	0.272175	0.234845	0.169527	0.0859915	-0.0208439	-0.154376	-0.310205	-0.480899	-0.650433	-0.812792	-0.950878	-1.05779	-1.13672	-1.18105	-1.18105	
-0.157263	-0.165841	-0.167779	-0.157917	-0.137769	-0.111634	-0.0880722	-0.0526024	-0.00183594	0.0637405	0.124732	0.17351	0.199728	0.201463	0.178154	0.138385	0.096503	0.0597296	0.0394657	0.0287505	0.0212723	0.0157395	0.0224868	0.0475009	0.102776	0.1748	0.235967	0.283833	0.320829	0.348778	0.362254	0.367372	0.370248	0.368594	0.356206	0.33232	0.292163	0.221295	0.122561	-0.000818366	-0.144444	-0.304174	-0.480045	-0.66493	-0.846117	-1.00567	-1.12856	-1.21091	-1.25326	-1.25326	
-0.159362	-0.130757	-0.0964554	-0.055787	-0.0101057	0.0263928	0.0571825	0.08814	0.132521	0.183553	0.223079	0.240683	0.239709	0.223217	0.189344	0.130652	0.0597296	-0.002193	-0.0365932	-0.0537602	-0.0656634	-0.068483	-0.0508983	-0.00318179	0.0669821	0.148453	0.226622	0.298113	0.359757	0.405594	0.428744	0.434161	0.436191	0.432729	0.413874	0.383495	0.334729	0.256484	0.141067	0.00146874	-0.143745	-0.301491	-0.477192	-0.670451	-0.866197	-1.04024	-1.17486	-1.26593	-1.30839	-1.30839	
-0.145335	-0.0961893	-0.0385792	0.0256933	0.0860832	0.131859	0.166181	0.189097	0.217142	0.243031	0.264447	0.266752	0.251709	0.226478	0.184465	0.120811	0.0394657	-0.0365932	-0.0781077	-0.104017	-0.119647	-0.120371	-0.0903051	-0.021897	0.0506402	0.134025	0.217185	0.299035	0.379347	0.44015	0.476936	0.489302	0.490069	0.482267	0.454612	0.41502	0.358682	0.270339	0.145768	-0.000732551	-0.146521	-0.297936	-0.475275	-0.675278	-0.874597	-1.0537	-1.19242	-1.28757	-1.33357	-1.33357	
-0.126849	-0.0699216	0.00105294	0.071177	0.139112	0.191406	0.229015	0.243989	0.254151	0.265869	0.272755	0.26488	0.246866	0.219827	0.178007	0.115548	0.0287505	-0.0537602	-0.104017	-0.129031	-0.137624	-0.130751	-0.0903105	-0.0143027	0.0571993	0.13201	0.213	0.295431	0.381373	0.449223	0.494937	0.515648	0.514108	0.50139	0.467921	0.419321	0.355157	0.261745	0.131842	-0.0124265	-0.15416	-0.300539	-0.47092	-0.66797	-0.860077	-1.03296	-1.17003	-1.26707	-1.31614	-1.31614	
-0.106578	-0.0580382	0.00196429	0.0693503	0.144108	0.208539	0.251687	0.266014	0.267895	0.27042	0.274488	0.269012	0.252062	0.218561	0.178086	0.11372	0.0212723	-0.0656634	-0.119647	-0.137624	-0.136983	-0.119052	-0.0679943	0.0121401	0.0867116	0.155824	0.226118	0.298743	0.372377	0.433186	0.477329	0.501859	0.500158	0.480042	0.441487	0.383875	0.3131	0.218689	0.0934364	-0.0415324	-0.175259	-0.308546	-0.462541	-0.638702	-0.811541	-0.971015	-1.09779	-1.19277	-1.24001	-1.24001	
-0.0839549	-0.0614593	-0.0197206	0.0415055	0.112495	0.181668	0.231602	0.254215	0.262175	0.268025	0.27754	0.277416	0.260161	0.227814	0.182772	0.111438	0.0157395	-0.068483	-0.120371	-0.130751	-0.119052	-0.0930259	-0.032418	0.0521844	0.132297	0.196332	0.251099	0.30251	0.348529	0.386498	0.421086	0.445591	0.445939	0.42538	0.379985	0.320087	0.249103	0.158241	0.0482521	-0.0747616	-0.198271	-0.316609	-0.447824	-0.595018	-0.742752	-0.881366	-0.991665	-1.0721	-1.11167	-1.11167	
-0.0612993	-0.0642125	-0.0422426	0.000632759	0.0632026	0.12928	0.182885	0.214218	0.231961	0.246033	0.258775	0.262059	0.252663	0.226896	0.17903	0.109044	0.0224868	-0.0508983	-0.0903051	-0.0903105	-0.0679943	-0.032418	0.0266878	0.101496	0.167645	0.215191	0.250877	0.276248	0.298166	0.313281	0.335316	0.361481	0.365715	0.347988	0.306034	0.252535	0.189032	0.110414	0.0147765	-0.0953693	-0.207712	-0.314072	-0.421176	-0.54069	-0.664671	-0.782022	-0.875231	-0.938091	-0.968483	-0.968483	
-0.0347894	-0.0688796	-0.0773129	-0.0508424	0.00167502	0.0683074	0.124689	0.16289	0.181739	0.194127	0.211272	0.232794	0.237622	0.218047	0.175663	0.112485	0.0475009	-0.00318179	-0.021897	-0.0143027	0.0121401	0.0521844	0.101496	0.148053	0.189326	0.212549	0.218461	0.22202	0.218318	0.219699	0.235286	0.261888	0.27453	0.259012	0.224177	0.180719	0.127485	0.0631652	-0.0121139	-0.103054	-0.197997	-0.290098	-0.380865	-0.478975	-0.583911	-0.679824	-0.753334	-0.798582	-0.819203	-0.819203	
-0.0229236	-0.0950012	-0.127302	-0.110074	-0.0559872	0.00885264	0.0686815	0.107493	0.131014	0.151016	0.178627	0.20936	0.225957	0.221446	0.191825	0.14657	0.102776	0.0669821	0.0506402	0.0571993	0.0867116	0.132297	0.167645	0.189326	0.198437	0.193459	0.176958	0.159415	0.142117	0.132667	0.140541	0.156604	0.167504	0.153682	0.127554	0.0967133	0.0533191	0.00477853	-0.0517665	-0.11688	-0.188907	-0.263732	-0.335822	-0.41213	-0.491457	-0.560141	-0.609938	-0.640908	-0.653455	-0.653455	
-0.0343561	-0.130105	-0.174633	-0.165229	-0.114162	-0.0477961	0.0127272	0.0572757	0.0923651	0.124804	0.162491	0.199461	0.225934	0.235888	0.221183	0.199157	0.1748	0.148453	0.134025	0.13201	0.155824	0.196332	0.215191	0.212549	0.193459	0.166789	0.133441	0.100849	0.0774077	0.0608282	0.0540698	0.0542929	0.0524064	0.0376959	0.0189461	-0.00260562	-0.0325787	-0.064668	-0.0957851	-0.133807	-0.184663	-0.242508	-0.298765	-0.351843	-0.39628	-0.427272	-0.446547	-0.454901	-0.459378	-0.459378	
-0.0693696	-0.171485	-0.219186	-0.210753	-0.166285	-0.110832	-0.0551836	0.000698543	0.051993	0.100943	0.142634	0.18451	0.216785	0.236128	0.242234	0.242245	0.235967	0.226622	0.217185	0.213	0.226118	0.251099	0.250877	0.218461	0.176958	0.133441	0.0898288	0.0544999	0.0277887	0.00611358	-0.0168221	-0.0357598	-0.0493247	-0.0692211	-0.0829005	-0.100851	-0.123385	-0.137636	-0.148414	-0.163981	-0.194287	-0.232031	-0.263096	-0.282728	-0.287925	-0.280816	-0.271897	-0.263687	-0.260444	-0.260444	
-0.116127	-0.214684	-0.262594	-0.26041	-0.227796	-0.180646	-0.123358	-0.0582629	0.00923398	0.0720564	0.121802	0.160997	0.196493	0.22572	0.246252	0.265622	0.283833	0.298113	0.299035	0.295431	0.298743	0.30251	0.276248	0.22202	0.159415	0.100849	0.0544999	0.0170186	-0.0123725	-0.0426816	-0.0795665	-0.115456	-0.145506	-0.173108	-0.192488	-0.212299	-0.223848	-0.21861	-0.207392	-0.201588	-0.212003	-0.222545	-0.218473	-0.198095	-0.163014	-0.122222	-0.0890803	-0.0672655	-0.0557511	-0.0557511	
-0.175466	-0.267135	-0.311694	-0.312404	-0.28514	-0.232817	-0.166618	-0.0902469	-0.0151585	0.0493898	0.0996163	0.141142	0.178913	0.210964	0.243052	0.280863	0.320829	0.359757	0.379347	0.381373	0.372377	0.348529	0.298166	0.218318	0.142117	0.0774077	0.0277887	-0.0123725	-0.051242	-0.097259	-0.151107	-0.201789	-0.249081	-0.287155	-0.316947	-0.337036	-0.338324	-0.316142	-0.283162	-0.260123	-0.245679	-0.217572	-0.166574	-0.0973347	-0.016824	0.0572698	0.113718	0.152721	0.171896	0.171896	
-0.250843	-0.329483	-0.364965	-0.355245	-0.312773	-0.248593	-0.1772	-0.102998	-0.0300958	0.0346489	0.0871994	0.128744	0.166729	0.200604	0.24	0.289859	0.348778	0.405594	0.44015	0.449223	0.433186	0.386498	0.313281	0.219699	0.132667	0.0608282	0.00611358	-0.0426816	-0.097259	-0.161135	-0.23157	-0.295453	-0.355141	-0.403511	-0.438593	-0.457949	-0.452808	-0.417621	-0.371011	-0.330205	-0.285072	-0.214587	-0.111274	0.00957612	0.134998	0.244637	0.326301	0.383428	0.412011	0.412011	
-0.336338	-0.403036	-0.419895	-0.387645	-0.328125	-0.255935	-0.181162	-0.113806	-0.0475353	0.0128173	0.071065	0.118463	0.158616	0.195527	0.240928	0.294963	0.362254	0.428744	0.476936	0.494937	0.477329	0.421086	0.335316	0.235286	0.140541	0.0540698	-0.0168221	-0.0795665	-0.151107	-0.23157	-0.310531	-0.38104	-0.44702	-0.497943	-0.537711	-0.558128	-0.55139	-0.509169	-0.448851	-0.38483	-0.304562	-0.197103	-0.0524532	0.108348	0.267579	0.409492	0.517364	0.591953	0.632769	0.632769	
-0.427659	-0.483736	-0.479485	-0.429672	-0.356379	-0.274169	-0.196748	-0.133262	-0.0719094	-0.0139895	0.0482906	0.101642	0.148715	0.190684	0.240147	0.29859	0.367372	0.434161	0.489302	0.515648	0.501859	0.445591	0.361481	0.261888	0.156604	0.0542929	-0.0357598	-0.115456	-0.201789	-0.295453	-0.38104	-0.451443	-0.509515	-0.555944	-0.595815	-0.619613	-0.621166	-0.58246	-0.512399	-0.423075	-0.310743	-0.165302	0.0105681	0.198123	0.386272	0.545617	0.670759	0.759718	0.805649	0.805649	
-0.500874	-0.551655	-0.5402	-0.484494	-0.402191	-0.314957	-0.233336	-0.164694	-0.100876	-0.0385682	0.0305431	0.0893246	0.139767	0.185096	0.236777	0.300063	0.370248	0.436191	0.490069	0.514108	0.500158	0.445939	0.365715	0.27453	0.167504	0.0524064	-0.0493247	-0.145506	-0.249081	-0.355141	-0.44702	-0.509515	-0.554841	-0.591063	-0.626602	-0.655387	-0.660514	-0.620082	-0.539708	-0.425773	-0.282511	-0.116509	0.0771941	0.279019	0.47548	0.648037	0.784185	0.885255	0.940298	0.940298	
-0.567254	-0.61706	-0.603989	-0.545193	-0.464447	-0.375679	-0.284619	-0.205183	-0.133924	-0.064035	0.0124264	0.077104	0.1263	0.16985	0.226742	0.297196	0.368594	0.432729	0.482267	0.50139	0.480042	0.42538	0.347988	0.259012	0.153682	0.0376959	-0.0692211	-0.173108	-0.287155	-0.403511	-0.497943	-0.555944	-0.591063	-0.620762	-0.651662	-0.676802	-0.673997	-0.624636	-0.531311	-0.397534	-0.233778	-0.0512147	0.150506	0.358263	0.555883	0.728376	0.868012	0.976599	1.03805	1.03805	
-0.621644	-0.672955	-0.660285	-0.607344	-0.53398	-0.443652	-0.35222	-0.262447	-0.181514	-0.0973116	-0.0109635	0.0603105	0.115673	0.161806	0.218102	0.288808	0.356206	0.413874	0.454612	0.467921	0.441487	0.379985	0.306034	0.224177	0.127554	0.0189461	-0.0829005	-0.192488	-0.316947	-0.438593	-0.537711	-0.595815	-0.626602	-0.651662	-0.673473	-0.684354	-0.660446	-0.596706	-0.492466	-0.344033	-0.169311	0.0268992	0.233283	0.439925	0.63318	0.792635	0.924318	1.03039	1.09185	1.09185	
-0.64082	-0.696271	-0.696373	-0.657146	-0.593166	-0.513089	-0.422679	-0.325144	-0.233944	-0.139183	-0.0434946	0.0382522	0.0973392	0.144471	0.202175	0.272175	0.33232	0.383495	0.41502	0.419321	0.383875	0.320087	0.252535	0.180719	0.0967133	-0.00260562	-0.100851	-0.212299	-0.337036	-0.457949	-0.558128	-0.619613	-0.655387	-0.676802	-0.684354	-0.669233	-0.6145	-0.528288	-0.412141	-0.261411	-0.0816438	0.11057	0.310292	0.509583	0.68595	0.832172	0.947064	1.04294	1.09981	1.09981	
-0.62498	-0.680317	-0.693084	-0.6737	-0.636105	-0.56982	-0.481944	-0.381754	-0.285416	-0.185543	-0.0855703	0.000416712	0.0611817	0.11078	0.169256	0.234845	0.292163	0.334729	0.358682	0.355157	0.3131	0.249103	0.189032	0.127485	0.0533191	-0.0325787	-0.123385	-0.223848	-0.338324	-0.452808	-0.55139	-0.621166	-0.660514	-0.673997	-0.660446	-0.6145	-0.527514	-0.422051	-0.298135	-0.150555	0.0188479	0.198931	0.378189	0.558488	0.71469	0.837319	0.929583	1.00263	1.04699	1.04699	
-0.575221	-0.632124	-0.659541	-0.665735	-0.648004	-0.60184	-0.531071	-0.439067	-0.342641	-0.23771	-0.137858	-0.0497218	0.0105708	0.0580075	0.111315	0.169527	0.221295	0.256484	0.270339	0.261745	0.218689	0.158241	0.110414	0.0631652	0.00477853	-0.064668	-0.137636	-0.21861	-0.316142	-0.417621	-0.509169	-0.58246	-0.620082	-0.624636	-0.596706	-0.528288	-0.422051	-0.299202	-0.167392	-0.0214302	0.134829	0.290932	0.438875	0.584931	0.712025	0.806378	0.873468	0.920181	0.949532	0.949532	
-0.498324	-0.554204	-0.593607	-0.620407	-0.624689	-0.605374	-0.555671	-0.486035	-0.400633	-0.302702	-0.199227	-0.107578	-0.0496891	-0.00473924	0.0413557	0.0859915	0.122561	0.141067	0.145768	0.131842	0.0934364	0.0482521	0.0147765	-0.0121139	-0.0517665	-0.0957851	-0.148414	-0.207392	-0.283162	-0.371011	-0.448851	-0.512399	-0.539708	-0.531311	-0.492466	-0.412141	-0.298135	-0.167392	-0.0263927	0.114291	0.257684	0.386028	0.494513	0.598717	0.685562	0.748831	0.78717	0.81057	0.823848	0.823848	
-0.389893	-0.445891	-0.493212	-0.535833	-0.563544	-0.571265	-0.553441	-0.514169	-0.451584	-0.368085	-0.276791	-0.190741	-0.13169	-0.084775	-0.047069	-0.0208439	-0.000818366	0.00146874	-0.000732551	-0.0124265	-0.0415324	-0.0747616	-0.0953693	-0.103054	-0.11688	-0.133807	-0.163981	-0.201588	-0.260123	-0.330205	-0.38483	-0.423075	-0.425773	-0.397534	-0.344033	-0.261411	-0.150555	-0.0214302	0.114291	0.248513	0.374534	0.473981	0.542851	0.599419	0.64002	0.667886	0.684069	0.685781	0.690875	0.690875	
-0.257859	-0.310305	-0.368449	-0.432286	-0.478448	-0.510134	-0.519701	-0.512308	-0.480552	-0.423932	-0.35637	-0.286915	-0.239096	-0.19997	-0.17089	-0.154376	-0.144444	-0.143745	-0.146521	-0.15416	-0.175259	-0.198271	-0.207712	-0.197997	-0.188907	-0.184663	-0.194287	-0.212003	-0.245679	-0.285072	-0.304562	-0.310743	-0.282511	-0.233778	-0.169311	-0.0816438	0.0188479	0.134829	0.257684	0.374534	0.475966	0.547014	0.577039	0.582596	0.578959	0.57087	0.56457	0.556819	0.553029	0.553029	
-0.136491	-0.180697	-0.242162	-0.316088	-0.380949	-0.428563	-0.458505	-0.472575	-0.468123	-0.446858	-0.414605	-0.382775	-0.358998	-0.33595	-0.319026	-0.310205	-0.304174	-0.301491	-0.297936	-0.300539	-0.308546	-0.316609	-0.314072	-0.290098	-0.263732	-0.242508	-0.232031	-0.222545	-0.217572	-0.214587	-0.197103	-0.165302	-0.116509	-0.0512147	0.0268992	0.11057	0.198931	0.290932	0.386028	0.473981	0.547014	0.588257	0.586323	0.555007	0.510267	0.473296	0.446341	0.425142	0.414711	0.414711	
-0.0415075	-0.0700255	-0.123769	-0.19344	-0.262412	-0.3182	-0.362855	-0.395858	-0.418735	-0.431724	-0.447006	-0.46303	-0.47546	-0.480157	-0.480839	-0.480899	-0.480045	-0.477192	-0.475275	-0.47092	-0.462541	-0.447824	-0.421176	-0.380865	-0.335822	-0.298765	-0.263096	-0.218473	-0.166574	-0.111274	-0.0524532	0.0105681	0.0771941	0.150506	0.233283	0.310292	0.378189	0.438875	0.494513	0.542851	0.577039	0.586323	0.560422	0.506039	0.439617	0.384631	0.341628	0.307297	0.28795	0.28795	
0.0391528	0.0392466	0.0037475	-0.056172	-0.123599	-0.182792	-0.240039	-0.291728	-0.346098	-0.402064	-0.466251	-0.530655	-0.581239	-0.614803	-0.635484	-0.650433	-0.66493	-0.670451	-0.675278	-0.66797	-0.638702	-0.595018	-0.54069	-0.478975	-0.41213	-0.351843	-0.282728	-0.198095	-0.0973347	0.00957612	0.108348	0.198123	0.279019	0.358263	0.439925	0.509583	0.558488	0.584931	0.598717	0.599419	0.582596	0.555007	0.506039	0.437355	0.366975	0.303707	0.248047	0.20415	0.172365	0.172365	
0.116127	0.145468	0.131258	0.0889488	0.0263893	-0.0374845	-0.110628	-0.185572	-0.273755	-0.377135	-0.491458	-0.601526	-0.679098	-0.734601	-0.776719	-0.812792	-0.846117	-0.866197	-0.874597	-0.860077	-0.811541	-0.742752	-0.664671	-0.583911	-0.491457	-0.39628	-0.287925	-0.163014	-0.016824	0.134998	0.267579	0.386272	0.47548	0.555883	0.63318	0.68595	0.71469	0.712025	0.685562	0.64002	0.578959	0.510267	0.439617	0.366975	0.294153	0.232547	0.172975	0.118529	0.0824243	0.0824243	
0.190881	0.253632	0.260664	0.231063	0.173235	0.101979	0.0157677	-0.087855	-0.214705	-0.362677	-0.51757	-0.654244	-0.751646	-0.825194	-0.889728	-0.950878	-1.00567	-1.04024	-1.0537	-1.03296	-0.971015	-0.881366	-0.782022	-0.679824	-0.560141	-0.427272	-0.280816	-0.122222	0.0572698	0.244637	0.409492	0.545617	0.648037	0.728376	0.792635	0.832172	0.837319	0.806378	0.748831	0.667886	0.57087	0.473296	0.384631	0.303707	0.232547	0.170196	0.109489	0.0562655	0.0183121	0.0183121	
0.251749	0.347433	0.377377	0.359527	0.307581	0.227396	0.120314	-0.00882777	-0.165233	-0.347494	-0.534694	-0.693082	-0.805209	-0.892057	-0.975521	-1.05779	-1.12856	-1.17486	-1.19242	-1.17003	-1.09779	-0.991665	-0.875231	-0.753334	-0.609938	-0.446547	-0.271897	-0.0890803	0.113718	0.326301	0.517364	0.670759	0.784185	0.868012	0.924318	0.947064	0.929583	0.873468	0.78717	0.684069	0.56457	0.446341	0.341628	0.248047	0.172975	0.109489	0.0587024	0.0168382	-0.0109189	-0.0109189	
0.285211	0.407804	0.463215	0.463524	0.414238	0.319289	0.196907	0.0446229	-0.131496	-0.337805	-0.543893	-0.720253	-0.848296	-0.949536	-1.04603	-1.13672	-1.21091	-1.26593	-1.28757	-1.26707	-1.19277	-1.0721	-0.938091	-0.798582	-0.640908	-0.454901	-0.263687	-0.0672655	0.152721	0.383428	0.591953	0.759718	0.885255	0.976599	1.03039	1.04294	1.00263	0.920181	0.81057	0.685781	0.556819	0.425142	0.307297	0.20415	0.118529	0.0562655	0.0168382	-0.00926374	-0.0224215	-0.0224215	
0.29676	0.438498	0.510251	0.517855	0.471039	0.367639	0.232222	0.0688767	-0.115899	-0.330571	-0.549938	-0.737426	-0.8787	-0.988161	-1.08935	-1.18105	-1.25326	-1.30839	-1.33357	-1.31614	-1.24001	-1.11167	-0.968483	-0.819203	-0.653455	-0.459378	-0.260444	-0.0557511	0.171896	0.412011	0.632769	0.805649	0.940298	1.03805	1.09185	1.09981	1.04699	0.949532	0.823848	0.690875	0.553029	0.414711	0.28795	0.172365	0.0824243	0.0183121	-0.0109189	-0.0224215	-0.0251827	-0.0251827	
0.29676	0.438498	0.510251	0.517855	0.471039	0.367639	0.232222	0.0688767	-0.115899	-0.330571	-0.549938	-0.737426	-0.8787	-0.988161	-1.08935	-1.18105	-1.25326	-1.30839	-1.33357	-1.31614	-1.24001	-1.11167	-0.968483	-0.819203	-0.653455	-0.459378	-0.260444	-0.0557511	0.171896	0.412011	0.632769	0.805649	0.940298	1.03805	1.09185	1.09981	1.04699	0.949532	0.823848	0.690875	0.553029	0.414711	0.28795	0.172365	0.0824243	0.0183121	-0.0109189	-0.0224215	-0.0251827	-0.0251827	
