-0.590313	-0.531717	-0.461301	-0.375141	-0.282646	-0.184883	-0.103019	-0.0376041	0.0282827	0.0980048	0.169078	0.234436	0.307502	0.395629	0.479821	0.529754	0.529539	0.492256	0.442876	0.394888	0.365207	0.348886	0.343885	0.337628	0.306564	0.254163	0.207328	0.185748	0.193718	0.206431	0.209951	0.221392	0.229439	0.216507	0.178794	0.113752	0.0184013	-0.100507	-0.229469	-0.354397	-0.474978	-0.595287	-0.705773	-0.797649	-0.863944	-0.902882	-0.928186	-0.955437	-0.977579	-0.977579	
-0.531717	-0.479276	-0.413955	-0.337613	-0.253203	-0.159447	-0.071719	0.0117401	0.0932764	0.173263	0.247144	0.308349	0.37653	0.45635	0.529162	0.565956	0.552762	0.506051	0.444448	0.395247	0.370796	0.364986	0.364446	0.340525	0.287496	0.210758	0.137581	0.0931206	0.0809158	0.0748443	0.0635127	0.0678423	0.0771425	0.0787733	0.0661686	0.0382516	-0.0134847	-0.100681	-0.207209	-0.316926	-0.426517	-0.537843	-0.640928	-0.731282	-0.807573	-0.860454	-0.89994	-0.933135	-0.956243	-0.956243	
-0.461301	-0.413955	-0.357121	-0.294232	-0.222283	-0.133217	-0.0399381	0.0566665	0.144813	0.226343	0.296742	0.353765	0.419947	0.485379	0.538176	0.556784	0.529006	0.472531	0.405712	0.354384	0.328778	0.330065	0.328245	0.293743	0.236931	0.154571	0.064287	-0.00643713	-0.0447247	-0.0708345	-0.097952	-0.104762	-0.100027	-0.0918851	-0.0794174	-0.069621	-0.0730621	-0.115831	-0.186407	-0.264441	-0.354062	-0.446519	-0.536606	-0.622743	-0.695695	-0.751631	-0.792642	-0.82016	-0.841777	-0.841777	
-0.375141	-0.337613	-0.294232	-0.241928	-0.181946	-0.0990269	0.00314558	0.109353	0.203536	0.27876	0.338671	0.389573	0.440589	0.485626	0.515542	0.513342	0.466812	0.396165	0.3247	0.268424	0.244846	0.248088	0.24266	0.211309	0.162523	0.0837216	-0.0125206	-0.105286	-0.172773	-0.220542	-0.262347	-0.286518	-0.291327	-0.278006	-0.247093	-0.197042	-0.154061	-0.146679	-0.168455	-0.206325	-0.262258	-0.330422	-0.403387	-0.480307	-0.546147	-0.597017	-0.633136	-0.655047	-0.67435	-0.67435	
-0.282646	-0.253203	-0.222283	-0.181946	-0.125656	-0.0446203	0.0711905	0.187585	0.284249	0.347121	0.381437	0.410334	0.435745	0.453665	0.456098	0.42665	0.362405	0.283802	0.213572	0.160934	0.138746	0.137843	0.133409	0.111471	0.068229	-0.000252832	-0.0961988	-0.204229	-0.289173	-0.35062	-0.401015	-0.437675	-0.451732	-0.444509	-0.402966	-0.323149	-0.24772	-0.190167	-0.163269	-0.158913	-0.17547	-0.218013	-0.270364	-0.329772	-0.385013	-0.426429	-0.451713	-0.474286	-0.488231	-0.488231	
-0.184883	-0.159447	-0.133217	-0.0990269	-0.0446203	0.0452656	0.16461	0.282041	0.372907	0.416263	0.422521	0.418438	0.411644	0.39817	0.365659	0.304368	0.226746	0.146707	0.0850107	0.0422101	0.025215	0.0244139	0.0253951	0.00747632	-0.031562	-0.0858004	-0.177393	-0.282707	-0.374873	-0.445374	-0.498813	-0.53832	-0.562078	-0.557486	-0.50851	-0.418494	-0.319165	-0.231933	-0.165579	-0.126531	-0.115103	-0.131315	-0.162839	-0.201404	-0.242171	-0.27429	-0.292556	-0.310561	-0.321281	-0.321281	
-0.103019	-0.071719	-0.0399381	0.00314558	0.0711905	0.16461	0.277169	0.38525	0.463638	0.480565	0.452581	0.408824	0.36702	0.317108	0.247019	0.161138	0.0760471	0.0049603	-0.0472118	-0.0790004	-0.0879247	-0.0754877	-0.0717203	-0.0878397	-0.121899	-0.166164	-0.240542	-0.329705	-0.412375	-0.480305	-0.527474	-0.568977	-0.599671	-0.598077	-0.553453	-0.467479	-0.363156	-0.265191	-0.178351	-0.119454	-0.0929829	-0.0873482	-0.0921207	-0.106128	-0.131703	-0.157133	-0.175777	-0.191063	-0.198792	-0.198792	
-0.0376041	0.0117401	0.0566665	0.109353	0.187585	0.282041	0.38525	0.480989	0.537772	0.528108	0.465245	0.386293	0.305818	0.218327	0.111499	0.00783971	-0.0730967	-0.133033	-0.175809	-0.193425	-0.185612	-0.161396	-0.155328	-0.169991	-0.194336	-0.221444	-0.265525	-0.327589	-0.391761	-0.448039	-0.492114	-0.537246	-0.570133	-0.575708	-0.542203	-0.472832	-0.385152	-0.290709	-0.200857	-0.136154	-0.101376	-0.0745159	-0.0530826	-0.0452173	-0.0570631	-0.0844557	-0.107086	-0.120124	-0.126208	-0.126208	
0.0282827	0.0932764	0.144813	0.203536	0.284249	0.372907	0.463638	0.537772	0.569642	0.542143	0.457085	0.344387	0.22038	0.09322	-0.0367306	-0.146699	-0.216958	-0.26204	-0.291743	-0.295451	-0.270107	-0.232235	-0.218855	-0.230116	-0.23754	-0.244434	-0.260662	-0.291389	-0.329721	-0.367754	-0.408106	-0.453261	-0.487003	-0.49969	-0.48124	-0.436433	-0.379519	-0.300966	-0.225888	-0.169049	-0.12635	-0.0828428	-0.0355082	-0.00907271	-0.0148749	-0.0467622	-0.0778671	-0.099528	-0.10581	-0.10581	
0.0980048	0.173263	0.226343	0.27876	0.347121	0.416263	0.480565	0.528108	0.542143	0.502088	0.398421	0.252839	0.098182	-0.0564839	-0.196378	-0.296582	-0.351579	-0.379904	-0.389401	-0.374665	-0.330438	-0.280283	-0.256499	-0.253517	-0.247763	-0.237793	-0.233375	-0.240078	-0.255642	-0.274797	-0.305008	-0.342267	-0.371765	-0.384712	-0.378794	-0.364584	-0.337837	-0.288145	-0.23952	-0.194779	-0.152104	-0.0979911	-0.0379742	-0.00688824	-0.00968421	-0.0417847	-0.0780249	-0.105335	-0.115019	-0.115019	
0.169078	0.247144	0.296742	0.338671	0.381437	0.422521	0.452581	0.465245	0.457085	0.398421	0.277509	0.114841	-0.0557518	-0.213321	-0.343573	-0.432076	-0.474881	-0.481358	-0.471155	-0.443605	-0.384563	-0.318351	-0.275884	-0.254141	-0.232423	-0.210664	-0.194917	-0.186858	-0.187047	-0.190236	-0.205767	-0.228825	-0.248558	-0.25573	-0.257806	-0.262644	-0.263952	-0.249136	-0.225764	-0.203969	-0.165814	-0.111724	-0.0579173	-0.030819	-0.0332497	-0.0573716	-0.0954441	-0.123467	-0.140734	-0.140734	
0.234436	0.308349	0.353765	0.389573	0.410334	0.418438	0.408824	0.386293	0.344387	0.252839	0.114841	-0.0528597	-0.217401	-0.359748	-0.473808	-0.544433	-0.571578	-0.563874	-0.540938	-0.507505	-0.43922	-0.361013	-0.299815	-0.252027	-0.218642	-0.183613	-0.153736	-0.141359	-0.129186	-0.120112	-0.117426	-0.121725	-0.132119	-0.132641	-0.136841	-0.156682	-0.17859	-0.191077	-0.192967	-0.186246	-0.159434	-0.118452	-0.083298	-0.069928	-0.0744929	-0.0888099	-0.119874	-0.149973	-0.169313	-0.169313	
0.307502	0.37653	0.419947	0.440589	0.435745	0.411644	0.36702	0.305818	0.22038	0.098182	-0.0557518	-0.217401	-0.35782	-0.476906	-0.569284	-0.623785	-0.634079	-0.616678	-0.595461	-0.558268	-0.491231	-0.409505	-0.33133	-0.268607	-0.214737	-0.16541	-0.124994	-0.10595	-0.0895737	-0.0700133	-0.0493119	-0.0347465	-0.0336229	-0.0285124	-0.0291987	-0.0535127	-0.0873527	-0.112888	-0.129869	-0.133287	-0.124948	-0.10835	-0.102685	-0.115064	-0.125985	-0.140547	-0.166693	-0.19441	-0.215337	-0.215337	
0.395629	0.45635	0.485379	0.485626	0.453665	0.39817	0.317108	0.218327	0.09322	-0.0564839	-0.213321	-0.359748	-0.476906	-0.576849	-0.638297	-0.66589	-0.661101	-0.63388	-0.60601	-0.562974	-0.502403	-0.427276	-0.349478	-0.289173	-0.222913	-0.166335	-0.12108	-0.0926245	-0.0736816	-0.0403616	-0.00154638	0.0332839	0.0507703	0.0646085	0.0713829	0.0506057	0.0155227	-0.0155388	-0.0406547	-0.0574562	-0.0743536	-0.0921064	-0.121413	-0.162005	-0.190953	-0.21334	-0.238695	-0.264205	-0.281552	-0.281552	
0.479821	0.529162	0.538176	0.515542	0.456098	0.365659	0.247019	0.111499	-0.0367306	-0.196378	-0.343573	-0.473808	-0.569284	-0.638297	-0.675748	-0.678216	-0.652733	-0.60886	-0.56649	-0.51635	-0.460049	-0.404358	-0.348358	-0.292872	-0.230486	-0.179812	-0.134604	-0.104437	-0.0805786	-0.0376563	0.0207878	0.0780292	0.117245	0.148784	0.165586	0.157827	0.128955	0.0955269	0.0644677	0.0283113	-0.0160728	-0.0702313	-0.135789	-0.206203	-0.262466	-0.30127	-0.332251	-0.354418	-0.367935	-0.367935	
0.529754	0.565956	0.556784	0.513342	0.42665	0.304368	0.161138	0.00783971	-0.146699	-0.296582	-0.432076	-0.544433	-0.623785	-0.66589	-0.678216	-0.658284	-0.614953	-0.558312	-0.495617	-0.440294	-0.395182	-0.361106	-0.32636	-0.284882	-0.236954	-0.19689	-0.161465	-0.13373	-0.100385	-0.0475573	0.0244134	0.103243	0.163783	0.208224	0.2376	0.246498	0.227553	0.197616	0.161338	0.109685	0.0457384	-0.0383753	-0.134786	-0.235495	-0.322822	-0.381923	-0.42275	-0.443645	-0.455416	-0.455416	
0.529539	0.552762	0.529006	0.466812	0.362405	0.226746	0.0760471	-0.0730967	-0.216958	-0.351579	-0.474881	-0.571578	-0.634079	-0.661101	-0.652733	-0.614953	-0.556256	-0.488331	-0.414871	-0.361038	-0.328702	-0.313944	-0.299365	-0.274676	-0.244019	-0.22021	-0.198058	-0.16621	-0.123257	-0.0603992	0.0199486	0.107073	0.179011	0.231905	0.273326	0.296945	0.292376	0.264746	0.221677	0.165075	0.0932954	-0.00286664	-0.11487	-0.236089	-0.345444	-0.422675	-0.475501	-0.503098	-0.518766	-0.518766	
0.492256	0.506051	0.472531	0.396165	0.283802	0.146707	0.0049603	-0.133033	-0.26204	-0.379904	-0.481358	-0.563874	-0.616678	-0.63388	-0.60886	-0.558312	-0.488331	-0.407447	-0.328867	-0.276714	-0.258595	-0.262109	-0.272087	-0.264593	-0.254433	-0.248499	-0.239457	-0.208621	-0.155332	-0.0843708	0.000190576	0.0880832	0.167662	0.225222	0.276079	0.310344	0.316646	0.291932	0.245955	0.1935	0.123981	0.0301928	-0.0885117	-0.217651	-0.334689	-0.420778	-0.476435	-0.512171	-0.531082	-0.531082	
0.442876	0.444448	0.405712	0.3247	0.213572	0.0850107	-0.0472118	-0.175809	-0.291743	-0.389401	-0.471155	-0.540938	-0.595461	-0.60601	-0.56649	-0.495617	-0.414871	-0.328867	-0.248961	-0.19443	-0.185438	-0.205649	-0.23159	-0.25104	-0.268763	-0.28755	-0.294673	-0.263492	-0.194531	-0.110258	-0.0230079	0.0624249	0.14241	0.203149	0.255115	0.296802	0.31064	0.287735	0.244627	0.192804	0.130114	0.044598	-0.068036	-0.187584	-0.296347	-0.376689	-0.433114	-0.472943	-0.49721	-0.49721	
0.394888	0.395247	0.354384	0.268424	0.160934	0.0422101	-0.0790004	-0.193425	-0.295451	-0.374665	-0.443605	-0.507505	-0.558268	-0.562974	-0.51635	-0.440294	-0.361038	-0.276714	-0.19443	-0.138326	-0.138066	-0.173237	-0.216209	-0.253457	-0.286252	-0.318102	-0.33002	-0.294156	-0.215916	-0.128191	-0.0434122	0.0367951	0.113759	0.173689	0.222008	0.259287	0.276762	0.259936	0.217534	0.169172	0.11135	0.0372872	-0.0565243	-0.15435	-0.241021	-0.306699	-0.356209	-0.395938	-0.420549	-0.420549	
0.365207	0.370796	0.328778	0.244846	0.138746	0.025215	-0.0879247	-0.185612	-0.270107	-0.330438	-0.384563	-0.43922	-0.491231	-0.502403	-0.460049	-0.395182	-0.328702	-0.258595	-0.185438	-0.138066	-0.150582	-0.196746	-0.242863	-0.282899	-0.30927	-0.332901	-0.332075	-0.281429	-0.203778	-0.119792	-0.0481221	0.0181369	0.0857433	0.133949	0.171502	0.203101	0.22392	0.216553	0.180143	0.129688	0.0740403	0.0123508	-0.0588746	-0.125443	-0.182034	-0.224498	-0.258602	-0.289157	-0.308331	-0.308331	
0.348886	0.364986	0.330065	0.248088	0.137843	0.0244139	-0.0754877	-0.161396	-0.232235	-0.280283	-0.318351	-0.361013	-0.409505	-0.427276	-0.404358	-0.361106	-0.313944	-0.262109	-0.205649	-0.173237	-0.196746	-0.249994	-0.296097	-0.326064	-0.337531	-0.337831	-0.30989	-0.242793	-0.164842	-0.0921957	-0.0332693	0.0149937	0.0629795	0.0929672	0.111704	0.137287	0.158811	0.160214	0.131023	0.0773806	0.0256235	-0.0254006	-0.0717258	-0.104627	-0.128681	-0.13904	-0.150072	-0.162742	-0.170843	-0.170843	
0.343885	0.364446	0.328245	0.24266	0.133409	0.0253951	-0.0717203	-0.155328	-0.218855	-0.256499	-0.275884	-0.299815	-0.33133	-0.349478	-0.348358	-0.32636	-0.299365	-0.272087	-0.23159	-0.216209	-0.242863	-0.296097	-0.341145	-0.352896	-0.347601	-0.318841	-0.262804	-0.18802	-0.115391	-0.0610482	-0.0182049	0.0161154	0.0416488	0.0537262	0.0589873	0.0695151	0.0830814	0.0809018	0.0519029	0.00447517	-0.0390031	-0.0692976	-0.0866276	-0.087289	-0.0724819	-0.0496044	-0.0321932	-0.0210874	-0.0179517	-0.0179517	
0.337628	0.340525	0.293743	0.211309	0.111471	0.00747632	-0.0878397	-0.169991	-0.230116	-0.253517	-0.254141	-0.252027	-0.268607	-0.289173	-0.292872	-0.284882	-0.274676	-0.264593	-0.25104	-0.253457	-0.282899	-0.326064	-0.352896	-0.34922	-0.320616	-0.273994	-0.205553	-0.127533	-0.0681833	-0.0279296	-0.00110655	0.014474	0.0170082	0.00629107	-0.0041113	-0.0119429	-0.0201774	-0.0323944	-0.0603957	-0.0950377	-0.115652	-0.120149	-0.102936	-0.0649331	-0.00957052	0.0552365	0.106968	0.143361	0.161298	0.161298	
0.306564	0.287496	0.236931	0.162523	0.068229	-0.031562	-0.121899	-0.194336	-0.23754	-0.247763	-0.232423	-0.218642	-0.214737	-0.222913	-0.230486	-0.236954	-0.244019	-0.254433	-0.268763	-0.286252	-0.30927	-0.337531	-0.347601	-0.320616	-0.276813	-0.214705	-0.136149	-0.0634783	-0.0192848	-0.00265741	0.00154486	-0.00730288	-0.0303725	-0.0589771	-0.0854576	-0.117884	-0.149822	-0.178059	-0.199781	-0.207722	-0.197623	-0.16184	-0.104922	-0.0252795	0.0744938	0.17758	0.264521	0.326245	0.358761	0.358761	
0.254163	0.210758	0.154571	0.0837216	-0.000252832	-0.0858004	-0.166164	-0.221444	-0.244434	-0.237793	-0.210664	-0.183613	-0.16541	-0.166335	-0.179812	-0.19689	-0.22021	-0.248499	-0.28755	-0.318102	-0.332901	-0.337831	-0.318841	-0.273994	-0.214705	-0.145305	-0.0661873	-0.00475326	0.0228587	0.0165833	-0.00448688	-0.0363087	-0.0878608	-0.137985	-0.18826	-0.248726	-0.304459	-0.343036	-0.350355	-0.325845	-0.27398	-0.188851	-0.0821665	0.0439527	0.184237	0.316469	0.426381	0.505823	0.548256	0.548256	
0.207328	0.137581	0.064287	-0.0125206	-0.0961988	-0.177393	-0.240542	-0.265525	-0.260662	-0.233375	-0.194917	-0.153736	-0.124994	-0.12108	-0.134604	-0.161465	-0.198058	-0.239457	-0.294673	-0.33002	-0.332075	-0.30989	-0.262804	-0.205553	-0.136149	-0.0661873	0.000859712	0.0418427	0.0409733	0.00967718	-0.0352561	-0.0894218	-0.162111	-0.234576	-0.307286	-0.38736	-0.455607	-0.489616	-0.475815	-0.420631	-0.324819	-0.192724	-0.0364455	0.133223	0.300599	0.45061	0.569675	0.659186	0.708461	0.708461	
0.185748	0.0931206	-0.00643713	-0.105286	-0.204229	-0.282707	-0.329705	-0.327589	-0.291389	-0.240078	-0.186858	-0.141359	-0.10595	-0.0926245	-0.104437	-0.13373	-0.16621	-0.208621	-0.263492	-0.294156	-0.281429	-0.242793	-0.18802	-0.127533	-0.0634783	-0.00475326	0.0418427	0.0535524	0.0209075	-0.0336418	-0.0952991	-0.167458	-0.255557	-0.340588	-0.425509	-0.50959	-0.568387	-0.587002	-0.552977	-0.473166	-0.347127	-0.174938	0.0223199	0.225843	0.410995	0.563939	0.683181	0.771418	0.824093	0.824093	
0.193718	0.0809158	-0.0447247	-0.172773	-0.289173	-0.374873	-0.412375	-0.391761	-0.329721	-0.255642	-0.187047	-0.129186	-0.0895737	-0.0736816	-0.0805786	-0.100385	-0.123257	-0.155332	-0.194531	-0.215916	-0.203778	-0.164842	-0.115391	-0.0681833	-0.0192848	0.0228587	0.0409733	0.0209075	-0.0348963	-0.105238	-0.177917	-0.263097	-0.359293	-0.450633	-0.534978	-0.601234	-0.635093	-0.621473	-0.561458	-0.463661	-0.316476	-0.122599	0.0951355	0.311429	0.497368	0.639945	0.748171	0.828654	0.878663	0.878663	
0.206431	0.0748443	-0.0708345	-0.220542	-0.35062	-0.445374	-0.480305	-0.448039	-0.367754	-0.274797	-0.190236	-0.120112	-0.0700133	-0.0403616	-0.0376563	-0.0475573	-0.0603992	-0.0843708	-0.110258	-0.128191	-0.119792	-0.0921957	-0.0610482	-0.0279296	-0.00265741	0.0165833	0.00967718	-0.0336418	-0.105238	-0.185249	-0.268369	-0.365658	-0.466151	-0.554574	-0.625536	-0.664227	-0.657917	-0.602861	-0.510857	-0.392583	-0.233416	-0.0366187	0.177975	0.382554	0.550483	0.672705	0.761197	0.830104	0.873123	0.873123	
0.209951	0.0635127	-0.097952	-0.262347	-0.401015	-0.498813	-0.527474	-0.492114	-0.408106	-0.305008	-0.205767	-0.117426	-0.0493119	-0.00154638	0.0207878	0.0244134	0.0199486	0.000190576	-0.0230079	-0.0434122	-0.0481221	-0.0332693	-0.0182049	-0.00110655	0.00154486	-0.00448688	-0.0352561	-0.0952991	-0.177917	-0.268369	-0.360088	-0.462532	-0.555008	-0.62817	-0.673905	-0.68034	-0.633327	-0.536755	-0.418596	-0.283784	-0.124827	0.0572524	0.249246	0.426901	0.565705	0.662297	0.734305	0.786706	0.825805	0.825805	
0.221392	0.0678423	-0.104762	-0.286518	-0.437675	-0.53832	-0.568977	-0.537246	-0.453261	-0.342267	-0.228825	-0.121725	-0.0347465	0.0332839	0.0780292	0.103243	0.107073	0.0880832	0.0624249	0.0367951	0.0181369	0.0149937	0.0161154	0.014474	-0.00730288	-0.0363087	-0.0894218	-0.167458	-0.263097	-0.365658	-0.462532	-0.554496	-0.618463	-0.658656	-0.670336	-0.63629	-0.549716	-0.420854	-0.278964	-0.139304	0.00231626	0.154263	0.302123	0.433868	0.53717	0.604684	0.662693	0.712206	0.747682	0.747682	
0.229439	0.0771425	-0.100027	-0.291327	-0.451732	-0.562078	-0.599671	-0.570133	-0.487003	-0.371765	-0.248558	-0.132119	-0.0336229	0.0507703	0.117245	0.163783	0.179011	0.167662	0.14241	0.113759	0.0857433	0.0629795	0.0416488	0.0170082	-0.0303725	-0.0878608	-0.162111	-0.255557	-0.359293	-0.466151	-0.555008	-0.618463	-0.648105	-0.649949	-0.625314	-0.556882	-0.434526	-0.280035	-0.126439	0.0122896	0.133633	0.245912	0.347769	0.430639	0.488216	0.525433	0.567167	0.610847	0.645477	0.645477	
0.216507	0.0787733	-0.0918851	-0.278006	-0.444509	-0.557486	-0.598077	-0.575708	-0.49969	-0.384712	-0.25573	-0.132641	-0.0285124	0.0646085	0.148784	0.208224	0.231905	0.225222	0.203149	0.173689	0.133949	0.0929672	0.0537262	0.00629107	-0.0589771	-0.137985	-0.234576	-0.340588	-0.450633	-0.554574	-0.62817	-0.658656	-0.649949	-0.617373	-0.56108	-0.460867	-0.314492	-0.148774	0.00918738	0.141095	0.245904	0.329028	0.392792	0.435013	0.44787	0.449581	0.467629	0.497135	0.525661	0.525661	
0.178794	0.0661686	-0.0794174	-0.247093	-0.402966	-0.50851	-0.553453	-0.542203	-0.48124	-0.378794	-0.257806	-0.136841	-0.0291987	0.0713829	0.165586	0.2376	0.273326	0.276079	0.255115	0.222008	0.171502	0.111704	0.0589873	-0.0041113	-0.0854576	-0.18826	-0.307286	-0.425509	-0.534978	-0.625536	-0.673905	-0.670336	-0.625314	-0.56108	-0.478147	-0.350438	-0.189104	-0.0239542	0.126424	0.246203	0.328922	0.385184	0.417906	0.425181	0.406696	0.377696	0.372418	0.387824	0.404871	0.404871	
0.113752	0.0382516	-0.069621	-0.197042	-0.323149	-0.418494	-0.467479	-0.472832	-0.436433	-0.364584	-0.262644	-0.156682	-0.0535127	0.0506057	0.157827	0.246498	0.296945	0.310344	0.296802	0.259287	0.203101	0.137287	0.0695151	-0.0119429	-0.117884	-0.248726	-0.38736	-0.50959	-0.601234	-0.664227	-0.68034	-0.63629	-0.556882	-0.460867	-0.350438	-0.205278	-0.0439933	0.103825	0.227568	0.318461	0.374155	0.398875	0.407782	0.395792	0.355919	0.307731	0.277424	0.268859	0.269375	0.269375	
0.0184013	-0.0134847	-0.0730621	-0.154061	-0.24772	-0.319165	-0.363156	-0.385152	-0.379519	-0.337837	-0.263952	-0.17859	-0.0873527	0.0155227	0.128955	0.227553	0.292376	0.316646	0.31064	0.276762	0.22392	0.158811	0.0830814	-0.0201774	-0.149822	-0.304459	-0.455607	-0.568387	-0.635093	-0.657917	-0.633327	-0.549716	-0.434526	-0.314492	-0.189104	-0.0439933	0.0993906	0.217583	0.307988	0.366604	0.391181	0.384693	0.369778	0.342538	0.290619	0.229723	0.177241	0.14326	0.124953	0.124953	
-0.100507	-0.100681	-0.115831	-0.146679	-0.190167	-0.231933	-0.265191	-0.290709	-0.300966	-0.288145	-0.249136	-0.191077	-0.112888	-0.0155388	0.0955269	0.197616	0.264746	0.291932	0.287735	0.259936	0.216553	0.160214	0.0809018	-0.0323944	-0.178059	-0.343036	-0.489616	-0.587002	-0.621473	-0.602861	-0.536755	-0.420854	-0.280035	-0.148774	-0.0239542	0.103825	0.217583	0.30338	0.358772	0.390447	0.384797	0.352677	0.318283	0.276682	0.222028	0.152204	0.0820438	0.0268566	-0.0101247	-0.0101247	
-0.229469	-0.207209	-0.186407	-0.168455	-0.163269	-0.165579	-0.178351	-0.200857	-0.225888	-0.23952	-0.225764	-0.192967	-0.129869	-0.0406547	0.0644677	0.161338	0.221677	0.245955	0.244627	0.217534	0.180143	0.131023	0.0519029	-0.0603957	-0.199781	-0.350355	-0.475815	-0.552977	-0.561458	-0.510857	-0.418596	-0.278964	-0.126439	0.00918738	0.126424	0.227568	0.307988	0.358772	0.384188	0.388856	0.362023	0.308983	0.256661	0.204816	0.146221	0.0782573	0.00252555	-0.061658	-0.106119	-0.106119	
-0.354397	-0.316926	-0.264441	-0.206325	-0.158913	-0.126531	-0.119454	-0.136154	-0.169049	-0.194779	-0.203969	-0.186246	-0.133287	-0.0574562	0.0283113	0.109685	0.165075	0.1935	0.192804	0.169172	0.129688	0.0773806	0.00447517	-0.0950377	-0.207722	-0.325845	-0.420631	-0.473166	-0.463661	-0.392583	-0.283784	-0.139304	0.0122896	0.141095	0.246203	0.318461	0.366604	0.390447	0.388856	0.374309	0.330733	0.260863	0.19028	0.124051	0.0626609	0.00270055	-0.0616342	-0.117306	-0.155938	-0.155938	
-0.474978	-0.426517	-0.354062	-0.262258	-0.17547	-0.115103	-0.0929829	-0.101376	-0.12635	-0.152104	-0.165814	-0.159434	-0.124948	-0.0743536	-0.0160728	0.0457384	0.0932954	0.123981	0.130114	0.11135	0.0740403	0.0256235	-0.0390031	-0.115652	-0.197623	-0.27398	-0.324819	-0.347127	-0.316476	-0.233416	-0.124827	0.00231626	0.133633	0.245904	0.328922	0.374155	0.391181	0.384797	0.362023	0.330733	0.275798	0.201498	0.120425	0.0437647	-0.0142495	-0.0616959	-0.107747	-0.1436	-0.171596	-0.171596	
-0.595287	-0.537843	-0.446519	-0.330422	-0.218013	-0.131315	-0.0873482	-0.0745159	-0.0828428	-0.0979911	-0.111724	-0.118452	-0.10835	-0.0921064	-0.0702313	-0.0383753	-0.00286664	0.0301928	0.044598	0.0372872	0.0123508	-0.0254006	-0.0692976	-0.120149	-0.16184	-0.188851	-0.192724	-0.174938	-0.122599	-0.0366187	0.0572524	0.154263	0.245912	0.329028	0.385184	0.398875	0.384693	0.352677	0.308983	0.260863	0.201498	0.124884	0.0404899	-0.0353572	-0.0863876	-0.114959	-0.135935	-0.152278	-0.164906	-0.164906	
-0.705773	-0.640928	-0.536606	-0.403387	-0.270364	-0.162839	-0.0921207	-0.0530826	-0.0355082	-0.0379742	-0.0579173	-0.083298	-0.102685	-0.121413	-0.135789	-0.134786	-0.11487	-0.0885117	-0.068036	-0.0565243	-0.0588746	-0.0717258	-0.0866276	-0.102936	-0.104922	-0.0821665	-0.0364455	0.0223199	0.0951355	0.177975	0.249246	0.302123	0.347769	0.392792	0.417906	0.407782	0.369778	0.318283	0.256661	0.19028	0.120425	0.0404899	-0.0430084	-0.112033	-0.149528	-0.158832	-0.159289	-0.161264	-0.16358	-0.16358	
-0.797649	-0.731282	-0.622743	-0.480307	-0.329772	-0.201404	-0.106128	-0.0452173	-0.00907271	-0.00688824	-0.030819	-0.069928	-0.115064	-0.162005	-0.206203	-0.235495	-0.236089	-0.217651	-0.187584	-0.15435	-0.125443	-0.104627	-0.087289	-0.0649331	-0.0252795	0.0439527	0.133223	0.225843	0.311429	0.382554	0.426901	0.433868	0.430639	0.435013	0.425181	0.395792	0.342538	0.276682	0.204816	0.124051	0.0437647	-0.0353572	-0.112033	-0.169507	-0.190563	-0.187044	-0.178487	-0.174886	-0.175909	-0.175909	
-0.863944	-0.807573	-0.695695	-0.546147	-0.385013	-0.242171	-0.131703	-0.0570631	-0.0148749	-0.00968421	-0.0332497	-0.0744929	-0.125985	-0.190953	-0.262466	-0.322822	-0.345444	-0.334689	-0.296347	-0.241021	-0.182034	-0.128681	-0.0724819	-0.00957052	0.0744938	0.184237	0.300599	0.410995	0.497368	0.550483	0.565705	0.53717	0.488216	0.44787	0.406696	0.355919	0.290619	0.222028	0.146221	0.0626609	-0.0142495	-0.0863876	-0.149528	-0.190563	-0.203184	-0.197489	-0.189725	-0.194774	-0.197819	-0.197819	
-0.902882	-0.860454	-0.751631	-0.597017	-0.426429	-0.27429	-0.157133	-0.0844557	-0.0467622	-0.0417847	-0.0573716	-0.0888099	-0.140547	-0.21334	-0.30127	-0.381923	-0.422675	-0.420778	-0.376689	-0.306699	-0.224498	-0.13904	-0.0496044	0.0552365	0.17758	0.316469	0.45061	0.563939	0.639945	0.672705	0.662297	0.604684	0.525433	0.449581	0.377696	0.307731	0.229723	0.152204	0.0782573	0.00270055	-0.0616959	-0.114959	-0.158832	-0.187044	-0.197489	-0.196195	-0.197459	-0.208717	-0.215652	-0.215652	
-0.928186	-0.89994	-0.792642	-0.633136	-0.451713	-0.292556	-0.175777	-0.107086	-0.0778671	-0.0780249	-0.0954441	-0.119874	-0.166693	-0.238695	-0.332251	-0.42275	-0.475501	-0.476435	-0.433114	-0.356209	-0.258602	-0.150072	-0.0321932	0.106968	0.264521	0.426381	0.569675	0.683181	0.748171	0.761197	0.734305	0.662693	0.567167	0.467629	0.372418	0.277424	0.177241	0.0820438	0.00252555	-0.0616342	-0.107747	-0.135935	-0.159289	-0.178487	-0.189725	-0.197459	-0.206122	-0.217212	-0.226057	-0.226057	
-0.955437	-0.933135	-0.82016	-0.655047	-0.474286	-0.310561	-0.191063	-0.120124	-0.099528	-0.105335	-0.123467	-0.149973	-0.19441	-0.264205	-0.354418	-0.443645	-0.503098	-0.512171	-0.472943	-0.395938	-0.289157	-0.162742	-0.0210874	0.143361	0.326245	0.505823	0.659186	0.771418	0.828654	0.830104	0.786706	0.712206	0.610847	0.497135	0.387824	0.268859	0.14326	0.0268566	-0.061658	-0.117306	-0.1436	-0.152278	-0.161264	-0.174886	-0.194774	-0.208717	-0.217212	-0.226546	-0.228448	-0.228448	
-0.977579	-0.956243	-0.841777	-0.67435	-0.488231	-0.321281	-0.198792	-0.126208	-0.10581	-0.115019	-0.140734	-0.169313	-0.215337	-0.281552	-0.367935	-0.455416	-0.518766	-0.531082	-0.49721	-0.420549	-0.308331	-0.170843	-0.0179517	0.161298	0.358761	0.548256	0.708461	0.824093	0.878663	0.873123	0.825805	0.747682	0.645477	0.525661	0.404871	0.269375	0.124953	-0.0101247	-0.106119	-0.155938	-0.171596	-0.164906	-0.16358	-0.175909	-0.197819	-0.215652	-0.226057	-0.228448	-0.229152	-0.229152	
-0.977579	-0.956243	-0.841777	-0.67435	-0.488231	-0.321281	-0.198792	-0.126208	-0.10581	-0.115019	-0.140734	-0.169313	-0.215337	-0.281552	-0.367935	-0.455416	-0.518766	-0.531082	-0.49721	-0.420549	-0.308331	-0.170843	-0.0179517	0.161298	0.358761	0.548256	0.708461	0.824093	0.878663	0.873123	0.825805	0.747682	0.645477	0.525661	0.404871	0.269375	0.124953	-0.0101247	-0.106119	-0.155938	-0.171596	-0.164906	-0.16358	-0.175909	-0.197819	-0.215652	-0.226057	-0.228448	-0.229152	-0.229152	
