-0.331444	-0.331444	-0.288944	-0.214037	-0.11651	-0.00170577	0.107659	0.195346	0.256968	0.292126	0.302844	0.295018	0.251149	0.173286	0.0791462	-0.0170155	-0.0852332	-0.094838	-0.0746873	-0.0405016	0.0286642	0.131629	0.243443	0.366367	0.491142	0.614834	0.731285	0.83877	0.936746	1.0109	1.05153	1.07746	1.09119	1.09186	1.07933	1.03733	0.948899	0.825006	0.684206	0.538073	0.391814	0.241261	0.0782049	-0.0673259	-0.150709	-0.167975	-0.138402	-0.0876885	-0.0371018	-0.0172742	
-0.331444	-0.331444	-0.288944	-0.214037	-0.11651	-0.00170577	0.107659	0.195346	0.256968	0.292126	0.302844	0.295018	0.251149	0.173286	0.0791462	-0.0170155	-0.0852332	-0.094838	-0.0746873	-0.0405016	0.0286642	0.131629	0.243443	0.366367	0.491142	0.614834	0.731285	0.83877	0.936746	1.0109	1.05153	1.07746	1.09119	1.09186	1.07933	1.03733	0.948899	0.825006	0.684206	0.538073	0.391814	0.241261	0.0782049	-0.0673259	-0.150709	-0.167975	-0.138402	-0.0876885	-0.0371018	-0.0172742	
-0.288944	-0.288944	-0.252844	-0.179625	-0.0799535	0.0333119	0.144215	0.23266	0.29452	0.333057	0.344012	0.321648	0.267836	0.19119	0.107018	0.0201042	-0.0539874	-0.0821538	-0.0576887	-0.00591616	0.0717653	0.168704	0.267355	0.375609	0.496816	0.61994	0.73421	0.834014	0.912779	0.97447	1.01529	1.04045	1.05674	1.06176	1.04312	0.994089	0.914745	0.794225	0.661689	0.524323	0.370395	0.210995	0.045911	-0.0911886	-0.163097	-0.173189	-0.147217	-0.094841	-0.040962	-0.0144742	
-0.214037	-0.214037	-0.179625	-0.100738	0.00428868	0.110929	0.214612	0.305566	0.369628	0.403417	0.406412	0.375432	0.318885	0.238614	0.147802	0.0586854	-0.0140398	-0.0474464	-0.0209333	0.0434916	0.129493	0.218836	0.302383	0.397935	0.504671	0.61266	0.715302	0.795856	0.853429	0.907679	0.947341	0.965532	0.9833	0.98833	0.967405	0.918657	0.848029	0.734572	0.608515	0.477367	0.320997	0.157671	-0.00242953	-0.134897	-0.207018	-0.210197	-0.168682	-0.107506	-0.0544598	-0.0283018	
-0.11651	-0.11651	-0.0799535	0.00428868	0.110987	0.213995	0.312086	0.405357	0.46413	0.486882	0.480049	0.449242	0.386042	0.296429	0.190165	0.0939436	0.0246902	0.0029389	0.0316126	0.100259	0.186409	0.268283	0.343366	0.432002	0.515083	0.591877	0.667274	0.721821	0.762878	0.812752	0.843676	0.854836	0.868398	0.872078	0.856168	0.820833	0.755762	0.6524	0.52962	0.399809	0.24925	0.0892985	-0.0650301	-0.194229	-0.270009	-0.269134	-0.208811	-0.134236	-0.0771293	-0.0523631	
-0.00170577	-0.00170577	0.0333119	0.110929	0.213995	0.320573	0.424238	0.514242	0.564639	0.571556	0.554786	0.517877	0.442162	0.333223	0.21937	0.121153	0.0528444	0.0384743	0.0748874	0.145269	0.22711	0.307346	0.379058	0.451195	0.504795	0.546947	0.58769	0.619522	0.649115	0.682389	0.701292	0.70765	0.716495	0.723368	0.718322	0.697708	0.645916	0.557841	0.44304	0.311936	0.159509	-0.00212881	-0.151975	-0.273919	-0.337753	-0.329028	-0.265158	-0.184644	-0.116294	-0.0819022	
0.107659	0.107659	0.144215	0.214612	0.312086	0.424238	0.528982	0.606539	0.648256	0.647908	0.614311	0.557734	0.464528	0.342396	0.220441	0.11357	0.0419083	0.0367853	0.0836813	0.154772	0.241804	0.325378	0.387159	0.429519	0.455398	0.468273	0.476757	0.489117	0.502602	0.514831	0.521219	0.532156	0.544135	0.562381	0.570398	0.561379	0.527029	0.45917	0.363852	0.232848	0.0699739	-0.0931749	-0.243406	-0.357444	-0.408116	-0.393452	-0.335575	-0.256217	-0.183746	-0.12759	
0.195346	0.195346	0.23266	0.305566	0.405357	0.514242	0.606539	0.66608	0.697432	0.690124	0.641322	0.558234	0.443075	0.302366	0.169156	0.0534329	-0.0171751	-0.0189215	0.03611	0.113801	0.211414	0.299488	0.352905	0.372185	0.370419	0.353906	0.333465	0.322981	0.325461	0.327823	0.332168	0.346426	0.370666	0.399519	0.430501	0.441372	0.428686	0.378929	0.295845	0.165776	-0.000705841	-0.167212	-0.317621	-0.427268	-0.470827	-0.459981	-0.412411	-0.340631	-0.260027	-0.176697	
0.256968	0.256968	0.29452	0.369628	0.46413	0.564639	0.648256	0.697432	0.704993	0.682962	0.616582	0.505373	0.360303	0.205758	0.0579343	-0.0630301	-0.133061	-0.130956	-0.066626	0.0274265	0.133391	0.225842	0.276323	0.285039	0.263214	0.221683	0.174845	0.144027	0.135185	0.140375	0.150225	0.171474	0.207096	0.253431	0.312679	0.358864	0.37212	0.336895	0.25208	0.121291	-0.0384829	-0.205138	-0.360796	-0.472342	-0.520348	-0.519777	-0.483966	-0.415009	-0.319113	-0.208641	
0.292126	0.292126	0.333057	0.403417	0.486882	0.571556	0.647908	0.690124	0.682962	0.629293	0.532969	0.390338	0.224138	0.0510352	-0.113399	-0.240029	-0.30381	-0.293501	-0.217069	-0.104442	0.0108584	0.113544	0.16659	0.169445	0.135307	0.0792368	0.0174164	-0.0286935	-0.0468828	-0.0374166	-0.0133013	0.0165342	0.0674038	0.139341	0.226585	0.309863	0.353347	0.331094	0.242105	0.110559	-0.0461356	-0.214158	-0.373488	-0.496543	-0.560716	-0.56723	-0.535166	-0.467848	-0.36296	-0.229642	
0.302844	0.302844	0.344012	0.406412	0.480049	0.554786	0.614311	0.641322	0.616582	0.532969	0.399304	0.22964	0.0414802	-0.146025	-0.325499	-0.461891	-0.522869	-0.496709	-0.402756	-0.265583	-0.124783	-0.015072	0.0371729	0.03872	0.00317832	-0.0560941	-0.120461	-0.175665	-0.207008	-0.195944	-0.159453	-0.106685	-0.0301987	0.0729111	0.182608	0.28944	0.352443	0.341822	0.262251	0.138952	-0.0191309	-0.196025	-0.37067	-0.510321	-0.594795	-0.611818	-0.578669	-0.507009	-0.394227	-0.242014	
0.295018	0.295018	0.321648	0.375432	0.449242	0.517877	0.557734	0.558234	0.505373	0.390338	0.22964	0.0419094	-0.1681	-0.380798	-0.56761	-0.701404	-0.756681	-0.718775	-0.600795	-0.434083	-0.264866	-0.142809	-0.0784765	-0.069004	-0.104479	-0.164071	-0.225484	-0.28484	-0.318685	-0.311194	-0.267524	-0.19037	-0.0823412	0.045453	0.177391	0.295371	0.366438	0.363872	0.294898	0.177825	0.0151255	-0.178935	-0.372626	-0.531542	-0.628601	-0.656957	-0.622317	-0.538684	-0.405634	-0.238538	
0.251149	0.251149	0.267836	0.318885	0.386042	0.442162	0.464528	0.443075	0.360303	0.224138	0.0414802	-0.1681	-0.400327	-0.628571	-0.815468	-0.937055	-0.973818	-0.910997	-0.764341	-0.577691	-0.387843	-0.240913	-0.151329	-0.123021	-0.150185	-0.209334	-0.275435	-0.335296	-0.371562	-0.369958	-0.323855	-0.229491	-0.0995643	0.0490154	0.198346	0.319049	0.389973	0.392824	0.330421	0.209435	0.040138	-0.164829	-0.373184	-0.556522	-0.671297	-0.706593	-0.666495	-0.565526	-0.410945	-0.227695	
0.173286	0.173286	0.19119	0.238614	0.296429	0.333223	0.342396	0.302366	0.205758	0.0510352	-0.146025	-0.380798	-0.628571	-0.864006	-1.04012	-1.13986	-1.14622	-1.05406	-0.882399	-0.674561	-0.464644	-0.286324	-0.16845	-0.12064	-0.136635	-0.195072	-0.268702	-0.330044	-0.363503	-0.36382	-0.318535	-0.224244	-0.0873061	0.0739565	0.234486	0.359232	0.42695	0.43067	0.369043	0.237698	0.0520586	-0.163739	-0.386444	-0.588464	-0.723618	-0.763288	-0.716167	-0.596845	-0.428722	-0.229992	
0.0791462	0.0791462	0.107018	0.147802	0.190165	0.21937	0.220441	0.169156	0.0579343	-0.113399	-0.325499	-0.56761	-0.815468	-1.04012	-1.20403	-1.28188	-1.25864	-1.13859	-0.939583	-0.69501	-0.456432	-0.257666	-0.120049	-0.0545362	-0.0576	-0.111126	-0.187525	-0.2523	-0.289987	-0.294667	-0.252459	-0.16262	-0.026551	0.138709	0.297593	0.419307	0.481199	0.480665	0.413014	0.273796	0.0737028	-0.16014	-0.402774	-0.614245	-0.761402	-0.810329	-0.756694	-0.619649	-0.440541	-0.239253	
-0.0170155	-0.0170155	0.0201042	0.0586854	0.0939436	0.121153	0.11357	0.0534329	-0.0630301	-0.240029	-0.461891	-0.701404	-0.937055	-1.13986	-1.28188	-1.33033	-1.28038	-1.13411	-0.905234	-0.627622	-0.365392	-0.146081	0.0121163	0.088528	0.0944909	0.0498883	-0.0251961	-0.0992333	-0.14951	-0.165317	-0.13124	-0.0447229	0.0871642	0.24698	0.395241	0.507155	0.560555	0.553009	0.47004	0.317717	0.110347	-0.133673	-0.390278	-0.607817	-0.758796	-0.815975	-0.760816	-0.617634	-0.430082	-0.229634	
-0.0852332	-0.0852332	-0.0539874	-0.0140398	0.0246902	0.0528444	0.0419083	-0.0171751	-0.133061	-0.30381	-0.522869	-0.756681	-0.973818	-1.14622	-1.25864	-1.28038	-1.199	-1.02062	-0.766843	-0.475757	-0.196711	0.0389019	0.205852	0.289695	0.305764	0.268471	0.192997	0.107943	0.0411905	0.0125007	0.0371342	0.111751	0.230656	0.378305	0.518772	0.623137	0.67027	0.651093	0.551557	0.38255	0.169203	-0.0798699	-0.335977	-0.560047	-0.714945	-0.774007	-0.722586	-0.585827	-0.394348	-0.192744	
-0.094838	-0.094838	-0.0821538	-0.0474464	0.0029389	0.0384743	0.0367853	-0.0189215	-0.130956	-0.293501	-0.496709	-0.718775	-0.910997	-1.05406	-1.13859	-1.13411	-1.02062	-0.816684	-0.549081	-0.250986	0.0383279	0.278268	0.443379	0.529799	0.553236	0.519298	0.440286	0.348787	0.275427	0.235869	0.2433	0.300937	0.398044	0.524983	0.660571	0.764353	0.799747	0.761797	0.647042	0.468111	0.247279	-0.00222079	-0.253507	-0.47236	-0.628354	-0.68819	-0.641778	-0.515271	-0.334046	-0.135544	
-0.0746873	-0.0746873	-0.0576887	-0.0209333	0.0316126	0.0748874	0.0836813	0.03611	-0.066626	-0.217069	-0.402756	-0.600795	-0.764341	-0.882399	-0.939583	-0.905234	-0.766843	-0.549081	-0.27503	0.0265693	0.314692	0.549953	0.713835	0.804609	0.82798	0.790659	0.710351	0.616441	0.534967	0.478444	0.4716	0.51651	0.597018	0.700736	0.813933	0.901769	0.920554	0.862953	0.737306	0.559187	0.339628	0.0927139	-0.151039	-0.359989	-0.507158	-0.566404	-0.529457	-0.416617	-0.25242	-0.0648962	
-0.0405016	-0.0405016	-0.00591616	0.0434916	0.100259	0.145269	0.154772	0.113801	0.0274265	-0.104442	-0.265583	-0.434083	-0.577691	-0.674561	-0.69501	-0.627622	-0.475757	-0.250986	0.0265693	0.323181	0.601454	0.831361	0.996766	1.08553	1.1006	1.06408	0.99037	0.89721	0.801892	0.727382	0.702521	0.734381	0.80073	0.88452	0.964158	1.01933	1.01824	0.95087	0.819331	0.63972	0.423789	0.185101	-0.0510897	-0.245142	-0.376611	-0.433558	-0.410579	-0.315272	-0.164897	0.00885293	
0.0286642	0.0286642	0.0717653	0.129493	0.186409	0.22711	0.241804	0.211414	0.133391	0.0108584	-0.124783	-0.264866	-0.387843	-0.464644	-0.456432	-0.365392	-0.196711	0.0383279	0.314692	0.601454	0.864771	1.08322	1.24655	1.33736	1.353	1.32357	1.25965	1.16382	1.06085	0.979219	0.942269	0.946712	0.991475	1.05609	1.10209	1.11759	1.09311	1.01632	0.883739	0.703962	0.488953	0.257575	0.0341415	-0.146968	-0.267825	-0.321725	-0.31019	-0.228776	-0.0935042	0.0600532	
0.131629	0.131629	0.168704	0.218836	0.268283	0.307346	0.325378	0.299488	0.225842	0.113544	-0.015072	-0.142809	-0.240913	-0.286324	-0.257666	-0.146081	0.0389019	0.278268	0.549953	0.831361	1.08322	1.29139	1.45413	1.55299	1.58127	1.56025	1.49621	1.40084	1.30434	1.22985	1.18638	1.16573	1.17794	1.21126	1.22198	1.19988	1.14508	1.05685	0.926925	0.754101	0.542819	0.317521	0.102581	-0.0660816	-0.183997	-0.243635	-0.238527	-0.175077	-0.0648433	0.0677061	
0.243443	0.243443	0.267355	0.302383	0.343366	0.379058	0.387159	0.352905	0.276323	0.16659	0.0371729	-0.0784765	-0.151329	-0.16845	-0.120049	0.0121163	0.205852	0.443379	0.713835	0.996766	1.24655	1.45413	1.61863	1.72507	1.76674	1.75224	1.694	1.61427	1.53415	1.46554	1.41682	1.38091	1.3594	1.34781	1.31744	1.26618	1.1863	1.08629	0.956541	0.786263	0.577492	0.35487	0.147637	-0.00900132	-0.123022	-0.193043	-0.202966	-0.16135	-0.0779464	0.0322729	
0.366367	0.366367	0.375609	0.397935	0.432002	0.451195	0.429519	0.372185	0.285039	0.169445	0.03872	-0.069004	-0.123021	-0.12064	-0.0545362	0.088528	0.289695	0.529799	0.804609	1.08553	1.33736	1.55299	1.72507	1.83927	1.89254	1.89283	1.85372	1.80306	1.74343	1.67802	1.62273	1.57648	1.52291	1.46073	1.39177	1.31391	1.21702	1.1056	0.966899	0.787499	0.580098	0.364553	0.165616	0.0123111	-0.102496	-0.179571	-0.200873	-0.176727	-0.112505	-0.0246424	
0.491142	0.491142	0.496816	0.504671	0.515083	0.504795	0.455398	0.370419	0.263214	0.135307	0.00317832	-0.104479	-0.150185	-0.136635	-0.0576	0.0944909	0.305764	0.553236	0.82798	1.1006	1.353	1.58127	1.76674	1.89254	1.96172	1.98432	1.97293	1.9484	1.91343	1.86238	1.80746	1.74257	1.65646	1.5551	1.45216	1.34651	1.23061	1.1044	0.949181	0.758198	0.551616	0.349316	0.155693	-0.00919512	-0.134674	-0.214488	-0.239656	-0.222019	-0.171294	-0.0961777	
0.614834	0.614834	0.61994	0.61266	0.591877	0.546947	0.468273	0.353906	0.221683	0.0792368	-0.0560941	-0.164071	-0.209334	-0.195072	-0.111126	0.0498883	0.268471	0.519298	0.790659	1.06408	1.32357	1.56025	1.75224	1.89283	1.98432	2.04162	2.06704	2.0675	2.05381	2.02444	1.96933	1.88027	1.76396	1.63647	1.50085	1.36091	1.21725	1.06949	0.897968	0.699235	0.492563	0.295866	0.105694	-0.0628683	-0.19595	-0.277591	-0.301362	-0.282274	-0.233779	-0.164167	
0.731285	0.731285	0.73421	0.715302	0.667274	0.58769	0.476757	0.333465	0.174845	0.0174164	-0.120461	-0.225484	-0.275435	-0.268702	-0.187525	-0.0251961	0.192997	0.440286	0.710351	0.99037	1.25965	1.49621	1.694	1.85372	1.97293	2.06704	2.13496	2.16929	2.17536	2.15497	2.09531	1.99259	1.85549	1.70089	1.52933	1.35167	1.17604	0.999266	0.809587	0.608318	0.399056	0.196466	0.00927138	-0.148398	-0.274213	-0.350034	-0.365069	-0.33377	-0.277769	-0.209747	
0.83877	0.83877	0.834014	0.795856	0.721821	0.619522	0.489117	0.322981	0.144027	-0.0286935	-0.175665	-0.28484	-0.335296	-0.330044	-0.2523	-0.0992333	0.107943	0.348787	0.616441	0.89721	1.16382	1.40084	1.61427	1.80306	1.9484	2.0675	2.16929	2.23806	2.26326	2.24196	2.17777	2.06846	1.91802	1.73173	1.52193	1.31338	1.11099	0.901272	0.695331	0.494103	0.283915	0.0797972	-0.102065	-0.244824	-0.348757	-0.40569	-0.4064	-0.362518	-0.301415	-0.237314	
0.936746	0.936746	0.912779	0.853429	0.762878	0.649115	0.502602	0.325461	0.135185	-0.0468828	-0.207008	-0.318685	-0.371562	-0.363503	-0.289987	-0.14951	0.0411905	0.275427	0.534967	0.801892	1.06085	1.30434	1.53415	1.74343	1.91343	2.05381	2.17536	2.26326	2.30267	2.28707	2.2188	2.09571	1.9281	1.72249	1.4875	1.25244	1.02162	0.791495	0.576826	0.373294	0.165261	-0.0296938	-0.194717	-0.3142	-0.390772	-0.426983	-0.415854	-0.367823	-0.304779	-0.241161	
1.0109	1.0109	0.97447	0.907679	0.812752	0.682389	0.514831	0.327823	0.140375	-0.0374166	-0.195944	-0.311194	-0.369958	-0.36382	-0.294667	-0.165317	0.0125007	0.235869	0.478444	0.727382	0.979219	1.22985	1.46554	1.67802	1.86238	2.02444	2.15497	2.24196	2.28707	2.28765	2.21527	2.07051	1.88424	1.67355	1.42866	1.16989	0.915404	0.681202	0.473967	0.270631	0.0646905	-0.114071	-0.253111	-0.341633	-0.391503	-0.408621	-0.391466	-0.343433	-0.276057	-0.209698	
1.05153	1.05153	1.01529	0.947341	0.843676	0.701292	0.521219	0.332168	0.150225	-0.0133013	-0.159453	-0.267524	-0.323855	-0.318535	-0.252459	-0.13124	0.0371342	0.2433	0.4716	0.702521	0.942269	1.18638	1.41682	1.62273	1.80746	1.96933	2.09531	2.17777	2.2188	2.21527	2.14049	1.98669	1.79594	1.58537	1.344	1.07879	0.820943	0.59047	0.391746	0.201797	0.0163369	-0.140126	-0.251329	-0.317968	-0.346464	-0.352493	-0.334028	-0.292276	-0.229207	-0.167353	
1.07746	1.07746	1.04045	0.965532	0.854836	0.70765	0.532156	0.346426	0.171474	0.0165342	-0.106685	-0.19037	-0.229491	-0.224244	-0.16262	-0.0447229	0.111751	0.300937	0.51651	0.734381	0.946712	1.16573	1.38091	1.57648	1.74257	1.88027	1.99259	2.06846	2.09571	2.07051	1.98669	1.8492	1.67547	1.4694	1.23826	0.998176	0.757053	0.534347	0.343887	0.177133	0.0284619	-0.0956772	-0.191062	-0.245387	-0.265083	-0.269587	-0.256183	-0.223924	-0.180354	-0.131384	
1.09119	1.09119	1.05674	0.9833	0.868398	0.716495	0.544135	0.370666	0.207096	0.0674038	-0.0301987	-0.0823412	-0.0995643	-0.0873061	-0.026551	0.0871642	0.230656	0.398044	0.597018	0.80073	0.991475	1.17794	1.3594	1.52291	1.65646	1.76396	1.85549	1.91802	1.9281	1.88424	1.79594	1.67547	1.52145	1.33553	1.13304	0.92881	0.725308	0.531188	0.358238	0.215111	0.0960086	-0.01044	-0.0934949	-0.141157	-0.16129	-0.168727	-0.165971	-0.151906	-0.127195	-0.0896273	
1.09186	1.09186	1.06176	0.98833	0.872078	0.723368	0.562381	0.399519	0.253431	0.139341	0.0729111	0.045453	0.0490154	0.0739565	0.138709	0.24698	0.378305	0.524983	0.700736	0.88452	1.05609	1.21126	1.34781	1.46073	1.5551	1.63647	1.70089	1.73173	1.72249	1.67355	1.58537	1.4694	1.33553	1.18908	1.03402	0.872626	0.714087	0.564277	0.42445	0.301913	0.195371	0.102539	0.0291024	-0.0179174	-0.0431655	-0.0605329	-0.0755659	-0.0844412	-0.0777457	-0.0440975	
1.07933	1.07933	1.04312	0.967405	0.856168	0.718322	0.570398	0.430501	0.312679	0.226585	0.182608	0.177391	0.198346	0.234486	0.297593	0.395241	0.518772	0.660571	0.813933	0.964158	1.10209	1.22198	1.31744	1.39177	1.45216	1.50085	1.52933	1.52193	1.4875	1.42866	1.344	1.23826	1.13304	1.03402	0.931264	0.8191	0.707021	0.600808	0.497824	0.397597	0.306172	0.225733	0.156176	0.0953865	0.053806	0.0239218	-0.00589008	-0.0315938	-0.03722	-0.00608622	
1.03733	1.03733	0.994089	0.918657	0.820833	0.697708	0.561379	0.441372	0.358864	0.309863	0.28944	0.295371	0.319049	0.359232	0.419307	0.507155	0.623137	0.764353	0.901769	1.01933	1.11759	1.19988	1.26618	1.31391	1.34651	1.36091	1.35167	1.31338	1.25244	1.16989	1.07879	0.998176	0.92881	0.872626	0.8191	0.760653	0.694724	0.629116	0.560629	0.48543	0.407928	0.330204	0.250116	0.173196	0.111316	0.0689368	0.0305738	-0.000661239	-0.0048827	0.030145	
0.948899	0.948899	0.914745	0.848029	0.755762	0.645916	0.527029	0.428686	0.37212	0.353347	0.352443	0.366438	0.389973	0.42695	0.481199	0.560555	0.67027	0.799747	0.920554	1.01824	1.09311	1.14508	1.1863	1.21702	1.23061	1.21725	1.17604	1.11099	1.02162	0.915404	0.820943	0.757053	0.725308	0.714087	0.707021	0.694724	0.672242	0.639164	0.602222	0.550806	0.473721	0.380999	0.288385	0.202772	0.131466	0.0733813	0.0261071	-0.00353311	0.00359709	0.0475492	
0.825006	0.825006	0.794225	0.734572	0.6524	0.557841	0.45917	0.378929	0.336895	0.331094	0.341822	0.363872	0.392824	0.43067	0.480665	0.553009	0.651093	0.761797	0.862953	0.95087	1.01632	1.05685	1.08629	1.1056	1.1044	1.06949	0.999266	0.901272	0.791495	0.681202	0.59047	0.534347	0.531188	0.564277	0.600808	0.629116	0.639164	0.636123	0.62572	0.586279	0.501692	0.386821	0.277509	0.185217	0.105457	0.0358322	-0.0141423	-0.038651	-0.0244669	0.0311778	
0.684206	0.684206	0.661689	0.608515	0.52962	0.44304	0.363852	0.295845	0.25208	0.242105	0.262251	0.294898	0.330421	0.369043	0.413014	0.47004	0.551557	0.647042	0.737306	0.819331	0.883739	0.926925	0.956541	0.966899	0.949181	0.897968	0.809587	0.695331	0.576826	0.473967	0.391746	0.343887	0.358238	0.42445	0.497824	0.560629	0.602222	0.62572	0.623202	0.577614	0.479227	0.347108	0.219654	0.116482	0.0298635	-0.0361429	-0.0787494	-0.0969904	-0.0719268	-0.0029856	
0.538073	0.538073	0.524323	0.477367	0.399809	0.311936	0.232848	0.165776	0.121291	0.110559	0.138952	0.177825	0.209435	0.237698	0.273796	0.317717	0.38255	0.468111	0.559187	0.63972	0.703962	0.754101	0.786263	0.787499	0.758198	0.699235	0.608318	0.494103	0.373294	0.270631	0.201797	0.177133	0.215111	0.301913	0.397597	0.48543	0.550806	0.586279	0.577614	0.517136	0.407424	0.267538	0.125159	0.00523522	-0.0844131	-0.146128	-0.183211	-0.185454	-0.137103	-0.0468212	
0.391814	0.391814	0.370395	0.320997	0.24925	0.159509	0.0699739	-0.000705841	-0.0384829	-0.0461356	-0.0191309	0.0151255	0.040138	0.0520586	0.0737028	0.110347	0.169203	0.247279	0.339628	0.423789	0.488953	0.542819	0.577492	0.580098	0.551616	0.492563	0.399056	0.283915	0.165261	0.0646905	0.0163369	0.0284619	0.0960086	0.195371	0.306172	0.407928	0.473721	0.501692	0.479227	0.407424	0.295912	0.151118	-0.00549113	-0.139391	-0.235958	-0.301669	-0.328259	-0.306905	-0.231967	-0.109687	
0.241261	0.241261	0.210995	0.157671	0.0892985	-0.00212881	-0.0931749	-0.167212	-0.205138	-0.214158	-0.196025	-0.178935	-0.164829	-0.163739	-0.16014	-0.133673	-0.0798699	-0.00222079	0.0927139	0.185101	0.257575	0.317521	0.35487	0.364553	0.349316	0.295866	0.196466	0.0797972	-0.0296938	-0.114071	-0.140126	-0.0956772	-0.01044	0.102539	0.225733	0.330204	0.380999	0.386821	0.347108	0.267538	0.151118	-0.000339488	-0.170473	-0.315596	-0.425118	-0.48625	-0.492639	-0.442088	-0.338501	-0.182288	
0.0782049	0.0782049	0.045911	-0.00242953	-0.0650301	-0.151975	-0.243406	-0.317621	-0.360796	-0.373488	-0.37067	-0.372626	-0.373184	-0.386444	-0.402774	-0.390278	-0.335977	-0.253507	-0.151039	-0.0510897	0.0341415	0.102581	0.147637	0.165616	0.155693	0.105694	0.00927138	-0.102065	-0.194717	-0.253111	-0.251329	-0.191062	-0.0934949	0.0291024	0.156176	0.250116	0.288385	0.277509	0.219654	0.125159	-0.00549113	-0.170473	-0.352221	-0.514219	-0.631215	-0.683706	-0.663441	-0.583816	-0.445064	-0.253838	
-0.0673259	-0.0673259	-0.0911886	-0.134897	-0.194229	-0.273919	-0.357444	-0.427268	-0.472342	-0.496543	-0.510321	-0.531542	-0.556522	-0.588464	-0.614245	-0.607817	-0.560047	-0.47236	-0.359989	-0.245142	-0.146968	-0.0660816	-0.00900132	0.0123111	-0.00919512	-0.0628683	-0.148398	-0.244824	-0.3142	-0.341633	-0.317968	-0.245387	-0.141157	-0.0179174	0.0953865	0.173196	0.202772	0.185217	0.116482	0.00523522	-0.139391	-0.315596	-0.514219	-0.685702	-0.801518	-0.844053	-0.804692	-0.695276	-0.525447	-0.309356	
-0.150709	-0.150709	-0.163097	-0.207018	-0.270009	-0.337753	-0.408116	-0.470827	-0.520348	-0.560716	-0.594795	-0.628601	-0.671297	-0.723618	-0.761402	-0.758796	-0.714945	-0.628354	-0.507158	-0.376611	-0.267825	-0.183997	-0.123022	-0.102496	-0.134674	-0.19595	-0.274213	-0.348757	-0.390772	-0.391503	-0.346464	-0.265083	-0.16129	-0.0431655	0.053806	0.111316	0.131466	0.105457	0.0298635	-0.0844131	-0.235958	-0.425118	-0.631215	-0.801518	-0.910834	-0.940182	-0.882549	-0.750262	-0.559758	-0.338014	
-0.167975	-0.167975	-0.173189	-0.210197	-0.269134	-0.329028	-0.393452	-0.459981	-0.519777	-0.56723	-0.611818	-0.656957	-0.706593	-0.763288	-0.810329	-0.815975	-0.774007	-0.68819	-0.566404	-0.433558	-0.321725	-0.243635	-0.193043	-0.179571	-0.214488	-0.277591	-0.350034	-0.40569	-0.426983	-0.408621	-0.352493	-0.269587	-0.168727	-0.0605329	0.0239218	0.0689368	0.0733813	0.0358322	-0.0361429	-0.146128	-0.301669	-0.48625	-0.683706	-0.844053	-0.940182	-0.956553	-0.882582	-0.743154	-0.557819	-0.343723	
-0.138402	-0.138402	-0.147217	-0.168682	-0.208811	-0.265158	-0.335575	-0.412411	-0.483966	-0.535166	-0.578669	-0.622317	-0.666495	-0.716167	-0.756694	-0.760816	-0.722586	-0.641778	-0.529457	-0.410579	-0.31019	-0.238527	-0.202966	-0.200873	-0.239656	-0.301362	-0.365069	-0.4064	-0.415854	-0.391466	-0.334028	-0.256183	-0.165971	-0.0755659	-0.00589008	0.0305738	0.0261071	-0.0141423	-0.0787494	-0.183211	-0.328259	-0.492639	-0.663441	-0.804692	-0.882549	-0.882582	-0.810469	-0.690571	-0.530587	-0.33935	
-0.0876885	-0.0876885	-0.094841	-0.107506	-0.134236	-0.184644	-0.256217	-0.340631	-0.415009	-0.467848	-0.507009	-0.538684	-0.565526	-0.596845	-0.619649	-0.617634	-0.585827	-0.515271	-0.416617	-0.315272	-0.228776	-0.175077	-0.16135	-0.176727	-0.222019	-0.282274	-0.33377	-0.362518	-0.367823	-0.343433	-0.292276	-0.223924	-0.151906	-0.0844412	-0.0315938	-0.000661239	-0.00353311	-0.038651	-0.0969904	-0.185454	-0.306905	-0.442088	-0.583816	-0.695276	-0.750262	-0.743154	-0.690571	-0.606082	-0.486747	-0.336372	
-0.0371018	-0.0371018	-0.040962	-0.0544598	-0.0771293	-0.116294	-0.183746	-0.260027	-0.319113	-0.36296	-0.394227	-0.405634	-0.410945	-0.428722	-0.440541	-0.430082	-0.394348	-0.334046	-0.25242	-0.164897	-0.0935042	-0.0648433	-0.0779464	-0.112505	-0.171294	-0.233779	-0.277769	-0.301415	-0.304779	-0.276057	-0.229207	-0.180354	-0.127195	-0.0777457	-0.03722	-0.0048827	0.00359709	-0.0244669	-0.0719268	-0.137103	-0.231967	-0.338501	-0.445064	-0.525447	-0.559758	-0.557819	-0.530587	-0.486747	-0.4242	-0.332036	
-0.0172742	-0.0172742	-0.0144742	-0.0283018	-0.0523631	-0.0819022	-0.12759	-0.176697	-0.208641	-0.229642	-0.242014	-0.238538	-0.227695	-0.229992	-0.239253	-0.229634	-0.192744	-0.135544	-0.0648962	0.00885293	0.0600532	0.0677061	0.0322729	-0.0246424	-0.0961777	-0.164167	-0.209747	-0.237314	-0.241161	-0.209698	-0.167353	-0.131384	-0.0896273	-0.0440975	-0.00608622	0.030145	0.0475492	0.0311778	-0.0029856	-0.0468212	-0.109687	-0.182288	-0.253838	-0.309356	-0.338014	-0.343723	-0.33935	-0.336372	-0.332036	-0.295403	
