2.43917	2.43917	2.34184	2.16148	1.91218	1.6104	1.30408	1.0422	0.834207	0.701244	0.664849	0.703647	0.792937	0.916346	1.03104	1.10889	1.14244	1.12938	1.095	1.06212	1.03328	1.00256	0.969574	0.934165	0.923659	0.939078	0.965535	1.00382	1.04976	1.07696	1.08839	1.10068	1.11953	1.17021	1.25098	1.33581	1.40943	1.45596	1.47672	1.47649	1.45263	1.38151	1.23803	1.02374	0.768236	0.491592	0.229255	0.0227655	-0.101235	-0.140541	
2.43917	2.43917	2.34184	2.16148	1.91218	1.6104	1.30408	1.0422	0.834207	0.701244	0.664849	0.703647	0.792937	0.916346	1.03104	1.10889	1.14244	1.12938	1.095	1.06212	1.03328	1.00256	0.969574	0.934165	0.923659	0.939078	0.965535	1.00382	1.04976	1.07696	1.08839	1.10068	1.11953	1.17021	1.25098	1.33581	1.40943	1.45596	1.47672	1.47649	1.45263	1.38151	1.23803	1.02374	0.768236	0.491592	0.229255	0.0227655	-0.101235	-0.140541	
2.34184	2.34184	2.24914	2.06083	1.80376	1.51262	1.21575	0.946529	0.735124	0.605691	0.569797	0.61343	0.709413	0.825801	0.933339	1.01323	1.0522	1.0499	1.02652	0.993679	0.95852	0.920766	0.886	0.860281	0.857371	0.87708	0.914056	0.954345	0.993418	1.01711	1.02443	1.03386	1.06009	1.11481	1.19442	1.28018	1.35797	1.40928	1.42785	1.42135	1.39034	1.3078	1.1616	0.955663	0.71007	0.452002	0.212533	0.0149358	-0.110744	-0.154256	
2.16148	2.16148	2.06083	1.86796	1.61479	1.33211	1.03704	0.764012	0.553747	0.430811	0.393169	0.436991	0.538809	0.655711	0.755341	0.836316	0.886467	0.896532	0.877913	0.841986	0.798208	0.752595	0.723641	0.715384	0.723055	0.746506	0.788016	0.828448	0.861938	0.88558	0.89416	0.90885	0.945372	1.00853	1.08822	1.17411	1.25774	1.31361	1.32618	1.30968	1.26434	1.16787	1.02015	0.825138	0.595107	0.363434	0.153444	-0.0292744	-0.154455	-0.195733	
1.91218	1.91218	1.80376	1.61479	1.37031	1.08406	0.786156	0.517821	0.312675	0.191857	0.156797	0.194211	0.293624	0.417118	0.521905	0.603719	0.66267	0.679425	0.660892	0.623604	0.574235	0.528706	0.513491	0.519576	0.535252	0.564045	0.607461	0.648183	0.684982	0.707927	0.719741	0.74032	0.785889	0.859251	0.944232	1.0321	1.11963	1.17262	1.17541	1.14394	1.08204	0.975592	0.832031	0.651696	0.449984	0.249664	0.0679885	-0.0945957	-0.210165	-0.239528	
1.6104	1.6104	1.51262	1.33211	1.08406	0.788614	0.489839	0.233695	0.0347811	-0.0862641	-0.12065	-0.0845359	0.00676488	0.134955	0.2523	0.342315	0.40388	0.422646	0.406273	0.372783	0.32802	0.288092	0.280594	0.293652	0.318025	0.354225	0.399551	0.449253	0.492278	0.514559	0.524089	0.548609	0.596769	0.676737	0.77168	0.868378	0.956887	1.00364	0.995515	0.944391	0.861914	0.750937	0.611501	0.452186	0.290352	0.13172	-0.0204431	-0.156829	-0.248216	-0.263071	
1.30408	1.30408	1.21575	1.03704	0.786156	0.489839	0.193623	-0.0588084	-0.249783	-0.372065	-0.407696	-0.371922	-0.281473	-0.155132	-0.0255292	0.0725258	0.130945	0.148674	0.137437	0.10619	0.0688577	0.0432549	0.0381433	0.046752	0.0753315	0.120642	0.175969	0.234663	0.28482	0.304834	0.314862	0.344912	0.402909	0.487121	0.589944	0.690641	0.770972	0.807495	0.789265	0.720267	0.623927	0.508376	0.375254	0.238017	0.114157	-0.000485698	-0.112469	-0.213241	-0.271181	-0.266765	
1.0422	1.0422	0.946529	0.764012	0.517821	0.233695	-0.0588084	-0.315113	-0.512175	-0.635306	-0.675017	-0.632935	-0.536557	-0.410422	-0.282773	-0.179868	-0.12433	-0.111465	-0.123273	-0.148806	-0.170676	-0.182985	-0.190744	-0.186845	-0.156148	-0.107085	-0.0474134	0.0198833	0.0732288	0.0986088	0.116115	0.156339	0.220352	0.308116	0.413114	0.509671	0.575161	0.596229	0.561881	0.482551	0.380267	0.268923	0.152785	0.0441954	-0.0475865	-0.125715	-0.198731	-0.256923	-0.276397	-0.251871	
0.834207	0.834207	0.735124	0.553747	0.312675	0.0347811	-0.249783	-0.512175	-0.721406	-0.850091	-0.884455	-0.837211	-0.73415	-0.609407	-0.486756	-0.387865	-0.335309	-0.325775	-0.336956	-0.352706	-0.363015	-0.36794	-0.376075	-0.375452	-0.348798	-0.300492	-0.236173	-0.169248	-0.110401	-0.0713405	-0.0400141	0.00177605	0.0672841	0.156552	0.255505	0.339531	0.385861	0.382014	0.32907	0.246786	0.151551	0.0495918	-0.0445389	-0.125281	-0.1851	-0.229837	-0.257413	-0.262377	-0.241848	-0.192559	
0.701244	0.701244	0.605691	0.430811	0.191857	-0.0862641	-0.372065	-0.635306	-0.850091	-0.980054	-1.01444	-0.963622	-0.858915	-0.736013	-0.626109	-0.537268	-0.482469	-0.466791	-0.472882	-0.480477	-0.489521	-0.50494	-0.514174	-0.506592	-0.481208	-0.435814	-0.375719	-0.313278	-0.251282	-0.190304	-0.145303	-0.104657	-0.0488439	0.0333785	0.120356	0.187067	0.211767	0.183132	0.112702	0.0278558	-0.055803	-0.140311	-0.215526	-0.268091	-0.29487	-0.299008	-0.275675	-0.229804	-0.172045	-0.0985692	
0.664849	0.664849	0.569797	0.393169	0.156797	-0.12065	-0.407696	-0.675017	-0.884455	-1.01444	-1.05106	-1.00983	-0.90995	-0.792445	-0.688206	-0.609857	-0.555014	-0.532105	-0.531489	-0.539839	-0.558115	-0.581877	-0.590692	-0.585065	-0.563499	-0.517049	-0.458881	-0.403387	-0.336708	-0.264572	-0.209572	-0.167156	-0.117028	-0.051852	0.0131285	0.0513461	0.0500314	0.00089242	-0.0820705	-0.169626	-0.242342	-0.306167	-0.355463	-0.376059	-0.368291	-0.327206	-0.256485	-0.173175	-0.0846477	0.012111	
0.703647	0.703647	0.61343	0.436991	0.194211	-0.0845359	-0.371922	-0.632935	-0.837211	-0.963622	-1.00983	-0.983118	-0.898661	-0.783494	-0.675053	-0.595179	-0.543352	-0.522859	-0.525657	-0.541339	-0.562961	-0.584234	-0.595407	-0.596842	-0.582012	-0.544184	-0.494327	-0.43292	-0.360342	-0.287307	-0.224671	-0.178308	-0.141198	-0.104114	-0.0719051	-0.0654501	-0.087729	-0.147994	-0.239858	-0.332189	-0.403693	-0.444962	-0.456239	-0.437253	-0.39063	-0.310949	-0.211369	-0.105085	0.012893	0.12571	
0.792937	0.792937	0.709413	0.538809	0.293624	0.00676488	-0.281473	-0.536557	-0.73415	-0.858915	-0.90995	-0.898661	-0.832964	-0.72471	-0.609472	-0.521597	-0.471347	-0.453485	-0.464933	-0.491174	-0.516514	-0.532438	-0.547658	-0.555512	-0.545697	-0.518252	-0.470919	-0.400819	-0.323549	-0.255463	-0.193831	-0.150808	-0.126563	-0.120802	-0.129649	-0.15131	-0.196858	-0.272807	-0.368588	-0.460938	-0.530796	-0.549672	-0.522284	-0.467132	-0.37948	-0.26518	-0.140378	-0.0088688	0.129096	0.251856	
0.916346	0.916346	0.825801	0.655711	0.417118	0.134955	-0.155132	-0.410422	-0.609407	-0.736013	-0.792445	-0.783494	-0.72471	-0.6285	-0.522567	-0.431431	-0.37396	-0.350218	-0.362221	-0.394651	-0.431797	-0.46055	-0.481252	-0.481642	-0.467562	-0.44298	-0.393885	-0.318338	-0.243801	-0.182887	-0.135334	-0.105375	-0.0990897	-0.11855	-0.156482	-0.202224	-0.276068	-0.373994	-0.474228	-0.562591	-0.613867	-0.609576	-0.554493	-0.462654	-0.338008	-0.193372	-0.040248	0.112091	0.252041	0.365721	
1.03104	1.03104	0.933339	0.755341	0.521905	0.2523	-0.0255292	-0.282773	-0.486756	-0.626109	-0.688206	-0.675053	-0.609472	-0.522567	-0.424089	-0.33287	-0.273571	-0.249328	-0.253538	-0.284354	-0.331363	-0.375264	-0.399699	-0.399416	-0.380992	-0.34439	-0.284724	-0.20891	-0.142053	-0.0936971	-0.0688735	-0.0567791	-0.0649344	-0.10094	-0.157776	-0.230931	-0.331098	-0.445146	-0.548169	-0.622265	-0.646808	-0.62173	-0.550429	-0.427042	-0.271105	-0.0983404	0.0760026	0.238209	0.366304	0.455516	
1.10889	1.10889	1.01323	0.836316	0.603719	0.342315	0.0725258	-0.179868	-0.387865	-0.537268	-0.609857	-0.595179	-0.521597	-0.431431	-0.33287	-0.246509	-0.190672	-0.167355	-0.167373	-0.197986	-0.244402	-0.286796	-0.308964	-0.311275	-0.292293	-0.243038	-0.169196	-0.091158	-0.0317623	0.00152851	0.0102939	-0.000357451	-0.0252796	-0.0739704	-0.147378	-0.249702	-0.361222	-0.475612	-0.577204	-0.639529	-0.64231	-0.595457	-0.501565	-0.351844	-0.170212	0.0212668	0.2019	0.354351	0.467604	0.533872	
1.14244	1.14244	1.0522	0.886467	0.66267	0.40388	0.130945	-0.12433	-0.335309	-0.482469	-0.555014	-0.543352	-0.471347	-0.37396	-0.273571	-0.190672	-0.134935	-0.110201	-0.116428	-0.146001	-0.179753	-0.207263	-0.224526	-0.227146	-0.204758	-0.141805	-0.0580928	0.0190494	0.0729151	0.0966319	0.0908633	0.0573478	0.0147695	-0.047962	-0.137339	-0.251397	-0.365827	-0.471823	-0.562007	-0.614729	-0.609393	-0.534816	-0.405322	-0.233985	-0.0348407	0.164007	0.337577	0.471543	0.562376	0.611671	
1.12938	1.12938	1.0499	0.896532	0.679425	0.422646	0.148674	-0.111465	-0.325775	-0.466791	-0.532105	-0.522859	-0.453485	-0.350218	-0.249328	-0.167355	-0.110201	-0.0848767	-0.0981495	-0.119033	-0.137322	-0.150381	-0.160918	-0.153594	-0.11979	-0.0527566	0.0264037	0.0992271	0.154606	0.176122	0.159287	0.105063	0.0365856	-0.0395323	-0.130372	-0.234904	-0.34335	-0.441143	-0.51286	-0.550279	-0.531945	-0.437602	-0.276547	-0.0807959	0.121835	0.313835	0.472479	0.582104	0.648203	0.677718	
1.095	1.095	1.02652	0.877913	0.660892	0.406273	0.137437	-0.123273	-0.336956	-0.472882	-0.531489	-0.525657	-0.464933	-0.362221	-0.253538	-0.167373	-0.116428	-0.0981495	-0.103684	-0.107802	-0.113512	-0.123877	-0.125793	-0.0984991	-0.0455552	0.0205565	0.0851177	0.15108	0.201262	0.222321	0.200961	0.137977	0.0514791	-0.0353927	-0.124205	-0.214319	-0.312201	-0.401359	-0.450139	-0.452368	-0.407832	-0.29802	-0.127829	0.0773431	0.276023	0.452484	0.586789	0.673518	0.723185	0.733543	
1.06212	1.06212	0.993679	0.841986	0.623604	0.372783	0.10619	-0.148806	-0.352706	-0.480477	-0.539839	-0.541339	-0.491174	-0.394651	-0.284354	-0.197986	-0.146001	-0.119033	-0.107802	-0.106268	-0.110212	-0.116016	-0.100043	-0.0526564	0.0118675	0.0743348	0.133713	0.188526	0.223385	0.237522	0.217962	0.153411	0.0662496	-0.0249511	-0.116798	-0.202073	-0.282142	-0.352203	-0.374577	-0.341601	-0.260988	-0.13277	0.0350548	0.227265	0.410701	0.564856	0.67423	0.738552	0.776471	0.774163	
1.03328	1.03328	0.95852	0.798208	0.574235	0.32802	0.0688577	-0.170676	-0.363015	-0.489521	-0.558115	-0.562961	-0.516514	-0.431797	-0.331363	-0.244402	-0.179753	-0.137322	-0.113512	-0.110212	-0.108786	-0.0989007	-0.0667873	-0.0150928	0.0438358	0.107543	0.167703	0.211335	0.231353	0.236678	0.214251	0.150624	0.0695325	-0.0237673	-0.116197	-0.197054	-0.257099	-0.292075	-0.281152	-0.228222	-0.124428	0.0227981	0.191433	0.358977	0.512115	0.633151	0.720181	0.770522	0.792035	0.774589	
1.00256	1.00256	0.920766	0.752595	0.528706	0.288092	0.0432549	-0.182985	-0.36794	-0.50494	-0.581877	-0.584234	-0.532438	-0.46055	-0.375264	-0.286796	-0.207263	-0.150381	-0.123877	-0.116016	-0.0989007	-0.0655748	-0.0268695	0.0151656	0.062859	0.12123	0.175593	0.211605	0.228674	0.227875	0.202201	0.14077	0.0581689	-0.0350185	-0.120613	-0.19257	-0.233175	-0.23267	-0.187374	-0.115907	-0.00535114	0.141641	0.303783	0.449804	0.559695	0.643691	0.708148	0.75061	0.759041	0.730532	
0.969574	0.969574	0.886	0.723641	0.513491	0.280594	0.0381433	-0.190744	-0.376075	-0.514174	-0.590692	-0.595407	-0.547658	-0.481252	-0.399699	-0.308964	-0.224526	-0.160918	-0.125793	-0.100043	-0.0667873	-0.0268695	0.0112889	0.051236	0.0900377	0.133597	0.17537	0.208681	0.224509	0.218084	0.18877	0.128672	0.0419861	-0.0515427	-0.129575	-0.18615	-0.206732	-0.183331	-0.113088	-0.0159483	0.0968175	0.227096	0.360674	0.478868	0.555135	0.608246	0.649498	0.677613	0.678591	0.646817	
0.934165	0.934165	0.860281	0.715384	0.519576	0.293652	0.046752	-0.186845	-0.375452	-0.506592	-0.585065	-0.596842	-0.555512	-0.481642	-0.399416	-0.311275	-0.227146	-0.153594	-0.0984991	-0.0526564	-0.0150928	0.0151656	0.051236	0.0865666	0.114347	0.146561	0.185495	0.217712	0.227836	0.209575	0.169664	0.10799	0.0244004	-0.0626111	-0.133896	-0.172817	-0.173061	-0.135048	-0.0557785	0.0548737	0.169477	0.278032	0.36807	0.442273	0.493239	0.528209	0.55219	0.561034	0.552453	0.524029	
0.923659	0.923659	0.857371	0.723055	0.535252	0.318025	0.0753315	-0.156148	-0.348798	-0.481208	-0.563499	-0.582012	-0.545697	-0.467562	-0.380992	-0.292293	-0.204758	-0.11979	-0.0455552	0.0118675	0.0438358	0.062859	0.0900377	0.114347	0.133959	0.167554	0.206655	0.232081	0.229927	0.200031	0.149379	0.0820082	0.00581572	-0.0657091	-0.127324	-0.160096	-0.146152	-0.0978328	-0.0156434	0.0895169	0.198598	0.285675	0.338	0.364198	0.383486	0.400195	0.415044	0.40972	0.396283	0.377148	
0.939078	0.939078	0.87708	0.746506	0.564045	0.354225	0.120642	-0.107085	-0.300492	-0.435814	-0.517049	-0.544184	-0.518252	-0.44298	-0.34439	-0.243038	-0.141805	-0.0527566	0.0205565	0.0743348	0.107543	0.12123	0.133597	0.146561	0.167554	0.201843	0.231946	0.241336	0.225335	0.188812	0.133659	0.0591577	-0.0113188	-0.0665269	-0.116157	-0.147595	-0.133026	-0.0811109	0.0025576	0.0931741	0.180045	0.243304	0.27307	0.271203	0.259775	0.254894	0.255901	0.244952	0.232607	0.228904	
0.965535	0.965535	0.914056	0.788016	0.607461	0.399551	0.175969	-0.0474134	-0.236173	-0.375719	-0.458881	-0.494327	-0.470919	-0.393885	-0.284724	-0.169196	-0.0580928	0.0264037	0.0851177	0.133713	0.167703	0.175593	0.17537	0.185495	0.206655	0.231946	0.247403	0.240595	0.212225	0.169475	0.107679	0.0286502	-0.0369116	-0.0822092	-0.119707	-0.142893	-0.130877	-0.0870548	-0.0136962	0.0591789	0.115162	0.155046	0.174547	0.166874	0.137325	0.114034	0.100157	0.0841461	0.077921	0.0941417	
1.00382	1.00382	0.954345	0.828448	0.648183	0.449253	0.234663	0.0198833	-0.169248	-0.313278	-0.403387	-0.43292	-0.400819	-0.318338	-0.20891	-0.091158	0.0190494	0.0992271	0.15108	0.188526	0.211335	0.211605	0.208681	0.217712	0.232081	0.241336	0.240595	0.222778	0.186557	0.132743	0.0639881	-0.0106992	-0.0736908	-0.119469	-0.149677	-0.160818	-0.147937	-0.109443	-0.0527703	-0.00446191	0.026127	0.0443341	0.0526305	0.0402925	0.00540764	-0.0243665	-0.0424737	-0.0531102	-0.0486	-0.0106887	
1.04976	1.04976	0.993418	0.861938	0.684982	0.492278	0.28482	0.0732288	-0.110401	-0.251282	-0.336708	-0.360342	-0.323549	-0.243801	-0.142053	-0.0317623	0.0729151	0.154606	0.201262	0.223385	0.231353	0.228674	0.224509	0.227836	0.229927	0.225335	0.212225	0.186557	0.144376	0.0869871	0.0151947	-0.058617	-0.123564	-0.17168	-0.200972	-0.209682	-0.192396	-0.155101	-0.112154	-0.08273	-0.0732029	-0.0705351	-0.0734973	-0.091101	-0.123964	-0.147093	-0.158575	-0.157861	-0.132862	-0.0674271	
1.07696	1.07696	1.01711	0.88558	0.707927	0.514559	0.304834	0.0986088	-0.0713405	-0.190304	-0.264572	-0.287307	-0.255463	-0.182887	-0.0936971	0.00152851	0.0966319	0.176122	0.222321	0.237522	0.236678	0.227875	0.218084	0.209575	0.200031	0.188812	0.169475	0.132743	0.0869871	0.0297289	-0.0392401	-0.11471	-0.181196	-0.22712	-0.25341	-0.26765	-0.25516	-0.217917	-0.181572	-0.165494	-0.165089	-0.170487	-0.179719	-0.19616	-0.218965	-0.23507	-0.238563	-0.226529	-0.179424	-0.0861214	
1.08839	1.08839	1.02443	0.89416	0.719741	0.524089	0.314862	0.116115	-0.0400141	-0.145303	-0.209572	-0.224671	-0.193831	-0.135334	-0.0688735	0.0102939	0.0908633	0.159287	0.200961	0.217962	0.214251	0.202201	0.18877	0.169664	0.149379	0.133659	0.107679	0.0639881	0.0151947	-0.0392401	-0.104609	-0.173722	-0.23637	-0.277269	-0.303351	-0.319003	-0.310241	-0.27652	-0.246175	-0.23101	-0.233255	-0.238809	-0.247641	-0.260108	-0.270889	-0.275446	-0.268455	-0.244086	-0.184281	-0.0757889	
1.10068	1.10068	1.03386	0.90885	0.74032	0.548609	0.344912	0.156339	0.00177605	-0.104657	-0.167156	-0.178308	-0.150808	-0.105375	-0.0567791	-0.000357451	0.0573478	0.105063	0.137977	0.153411	0.150624	0.14077	0.128672	0.10799	0.0820082	0.0591577	0.0286502	-0.0106992	-0.058617	-0.11471	-0.173722	-0.231684	-0.286601	-0.322018	-0.341405	-0.349281	-0.336839	-0.309262	-0.28453	-0.270172	-0.265308	-0.268634	-0.274158	-0.278397	-0.277155	-0.26966	-0.244882	-0.20812	-0.147488	-0.0412785	
1.11953	1.11953	1.06009	0.945372	0.785889	0.596769	0.402909	0.220352	0.0672841	-0.0488439	-0.117028	-0.141198	-0.126563	-0.0990897	-0.0649344	-0.0252796	0.0147695	0.0365856	0.0514791	0.0662496	0.0695325	0.0581689	0.0419861	0.0244004	0.00581572	-0.0113188	-0.0369116	-0.0736908	-0.123564	-0.181196	-0.23637	-0.286601	-0.325285	-0.346283	-0.351589	-0.346636	-0.333145	-0.313082	-0.288597	-0.265872	-0.25234	-0.248864	-0.248595	-0.245937	-0.238673	-0.222456	-0.187773	-0.142047	-0.0807286	0.0229302	
1.17021	1.17021	1.11481	1.00853	0.859251	0.676737	0.487121	0.308116	0.156552	0.0333785	-0.051852	-0.104114	-0.120802	-0.11855	-0.10094	-0.0739704	-0.047962	-0.0395323	-0.0353927	-0.0249511	-0.0237673	-0.0350185	-0.0515427	-0.0626111	-0.0657091	-0.0665269	-0.0822092	-0.119469	-0.17168	-0.22712	-0.277269	-0.322018	-0.346283	-0.347968	-0.340194	-0.332463	-0.322522	-0.301507	-0.269963	-0.234364	-0.205061	-0.190785	-0.186178	-0.181819	-0.17525	-0.15144	-0.110765	-0.059369	0.0114207	0.118832	
1.25098	1.25098	1.19442	1.08822	0.944232	0.77168	0.589944	0.413114	0.255505	0.120356	0.0131285	-0.0719051	-0.129649	-0.156482	-0.157776	-0.147378	-0.137339	-0.130372	-0.124205	-0.116798	-0.116197	-0.120613	-0.129575	-0.133896	-0.127324	-0.116157	-0.119707	-0.149677	-0.200972	-0.25341	-0.303351	-0.341405	-0.351589	-0.340194	-0.328907	-0.318957	-0.306117	-0.280217	-0.243572	-0.199261	-0.154681	-0.123578	-0.117892	-0.121824	-0.115945	-0.0807452	-0.0342437	0.0239213	0.106612	0.220568	
1.33581	1.33581	1.28018	1.17411	1.0321	0.868378	0.690641	0.509671	0.339531	0.187067	0.0513461	-0.0654501	-0.15131	-0.202224	-0.230931	-0.249702	-0.251397	-0.234904	-0.214319	-0.202073	-0.197054	-0.19257	-0.18615	-0.172817	-0.160096	-0.147595	-0.142893	-0.160818	-0.209682	-0.26765	-0.319003	-0.349281	-0.346636	-0.332463	-0.318957	-0.304007	-0.28288	-0.25312	-0.217234	-0.168476	-0.112324	-0.0733202	-0.0712534	-0.083432	-0.0762401	-0.0325056	0.0244537	0.0898517	0.185279	0.30428	
1.40943	1.40943	1.35797	1.25774	1.11963	0.956887	0.770972	0.575161	0.385861	0.211767	0.0500314	-0.087729	-0.196858	-0.276068	-0.331098	-0.361222	-0.365827	-0.34335	-0.312201	-0.282142	-0.257099	-0.233175	-0.206732	-0.173061	-0.146152	-0.133026	-0.130877	-0.147937	-0.192396	-0.25516	-0.310241	-0.336839	-0.333145	-0.322522	-0.306117	-0.28288	-0.255354	-0.223473	-0.183838	-0.134424	-0.0850758	-0.0543734	-0.0520679	-0.0608745	-0.0514987	-0.00578747	0.0586745	0.13708	0.245343	0.364995	
1.45596	1.45596	1.40928	1.31361	1.17262	1.00364	0.807495	0.596229	0.382014	0.183132	0.00089242	-0.147994	-0.272807	-0.373994	-0.445146	-0.475612	-0.471823	-0.441143	-0.401359	-0.352203	-0.292075	-0.23267	-0.183331	-0.135048	-0.0978328	-0.0811109	-0.0870548	-0.109443	-0.155101	-0.217917	-0.27652	-0.309262	-0.313082	-0.301507	-0.280217	-0.25312	-0.223473	-0.186932	-0.145105	-0.107535	-0.0811609	-0.0596725	-0.0488581	-0.0485243	-0.0378164	0.00227253	0.0736117	0.170388	0.286009	0.39869	
1.47672	1.47672	1.42785	1.32618	1.17541	0.995515	0.789265	0.561881	0.32907	0.112702	-0.0820705	-0.239858	-0.368588	-0.474228	-0.548169	-0.577204	-0.562007	-0.51286	-0.450139	-0.374577	-0.281152	-0.187374	-0.113088	-0.0557785	-0.0156434	0.0025576	-0.0136962	-0.0527703	-0.112154	-0.181572	-0.246175	-0.28453	-0.288597	-0.269963	-0.243572	-0.217234	-0.183838	-0.145105	-0.11133	-0.093945	-0.0801068	-0.0536773	-0.0324859	-0.0228301	-0.00969686	0.0279724	0.103466	0.202672	0.311304	0.410108	
1.47649	1.47649	1.42135	1.30968	1.14394	0.944391	0.720267	0.482551	0.246786	0.0278558	-0.169626	-0.332189	-0.460938	-0.562591	-0.622265	-0.639529	-0.614729	-0.550279	-0.452368	-0.341601	-0.228222	-0.115907	-0.0159483	0.0548737	0.0895169	0.0931741	0.0591789	-0.00446191	-0.08273	-0.165494	-0.23101	-0.270172	-0.265872	-0.234364	-0.199261	-0.168476	-0.134424	-0.107535	-0.093945	-0.0896016	-0.0685612	-0.0351502	-0.00749697	0.0137056	0.0441209	0.0893012	0.158193	0.243602	0.335308	0.417016	
1.45263	1.45263	1.39034	1.26434	1.08204	0.861914	0.623927	0.380267	0.151551	-0.055803	-0.242342	-0.403693	-0.530796	-0.613867	-0.646808	-0.64231	-0.609393	-0.531945	-0.407832	-0.260988	-0.124428	-0.00535114	0.0968175	0.169477	0.198598	0.180045	0.115162	0.026127	-0.0732029	-0.165089	-0.233255	-0.265308	-0.25234	-0.205061	-0.154681	-0.112324	-0.0850758	-0.0811609	-0.0801068	-0.0685612	-0.0403837	-0.00467216	0.0242364	0.0627016	0.110187	0.163575	0.221954	0.293071	0.371301	0.437723	
1.38151	1.38151	1.3078	1.16787	0.975592	0.750937	0.508376	0.268923	0.0495918	-0.140311	-0.306167	-0.444962	-0.549672	-0.609576	-0.62173	-0.595457	-0.534816	-0.437602	-0.29802	-0.13277	0.0227981	0.141641	0.227096	0.278032	0.285675	0.243304	0.155046	0.0443341	-0.0705351	-0.170487	-0.238809	-0.268634	-0.248864	-0.190785	-0.123578	-0.0733202	-0.0543734	-0.0596725	-0.0536773	-0.0351502	-0.00467216	0.029317	0.0659304	0.118099	0.17249	0.228081	0.28963	0.354121	0.417152	0.461656	
1.23803	1.23803	1.1616	1.02015	0.832031	0.611501	0.375254	0.152785	-0.0445389	-0.215526	-0.355463	-0.456239	-0.522284	-0.554493	-0.550429	-0.501565	-0.405322	-0.276547	-0.127829	0.0350548	0.191433	0.303783	0.360674	0.36807	0.338	0.27307	0.174547	0.0526305	-0.0734973	-0.179719	-0.247641	-0.274158	-0.248595	-0.186178	-0.117892	-0.0712534	-0.0520679	-0.0488581	-0.0324859	-0.00749697	0.0242364	0.0659304	0.116659	0.171417	0.224299	0.287991	0.354408	0.410525	0.456136	0.474922	
1.02374	1.02374	0.955663	0.825138	0.651696	0.452186	0.238017	0.0441954	-0.125281	-0.268091	-0.376059	-0.437253	-0.467132	-0.462654	-0.427042	-0.351844	-0.233985	-0.0807959	0.0773431	0.227265	0.358977	0.449804	0.478868	0.442273	0.364198	0.271203	0.166874	0.0402925	-0.091101	-0.19616	-0.260108	-0.278397	-0.245937	-0.181819	-0.121824	-0.083432	-0.0608745	-0.0485243	-0.0228301	0.0137056	0.0627016	0.118099	0.171417	0.222787	0.275285	0.340408	0.401957	0.445656	0.47344	0.470994	
0.768236	0.768236	0.71007	0.595107	0.449984	0.290352	0.114157	-0.0475865	-0.1851	-0.29487	-0.368291	-0.39063	-0.37948	-0.338008	-0.271105	-0.170212	-0.0348407	0.121835	0.276023	0.410701	0.512115	0.559695	0.555135	0.493239	0.383486	0.259775	0.137325	0.00540764	-0.123964	-0.218965	-0.270889	-0.277155	-0.238673	-0.17525	-0.115945	-0.0762401	-0.0514987	-0.0378164	-0.00969686	0.0441209	0.110187	0.17249	0.224299	0.275285	0.330869	0.387966	0.435708	0.463427	0.468977	0.443974	
0.491592	0.491592	0.452002	0.363434	0.249664	0.13172	-0.000485698	-0.125715	-0.229837	-0.299008	-0.327206	-0.310949	-0.26518	-0.193372	-0.0983404	0.0212668	0.164007	0.313835	0.452484	0.564856	0.633151	0.643691	0.608246	0.528209	0.400195	0.254894	0.114034	-0.0243665	-0.147093	-0.23507	-0.275446	-0.26966	-0.222456	-0.15144	-0.0807452	-0.0325056	-0.00578747	0.00227253	0.0279724	0.0893012	0.163575	0.228081	0.287991	0.340408	0.387966	0.428364	0.458663	0.46525	0.449347	0.402775	
0.229255	0.229255	0.212533	0.153444	0.0679885	-0.0204431	-0.112469	-0.198731	-0.257413	-0.275675	-0.256485	-0.211369	-0.140378	-0.040248	0.0760026	0.2019	0.337577	0.472479	0.586789	0.67423	0.720181	0.708148	0.649498	0.55219	0.415044	0.255901	0.100157	-0.0424737	-0.158575	-0.238563	-0.268455	-0.244882	-0.187773	-0.110765	-0.0342437	0.0244537	0.0586745	0.0736117	0.103466	0.158193	0.221954	0.28963	0.354408	0.401957	0.435708	0.458663	0.465197	0.451126	0.412574	0.350765	
0.0227655	0.0227655	0.0149358	-0.0292744	-0.0945957	-0.156829	-0.213241	-0.256923	-0.262377	-0.229804	-0.173175	-0.105085	-0.0088688	0.112091	0.238209	0.354351	0.471543	0.582104	0.673518	0.738552	0.770522	0.75061	0.677613	0.561034	0.40972	0.244952	0.0841461	-0.0531102	-0.157861	-0.226529	-0.244086	-0.20812	-0.142047	-0.059369	0.0239213	0.0898517	0.13708	0.170388	0.202672	0.243602	0.293071	0.354121	0.410525	0.445656	0.463427	0.46525	0.451126	0.412139	0.349585	0.27073	
-0.101235	-0.101235	-0.110744	-0.154455	-0.210165	-0.248216	-0.271181	-0.276397	-0.241848	-0.172045	-0.0846477	0.012893	0.129096	0.252041	0.366304	0.467604	0.562376	0.648203	0.723185	0.776471	0.792035	0.759041	0.678591	0.552453	0.396283	0.232607	0.077921	-0.0486	-0.132862	-0.179424	-0.184281	-0.147488	-0.0807286	0.0114207	0.106612	0.185279	0.245343	0.286009	0.311304	0.335308	0.371301	0.417152	0.456136	0.47344	0.468977	0.449347	0.412574	0.349585	0.258594	0.15433	
-0.140541	-0.140541	-0.154256	-0.195733	-0.239528	-0.263071	-0.266765	-0.251871	-0.192559	-0.0985692	0.012111	0.12571	0.251856	0.365721	0.455516	0.533872	0.611671	0.677718	0.733543	0.774163	0.774589	0.730532	0.646817	0.524029	0.377148	0.228904	0.0941417	-0.0106887	-0.0674271	-0.0861214	-0.0757889	-0.0412785	0.0229302	0.118832	0.220568	0.30428	0.364995	0.39869	0.410108	0.417016	0.437723	0.461656	0.474922	0.470994	0.443974	0.402775	0.350765	0.27073	0.15433	0.028099	
