0.100723	-0.202747	-0.513888	-0.769596	-0.939414	-1.01556	-1.01452	-0.951722	-0.83471	-0.692367	-0.553707	-0.442511	-0.347228	-0.252073	-0.176382	-0.123492	-0.094348	-0.0824361	-0.0632471	-0.039375	0.0172534	0.10505	0.206968	0.312006	0.387725	0.437762	0.463041	0.448054	0.396453	0.307694	0.178809	0.0173248	-0.156792	-0.346247	-0.548586	-0.713626	-0.808966	-0.834163	-0.825856	-0.794065	-0.723238	-0.63046	-0.533692	-0.467879	-0.430975	-0.385844	-0.315278	-0.22687	-0.1717	-0.1717	
0.100723	-0.202747	-0.513888	-0.769596	-0.939414	-1.01556	-1.01452	-0.951722	-0.83471	-0.692367	-0.553707	-0.442511	-0.347228	-0.252073	-0.176382	-0.123492	-0.094348	-0.0824361	-0.0632471	-0.039375	0.0172534	0.10505	0.206968	0.312006	0.387725	0.437762	0.463041	0.448054	0.396453	0.307694	0.178809	0.0173248	-0.156792	-0.346247	-0.548586	-0.713626	-0.808966	-0.834163	-0.825856	-0.794065	-0.723238	-0.63046	-0.533692	-0.467879	-0.430975	-0.385844	-0.315278	-0.22687	-0.1717	-0.1717	
0.187044	-0.115498	-0.418381	-0.674622	-0.847667	-0.933422	-0.944535	-0.896557	-0.797725	-0.674015	-0.552199	-0.451467	-0.353248	-0.270979	-0.206242	-0.1645	-0.136701	-0.120386	-0.108752	-0.0722928	-0.0121438	0.0757319	0.175202	0.266503	0.354956	0.419265	0.446445	0.432494	0.379069	0.30034	0.178857	0.0277562	-0.13826	-0.317781	-0.499324	-0.657204	-0.751772	-0.785162	-0.786704	-0.756871	-0.699671	-0.622101	-0.538441	-0.478387	-0.438011	-0.394889	-0.330398	-0.259505	-0.217236	-0.217236	
0.32736	0.0320983	-0.258738	-0.507443	-0.680603	-0.781387	-0.821613	-0.802981	-0.735429	-0.646493	-0.551844	-0.461729	-0.372534	-0.304969	-0.258054	-0.230857	-0.205739	-0.179651	-0.164614	-0.120341	-0.0519402	0.0327599	0.121525	0.202042	0.299671	0.37722	0.413241	0.397662	0.345503	0.277728	0.173365	0.0421193	-0.104895	-0.260334	-0.41704	-0.556329	-0.653706	-0.70272	-0.718491	-0.699341	-0.660551	-0.607846	-0.542854	-0.487943	-0.443564	-0.402896	-0.352278	-0.310512	-0.289823	-0.289823	
0.494286	0.213135	-0.0654334	-0.304844	-0.485386	-0.601841	-0.674298	-0.692416	-0.662968	-0.611425	-0.546232	-0.470578	-0.395172	-0.332921	-0.303441	-0.293662	-0.274189	-0.242038	-0.210665	-0.163485	-0.0881415	-0.0056833	0.0715992	0.145686	0.238226	0.321904	0.367714	0.355743	0.307909	0.242609	0.154929	0.047125	-0.0732672	-0.197813	-0.327694	-0.44128	-0.534969	-0.598355	-0.627489	-0.627266	-0.612809	-0.587599	-0.543748	-0.493193	-0.444426	-0.405799	-0.373089	-0.355795	-0.358121	-0.358121	
0.661875	0.393724	0.127291	-0.102008	-0.28572	-0.421139	-0.517707	-0.571102	-0.579786	-0.56291	-0.52725	-0.470796	-0.401821	-0.350153	-0.333405	-0.330991	-0.311051	-0.273584	-0.230012	-0.176702	-0.105429	-0.0233652	0.0492911	0.112043	0.186948	0.264854	0.313754	0.311065	0.26705	0.20095	0.124736	0.0411839	-0.0485634	-0.143403	-0.243647	-0.336272	-0.420188	-0.489019	-0.534713	-0.556723	-0.565787	-0.565831	-0.534034	-0.482765	-0.434366	-0.397159	-0.382224	-0.385789	-0.402468	-0.402468	
0.815476	0.563711	0.31156	0.0932883	-0.0873507	-0.234388	-0.351108	-0.435307	-0.477679	-0.493485	-0.478923	-0.440681	-0.383324	-0.342211	-0.330215	-0.326295	-0.29959	-0.258547	-0.212817	-0.16128	-0.0910398	-0.00898951	0.0549011	0.102812	0.152988	0.215017	0.257851	0.260141	0.2157	0.15152	0.0827015	0.0199102	-0.036297	-0.100807	-0.171229	-0.246149	-0.318889	-0.386789	-0.445016	-0.489888	-0.521048	-0.534214	-0.509323	-0.45817	-0.411862	-0.382946	-0.38042	-0.396329	-0.41909	-0.41909	
0.954852	0.727062	0.491405	0.284611	0.116591	-0.0335529	-0.162024	-0.26821	-0.343251	-0.388145	-0.394333	-0.370426	-0.332338	-0.30429	-0.292845	-0.275736	-0.242318	-0.204944	-0.166271	-0.119271	-0.0449832	0.0338065	0.0830272	0.108786	0.129136	0.161791	0.193529	0.191179	0.152671	0.100648	0.0416676	-0.00877958	-0.0406577	-0.0735968	-0.119353	-0.172022	-0.231544	-0.287738	-0.35229	-0.417508	-0.465996	-0.491518	-0.47183	-0.42786	-0.38844	-0.366277	-0.366958	-0.385993	-0.405594	-0.405594	
1.08352	0.884209	0.675722	0.485302	0.32551	0.185062	0.0501001	-0.0755847	-0.178356	-0.24013	-0.266229	-0.268299	-0.253398	-0.232876	-0.216329	-0.190197	-0.155023	-0.125617	-0.0941472	-0.0494821	0.018683	0.0843286	0.113971	0.110806	0.103955	0.106819	0.115769	0.104563	0.0736133	0.0355178	-0.0108256	-0.0487551	-0.0610657	-0.0615951	-0.0769007	-0.108568	-0.147139	-0.190642	-0.254493	-0.327108	-0.390003	-0.41965	-0.411731	-0.387152	-0.357685	-0.345271	-0.347516	-0.361145	-0.379541	-0.379541	
1.20771	1.02936	0.851085	0.687058	0.543479	0.409621	0.270383	0.133672	0.0161916	-0.0643688	-0.11709	-0.149344	-0.15615	-0.144821	-0.117008	-0.0834299	-0.0538004	-0.0265435	-0.00448734	0.0386375	0.0847337	0.125727	0.138721	0.108142	0.0723538	0.0398812	0.0183753	-0.00436001	-0.0253414	-0.0455821	-0.0718096	-0.090209	-0.0832067	-0.0565644	-0.042472	-0.051917	-0.0667883	-0.093964	-0.150136	-0.218272	-0.281355	-0.317699	-0.327399	-0.325966	-0.317883	-0.312343	-0.315447	-0.328065	-0.342565	-0.342565	
1.32457	1.16731	1.01541	0.876888	0.746034	0.621911	0.482402	0.342219	0.217675	0.113126	0.0346585	-0.0238638	-0.0459902	-0.0296382	0.00646185	0.0346191	0.0563189	0.0841234	0.10784	0.139733	0.16505	0.170245	0.152291	0.0989803	0.0276554	-0.0390404	-0.089647	-0.12202	-0.13585	-0.140752	-0.146284	-0.139253	-0.109375	-0.0600648	-0.0189466	0.00186743	0.0165315	0.00900212	-0.0261709	-0.0826195	-0.141173	-0.186566	-0.224979	-0.251436	-0.267491	-0.272412	-0.273919	-0.281642	-0.290553	-0.290553	
1.4032	1.27386	1.14446	1.02615	0.914915	0.799936	0.668353	0.526091	0.393552	0.274576	0.173215	0.103643	0.0745091	0.0870398	0.122306	0.152744	0.177677	0.207402	0.238287	0.25844	0.258606	0.225086	0.168574	0.0867374	-0.0137643	-0.10985	-0.183648	-0.22308	-0.232834	-0.223974	-0.207427	-0.174682	-0.120323	-0.0550034	0.00323097	0.0558779	0.0944397	0.111514	0.09995	0.0576919	0.0075916	-0.0523216	-0.112155	-0.163615	-0.205183	-0.22396	-0.228847	-0.230529	-0.231567	-0.231567	
1.42735	1.33299	1.22461	1.12022	1.02516	0.925723	0.807003	0.667921	0.533753	0.410827	0.300786	0.224749	0.193466	0.205094	0.237586	0.270962	0.305136	0.334552	0.368957	0.379042	0.356702	0.293507	0.195969	0.0881805	-0.0260083	-0.137284	-0.228802	-0.276245	-0.287746	-0.27221	-0.234976	-0.17883	-0.10456	-0.0300404	0.0385128	0.107832	0.166843	0.207161	0.217816	0.194611	0.144503	0.0746903	-0.000238965	-0.0764595	-0.142925	-0.186846	-0.201077	-0.193942	-0.187121	-0.187121	
1.39101	1.32408	1.24101	1.15832	1.08775	1.00602	0.906092	0.782307	0.649686	0.522723	0.412426	0.336462	0.303238	0.31325	0.344796	0.385455	0.427471	0.464031	0.494962	0.502458	0.464177	0.378938	0.253202	0.120081	-0.00350841	-0.1199	-0.216968	-0.272082	-0.282863	-0.261664	-0.209482	-0.138421	-0.0559898	0.0190233	0.0896141	0.16385	0.23331	0.291139	0.315205	0.301433	0.246487	0.168492	0.0865844	-0.00606148	-0.0981769	-0.168831	-0.195398	-0.185893	-0.171241	-0.171241	
1.28914	1.254	1.21142	1.16212	1.11083	1.04755	0.964355	0.862128	0.740216	0.615711	0.511947	0.436621	0.404883	0.412861	0.436947	0.478042	0.530828	0.581606	0.614999	0.6147	0.567121	0.467682	0.326936	0.184071	0.0547299	-0.054302	-0.141972	-0.201104	-0.217267	-0.195818	-0.140766	-0.0633903	0.0154859	0.086226	0.154716	0.224117	0.297191	0.356687	0.385578	0.369495	0.306614	0.224615	0.133305	0.0275944	-0.0870941	-0.179955	-0.219158	-0.213495	-0.197179	-0.197179	
1.13595	1.14699	1.14678	1.13311	1.10453	1.05896	0.994787	0.914108	0.808437	0.693952	0.592426	0.524632	0.491976	0.486221	0.505828	0.552165	0.615194	0.678663	0.710403	0.699205	0.644065	0.5481	0.417096	0.271326	0.139961	0.039324	-0.0357897	-0.0901003	-0.113088	-0.0945531	-0.0410339	0.0310051	0.100303	0.159561	0.220887	0.284104	0.347798	0.398875	0.42072	0.395793	0.331942	0.246396	0.143041	0.0246028	-0.108081	-0.217092	-0.273676	-0.288135	-0.281643	-0.281643	
0.951398	1.0119	1.05007	1.07335	1.0722	1.05307	1.01424	0.949545	0.856503	0.748764	0.653296	0.592311	0.559267	0.547008	0.563539	0.614298	0.686924	0.755058	0.78268	0.760957	0.705604	0.619747	0.502058	0.36385	0.231756	0.136773	0.0737912	0.0241856	-0.00405006	0.00575837	0.0543763	0.117497	0.175074	0.227944	0.279663	0.331435	0.379203	0.408666	0.412994	0.382844	0.320893	0.234106	0.119328	-0.0135291	-0.152114	-0.270902	-0.350609	-0.395724	-0.410793	-0.410793	
0.745362	0.844539	0.924149	0.984341	1.01652	1.02285	1.00281	0.948447	0.867313	0.781021	0.69981	0.643508	0.607588	0.591367	0.610351	0.66893	0.742978	0.803863	0.820035	0.792205	0.737812	0.660977	0.560976	0.435155	0.313716	0.226653	0.169809	0.124791	0.0962187	0.0954288	0.129496	0.180686	0.228641	0.2777	0.322821	0.360185	0.386877	0.391611	0.373152	0.335919	0.272528	0.181188	0.0563346	-0.085994	-0.217266	-0.338072	-0.439147	-0.512845	-0.551912	-0.551912	
0.519378	0.652906	0.771289	0.864168	0.923757	0.947789	0.942537	0.9056	0.847845	0.784809	0.72082	0.667802	0.634007	0.6233	0.64768	0.706402	0.773586	0.817594	0.82333	0.791441	0.736449	0.663267	0.571873	0.468487	0.366339	0.288284	0.234192	0.193567	0.167737	0.16201	0.179873	0.218867	0.263868	0.311373	0.347865	0.366326	0.369511	0.350926	0.315703	0.266819	0.200054	0.101194	-0.0297705	-0.170139	-0.296245	-0.415515	-0.535126	-0.632226	-0.687173	-0.687173	
0.282154	0.437432	0.575396	0.693882	0.784545	0.831482	0.843442	0.828255	0.794779	0.751514	0.706012	0.665622	0.639284	0.642902	0.674614	0.723689	0.772182	0.79645	0.790903	0.755783	0.698457	0.626021	0.541475	0.458751	0.379293	0.311996	0.255504	0.221112	0.202249	0.192872	0.203879	0.233552	0.281396	0.326797	0.351679	0.347773	0.320127	0.281627	0.23122	0.170806	0.100528	0.00545628	-0.116311	-0.240649	-0.359538	-0.483822	-0.613307	-0.729218	-0.78989	-0.78989	
0.0588507	0.21472	0.357951	0.487661	0.598891	0.671923	0.708914	0.716004	0.707441	0.685258	0.663818	0.646668	0.636979	0.653839	0.683248	0.714655	0.737039	0.736176	0.715672	0.672053	0.610801	0.538531	0.465078	0.409332	0.353844	0.299631	0.248156	0.216274	0.200205	0.188231	0.19482	0.217633	0.260365	0.302077	0.314165	0.293512	0.246114	0.19187	0.134551	0.0669367	-0.00815804	-0.0934941	-0.193607	-0.298353	-0.404425	-0.523606	-0.648277	-0.757454	-0.814263	-0.814263	
-0.124949	0.0218305	0.156673	0.282225	0.402275	0.49543	0.553105	0.581692	0.59798	0.605366	0.605452	0.606776	0.611097	0.630864	0.657392	0.674815	0.670292	0.64665	0.610841	0.557393	0.490799	0.420328	0.356859	0.318837	0.282401	0.240476	0.199078	0.171709	0.156241	0.142671	0.145185	0.165104	0.196064	0.22804	0.239789	0.212303	0.157126	0.0960262	0.0345849	-0.032157	-0.104014	-0.171772	-0.243696	-0.324487	-0.411542	-0.514183	-0.618963	-0.70687	-0.754386	-0.754386	
-0.251898	-0.122427	-0.00231698	0.116427	0.229122	0.325542	0.401762	0.4516	0.484759	0.513165	0.532191	0.545412	0.556066	0.572224	0.589153	0.592843	0.566318	0.523716	0.475281	0.41588	0.346334	0.278789	0.225706	0.199908	0.174417	0.141076	0.112038	0.0907252	0.076397	0.067127	0.0723013	0.0904925	0.109904	0.128763	0.139307	0.113864	0.0570778	-0.006184	-0.0655494	-0.121072	-0.172168	-0.213353	-0.252125	-0.302725	-0.365487	-0.438701	-0.515481	-0.580646	-0.616532	-0.616532	
-0.312224	-0.205844	-0.102882	-0.00239114	0.0897345	0.177117	0.260582	0.328776	0.376273	0.417229	0.447588	0.46339	0.47663	0.486711	0.487096	0.469334	0.417556	0.352883	0.289822	0.227123	0.165411	0.111587	0.075744	0.0621414	0.0477513	0.0259989	0.0117936	0.00348957	-0.00251807	-0.00717116	0.000136412	0.0129638	0.015002	0.0177717	0.0230846	0.00503073	-0.0390368	-0.0931082	-0.142452	-0.177646	-0.204397	-0.216476	-0.22747	-0.247692	-0.271157	-0.304188	-0.338671	-0.373852	-0.393596	-0.393596	
-0.307861	-0.222159	-0.136611	-0.0662379	-0.00647897	0.0636362	0.147436	0.226931	0.28222	0.317773	0.342018	0.355367	0.360377	0.353202	0.332353	0.290721	0.219755	0.139164	0.0642911	0.000303607	-0.0501218	-0.0856088	-0.10085	-0.100482	-0.0986813	-0.0998503	-0.0923041	-0.0814396	-0.0734191	-0.0668588	-0.0583127	-0.0488919	-0.0582825	-0.069505	-0.0728466	-0.0804822	-0.103844	-0.142258	-0.17676	-0.196674	-0.197956	-0.184512	-0.168532	-0.152728	-0.130943	-0.114652	-0.10805	-0.109338	-0.111996	-0.111996	
-0.243508	-0.181521	-0.125502	-0.0858488	-0.0571564	-0.0135149	0.0576141	0.132138	0.186504	0.209617	0.217786	0.218104	0.204471	0.171853	0.124293	0.0588324	-0.0241478	-0.111683	-0.192192	-0.254018	-0.289178	-0.302492	-0.299628	-0.280822	-0.257347	-0.22903	-0.19678	-0.164239	-0.135446	-0.114863	-0.0957812	-0.0847982	-0.0984529	-0.119984	-0.132218	-0.132204	-0.132857	-0.145284	-0.162595	-0.165217	-0.142786	-0.107435	-0.0657242	-0.0147417	0.0490248	0.10907	0.153376	0.182127	0.199469	0.199469	
-0.149309	-0.121537	-0.101023	-0.0896634	-0.0875987	-0.0706768	-0.0220842	0.034534	0.0758364	0.0883104	0.083645	0.0697709	0.036383	-0.0229794	-0.101637	-0.194737	-0.294958	-0.391944	-0.472601	-0.523905	-0.536282	-0.52225	-0.494164	-0.453798	-0.403597	-0.344684	-0.287134	-0.231172	-0.181394	-0.142111	-0.111429	-0.10321	-0.124132	-0.155191	-0.174773	-0.166222	-0.141979	-0.121836	-0.111498	-0.0896772	-0.047439	0.00879887	0.0742032	0.154285	0.256758	0.351888	0.430613	0.489179	0.52617	0.52617	
-0.0507924	-0.0587796	-0.0750726	-0.0903018	-0.101552	-0.109078	-0.0897354	-0.0590179	-0.0332578	-0.0317046	-0.0466949	-0.0768311	-0.12877	-0.210855	-0.319127	-0.438527	-0.555864	-0.660833	-0.736191	-0.772108	-0.763941	-0.723285	-0.66987	-0.599599	-0.521264	-0.435189	-0.35346	-0.281781	-0.21856	-0.165618	-0.128417	-0.12308	-0.148169	-0.179691	-0.19511	-0.17915	-0.140596	-0.0932291	-0.0492631	0.000802953	0.0671783	0.144068	0.232216	0.339223	0.470267	0.594202	0.699366	0.783825	0.835645	0.835645	
0.0488381	0.00344583	-0.0443198	-0.0782243	-0.102771	-0.126919	-0.135753	-0.130703	-0.122536	-0.128689	-0.151821	-0.197231	-0.271964	-0.374686	-0.505535	-0.646053	-0.777305	-0.887551	-0.957431	-0.982148	-0.959125	-0.896749	-0.815061	-0.71416	-0.607661	-0.499651	-0.399217	-0.314455	-0.245678	-0.187901	-0.147818	-0.144305	-0.167883	-0.188536	-0.188907	-0.168853	-0.127606	-0.0616329	0.0129795	0.0938057	0.183567	0.275778	0.380325	0.506009	0.651667	0.794745	0.919203	1.01814	1.08071	1.08071	
0.120484	0.0403935	-0.0259447	-0.0732894	-0.106219	-0.135779	-0.160361	-0.176885	-0.182039	-0.19186	-0.220323	-0.27608	-0.365113	-0.486773	-0.639697	-0.801623	-0.950298	-1.06677	-1.13478	-1.14667	-1.10717	-1.02446	-0.916051	-0.789373	-0.659683	-0.531359	-0.409282	-0.308963	-0.235544	-0.178629	-0.141883	-0.145659	-0.169252	-0.18289	-0.175924	-0.15816	-0.123664	-0.049868	0.0486272	0.157324	0.263945	0.369811	0.484708	0.617427	0.7735	0.926872	1.06467	1.17598	1.2427	1.2427	
0.157247	0.0577925	-0.0189628	-0.0687459	-0.101944	-0.129983	-0.1644	-0.188671	-0.198305	-0.208382	-0.23448	-0.294069	-0.390947	-0.529025	-0.703637	-0.889651	-1.0591	-1.18849	-1.26056	-1.26847	-1.21359	-1.11122	-0.980348	-0.829641	-0.673433	-0.522832	-0.379785	-0.26994	-0.197682	-0.14563	-0.118705	-0.123422	-0.150405	-0.16381	-0.159827	-0.155271	-0.130342	-0.0619724	0.0442975	0.16792	0.29045	0.411218	0.536414	0.673482	0.828265	0.98157	1.11894	1.22994	1.29482	1.29482	
0.177326	0.0750855	-0.00448992	-0.0518206	-0.0822094	-0.112957	-0.14414	-0.163244	-0.17097	-0.177541	-0.201967	-0.261283	-0.361312	-0.509104	-0.698918	-0.89982	-1.08395	-1.22505	-1.30953	-1.32181	-1.26315	-1.1494	-1.00326	-0.836185	-0.656277	-0.484919	-0.334036	-0.226538	-0.160291	-0.116286	-0.094834	-0.100003	-0.126403	-0.148097	-0.153618	-0.154332	-0.135512	-0.0742577	0.0220728	0.141746	0.273772	0.405149	0.53622	0.670376	0.81201	0.952154	1.07506	1.17487	1.23209	1.23209	
0.187619	0.0904018	0.0122275	-0.0343294	-0.0698942	-0.0991193	-0.119713	-0.122888	-0.120634	-0.124646	-0.146895	-0.201103	-0.292131	-0.438554	-0.631089	-0.838288	-1.02691	-1.17269	-1.26462	-1.28716	-1.22951	-1.11666	-0.971217	-0.798717	-0.607078	-0.428384	-0.280886	-0.182448	-0.125721	-0.0885672	-0.0724503	-0.0812995	-0.115942	-0.148441	-0.164392	-0.161807	-0.133087	-0.081446	-0.00703622	0.096813	0.223219	0.358455	0.488698	0.610694	0.733786	0.850377	0.951566	1.03215	1.07818	1.07818	
0.192007	0.103421	0.0299039	-0.0260517	-0.0696496	-0.0952071	-0.0990289	-0.0848034	-0.0664906	-0.0607261	-0.0750712	-0.115245	-0.194441	-0.333148	-0.51592	-0.713869	-0.893646	-1.03261	-1.12791	-1.1589	-1.11434	-1.0146	-0.878967	-0.716736	-0.533157	-0.361582	-0.229452	-0.146161	-0.0967258	-0.0648821	-0.0544621	-0.0683062	-0.110789	-0.156843	-0.177336	-0.164032	-0.12729	-0.0829019	-0.0304863	0.0505052	0.166506	0.296728	0.41674	0.520581	0.61625	0.699036	0.768038	0.821062	0.848861	0.848861	
0.185799	0.105697	0.040452	-0.0162496	-0.0664534	-0.0905873	-0.0799943	-0.0478404	-0.0102296	0.00747296	0.00499548	-0.0234297	-0.0929043	-0.212269	-0.371753	-0.545505	-0.700633	-0.825478	-0.914621	-0.953989	-0.928939	-0.854052	-0.745766	-0.607047	-0.451983	-0.303261	-0.19016	-0.119295	-0.0756493	-0.0483081	-0.0363688	-0.0516021	-0.0970956	-0.142147	-0.160694	-0.140662	-0.101423	-0.0695296	-0.0371024	0.0219004	0.119792	0.231609	0.335378	0.418024	0.479268	0.526715	0.557873	0.576258	0.583701	0.583701	
0.176395	0.107588	0.0478383	-0.0106581	-0.0562077	-0.0730704	-0.0551755	-0.0151397	0.0292746	0.0619128	0.070495	0.0522446	-0.00334028	-0.0962642	-0.220039	-0.35883	-0.485137	-0.588808	-0.665561	-0.704742	-0.702894	-0.663394	-0.591361	-0.495205	-0.376839	-0.254334	-0.157691	-0.0908325	-0.0514574	-0.0261086	-0.0107147	-0.0247726	-0.0593647	-0.0922816	-0.0993457	-0.0746679	-0.045236	-0.0266981	-0.0111976	0.0254711	0.0908312	0.172847	0.248906	0.305586	0.340225	0.353873	0.358442	0.350698	0.341453	0.341453	
0.188304	0.123507	0.0616889	0.00923579	-0.0258218	-0.0394163	-0.0214323	0.0173818	0.0646422	0.102873	0.119119	0.105165	0.0639489	0.00120029	-0.0854336	-0.181572	-0.26883	-0.342619	-0.394561	-0.430477	-0.453139	-0.45672	-0.438379	-0.388252	-0.314312	-0.22209	-0.137739	-0.0781266	-0.0384655	-0.00688758	0.015036	0.0131223	-0.00147707	-0.0107816	-0.00202679	0.0209028	0.0388878	0.045815	0.0533153	0.0709226	0.104267	0.14761	0.189682	0.218221	0.222273	0.210078	0.191593	0.16655	0.146701	0.146701	
0.232313	0.167819	0.103594	0.0589924	0.0331113	0.0185437	0.0235325	0.0493107	0.0941339	0.141281	0.159011	0.148707	0.115326	0.074426	0.0253513	-0.0242468	-0.0672899	-0.0987662	-0.121988	-0.153131	-0.198235	-0.245781	-0.281365	-0.285564	-0.254237	-0.195794	-0.13612	-0.0875675	-0.0468359	-0.00909302	0.0240204	0.0404616	0.0550874	0.0777588	0.107212	0.129778	0.138874	0.142182	0.145344	0.153225	0.16454	0.175475	0.185654	0.184137	0.157995	0.118988	0.0777833	0.0366889	0.00928351	0.00928351	
0.319238	0.252335	0.190677	0.150883	0.12699	0.104581	0.0854545	0.0904354	0.124872	0.167287	0.18512	0.179397	0.155035	0.131122	0.11209	0.102923	0.107689	0.119443	0.121406	0.0968474	0.039147	-0.0426164	-0.123115	-0.174009	-0.188488	-0.172533	-0.147236	-0.119803	-0.0830981	-0.0373138	0.00693133	0.0440035	0.0938158	0.152705	0.205954	0.239018	0.254746	0.261017	0.264927	0.268729	0.261806	0.248093	0.226038	0.192556	0.144972	0.085751	0.0288265	-0.0202423	-0.0518164	-0.0518164	
0.457352	0.389571	0.327738	0.28975	0.264182	0.226533	0.177363	0.154471	0.165234	0.186581	0.195516	0.185921	0.166385	0.161178	0.173975	0.208439	0.259883	0.308348	0.33017	0.310655	0.247864	0.149242	0.034907	-0.0636005	-0.128463	-0.16366	-0.182538	-0.182366	-0.153598	-0.103755	-0.0458863	0.0216864	0.108955	0.206743	0.289705	0.344437	0.378799	0.395796	0.403748	0.40174	0.38547	0.350599	0.297731	0.239869	0.17582	0.108228	0.0435639	-0.0110933	-0.0433405	-0.0433405	
0.619882	0.561585	0.509398	0.468687	0.42817	0.368344	0.29739	0.24685	0.218812	0.206167	0.189764	0.16676	0.153929	0.168377	0.211065	0.287624	0.380182	0.458217	0.49332	0.477276	0.413711	0.307067	0.168347	0.0287138	-0.086072	-0.171583	-0.229347	-0.25807	-0.24553	-0.194162	-0.116658	-0.0151489	0.109568	0.238423	0.34705	0.424613	0.478351	0.509698	0.521183	0.518865	0.500348	0.45609	0.390128	0.322069	0.255621	0.190179	0.123788	0.0633523	0.0298544	0.0298544	
0.801845	0.756738	0.710595	0.663835	0.603819	0.523095	0.429137	0.342115	0.270308	0.217548	0.17227	0.140318	0.141077	0.175426	0.244058	0.345722	0.460204	0.554803	0.596905	0.582573	0.522507	0.413691	0.26029	0.0888359	-0.0669061	-0.188539	-0.275026	-0.330974	-0.341996	-0.294953	-0.200123	-0.0685305	0.0802509	0.227032	0.353767	0.451739	0.528163	0.579081	0.604426	0.609119	0.591237	0.549757	0.486505	0.420969	0.368182	0.315821	0.259669	0.207573	0.174882	0.174882	
0.987004	0.954485	0.913081	0.860754	0.787277	0.68751	0.56804	0.437502	0.317542	0.216209	0.139896	0.105204	0.123215	0.176956	0.260858	0.375845	0.499065	0.598141	0.643236	0.627817	0.568261	0.460647	0.299783	0.10988	-0.0752792	-0.220387	-0.330341	-0.415735	-0.447937	-0.407618	-0.295074	-0.137928	0.0219641	0.177654	0.316089	0.428781	0.525108	0.600559	0.645049	0.662107	0.652627	0.62252	0.579915	0.532509	0.497004	0.464354	0.428167	0.391139	0.367697	0.367697	
1.15722	1.13371	1.09563	1.04028	0.95607	0.834908	0.688988	0.521561	0.360796	0.217582	0.111637	0.0710602	0.0920934	0.157867	0.252605	0.36948	0.492353	0.590412	0.631336	0.610494	0.551142	0.446316	0.285215	0.0912702	-0.10271	-0.260272	-0.392807	-0.500329	-0.553549	-0.520853	-0.395601	-0.230419	-0.0641638	0.0959661	0.238139	0.365077	0.477085	0.574469	0.645733	0.679089	0.683411	0.677126	0.662934	0.639453	0.622083	0.605941	0.594257	0.583384	0.575098	0.575098	
1.29515	1.27358	1.2353	1.17806	1.08805	0.952933	0.784159	0.595227	0.409303	0.238026	0.111802	0.0551052	0.0662528	0.124662	0.214136	0.322182	0.436269	0.523627	0.554818	0.531637	0.474224	0.374564	0.222863	0.0413978	-0.144183	-0.304253	-0.447853	-0.567058	-0.628224	-0.59942	-0.482458	-0.325278	-0.165882	-0.0129141	0.129102	0.263503	0.388351	0.506775	0.602285	0.65427	0.679094	0.698537	0.71398	0.719297	0.717304	0.719658	0.740149	0.758946	0.776649	0.776649	
1.39415	1.36919	1.33342	1.27507	1.18247	1.04215	0.867202	0.670667	0.472099	0.286284	0.141844	0.0567947	0.0404519	0.0828488	0.156075	0.245215	0.336185	0.403544	0.424695	0.407029	0.357701	0.270336	0.132686	-0.0310511	-0.199557	-0.354223	-0.497819	-0.610155	-0.659268	-0.634298	-0.535626	-0.397356	-0.254939	-0.118335	0.015946	0.147627	0.277948	0.408712	0.517137	0.587792	0.633644	0.677294	0.720644	0.750359	0.768103	0.790959	0.839003	0.892629	0.932743	0.932743	
1.46302	1.43783	1.39297	1.32783	1.23594	1.10102	0.932354	0.737479	0.536441	0.345665	0.182793	0.0697765	0.0226669	0.0371851	0.0843824	0.146498	0.206331	0.246125	0.260691	0.250489	0.212621	0.140868	0.0246121	-0.113264	-0.255403	-0.396515	-0.523077	-0.610429	-0.641218	-0.61671	-0.538358	-0.42634	-0.307262	-0.19107	-0.0764505	0.044914	0.173385	0.301625	0.408714	0.490925	0.551662	0.611306	0.677417	0.724651	0.763754	0.806821	0.87089	0.948432	1.00095	1.00095	
1.4959	1.4613	1.40426	1.33203	1.23984	1.11323	0.951848	0.761483	0.568068	0.385742	0.218917	0.0881015	0.0131272	-0.00558752	0.00781744	0.034199	0.056256	0.0693463	0.0803448	0.077276	0.0539089	0.00208546	-0.084634	-0.187773	-0.294525	-0.40221	-0.492349	-0.543063	-0.554554	-0.533349	-0.480753	-0.402998	-0.314483	-0.230174	-0.140692	-0.0345448	0.0807954	0.19709	0.291602	0.369445	0.435225	0.50442	0.579975	0.6436	0.705668	0.764159	0.83945	0.922548	0.976808	0.976808	
1.48928	1.43431	1.36491	1.28861	1.19295	1.06847	0.915278	0.736072	0.557982	0.386713	0.234612	0.10725	0.0134061	-0.0395415	-0.0628418	-0.0751452	-0.0921234	-0.10374	-0.0995656	-0.0986963	-0.105768	-0.129831	-0.179273	-0.236806	-0.302643	-0.365456	-0.40579	-0.420551	-0.416173	-0.399287	-0.373949	-0.334766	-0.286302	-0.238157	-0.17914	-0.0948095	0.00361634	0.101409	0.178947	0.240146	0.304589	0.373309	0.451637	0.53013	0.604053	0.677311	0.751913	0.823121	0.870087	0.870087	
1.44194	1.36423	1.2781	1.18644	1.08112	0.964852	0.822079	0.661124	0.494636	0.343917	0.216071	0.100375	0.00246757	-0.0734067	-0.126899	-0.175611	-0.223531	-0.253934	-0.265782	-0.258275	-0.247399	-0.24413	-0.246484	-0.259865	-0.274875	-0.285157	-0.276841	-0.260382	-0.24915	-0.243118	-0.247144	-0.243436	-0.234382	-0.219792	-0.188047	-0.135518	-0.060712	0.014904	0.0696377	0.115063	0.171849	0.241838	0.322717	0.407377	0.487573	0.561061	0.623199	0.672414	0.702357	0.702357	
