-0.303376	-0.447269	-0.625721	-0.794214	-0.94211	-1.02089	-0.985302	-0.826207	-0.563889	-0.232021	0.135984	0.521026	0.910147	1.24014	1.47454	1.58529	1.56588	1.47724	1.3728	1.30951	1.32658	1.41001	1.51346	1.57575	1.5493	1.39034	1.10068	0.743318	0.354963	-0.0380131	-0.393211	-0.696593	-0.927702	-1.04398	-1.0316	-0.917088	-0.757127	-0.595999	-0.434318	-0.295047	-0.238462	-0.264273	-0.304835	-0.318305	-0.30823	-0.286209	-0.264484	-0.253932	-0.252813	-0.252813	
-0.303376	-0.447269	-0.625721	-0.794214	-0.94211	-1.02089	-0.985302	-0.826207	-0.563889	-0.232021	0.135984	0.521026	0.910147	1.24014	1.47454	1.58529	1.56588	1.47724	1.3728	1.30951	1.32658	1.41001	1.51346	1.57575	1.5493	1.39034	1.10068	0.743318	0.354963	-0.0380131	-0.393211	-0.696593	-0.927702	-1.04398	-1.0316	-0.917088	-0.757127	-0.595999	-0.434318	-0.295047	-0.238462	-0.264273	-0.304835	-0.318305	-0.30823	-0.286209	-0.264484	-0.253932	-0.252813	-0.252813	
-0.314154	-0.455592	-0.625258	-0.793145	-0.932266	-1.00525	-0.96886	-0.812124	-0.551974	-0.226832	0.137679	0.526308	0.906567	1.23271	1.46826	1.57297	1.55351	1.47022	1.37299	1.31429	1.32743	1.40392	1.50529	1.56858	1.53809	1.37746	1.09561	0.744477	0.358662	-0.0307872	-0.384083	-0.685417	-0.91318	-1.02895	-1.02034	-0.912924	-0.758489	-0.598108	-0.439229	-0.306233	-0.249132	-0.266662	-0.301432	-0.314937	-0.306928	-0.287081	-0.266663	-0.25543	-0.25285	-0.25285	
-0.32615	-0.465464	-0.628012	-0.78897	-0.921211	-0.982755	-0.94262	-0.785582	-0.530584	-0.209302	0.153453	0.531642	0.900873	1.22014	1.44221	1.54649	1.54033	1.46117	1.36835	1.31511	1.32899	1.4024	1.4933	1.54516	1.51045	1.35844	1.08994	0.742627	0.362489	-0.0149737	-0.363949	-0.663695	-0.885549	-0.999163	-0.997537	-0.904176	-0.760516	-0.602199	-0.449267	-0.327908	-0.269619	-0.27184	-0.295639	-0.308728	-0.304343	-0.288438	-0.270373	-0.258241	-0.253543	-0.253543	
-0.352163	-0.482704	-0.632431	-0.783237	-0.896769	-0.945421	-0.897593	-0.743793	-0.49911	-0.185323	0.16932	0.539205	0.892443	1.19818	1.40827	1.50844	1.51546	1.44851	1.3653	1.32056	1.33195	1.39194	1.47136	1.51843	1.47619	1.32551	1.07427	0.741402	0.372489	0.00676833	-0.3371	-0.630997	-0.84347	-0.955365	-0.964398	-0.89018	-0.761341	-0.607913	-0.464864	-0.35873	-0.29834	-0.280557	-0.28934	-0.300688	-0.300513	-0.289572	-0.274502	-0.262064	-0.255924	-0.255924	
-0.382647	-0.502966	-0.63388	-0.770892	-0.864469	-0.892752	-0.840526	-0.693051	-0.456487	-0.158725	0.18596	0.547615	0.880062	1.16948	1.37014	1.4677	1.47804	1.42179	1.3621	1.33021	1.33505	1.38348	1.44769	1.47774	1.42689	1.28592	1.05469	0.737316	0.383962	0.0336733	-0.302067	-0.587204	-0.788761	-0.899072	-0.921082	-0.869493	-0.759034	-0.615068	-0.486154	-0.39658	-0.333293	-0.293876	-0.284998	-0.292206	-0.295519	-0.289588	-0.277791	-0.266601	-0.261073	-0.261073	
-0.415767	-0.520312	-0.63869	-0.755685	-0.826985	-0.837982	-0.776466	-0.630886	-0.407543	-0.117362	0.217846	0.555639	0.865712	1.12994	1.30868	1.40798	1.43887	1.40771	1.36233	1.33269	1.33654	1.37428	1.41762	1.42991	1.37178	1.23754	1.02452	0.729344	0.398335	0.0650471	-0.26005	-0.533281	-0.722795	-0.831541	-0.867858	-0.840616	-0.751657	-0.623351	-0.512638	-0.438778	-0.372426	-0.312984	-0.285252	-0.284928	-0.28953	-0.287614	-0.279235	-0.271676	-0.26967	-0.26967	
-0.458709	-0.54199	-0.642483	-0.731014	-0.772825	-0.76502	-0.693338	-0.55559	-0.351191	-0.0751354	0.239577	0.555172	0.844571	1.08281	1.25007	1.35078	1.39114	1.38153	1.35583	1.33923	1.34428	1.36526	1.38372	1.37449	1.30755	1.17968	0.985484	0.71875	0.41411	0.0976046	-0.212797	-0.469274	-0.64628	-0.754625	-0.805519	-0.801943	-0.737348	-0.632194	-0.542973	-0.48237	-0.413945	-0.338903	-0.292471	-0.280607	-0.282886	-0.283089	-0.27846	-0.277287	-0.281597	-0.281597	
-0.493154	-0.56117	-0.639532	-0.695092	-0.716416	-0.685072	-0.606064	-0.481418	-0.285107	-0.0263617	0.263122	0.558859	0.81856	1.0235	1.18125	1.28632	1.33704	1.35168	1.35415	1.35191	1.34985	1.35291	1.34751	1.31356	1.23801	1.11496	0.936735	0.702118	0.427728	0.130818	-0.15932	-0.396438	-0.562287	-0.670366	-0.733674	-0.751879	-0.715216	-0.640669	-0.574639	-0.524464	-0.456578	-0.372167	-0.308293	-0.28092	-0.276239	-0.276097	-0.275962	-0.283567	-0.295706	-0.295706	
-0.527529	-0.578697	-0.628478	-0.654633	-0.648356	-0.597228	-0.516155	-0.39591	-0.215037	0.0241378	0.291593	0.556885	0.782674	0.958161	1.10328	1.20717	1.27968	1.33534	1.35696	1.3556	1.35411	1.34342	1.30834	1.25123	1.16602	1.03938	0.877893	0.681166	0.436985	0.162284	-0.100805	-0.316704	-0.472891	-0.579861	-0.652288	-0.690188	-0.684952	-0.646659	-0.60416	-0.562874	-0.499597	-0.412409	-0.33326	-0.287293	-0.270728	-0.267686	-0.273115	-0.290623	-0.309878	-0.309878	
-0.565367	-0.593601	-0.611227	-0.604819	-0.567353	-0.498027	-0.41534	-0.300747	-0.138001	0.071859	0.310763	0.540417	0.730691	0.887757	1.02615	1.13518	1.23097	1.30816	1.34539	1.36374	1.36536	1.33462	1.27214	1.18738	1.0834	0.956861	0.817122	0.652024	0.435942	0.192199	-0.0380418	-0.233264	-0.379827	-0.483647	-0.562039	-0.617881	-0.646279	-0.646866	-0.627798	-0.5964	-0.542489	-0.458111	-0.366651	-0.300749	-0.268137	-0.260055	-0.271901	-0.298314	-0.321412	-0.321412	
-0.590667	-0.593909	-0.580591	-0.540893	-0.478767	-0.400539	-0.315387	-0.209481	-0.0665265	0.12154	0.328239	0.519785	0.681094	0.813174	0.936575	1.05652	1.17726	1.27825	1.34354	1.38257	1.37621	1.31933	1.23043	1.12378	1.00521	0.874056	0.745795	0.60835	0.427474	0.221659	0.0245879	-0.149443	-0.283886	-0.382462	-0.464328	-0.536699	-0.598756	-0.637368	-0.642212	-0.624637	-0.5845	-0.506632	-0.406541	-0.321778	-0.270953	-0.256481	-0.274404	-0.306073	-0.32771	-0.32771	
-0.609635	-0.588694	-0.540178	-0.468906	-0.384143	-0.296446	-0.21124	-0.112512	0.00798654	0.167333	0.33578	0.486369	0.619256	0.729476	0.847141	0.983494	1.12463	1.25322	1.34857	1.39322	1.37561	1.30856	1.20173	1.06485	0.919847	0.78326	0.670322	0.558078	0.409924	0.243746	0.0830076	-0.0658792	-0.185539	-0.277518	-0.361391	-0.449112	-0.541542	-0.614142	-0.645052	-0.647572	-0.62418	-0.554464	-0.450092	-0.350334	-0.28221	-0.260854	-0.282224	-0.312928	-0.327084	-0.327084	
-0.620326	-0.57111	-0.488658	-0.38899	-0.284585	-0.191857	-0.103696	-0.0183236	0.0833411	0.206562	0.330265	0.44635	0.545166	0.639941	0.76242	0.912573	1.07598	1.23121	1.34807	1.40101	1.3821	1.30399	1.17149	1.00144	0.835541	0.698861	0.592093	0.493047	0.380271	0.259691	0.135526	0.0139288	-0.0864513	-0.169736	-0.255966	-0.357514	-0.473259	-0.574336	-0.635477	-0.664709	-0.658938	-0.597764	-0.494136	-0.385929	-0.304951	-0.276797	-0.296043	-0.317836	-0.319445	-0.319445	
-0.616035	-0.536221	-0.421248	-0.295268	-0.179472	-0.0830239	0.000688496	0.0718256	0.14797	0.230346	0.315456	0.392846	0.468041	0.556071	0.67785	0.844519	1.02984	1.20941	1.34719	1.40798	1.39326	1.30241	1.13644	0.939307	0.762932	0.618266	0.502635	0.417419	0.345507	0.265292	0.175105	0.0886479	0.0135482	-0.061734	-0.151589	-0.262738	-0.39257	-0.517783	-0.613847	-0.674014	-0.685079	-0.633119	-0.535866	-0.427719	-0.34132	-0.306553	-0.315566	-0.320313	-0.306649	-0.306649	
-0.595513	-0.485868	-0.34486	-0.198253	-0.0765511	0.023018	0.0996039	0.157204	0.203808	0.243951	0.290794	0.331075	0.387574	0.470879	0.59648	0.778798	0.985438	1.19105	1.34815	1.42055	1.40383	1.2898	1.10439	0.894679	0.695768	0.529158	0.409783	0.343977	0.301861	0.251593	0.201511	0.15942	0.110624	0.0420956	-0.0495013	-0.164013	-0.300231	-0.447278	-0.580448	-0.671596	-0.698503	-0.658172	-0.573347	-0.474503	-0.391457	-0.349971	-0.339901	-0.321204	-0.292358	-0.292358	
-0.558207	-0.425682	-0.257999	-0.101742	0.0262242	0.126199	0.194798	0.236172	0.24922	0.249938	0.251599	0.262055	0.302885	0.379457	0.519554	0.721395	0.950164	1.1773	1.34802	1.43081	1.40855	1.27983	1.0837	0.851806	0.62606	0.446725	0.325341	0.266248	0.241337	0.222197	0.218859	0.221221	0.197929	0.139678	0.0512128	-0.0611491	-0.199585	-0.367189	-0.534682	-0.652541	-0.6956	-0.67183	-0.605706	-0.524545	-0.452565	-0.404041	-0.368254	-0.323214	-0.281477	-0.281477	
-0.506708	-0.348397	-0.162867	0.00292977	0.135238	0.229871	0.287538	0.302572	0.275917	0.232295	0.19624	0.183601	0.215125	0.302747	0.45401	0.668946	0.921044	1.16299	1.34693	1.43637	1.40867	1.27809	1.06908	0.809217	0.563182	0.37198	0.243117	0.184851	0.170873	0.181001	0.223201	0.267497	0.27216	0.230268	0.150833	0.0447804	-0.0956018	-0.281936	-0.474949	-0.612351	-0.674195	-0.674125	-0.632733	-0.575121	-0.518679	-0.463341	-0.400549	-0.330844	-0.279392	-0.279392	
-0.432324	-0.255557	-0.0612136	0.104933	0.235657	0.321396	0.362314	0.347968	0.285784	0.201503	0.135186	0.107399	0.13444	0.230743	0.393993	0.624963	0.889721	1.14339	1.34551	1.44442	1.41948	1.28005	1.04568	0.767526	0.510596	0.306728	0.168528	0.101151	0.0899661	0.130563	0.214334	0.293938	0.329387	0.312679	0.249714	0.150995	0.00567686	-0.194093	-0.39889	-0.549034	-0.634433	-0.66548	-0.653771	-0.622084	-0.581593	-0.52142	-0.437575	-0.349509	-0.291279	-0.291279	
-0.346421	-0.159625	0.0362271	0.204702	0.329076	0.404913	0.425848	0.378764	0.279486	0.161804	0.0704838	0.0292655	0.0587239	0.160853	0.332357	0.580459	0.864296	1.13808	1.35209	1.45227	1.4236	1.26941	1.0231	0.740482	0.469922	0.250028	0.0955281	0.0122741	0.00961162	0.0782549	0.186294	0.294718	0.369715	0.387634	0.345012	0.251187	0.100269	-0.102262	-0.305544	-0.465356	-0.578559	-0.645396	-0.666502	-0.659902	-0.632848	-0.572641	-0.480453	-0.384019	-0.321589	-0.321589	
-0.252063	-0.0601464	0.13651	0.301624	0.421289	0.483405	0.475925	0.395027	0.257801	0.10457	-0.00746462	-0.0539614	-0.0206439	0.0975127	0.29163	0.553722	0.847832	1.13106	1.34925	1.45214	1.42127	1.26308	1.01568	0.721405	0.4312	0.194761	0.0230842	-0.0662465	-0.0590591	0.0148472	0.132211	0.276117	0.39724	0.450359	0.428294	0.339955	0.189964	-0.00331701	-0.19873	-0.368481	-0.509186	-0.611716	-0.666553	-0.682278	-0.666046	-0.613782	-0.529704	-0.436932	-0.373601	-0.373601	
-0.140598	0.0487003	0.240877	0.39901	0.503326	0.540326	0.498857	0.37891	0.209268	0.0366838	-0.083885	-0.124974	-0.0793308	0.0511074	0.253845	0.524301	0.83029	1.11972	1.34288	1.45392	1.42628	1.26597	1.0083	0.697064	0.39306	0.145367	-0.0336994	-0.126036	-0.130496	-0.0677157	0.0666447	0.248941	0.406298	0.490828	0.492936	0.417089	0.279458	0.102397	-0.0870283	-0.26639	-0.428018	-0.561392	-0.647991	-0.683194	-0.678648	-0.64475	-0.584401	-0.507462	-0.448758	-0.448758	
-0.032003	0.150736	0.333406	0.479242	0.567427	0.576009	0.500606	0.350629	0.155447	-0.0317466	-0.153986	-0.190707	-0.135924	0.00776024	0.220715	0.498612	0.811331	1.11007	1.34576	1.46142	1.43082	1.26363	0.993066	0.672642	0.365211	0.112552	-0.074801	-0.185642	-0.211724	-0.149017	0.00473646	0.206996	0.388542	0.505839	0.536781	0.484256	0.370683	0.209191	0.0202821	-0.164435	-0.336278	-0.491815	-0.604553	-0.658486	-0.672479	-0.667875	-0.641946	-0.591459	-0.545649	-0.545649	
0.0771621	0.249758	0.421693	0.553737	0.615999	0.592528	0.483672	0.302798	0.0918347	-0.100901	-0.222902	-0.250277	-0.185518	-0.0335344	0.189847	0.479683	0.803943	1.10998	1.34735	1.46216	1.42822	1.25405	0.980711	0.662114	0.349423	0.085389	-0.116629	-0.246478	-0.282131	-0.216294	-0.0615146	0.145264	0.348164	0.495368	0.558266	0.542923	0.459772	0.307707	0.117583	-0.0643677	-0.235562	-0.401633	-0.531964	-0.607785	-0.652389	-0.685919	-0.69872	-0.682479	-0.658808	-0.658808	
0.183298	0.345619	0.503841	0.614492	0.647978	0.588446	0.445577	0.242612	0.0183366	-0.175763	-0.28977	-0.305927	-0.226797	-0.0600285	0.174461	0.469042	0.794968	1.10403	1.3433	1.45797	1.42505	1.25242	0.977716	0.653254	0.332357	0.0593942	-0.154629	-0.295253	-0.33608	-0.278499	-0.134434	0.0730789	0.28858	0.4583	0.561086	0.591682	0.534975	0.389415	0.205172	0.0343054	-0.127798	-0.291399	-0.431232	-0.535645	-0.62327	-0.699828	-0.751279	-0.773279	-0.778016	-0.778016	
0.289714	0.436854	0.57405	0.655682	0.650689	0.555084	0.384326	0.165719	-0.0571911	-0.242587	-0.343954	-0.345303	-0.256071	-0.0813605	0.158406	0.456331	0.78706	1.09763	1.33826	1.45758	1.42554	1.2505	0.974204	0.645674	0.316683	0.0351587	-0.184699	-0.329715	-0.379686	-0.337132	-0.206369	-0.00659659	0.210671	0.404372	0.550686	0.618659	0.58216	0.452723	0.286698	0.131971	-0.0143586	-0.16496	-0.311062	-0.450396	-0.587143	-0.707786	-0.79706	-0.856605	-0.889049	-0.889049	
0.385279	0.513304	0.62375	0.669498	0.628632	0.500841	0.310804	0.0889171	-0.129249	-0.301457	-0.38889	-0.378535	-0.278262	-0.0974324	0.145776	0.445609	0.776671	1.0907	1.33633	1.4579	1.42789	1.25272	0.969333	0.632605	0.300277	0.0181665	-0.202678	-0.353414	-0.416492	-0.391068	-0.278081	-0.0914805	0.129359	0.346126	0.519088	0.608327	0.597824	0.501411	0.362865	0.228559	0.103886	-0.0314352	-0.186581	-0.360819	-0.542751	-0.706207	-0.833396	-0.924691	-0.976426	-0.976426	
0.468339	0.572101	0.64863	0.657811	0.581298	0.430599	0.232078	0.0134707	-0.190905	-0.349126	-0.424047	-0.404396	-0.299853	-0.114565	0.131844	0.434703	0.771725	1.09041	1.3391	1.46202	1.42766	1.24535	0.95863	0.622568	0.291488	0.0105293	-0.211858	-0.372277	-0.451876	-0.443946	-0.345413	-0.165122	0.0581662	0.277769	0.45373	0.561018	0.588901	0.535093	0.430373	0.324477	0.222972	0.0947616	-0.0732872	-0.273106	-0.488521	-0.69147	-0.854974	-0.96821	-1.02735	-1.02735	
0.53865	0.613081	0.654256	0.625626	0.521225	0.354252	0.153044	-0.0571726	-0.249976	-0.394631	-0.459174	-0.430213	-0.317104	-0.126911	0.125921	0.434455	0.773122	1.09232	1.33853	1.45659	1.4201	1.23766	0.951624	0.619258	0.292349	0.00981972	-0.22227	-0.39663	-0.48784	-0.486849	-0.39307	-0.220142	-0.0121746	0.188792	0.361142	0.491187	0.558938	0.548696	0.486789	0.416586	0.331451	0.199142	0.0200593	-0.190997	-0.426206	-0.660408	-0.852054	-0.976437	-1.03456	-1.03456	
0.595567	0.633899	0.633213	0.570179	0.441377	0.265965	0.0693587	-0.12879	-0.305228	-0.434841	-0.48498	-0.445682	-0.324997	-0.126778	0.128037	0.434248	0.771047	1.08659	1.32995	1.4483	1.41331	1.23543	0.956282	0.625763	0.292171	-0.00105529	-0.241735	-0.419375	-0.50968	-0.50904	-0.423785	-0.271578	-0.091659	0.0888587	0.260439	0.408215	0.507474	0.541752	0.528608	0.49134	0.413275	0.274803	0.0928491	-0.118249	-0.360627	-0.60929	-0.812527	-0.939649	-0.995858	-0.995858	
0.623832	0.619281	0.580397	0.487451	0.346356	0.173206	-0.0107258	-0.189826	-0.346652	-0.458673	-0.497009	-0.448691	-0.324276	-0.129555	0.122987	0.427765	0.761472	1.07674	1.32332	1.44748	1.41953	1.24403	0.959609	0.620211	0.27948	-0.0161585	-0.254059	-0.426644	-0.515295	-0.521772	-0.454458	-0.327408	-0.17109	-0.00530484	0.16171	0.316848	0.441279	0.516506	0.543018	0.528284	0.4577	0.323391	0.147072	-0.0585717	-0.294519	-0.533638	-0.728018	-0.852531	-0.910575	-0.910575	
0.614006	0.571366	0.501309	0.395086	0.254724	0.0940655	-0.0706446	-0.230785	-0.372667	-0.474513	-0.506065	-0.457566	-0.333872	-0.137055	0.114496	0.418713	0.756861	1.07844	1.3302	1.4552	1.42252	1.24038	0.950528	0.608315	0.26928	-0.020639	-0.252788	-0.424001	-0.518643	-0.538681	-0.489328	-0.380355	-0.23996	-0.0877967	0.0704774	0.228338	0.369121	0.466364	0.512031	0.514591	0.463345	0.347006	0.182641	-0.0109967	-0.22391	-0.430735	-0.59949	-0.715878	-0.776375	-0.776375	
0.582995	0.507517	0.420013	0.307728	0.17433	0.027967	-0.121992	-0.268903	-0.399584	-0.494113	-0.522159	-0.468542	-0.341636	-0.144468	0.112533	0.42433	0.765424	1.08542	1.33222	1.45169	1.41482	1.2297	0.940355	0.603161	0.270686	-0.0148464	-0.247199	-0.423842	-0.528248	-0.560265	-0.522933	-0.4255	-0.296431	-0.154362	-0.00291332	0.151056	0.287276	0.379653	0.429239	0.451946	0.431032	0.342323	0.200112	0.033343	-0.140306	-0.302642	-0.436649	-0.535271	-0.590421	-0.590421	
0.526954	0.428005	0.328531	0.219544	0.0974184	-0.0352727	-0.170546	-0.305074	-0.427786	-0.514599	-0.533612	-0.474802	-0.341221	-0.135573	0.122966	0.430979	0.767494	1.08322	1.32604	1.44148	1.40351	1.22272	0.939885	0.607573	0.277745	-0.00863113	-0.246019	-0.429738	-0.542299	-0.583369	-0.553822	-0.461351	-0.335347	-0.197578	-0.0567181	0.0765828	0.185496	0.256856	0.305229	0.347891	0.358644	0.306244	0.205426	0.0860749	-0.0382683	-0.155372	-0.250773	-0.318386	-0.354887	-0.354887	
0.445807	0.330991	0.23239	0.131728	0.0232445	-0.0927515	-0.213639	-0.336113	-0.445841	-0.522244	-0.534301	-0.468107	-0.332414	-0.131275	0.124543	0.431828	0.765387	1.0763	1.31567	1.43277	1.39961	1.22308	0.944448	0.614881	0.283887	-0.00679107	-0.250119	-0.440896	-0.560869	-0.606594	-0.576151	-0.479587	-0.352592	-0.223974	-0.106761	-0.0083709	0.0651956	0.112678	0.154751	0.208699	0.248626	0.244946	0.207209	0.151431	0.0799329	0.005968	-0.0476876	-0.0737867	-0.0818984	-0.0818984	
0.341724	0.227692	0.138816	0.0553984	-0.0332828	-0.133035	-0.239859	-0.35088	-0.455242	-0.527001	-0.533636	-0.467482	-0.331181	-0.127508	0.12639	0.428867	0.758297	1.06908	1.31117	1.42986	1.39931	1.22783	0.951543	0.61968	0.285039	-0.011156	-0.262279	-0.458025	-0.577197	-0.617694	-0.580411	-0.481008	-0.361557	-0.2538	-0.168028	-0.104236	-0.0619164	-0.0392133	-0.0116157	0.0460379	0.116948	0.172502	0.20874	0.222583	0.20728	0.180317	0.171844	0.188139	0.20763	0.20763	
0.23989	0.135452	0.0646705	-0.00073843	-0.0749022	-0.161587	-0.259442	-0.366007	-0.464146	-0.530964	-0.535591	-0.466177	-0.329933	-0.131043	0.120792	0.425472	0.757815	1.06938	1.31087	1.43186	1.40388	1.23128	0.952795	0.617487	0.276378	-0.0257465	-0.276866	-0.465936	-0.576607	-0.611213	-0.573604	-0.483166	-0.382557	-0.299852	-0.241088	-0.204061	-0.188766	-0.191741	-0.179847	-0.116422	-0.0119949	0.101002	0.20636	0.289237	0.337676	0.367019	0.404623	0.454157	0.491517	0.491517	
0.143215	0.0577401	0.00613512	-0.0428774	-0.102521	-0.180807	-0.274214	-0.376885	-0.475633	-0.542526	-0.543889	-0.474316	-0.335815	-0.131282	0.124881	0.431765	0.763337	1.07495	1.31718	1.43445	1.40116	1.22546	0.942305	0.601361	0.261223	-0.0333911	-0.275293	-0.455075	-0.560717	-0.59948	-0.574973	-0.503418	-0.423455	-0.360841	-0.322253	-0.306582	-0.313202	-0.333685	-0.326898	-0.25178	-0.119295	0.0366138	0.198111	0.34767	0.46677	0.558298	0.638211	0.709179	0.754254	0.754254	
0.0648941	-0.00103735	-0.0356203	-0.0722859	-0.126838	-0.202811	-0.295164	-0.399976	-0.496586	-0.557865	-0.553737	-0.476058	-0.330429	-0.122956	0.135774	0.445282	0.777587	1.08468	1.31611	1.42359	1.38349	1.20267	0.921392	0.590215	0.261835	-0.022739	-0.256405	-0.432805	-0.545884	-0.601554	-0.596603	-0.543974	-0.481614	-0.435545	-0.412877	-0.410624	-0.425135	-0.445628	-0.431283	-0.344519	-0.196347	-0.0138187	0.191794	0.401975	0.587956	0.736448	0.851965	0.938733	0.98868	0.98868	
-0.00573193	-0.0533081	-0.074382	-0.104782	-0.154821	-0.228555	-0.320852	-0.421878	-0.514215	-0.569121	-0.554403	-0.468797	-0.316084	-0.103047	0.15725	0.463332	0.78381	1.07641	1.29676	1.3958	1.35395	1.18261	0.915149	0.595782	0.279141	0.00264067	-0.23247	-0.418639	-0.547506	-0.622453	-0.637226	-0.603638	-0.558135	-0.524815	-0.508502	-0.503448	-0.506736	-0.512393	-0.485583	-0.391979	-0.237226	-0.0373374	0.201536	0.456718	0.690621	0.88035	1.02515	1.13053	1.19033	1.19033	
-0.0700241	-0.0997134	-0.110425	-0.133614	-0.18032	-0.252303	-0.339897	-0.437093	-0.522285	-0.565953	-0.541863	-0.449348	-0.294341	-0.0858706	0.166184	0.461066	0.771024	1.056	1.26971	1.3692	1.33653	1.17695	0.922669	0.616355	0.305586	0.0240051	-0.221477	-0.419537	-0.565647	-0.662564	-0.699041	-0.684119	-0.650625	-0.618796	-0.592154	-0.567009	-0.546875	-0.5327	-0.493261	-0.393626	-0.233014	-0.0206493	0.236393	0.51102	0.764947	0.976447	1.14497	1.27399	1.34999	1.34999	
-0.12157	-0.134051	-0.132321	-0.149217	-0.191895	-0.259048	-0.344767	-0.438578	-0.519603	-0.559942	-0.533045	-0.441803	-0.289855	-0.0866979	0.160139	0.452358	0.757718	1.03796	1.25194	1.35581	1.33089	1.18367	0.939653	0.635125	0.321325	0.0333954	-0.223512	-0.438095	-0.605652	-0.725396	-0.781219	-0.778058	-0.74364	-0.697059	-0.646097	-0.593054	-0.547221	-0.511999	-0.456253	-0.345532	-0.177731	0.0387578	0.293809	0.560655	0.80899	1.0247	1.20857	1.35911	1.45153	1.45153	
-0.146381	-0.142174	-0.133809	-0.148556	-0.191212	-0.26243	-0.351029	-0.447918	-0.531133	-0.569802	-0.540541	-0.447355	-0.294648	-0.0913402	0.157808	0.449472	0.752993	1.03424	1.24786	1.35241	1.3318	1.18835	0.946425	0.643723	0.327113	0.0264011	-0.248291	-0.48077	-0.668111	-0.805834	-0.870878	-0.865046	-0.815338	-0.744255	-0.665229	-0.5842	-0.511784	-0.450783	-0.372147	-0.247523	-0.0776914	0.129478	0.364019	0.604147	0.830198	1.03494	1.21904	1.3772	1.47728	1.47728	
-0.152682	-0.141066	-0.13229	-0.150523	-0.201263	-0.278294	-0.37305	-0.474343	-0.556718	-0.589875	-0.553927	-0.454814	-0.294389	-0.0857459	0.166495	0.461497	0.765213	1.04119	1.24734	1.34655	1.32406	1.18314	0.943336	0.636013	0.308462	-0.00709404	-0.297246	-0.54405	-0.743228	-0.884893	-0.944154	-0.924986	-0.854885	-0.758389	-0.651688	-0.541346	-0.43808	-0.346188	-0.243654	-0.111434	0.0488169	0.234435	0.438736	0.644518	0.838995	1.01762	1.18061	1.32416	1.41743	1.41743	
-0.160987	-0.14637	-0.141921	-0.168887	-0.226036	-0.309452	-0.408242	-0.508257	-0.584677	-0.607961	-0.560432	-0.449117	-0.280771	-0.0672473	0.191867	0.486553	0.781581	1.04748	1.24268	1.33276	1.30458	1.1585	0.912188	0.598444	0.263051	-0.0641348	-0.363077	-0.611108	-0.806369	-0.939368	-0.986246	-0.951988	-0.86181	-0.739694	-0.602912	-0.459536	-0.323329	-0.203155	-0.0855208	0.0418317	0.181997	0.341042	0.514223	0.684224	0.839904	0.976865	1.09703	1.20432	1.27707	1.27707	
-0.178187	-0.162096	-0.163415	-0.194161	-0.257286	-0.343665	-0.441707	-0.538146	-0.606399	-0.615141	-0.553207	-0.431843	-0.253403	-0.0330738	0.22547	0.513598	0.798965	1.0501	1.22526	1.29589	1.25324	1.09949	0.849611	0.533504	0.196629	-0.129434	-0.420681	-0.656933	-0.840615	-0.96079	-0.994044	-0.944807	-0.833431	-0.682644	-0.512983	-0.33775	-0.175598	-0.0386615	0.0811374	0.193607	0.30978	0.443238	0.586728	0.718683	0.827704	0.910486	0.973602	1.032	1.07654	1.07654	
-0.19579	-0.180181	-0.184388	-0.221451	-0.288335	-0.374502	-0.470802	-0.560272	-0.614353	-0.607284	-0.532811	-0.398208	-0.213804	0.00429976	0.261273	0.540077	0.804623	1.02775	1.17352	1.22205	1.16654	1.00777	0.761057	0.456476	0.134562	-0.177187	-0.452292	-0.671983	-0.840888	-0.945989	-0.964157	-0.897685	-0.762277	-0.582321	-0.384499	-0.188102	-0.0139286	0.126997	0.2403	0.334486	0.42717	0.535535	0.646793	0.735239	0.791344	0.815443	0.819841	0.829226	0.845553	0.845553	
-0.21403	-0.195497	-0.204072	-0.242441	-0.309229	-0.394019	-0.485502	-0.565359	-0.608303	-0.58765	-0.499782	-0.359905	-0.175687	0.0405478	0.28577	0.5396	0.774789	0.9679	1.08597	1.11412	1.05062	0.900129	0.672882	0.392119	0.0934943	-0.197128	-0.45109	-0.651501	-0.802808	-0.888826	-0.888238	-0.803088	-0.646733	-0.446397	-0.233696	-0.0309678	0.142999	0.280921	0.385221	0.460749	0.52865	0.607256	0.679341	0.719009	0.722014	0.693613	0.64994	0.620581	0.61444	0.61444	
-0.216071	-0.197854	-0.207627	-0.248174	-0.31752	-0.400783	-0.488695	-0.563101	-0.594851	-0.561525	-0.47097	-0.330875	-0.152806	0.0461239	0.271691	0.503061	0.712972	0.878144	0.971004	0.989017	0.932681	0.800163	0.598907	0.350653	0.0823896	-0.183038	-0.412053	-0.588641	-0.717015	-0.780152	-0.761895	-0.665051	-0.499929	-0.294148	-0.0808348	0.117428	0.285469	0.418479	0.512357	0.566009	0.603023	0.643574	0.670107	0.661192	0.619472	0.553852	0.480328	0.427449	0.406877	0.406877	
-0.203752	-0.185299	-0.199272	-0.24496	-0.31661	-0.401505	-0.491518	-0.56324	-0.590667	-0.558182	-0.468935	-0.334657	-0.17075	0.0186058	0.232985	0.443452	0.629816	0.772576	0.853193	0.871356	0.824819	0.71651	0.550909	0.339875	0.10548	-0.126908	-0.323549	-0.472948	-0.577727	-0.62183	-0.595926	-0.501284	-0.342251	-0.143961	0.0611004	0.250185	0.410101	0.535374	0.6133	0.637706	0.63608	0.63255	0.613333	0.564089	0.493062	0.409709	0.325833	0.264118	0.236342	0.236342	
