-0.155665	-0.155665	-0.154036	-0.151213	-0.166577	-0.207241	-0.26347	-0.337317	-0.416065	-0.469948	-0.475043	-0.419384	-0.289306	-0.0813962	0.19081	0.497636	0.806025	1.062	1.21407	1.23788	1.16175	1.01539	0.821547	0.595096	0.360819	0.138708	-0.0293955	-0.123199	-0.135137	-0.0687109	0.0450168	0.183528	0.339371	0.492943	0.631893	0.758885	0.876335	0.962385	1.0138	1.02612	0.984924	0.891304	0.776685	0.649685	0.53066	0.407483	0.25349	0.103272	0.0015244	-0.0185099	
-0.155665	-0.155665	-0.154036	-0.151213	-0.166577	-0.207241	-0.26347	-0.337317	-0.416065	-0.469948	-0.475043	-0.419384	-0.289306	-0.0813962	0.19081	0.497636	0.806025	1.062	1.21407	1.23788	1.16175	1.01539	0.821547	0.595096	0.360819	0.138708	-0.0293955	-0.123199	-0.135137	-0.0687109	0.0450168	0.183528	0.339371	0.492943	0.631893	0.758885	0.876335	0.962385	1.0138	1.02612	0.984924	0.891304	0.776685	0.649685	0.53066	0.407483	0.25349	0.103272	0.0015244	-0.0185099	
-0.154036	-0.154036	-0.153617	-0.150412	-0.16169	-0.200924	-0.266973	-0.341081	-0.411457	-0.460526	-0.468891	-0.413715	-0.290052	-0.0822839	0.19343	0.500318	0.801374	1.04977	1.19373	1.22416	1.15987	1.01455	0.810885	0.577323	0.344881	0.136279	-0.0206712	-0.116159	-0.139385	-0.0898008	0.010611	0.147163	0.304182	0.452085	0.585063	0.705964	0.812622	0.903902	0.962189	0.971646	0.928691	0.837063	0.725065	0.601971	0.474556	0.339257	0.191125	0.0472087	-0.045115	-0.0610799	
-0.151213	-0.151213	-0.150412	-0.147657	-0.157552	-0.195898	-0.263998	-0.33908	-0.408704	-0.457734	-0.46138	-0.405702	-0.292828	-0.090844	0.19211	0.499742	0.786091	1.01705	1.15495	1.19282	1.13333	0.98944	0.786874	0.554584	0.330748	0.134902	-0.0210763	-0.122274	-0.153232	-0.123882	-0.040159	0.0863801	0.231036	0.371054	0.501781	0.615365	0.708399	0.792855	0.849503	0.860222	0.824518	0.743005	0.639288	0.514732	0.375748	0.222756	0.0695948	-0.0604509	-0.130372	-0.134038	
-0.166577	-0.166577	-0.16169	-0.157552	-0.17065	-0.212062	-0.276409	-0.347196	-0.415161	-0.466612	-0.472263	-0.416332	-0.301173	-0.102737	0.173284	0.473506	0.749803	0.970091	1.10504	1.13792	1.07247	0.93234	0.745172	0.52818	0.318928	0.127668	-0.036635	-0.142091	-0.17947	-0.164029	-0.100979	0.00313045	0.121427	0.253624	0.384874	0.493516	0.577837	0.64659	0.694726	0.709433	0.685912	0.622483	0.528804	0.396994	0.241939	0.0777921	-0.0788477	-0.193445	-0.248844	-0.239698	
-0.207241	-0.207241	-0.200924	-0.195898	-0.212062	-0.257989	-0.315533	-0.378732	-0.442459	-0.496654	-0.505012	-0.449651	-0.323852	-0.127852	0.133223	0.416873	0.687825	0.906681	1.03957	1.06075	0.991915	0.859365	0.685748	0.488261	0.296194	0.110837	-0.0480777	-0.157876	-0.211103	-0.215716	-0.177865	-0.104962	-0.00303109	0.116665	0.237502	0.336114	0.414528	0.477338	0.529807	0.554176	0.54122	0.490142	0.403893	0.266348	0.0990562	-0.0694182	-0.221201	-0.326023	-0.377051	-0.362416	
-0.26347	-0.26347	-0.266973	-0.263998	-0.276409	-0.315533	-0.368624	-0.429537	-0.500782	-0.550121	-0.550336	-0.488085	-0.363845	-0.173347	0.0704816	0.343768	0.60916	0.820171	0.940984	0.958283	0.894351	0.770227	0.609957	0.433446	0.253865	0.0801077	-0.0635167	-0.174965	-0.251209	-0.278697	-0.270218	-0.22351	-0.132463	-0.0281627	0.0715732	0.15679	0.231673	0.303964	0.3692	0.406992	0.403414	0.355877	0.271714	0.144365	-0.0211299	-0.194838	-0.348225	-0.455343	-0.496531	-0.477168	
-0.337317	-0.337317	-0.341081	-0.33908	-0.347196	-0.378732	-0.429537	-0.496396	-0.569867	-0.610401	-0.596005	-0.532443	-0.417648	-0.23491	0.00314647	0.266782	0.518443	0.715707	0.823256	0.838911	0.77688	0.665286	0.524846	0.370459	0.207701	0.0498321	-0.0861888	-0.205635	-0.296985	-0.348509	-0.362063	-0.338415	-0.266857	-0.18023	-0.0997299	-0.02317	0.0553444	0.139542	0.215147	0.269298	0.280754	0.240659	0.164941	0.0456208	-0.110441	-0.284482	-0.446979	-0.561282	-0.597153	-0.572584	
-0.416065	-0.416065	-0.411457	-0.408704	-0.415161	-0.442459	-0.500782	-0.569867	-0.622797	-0.647637	-0.639894	-0.584252	-0.472245	-0.291224	-0.0599476	0.191667	0.429616	0.615005	0.707001	0.713344	0.654369	0.555832	0.438701	0.310288	0.169885	0.0258869	-0.113697	-0.239803	-0.340597	-0.405454	-0.440185	-0.440439	-0.405712	-0.340241	-0.269109	-0.187518	-0.0960474	-0.00246022	0.0812463	0.149773	0.179983	0.158559	0.0931116	-0.0190576	-0.166633	-0.332193	-0.496865	-0.621904	-0.673462	-0.6505	
-0.469948	-0.469948	-0.460526	-0.457734	-0.466612	-0.496654	-0.550121	-0.610401	-0.647637	-0.671311	-0.668395	-0.616788	-0.502997	-0.327975	-0.102499	0.131026	0.347121	0.515709	0.601834	0.604941	0.553022	0.462787	0.357599	0.246416	0.132966	0.00795763	-0.127102	-0.258643	-0.367364	-0.45235	-0.508958	-0.531451	-0.525102	-0.485972	-0.417762	-0.326858	-0.2222	-0.115887	-0.0136239	0.0732171	0.125453	0.123316	0.0648565	-0.0414972	-0.178141	-0.336664	-0.503595	-0.639766	-0.715181	-0.711732	
-0.475043	-0.475043	-0.468891	-0.46138	-0.472263	-0.505012	-0.550336	-0.596005	-0.639894	-0.668395	-0.66472	-0.60624	-0.492796	-0.328158	-0.124152	0.0897844	0.283858	0.428026	0.50621	0.511698	0.466746	0.386539	0.291531	0.190351	0.0949655	-0.00781302	-0.129614	-0.255014	-0.372632	-0.478672	-0.556712	-0.594176	-0.603745	-0.583632	-0.517146	-0.42124	-0.307096	-0.182915	-0.0582901	0.046655	0.119221	0.13438	0.0835586	-0.015669	-0.145911	-0.304448	-0.475634	-0.628853	-0.725868	-0.751453	
-0.419384	-0.419384	-0.413715	-0.405702	-0.416332	-0.449651	-0.488085	-0.532443	-0.584252	-0.616788	-0.60624	-0.551649	-0.447163	-0.295645	-0.111893	0.0785901	0.248961	0.37316	0.439603	0.441128	0.396338	0.333871	0.253726	0.165713	0.0886142	0.00519256	-0.102339	-0.21999	-0.342404	-0.465573	-0.556468	-0.6078	-0.625775	-0.611286	-0.548631	-0.452582	-0.333261	-0.192312	-0.0456071	0.0809388	0.171345	0.204259	0.167575	0.0701949	-0.0654387	-0.229395	-0.410173	-0.580794	-0.702161	-0.751998	
-0.289306	-0.289306	-0.290052	-0.292828	-0.301173	-0.323852	-0.363845	-0.417648	-0.472245	-0.502997	-0.492796	-0.447163	-0.361218	-0.230532	-0.0691911	0.101694	0.253726	0.360207	0.407329	0.401692	0.357712	0.304499	0.242824	0.180794	0.116987	0.044551	-0.0457326	-0.150749	-0.272296	-0.394299	-0.49729	-0.568262	-0.594649	-0.573901	-0.511145	-0.409322	-0.279824	-0.127101	0.0351472	0.181329	0.284056	0.328587	0.303836	0.213106	0.066643	-0.113167	-0.313298	-0.505208	-0.65291	-0.727699	
-0.0813962	-0.0813962	-0.0822839	-0.090844	-0.102737	-0.127852	-0.173347	-0.23491	-0.291224	-0.327975	-0.328158	-0.295645	-0.230532	-0.126921	0.00802102	0.15348	0.279973	0.368503	0.404272	0.394835	0.351388	0.298504	0.254848	0.218785	0.170706	0.110512	0.0409245	-0.0519124	-0.16309	-0.275018	-0.382308	-0.463538	-0.493042	-0.467933	-0.405866	-0.303641	-0.164453	0.00314015	0.178561	0.341252	0.45365	0.501273	0.4764	0.386022	0.228108	0.0262292	-0.19604	-0.408917	-0.580339	-0.68199	
0.19081	0.19081	0.19343	0.19211	0.173284	0.133223	0.0704816	0.00314647	-0.0599476	-0.102499	-0.124152	-0.111893	-0.0691911	0.00802102	0.112984	0.23021	0.329164	0.395622	0.42244	0.410201	0.371938	0.327278	0.301544	0.28644	0.254991	0.211524	0.158514	0.078903	-0.017569	-0.113651	-0.212035	-0.291406	-0.320846	-0.298171	-0.241592	-0.147162	-0.00271328	0.175733	0.36349	0.533472	0.649924	0.695011	0.667482	0.565626	0.396157	0.175609	-0.0648494	-0.299514	-0.48803	-0.608655	
0.497636	0.497636	0.500318	0.499742	0.473506	0.416873	0.343768	0.266782	0.191667	0.131026	0.0897844	0.0785901	0.101694	0.15348	0.23021	0.315929	0.391231	0.442725	0.463335	0.449927	0.422007	0.391632	0.375697	0.376811	0.372758	0.351521	0.307503	0.239919	0.157328	0.0718262	-0.0116218	-0.0778704	-0.108672	-0.0967081	-0.047048	0.0412882	0.183071	0.363794	0.558606	0.727947	0.838851	0.878663	0.845132	0.732496	0.550675	0.315322	0.0588876	-0.188529	-0.390449	-0.517727	
0.806025	0.806025	0.801374	0.786091	0.749803	0.687825	0.60916	0.518443	0.429616	0.347121	0.283858	0.248961	0.253726	0.279973	0.329164	0.391231	0.452981	0.492207	0.50522	0.497831	0.483413	0.470248	0.466146	0.48094	0.495824	0.493116	0.460862	0.409178	0.344766	0.270187	0.200618	0.14575	0.110225	0.102923	0.141966	0.231351	0.370954	0.544829	0.734861	0.892253	0.988286	1.01866	0.972167	0.849444	0.65688	0.410581	0.14308	-0.10483	-0.310059	-0.434829	
1.062	1.062	1.04977	1.01705	0.970091	0.906681	0.820171	0.715707	0.615005	0.515709	0.428026	0.37316	0.360207	0.368503	0.395622	0.442725	0.492207	0.526347	0.542202	0.545648	0.547198	0.557616	0.571766	0.593563	0.617817	0.627329	0.607964	0.575651	0.530464	0.471007	0.415024	0.367473	0.320251	0.293749	0.318956	0.402999	0.536287	0.702201	0.873229	1.01099	1.08938	1.10603	1.03848	0.903301	0.703441	0.453372	0.185444	-0.0603216	-0.25655	-0.366565	
1.21407	1.21407	1.19373	1.15495	1.10504	1.03957	0.940984	0.823256	0.707001	0.601834	0.50621	0.439603	0.407329	0.404272	0.42244	0.463335	0.50522	0.542202	0.571464	0.59434	0.616591	0.649611	0.679438	0.707715	0.734595	0.752385	0.750933	0.733036	0.700082	0.657264	0.610309	0.557614	0.503751	0.472318	0.488178	0.560985	0.678859	0.821811	0.965845	1.07909	1.13946	1.13668	1.05299	0.906019	0.705336	0.458355	0.194167	-0.0472704	-0.228644	-0.322969	
1.23788	1.23788	1.22416	1.19282	1.13792	1.06075	0.958283	0.838911	0.713344	0.604941	0.511698	0.441128	0.401692	0.394835	0.410201	0.449927	0.497831	0.545648	0.59434	0.639079	0.681763	0.727063	0.769137	0.807011	0.834014	0.854739	0.867769	0.862668	0.836663	0.805078	0.761538	0.706259	0.655256	0.628196	0.640352	0.697798	0.796405	0.910072	1.02111	1.10977	1.14983	1.1224	1.02269	0.867663	0.664998	0.424507	0.17578	-0.0501437	-0.214111	-0.295964	
1.16175	1.16175	1.15987	1.13333	1.07247	0.991915	0.894351	0.77688	0.654369	0.553022	0.466746	0.396338	0.357712	0.351388	0.371938	0.422007	0.483413	0.547198	0.616591	0.681763	0.738212	0.791856	0.842682	0.885156	0.907515	0.926148	0.950374	0.955766	0.938013	0.909424	0.865806	0.815316	0.777508	0.7583	0.766574	0.811995	0.891974	0.977023	1.05656	1.11686	1.13132	1.08412	0.972123	0.809427	0.605302	0.372677	0.143872	-0.0533391	-0.197606	-0.271773	
1.01539	1.01539	1.01455	0.98944	0.93234	0.859365	0.770227	0.665286	0.555832	0.462787	0.386539	0.333871	0.304499	0.298504	0.327278	0.391632	0.470248	0.557616	0.649611	0.727063	0.791856	0.8461	0.891677	0.933186	0.957534	0.975944	0.997373	1.005	0.990933	0.966162	0.927435	0.89005	0.868901	0.865424	0.879305	0.913422	0.968353	1.02304	1.07288	1.10325	1.08891	1.02579	0.910624	0.746292	0.5456	0.323832	0.114567	-0.0585315	-0.183738	-0.256066	
0.821547	0.821547	0.810885	0.786874	0.745172	0.685748	0.609957	0.524846	0.438701	0.357599	0.291531	0.253726	0.242824	0.254848	0.301544	0.375697	0.466146	0.571766	0.679438	0.769137	0.842682	0.891677	0.923982	0.9603	0.986259	0.999578	1.00696	1.00425	0.993733	0.981659	0.958458	0.936885	0.931557	0.944303	0.967591	0.993625	1.02162	1.04337	1.06686	1.06796	1.02401	0.94558	0.829374	0.669456	0.481714	0.281724	0.0914191	-0.0639185	-0.182098	-0.254519	
0.595096	0.595096	0.577323	0.554584	0.52818	0.488261	0.433446	0.370459	0.310288	0.246416	0.190351	0.165713	0.180794	0.218785	0.28644	0.376811	0.48094	0.593563	0.707715	0.807011	0.885156	0.933186	0.9603	0.985515	0.996135	0.994289	0.98871	0.978774	0.970413	0.969795	0.967533	0.963984	0.975137	0.998258	1.02428	1.04433	1.05976	1.05561	1.04424	1.00964	0.93932	0.851	0.736622	0.587332	0.415965	0.235446	0.0625592	-0.081607	-0.195609	-0.265835	
0.360819	0.360819	0.344881	0.330748	0.318928	0.296194	0.253865	0.207701	0.169885	0.132966	0.0949655	0.0886142	0.116987	0.170706	0.254991	0.372758	0.495824	0.617817	0.734595	0.834014	0.907515	0.957534	0.986259	0.996135	0.984534	0.966705	0.957806	0.946111	0.934978	0.940831	0.957781	0.978106	1.00918	1.04263	1.0642	1.07937	1.08602	1.06149	1.00748	0.930035	0.838866	0.748677	0.639352	0.502631	0.341118	0.166558	0.00473125	-0.126433	-0.233694	-0.303049	
0.138708	0.138708	0.136279	0.134902	0.127668	0.110837	0.0801077	0.0498321	0.0258869	0.00795763	-0.00781302	0.00519256	0.044551	0.110512	0.211524	0.351521	0.493116	0.627329	0.752385	0.854739	0.926148	0.975944	0.999578	0.994289	0.966705	0.938927	0.924205	0.911688	0.902711	0.919348	0.952984	0.995655	1.04383	1.08629	1.11115	1.12007	1.10878	1.05798	0.970695	0.861495	0.754418	0.656615	0.545278	0.409978	0.250006	0.0776592	-0.0767487	-0.201228	-0.304375	-0.380359	
-0.0293955	-0.0293955	-0.0206712	-0.0210763	-0.036635	-0.0480777	-0.0635167	-0.0861888	-0.113697	-0.127102	-0.129614	-0.102339	-0.0457326	0.0409245	0.158514	0.307503	0.460862	0.607964	0.750933	0.867769	0.950374	0.997373	1.00696	0.98871	0.957806	0.924205	0.902832	0.893139	0.894123	0.920331	0.968263	1.02776	1.08904	1.13734	1.1683	1.16871	1.13142	1.05123	0.944534	0.822413	0.699629	0.583434	0.462067	0.318261	0.156967	-0.012357	-0.164236	-0.291531	-0.40085	-0.487147	
-0.123199	-0.123199	-0.116159	-0.122274	-0.142091	-0.157876	-0.174965	-0.205635	-0.239803	-0.258643	-0.255014	-0.21999	-0.150749	-0.0519124	0.078903	0.239919	0.409178	0.575651	0.733036	0.862668	0.955766	1.005	1.00425	0.978774	0.946111	0.911688	0.893139	0.891242	0.902665	0.935227	0.991121	1.06777	1.14593	1.2013	1.23249	1.225	1.16649	1.06582	0.946044	0.810193	0.664231	0.524576	0.387106	0.233095	0.0618931	-0.115484	-0.274044	-0.407909	-0.525711	-0.619123	
-0.135137	-0.135137	-0.139385	-0.153232	-0.17947	-0.211103	-0.251209	-0.296985	-0.340597	-0.367364	-0.372632	-0.342404	-0.272296	-0.16309	-0.017569	0.157328	0.344766	0.530464	0.700082	0.836663	0.938013	0.990933	0.993733	0.970413	0.934978	0.902711	0.894123	0.902665	0.925444	0.973366	1.03928	1.1223	1.20827	1.27259	1.30055	1.28309	1.2166	1.10698	0.971324	0.816396	0.643589	0.471341	0.312135	0.142408	-0.0421692	-0.229671	-0.400777	-0.544727	-0.667969	-0.763942	
-0.0687109	-0.0687109	-0.0898008	-0.123882	-0.164029	-0.215716	-0.278697	-0.348509	-0.405454	-0.45235	-0.478672	-0.465573	-0.394299	-0.275018	-0.113651	0.0718262	0.270187	0.471007	0.657264	0.805078	0.909424	0.966162	0.981659	0.969795	0.940831	0.919348	0.920331	0.935227	0.973366	1.04448	1.12209	1.20042	1.28267	1.35017	1.37407	1.34371	1.26798	1.14763	0.997384	0.827073	0.632236	0.430338	0.235962	0.0427222	-0.152942	-0.347707	-0.529304	-0.679492	-0.802346	-0.889263	
0.0450168	0.0450168	0.010611	-0.040159	-0.100979	-0.177865	-0.270218	-0.362063	-0.440185	-0.508958	-0.556712	-0.556468	-0.49729	-0.382308	-0.212035	-0.0116218	0.200618	0.415024	0.610309	0.761538	0.865806	0.927435	0.958458	0.967533	0.957781	0.952984	0.968263	0.991121	1.03928	1.12209	1.21156	1.28826	1.36916	1.43192	1.44173	1.39657	1.30839	1.17371	1.01063	0.825567	0.611182	0.382408	0.15815	-0.0628704	-0.273446	-0.475567	-0.658632	-0.801627	-0.910257	-0.980455	
0.183528	0.183528	0.147163	0.0863801	0.00313045	-0.104962	-0.22351	-0.338415	-0.440439	-0.531451	-0.594176	-0.6078	-0.568262	-0.463538	-0.291406	-0.0778704	0.14575	0.367473	0.557614	0.706259	0.815316	0.89005	0.936885	0.963984	0.978106	0.995655	1.02776	1.06777	1.1223	1.20042	1.28826	1.3761	1.45349	1.49891	1.48875	1.43135	1.3294	1.18546	1.00973	0.804873	0.56892	0.32385	0.0815905	-0.153364	-0.381374	-0.588849	-0.763951	-0.892286	-0.979439	-1.02697	
0.339371	0.339371	0.304182	0.231036	0.121427	-0.00303109	-0.132463	-0.266857	-0.405712	-0.525102	-0.603745	-0.625775	-0.594649	-0.493042	-0.320846	-0.108672	0.110225	0.320251	0.503751	0.655256	0.777508	0.868901	0.931557	0.975137	1.00918	1.04383	1.08904	1.14593	1.20827	1.28267	1.36916	1.45349	1.51615	1.53459	1.50343	1.43405	1.32461	1.17133	0.988099	0.77074	0.521612	0.268424	0.0227788	-0.219802	-0.450185	-0.652737	-0.816928	-0.931794	-0.996936	-1.02256	
0.492943	0.492943	0.452085	0.371054	0.253624	0.116665	-0.0281627	-0.18023	-0.340241	-0.485972	-0.583632	-0.611286	-0.573901	-0.467933	-0.298171	-0.0967081	0.102923	0.293749	0.472318	0.628196	0.7583	0.865424	0.944303	0.998258	1.04263	1.08629	1.13734	1.2013	1.27259	1.35017	1.43192	1.49891	1.53459	1.52491	1.47706	1.39976	1.2879	1.13929	0.95406	0.730999	0.484176	0.235705	-0.00976766	-0.246897	-0.466219	-0.658581	-0.809552	-0.914234	-0.967238	-0.969924	
0.631893	0.631893	0.585063	0.501781	0.384874	0.237502	0.0715732	-0.0997299	-0.269109	-0.417762	-0.517146	-0.548631	-0.511145	-0.405866	-0.241592	-0.047048	0.141966	0.318956	0.488178	0.640352	0.766574	0.879305	0.967591	1.02428	1.0642	1.11115	1.1683	1.23249	1.30055	1.37407	1.44173	1.48875	1.50343	1.47706	1.41422	1.32979	1.22514	1.09226	0.913244	0.695737	0.46695	0.238927	0.0108904	-0.209632	-0.419551	-0.605841	-0.750934	-0.846569	-0.887386	-0.87385	
0.758885	0.758885	0.705964	0.615365	0.493516	0.336114	0.15679	-0.02317	-0.187518	-0.326858	-0.42124	-0.452582	-0.409322	-0.303641	-0.147162	0.0412882	0.231351	0.402999	0.560985	0.697798	0.811995	0.913422	0.993625	1.04433	1.07937	1.12007	1.16871	1.225	1.28309	1.34371	1.39657	1.43135	1.43405	1.39976	1.32979	1.23771	1.13936	1.02599	0.871936	0.686997	0.490891	0.294016	0.0943599	-0.107773	-0.313517	-0.500936	-0.644452	-0.732541	-0.76177	-0.73704	
0.876335	0.876335	0.812622	0.708399	0.577837	0.414528	0.231673	0.0553444	-0.0960474	-0.2222	-0.307096	-0.333261	-0.279824	-0.164453	-0.00271328	0.183071	0.370954	0.536287	0.678859	0.796405	0.891974	0.968353	1.02162	1.05976	1.08602	1.10878	1.13142	1.16649	1.2166	1.26798	1.30839	1.3294	1.32461	1.2879	1.22514	1.13936	1.04577	0.953394	0.84816	0.717856	0.563514	0.400934	0.230071	0.0448628	-0.15219	-0.338935	-0.482756	-0.571475	-0.602205	-0.575627	
0.962385	0.962385	0.903902	0.792855	0.64659	0.477338	0.303964	0.139542	-0.00246022	-0.115887	-0.182915	-0.192312	-0.127101	0.00314015	0.175733	0.363794	0.544829	0.702201	0.821811	0.910072	0.977023	1.02304	1.04337	1.05561	1.06149	1.05798	1.05123	1.06582	1.10698	1.14763	1.17371	1.18546	1.17133	1.13929	1.09226	1.02599	0.953394	0.895608	0.8424	0.766242	0.656373	0.530036	0.389904	0.23025	0.0465292	-0.133032	-0.281144	-0.37714	-0.416755	-0.400837	
1.0138	1.0138	0.962189	0.849503	0.694726	0.529807	0.3692	0.215147	0.0812463	-0.0136239	-0.0582901	-0.0456071	0.0351472	0.178561	0.36349	0.558606	0.734861	0.873229	0.965845	1.02111	1.05656	1.07288	1.06686	1.04424	1.00748	0.970695	0.944534	0.946044	0.971324	0.997384	1.01063	1.00973	0.988099	0.95406	0.913244	0.871936	0.84816	0.8424	0.841744	0.819643	0.756105	0.66901	0.560988	0.427991	0.264962	0.0943945	-0.0523454	-0.153025	-0.203178	-0.209269	
1.02612	1.02612	0.971646	0.860222	0.709433	0.554176	0.406992	0.269298	0.149773	0.0732171	0.046655	0.0809388	0.181329	0.341252	0.533472	0.727947	0.892253	1.01099	1.07909	1.10977	1.11686	1.10325	1.06796	1.00964	0.930035	0.861495	0.822413	0.810193	0.816396	0.827073	0.825567	0.804873	0.77074	0.730999	0.695737	0.686997	0.717856	0.766242	0.819643	0.850712	0.838819	0.793176	0.715904	0.612762	0.47883	0.325442	0.186226	0.0794978	0.00973029	-0.0194399	
0.984924	0.984924	0.928691	0.824518	0.685912	0.54122	0.403414	0.280754	0.179983	0.125453	0.119221	0.171345	0.284056	0.45365	0.649924	0.838851	0.988286	1.08938	1.13946	1.14983	1.13132	1.08891	1.02401	0.93932	0.838866	0.754418	0.699629	0.664231	0.643589	0.632236	0.611182	0.56892	0.521612	0.484176	0.46695	0.490891	0.563514	0.656373	0.756105	0.838819	0.881492	0.881495	0.843749	0.774687	0.671803	0.543582	0.410519	0.290037	0.201232	0.149421	
0.891304	0.891304	0.837063	0.743005	0.622483	0.490142	0.355877	0.240659	0.158559	0.123316	0.13438	0.204259	0.328587	0.501273	0.695011	0.878663	1.01866	1.10603	1.13668	1.1224	1.08412	1.02579	0.94558	0.851	0.748677	0.656615	0.583434	0.524576	0.471341	0.430338	0.382408	0.32385	0.268424	0.235705	0.238927	0.294016	0.400934	0.530036	0.66901	0.793176	0.881495	0.93564	0.94303	0.912218	0.843137	0.736472	0.606129	0.476725	0.37109	0.293576	
0.776685	0.776685	0.725065	0.639288	0.528804	0.403893	0.271714	0.164941	0.0931116	0.0648565	0.0835586	0.167575	0.303836	0.4764	0.667482	0.845132	0.972167	1.03848	1.05299	1.02269	0.972123	0.910624	0.829374	0.736622	0.639352	0.545278	0.462067	0.387106	0.312135	0.235962	0.15815	0.0815905	0.0227788	-0.00976766	0.0108904	0.0943599	0.230071	0.389904	0.560988	0.715904	0.843749	0.94303	1.0016	1.01327	0.983177	0.896708	0.772204	0.638557	0.515052	0.412298	
0.649685	0.649685	0.601971	0.514732	0.396994	0.266348	0.144365	0.0456208	-0.0190576	-0.0414972	-0.015669	0.0701949	0.213106	0.386022	0.565626	0.732496	0.849444	0.903301	0.906019	0.867663	0.809427	0.746292	0.669456	0.587332	0.502631	0.409978	0.318261	0.233095	0.142408	0.0427222	-0.0628704	-0.153364	-0.219802	-0.246897	-0.209632	-0.107773	0.0448628	0.23025	0.427991	0.612762	0.774687	0.912218	1.01327	1.07203	1.07494	1.0107	0.895688	0.75799	0.617309	0.497302	
0.53066	0.53066	0.474556	0.375748	0.241939	0.0990562	-0.0211299	-0.110441	-0.166633	-0.178141	-0.145911	-0.0654387	0.066643	0.228108	0.396157	0.550675	0.65688	0.703441	0.705336	0.664998	0.605302	0.5456	0.481714	0.415965	0.341118	0.250006	0.156967	0.0618931	-0.0421692	-0.152942	-0.273446	-0.381374	-0.450185	-0.466219	-0.419551	-0.313517	-0.15219	0.0465292	0.264962	0.47883	0.671803	0.843137	0.983177	1.07494	1.10856	1.06865	0.96449	0.829672	0.684984	0.552547	
0.407483	0.407483	0.339257	0.222756	0.0777921	-0.0694182	-0.194838	-0.284482	-0.332193	-0.336664	-0.304448	-0.229395	-0.113167	0.0262292	0.175609	0.315322	0.410581	0.453372	0.458355	0.424507	0.372677	0.323832	0.281724	0.235446	0.166558	0.0776592	-0.012357	-0.115484	-0.229671	-0.347707	-0.475567	-0.588849	-0.652737	-0.658581	-0.605841	-0.500936	-0.338935	-0.133032	0.0943945	0.325442	0.543582	0.736472	0.896708	1.0107	1.06865	1.04851	0.962164	0.841434	0.705668	0.577018	
0.25349	0.25349	0.191125	0.0695948	-0.0788477	-0.221201	-0.348225	-0.446979	-0.496865	-0.503595	-0.475634	-0.410173	-0.313298	-0.19604	-0.0648494	0.0588876	0.14308	0.185444	0.194167	0.17578	0.143872	0.114567	0.0914191	0.0625592	0.00473125	-0.0767487	-0.164236	-0.274044	-0.400777	-0.529304	-0.658632	-0.763951	-0.816928	-0.809552	-0.750934	-0.644452	-0.482756	-0.281144	-0.0523454	0.186226	0.410519	0.606129	0.772204	0.895688	0.96449	0.962164	0.89288	0.791705	0.674298	0.558973	
0.103272	0.103272	0.0472087	-0.0604509	-0.193445	-0.326023	-0.455343	-0.561282	-0.621904	-0.639766	-0.628853	-0.580794	-0.505208	-0.408917	-0.299514	-0.188529	-0.10483	-0.0603216	-0.0472704	-0.0501437	-0.0533391	-0.0585315	-0.0639185	-0.081607	-0.126433	-0.201228	-0.291531	-0.407909	-0.544727	-0.679492	-0.801627	-0.892286	-0.931794	-0.914234	-0.846569	-0.732541	-0.571475	-0.37714	-0.153025	0.0794978	0.290037	0.476725	0.638557	0.75799	0.829672	0.841434	0.791705	0.707388	0.609821	0.517834	
0.0015244	0.0015244	-0.045115	-0.130372	-0.248844	-0.377051	-0.496531	-0.597153	-0.673462	-0.715181	-0.725868	-0.702161	-0.65291	-0.580339	-0.48803	-0.390449	-0.310059	-0.25655	-0.228644	-0.214111	-0.197606	-0.183738	-0.182098	-0.195609	-0.233694	-0.304375	-0.40085	-0.525711	-0.667969	-0.802346	-0.910257	-0.979439	-0.996936	-0.967238	-0.887386	-0.76177	-0.602205	-0.416755	-0.203178	0.00973029	0.201232	0.37109	0.515052	0.617309	0.684984	0.705668	0.674298	0.609821	0.537591	0.47327	
-0.0185099	-0.0185099	-0.0610799	-0.134038	-0.239698	-0.362416	-0.477168	-0.572584	-0.6505	-0.711732	-0.751453	-0.751998	-0.727699	-0.68199	-0.608655	-0.517727	-0.434829	-0.366565	-0.322969	-0.295964	-0.271773	-0.256066	-0.254519	-0.265835	-0.303049	-0.380359	-0.487147	-0.619123	-0.763942	-0.889263	-0.980455	-1.02697	-1.02256	-0.969924	-0.87385	-0.73704	-0.575627	-0.400837	-0.209269	-0.0194399	0.149421	0.293576	0.412298	0.497302	0.552547	0.577018	0.558973	0.517834	0.47327	0.43465	
