-0.265799	-0.265799	-0.290832	-0.314962	-0.298369	-0.274185	-0.286558	-0.335761	-0.424756	-0.525653	-0.629242	-0.722925	-0.758089	-0.719327	-0.605862	-0.43634	-0.209843	0.0510547	0.320387	0.5612	0.749726	0.887468	0.961685	0.950788	0.851724	0.68083	0.483692	0.29873	0.153962	0.0537789	-0.00650988	-0.0401063	-0.0568738	-0.0636607	-0.0684209	-0.0674303	-0.0700447	-0.0686597	-0.0686741	-0.0705942	-0.0691343	-0.0710842	-0.0753547	-0.0735892	-0.0803837	-0.0841244	-0.0838912	-0.0870688	-0.0905031	-0.0838803	
-0.29093	-0.29093	-0.304081	-0.315629	-0.305535	-0.288303	-0.306503	-0.375945	-0.490763	-0.60547	-0.685813	-0.743842	-0.748796	-0.673594	-0.530347	-0.340385	-0.102829	0.16587	0.423554	0.642872	0.810739	0.922413	0.966289	0.922002	0.792322	0.608598	0.411844	0.240758	0.113244	0.0284311	-0.0195127	-0.0468705	-0.0582752	-0.0650126	-0.0670821	-0.0683788	-0.070161	-0.0700105	-0.072667	-0.0737716	-0.0748748	-0.0789879	-0.0791995	-0.0808022	-0.085049	-0.0829225	-0.0827371	-0.0859445	-0.0857992	-0.085192	
-0.324764	-0.324764	-0.31734	-0.303534	-0.30655	-0.322051	-0.354621	-0.432262	-0.551096	-0.666183	-0.738276	-0.762664	-0.722916	-0.611832	-0.440117	-0.226912	0.0222173	0.288016	0.528272	0.720755	0.861434	0.945881	0.952044	0.874088	0.718088	0.525104	0.336711	0.180863	0.0722887	0.00250221	-0.035636	-0.0557381	-0.0655597	-0.0693221	-0.0727191	-0.0728204	-0.0756456	-0.0753085	-0.0782438	-0.0778072	-0.0806215	-0.0803454	-0.0815851	-0.0821099	-0.0830689	-0.0811773	-0.0856152	-0.0882215	-0.0909309	-0.0989669	
-0.354402	-0.354402	-0.333457	-0.302162	-0.308052	-0.354574	-0.423649	-0.515779	-0.618401	-0.71033	-0.763704	-0.761906	-0.681922	-0.5334	-0.340029	-0.103911	0.154523	0.412787	0.628723	0.796009	0.905484	0.957499	0.924896	0.810673	0.634314	0.438755	0.260563	0.125726	0.0318233	-0.0210113	-0.0526084	-0.0661218	-0.0734373	-0.0766255	-0.07764	-0.0788354	-0.0792071	-0.0794888	-0.0797158	-0.0802917	-0.0793387	-0.0805753	-0.0800663	-0.0811013	-0.0831161	-0.0858332	-0.0923751	-0.0949235	-0.101538	-0.103211	
-0.376188	-0.376188	-0.345533	-0.315188	-0.33333	-0.399089	-0.495558	-0.607868	-0.692779	-0.746922	-0.765888	-0.72325	-0.612388	-0.437755	-0.2282	0.0207079	0.28313	0.52509	0.717802	0.85745	0.941739	0.954886	0.887103	0.740095	0.55056	0.359621	0.196762	0.0817598	0.00505414	-0.0361776	-0.0591984	-0.0694848	-0.0731633	-0.0765822	-0.074616	-0.0777496	-0.0748113	-0.0773038	-0.0761714	-0.0777662	-0.078092	-0.0822075	-0.0820612	-0.0896354	-0.0913031	-0.0977242	-0.0992557	-0.101285	-0.100104	-0.0981061	
-0.377269	-0.377269	-0.363767	-0.356091	-0.384118	-0.46155	-0.569646	-0.683994	-0.760121	-0.780131	-0.755993	-0.661976	-0.509076	-0.314874	-0.0891961	0.159084	0.410987	0.622865	0.786405	0.89448	0.948963	0.923745	0.820682	0.651448	0.459069	0.27962	0.14023	0.0428378	-0.0139512	-0.0473159	-0.0621982	-0.0700559	-0.0736218	-0.0747534	-0.0767008	-0.0775787	-0.0790089	-0.0814664	-0.0834184	-0.0858792	-0.0903624	-0.09157	-0.095805	-0.0980413	-0.097069	-0.0983274	-0.0952145	-0.0961816	-0.0954998	-0.104654	
-0.36639	-0.36639	-0.381821	-0.423447	-0.473513	-0.547997	-0.647894	-0.734371	-0.789153	-0.788971	-0.724498	-0.591147	-0.401394	-0.184265	0.0613398	0.31234	0.543189	0.723632	0.851437	0.925726	0.937919	0.871624	0.731085	0.54611	0.35658	0.194233	0.0770851	-0.000816753	-0.0432391	-0.0675836	-0.0776511	-0.0832041	-0.085895	-0.0864569	-0.0893125	-0.0884884	-0.091877	-0.0914297	-0.0935497	-0.0938999	-0.0947499	-0.0931555	-0.0948234	-0.0908502	-0.0926095	-0.0923639	-0.0966508	-0.101993	-0.111489	-0.121456	
-0.373375	-0.373375	-0.40862	-0.49	-0.579541	-0.659201	-0.735182	-0.777968	-0.784283	-0.751057	-0.648884	-0.486509	-0.281942	-0.0513971	0.200532	0.448491	0.65397	0.806091	0.904035	0.946508	0.91656	0.810864	0.64133	0.449222	0.269181	0.128038	0.0302086	-0.0288081	-0.0618616	-0.0778514	-0.0852847	-0.0887475	-0.0893101	-0.090624	-0.0898752	-0.0904478	-0.0900797	-0.0896339	-0.0896004	-0.0892867	-0.0886769	-0.0901116	-0.0907832	-0.0936585	-0.099126	-0.10427	-0.112334	-0.117806	-0.125051	-0.124795	
-0.408589	-0.408589	-0.472051	-0.565326	-0.670051	-0.760356	-0.811203	-0.813934	-0.769769	-0.681925	-0.537365	-0.348172	-0.134473	0.101825	0.34455	0.567112	0.73935	0.858102	0.925554	0.932625	0.863083	0.72374	0.539931	0.352565	0.192429	0.075364	-0.00122384	-0.0444296	-0.0682614	-0.0784437	-0.0839588	-0.0855016	-0.086416	-0.0870544	-0.0866358	-0.0879634	-0.0873304	-0.0891637	-0.0897	-0.0919244	-0.0943813	-0.0983185	-0.10197	-0.108198	-0.112325	-0.117912	-0.120392	-0.122887	-0.122825	-0.120762	
-0.500175	-0.500175	-0.564998	-0.650499	-0.746787	-0.828457	-0.852149	-0.820262	-0.736623	-0.594402	-0.407214	-0.195377	0.0297348	0.267205	0.492994	0.676894	0.809481	0.892185	0.922269	0.886615	0.777474	0.611087	0.424191	0.251056	0.116172	0.0235547	-0.0324171	-0.0628943	-0.0781126	-0.0847102	-0.0880609	-0.0888727	-0.0903922	-0.0904734	-0.0922116	-0.0930188	-0.0950815	-0.0973381	-0.0999107	-0.103431	-0.107041	-0.110718	-0.114745	-0.117535	-0.119738	-0.120838	-0.120145	-0.120854	-0.11961	-0.123786	
-0.659307	-0.659307	-0.685829	-0.742557	-0.809715	-0.851156	-0.843551	-0.784919	-0.668052	-0.488199	-0.271823	-0.0415455	0.196965	0.429991	0.630332	0.775353	0.867866	0.912668	0.89939	0.816354	0.670155	0.4868	0.305462	0.153455	0.0440239	-0.0257628	-0.0650764	-0.0854069	-0.0944116	-0.0986385	-0.100076	-0.101211	-0.102077	-0.103096	-0.10488	-0.106217	-0.108905	-0.110675	-0.113477	-0.115516	-0.117356	-0.118659	-0.119052	-0.118443	-0.118054	-0.116591	-0.117919	-0.12069	-0.127567	-0.14127	
-0.844025	-0.844025	-0.845398	-0.858466	-0.860716	-0.834449	-0.783508	-0.693357	-0.546166	-0.35125	-0.131099	0.104062	0.345794	0.565032	0.734602	0.847871	0.909202	0.91715	0.859753	0.733316	0.558844	0.370897	0.202925	0.0745696	-0.0119097	-0.0634225	-0.0910902	-0.104634	-0.1104	-0.113061	-0.113762	-0.114642	-0.114705	-0.115592	-0.115744	-0.116488	-0.116662	-0.116691	-0.116532	-0.115599	-0.114713	-0.113547	-0.112536	-0.113033	-0.114761	-0.119603	-0.128367	-0.139565	-0.155383	-0.170745	
-1.03088	-1.03088	-1.01604	-0.975336	-0.903899	-0.811152	-0.699645	-0.554346	-0.373294	-0.173671	0.0378074	0.260871	0.478745	0.661093	0.791	0.872452	0.905543	0.878353	0.782627	0.628114	0.444971	0.26948	0.125972	0.024211	-0.0401805	-0.0767529	-0.0957488	-0.104799	-0.108859	-0.110474	-0.111088	-0.111169	-0.110953	-0.110686	-0.110016	-0.109615	-0.108704	-0.108369	-0.107923	-0.108298	-0.109675	-0.112305	-0.117135	-0.124198	-0.133441	-0.145545	-0.15798	-0.170465	-0.180645	-0.184657	
-1.20319	-1.20319	-1.15604	-1.0621	-0.936213	-0.787225	-0.608007	-0.402239	-0.189554	0.0199854	0.23096	0.436567	0.612479	0.741541	0.824011	0.864408	0.855985	0.785371	0.653799	0.484368	0.310281	0.160771	0.0497815	-0.0228049	-0.0650332	-0.0872313	-0.097769	-0.102252	-0.104092	-0.104628	-0.105004	-0.105065	-0.105504	-0.105863	-0.106797	-0.107984	-0.109904	-0.112655	-0.116318	-0.121406	-0.127668	-0.135387	-0.144408	-0.153894	-0.163714	-0.172301	-0.178325	-0.181676	-0.180517	-0.176693	
-1.30802	-1.30802	-1.24123	-1.11872	-0.95226	-0.745997	-0.508435	-0.262377	-0.0257754	0.200869	0.415038	0.597855	0.730063	0.811341	0.850549	0.845622	0.785449	0.666292	0.503578	0.328402	0.171202	0.0500671	-0.0312108	-0.0793878	-0.104422	-0.11568	-0.119773	-0.120664	-0.120497	-0.120206	-0.12027	-0.120789	-0.121947	-0.123652	-0.126165	-0.129268	-0.133316	-0.137991	-0.143528	-0.149641	-0.156098	-0.162701	-0.168719	-0.173707	-0.177143	-0.178093	-0.177109	-0.17434	-0.171132	-0.170979	
-1.3161	-1.3161	-1.24992	-1.11894	-0.925432	-0.682745	-0.41754	-0.152049	0.106259	0.350086	0.559229	0.71327	0.808924	0.85558	0.857441	0.806576	0.696628	0.538628	0.360058	0.192258	0.0574312	-0.0371473	-0.095502	-0.1272	-0.142093	-0.147706	-0.148914	-0.148431	-0.14757	-0.147018	-0.146921	-0.147495	-0.148625	-0.15044	-0.15278	-0.155677	-0.158993	-0.162567	-0.166282	-0.169753	-0.172788	-0.174962	-0.175898	-0.175538	-0.173693	-0.170978	-0.168602	-0.167996	-0.172204	-0.184108	
-1.23224	-1.23224	-1.16214	-1.02397	-0.827006	-0.590318	-0.333406	-0.066967	0.198139	0.438879	0.629042	0.75824	0.832558	0.856942	0.825966	0.733383	0.586435	0.409735	0.235139	0.0877501	-0.0208619	-0.0917734	-0.133187	-0.154781	-0.16472	-0.168516	-0.169445	-0.169261	-0.16879	-0.168451	-0.16837	-0.168645	-0.169219	-0.170105	-0.171147	-0.172308	-0.173347	-0.174157	-0.174474	-0.174119	-0.172969	-0.170936	-0.168286	-0.165525	-0.163583	-0.164138	-0.169045	-0.180795	-0.202017	-0.234465	
-1.04098	-1.04098	-0.970553	-0.839701	-0.663912	-0.456072	-0.223966	0.0212266	0.257433	0.45926	0.612893	0.718375	0.777069	0.781915	0.723594	0.605016	0.446886	0.279726	0.130893	0.0156289	-0.063741	-0.113128	-0.141385	-0.156504	-0.164235	-0.168117	-0.170075	-0.171082	-0.171605	-0.171844	-0.171908	-0.171805	-0.171546	-0.17107	-0.170333	-0.169261	-0.167792	-0.165922	-0.163676	-0.161274	-0.159061	-0.157674	-0.158078	-0.161496	-0.169552	-0.18397	-0.206385	-0.238266	-0.280129	-0.331541	
-0.733079	-0.733079	-0.681324	-0.582856	-0.444229	-0.271901	-0.0770884	0.119763	0.295569	0.437198	0.543658	0.614871	0.642507	0.614911	0.530031	0.402639	0.25937	0.126605	0.0209934	-0.0528184	-0.0989473	-0.125132	-0.138914	-0.14589	-0.149494	-0.151551	-0.152893	-0.15384	-0.154497	-0.154872	-0.154972	-0.154786	-0.154345	-0.153674	-0.152867	-0.152039	-0.151418	-0.151307	-0.152168	-0.15462	-0.159444	-0.167618	-0.180205	-0.198317	-0.222978	-0.25487	-0.294286	-0.340829	-0.393263	-0.44964	
-0.344579	-0.344579	-0.313413	-0.249482	-0.153293	-0.0324626	0.0971834	0.217926	0.31899	0.398003	0.453073	0.475564	0.453454	0.382533	0.273711	0.149603	0.0342209	-0.0562503	-0.1167	-0.150631	-0.165551	-0.169116	-0.167133	-0.163211	-0.159204	-0.155865	-0.153371	-0.151651	-0.150575	-0.150021	-0.149918	-0.150255	-0.151083	-0.152526	-0.154786	-0.158145	-0.162984	-0.169769	-0.179064	-0.191494	-0.207729	-0.228417	-0.254104	-0.285172	-0.321705	-0.363419	-0.409587	-0.4589	-0.509481	-0.558781	
0.0872116	0.0872116	0.107776	0.146614	0.197468	0.250255	0.295434	0.329072	0.35201	0.362882	0.353118	0.310816	0.230651	0.120655	5.53817e-05	-0.109624	-0.193297	-0.245915	-0.270833	-0.275682	-0.268548	-0.255838	-0.241715	-0.228448	-0.217037	-0.20777	-0.200599	-0.195358	-0.191867	-0.18999	-0.189645	-0.190826	-0.193591	-0.198076	-0.204481	-0.213075	-0.224178	-0.238151	-0.255373	-0.276204	-0.300952	-0.329808	-0.362802	-0.399726	-0.440055	-0.482874	-0.526767	-0.569728	-0.609113	-0.641579	
0.551086	0.551086	0.556596	0.562091	0.559644	0.543595	0.513497	0.472291	0.420693	0.353484	0.26257	0.144935	0.00836841	-0.130087	-0.251433	-0.342281	-0.398377	-0.423433	-0.425451	-0.413116	-0.393579	-0.37175	-0.350536	-0.331419	-0.315019	-0.301499	-0.290814	-0.28284	-0.27745	-0.274544	-0.274066	-0.27601	-0.280418	-0.287383	-0.297037	-0.309545	-0.325079	-0.343808	-0.365856	-0.391273	-0.419983	-0.451727	-0.485998	-0.521964	-0.558389	-0.593564	-0.625259	-0.650751	-0.666914	-0.670438	
1.01903	1.01903	0.999582	0.960308	0.901951	0.827136	0.738591	0.635889	0.514445	0.369138	0.200527	0.018641	-0.158986	-0.313776	-0.43275	-0.511696	-0.554216	-0.568417	-0.563446	-0.547224	-0.525572	-0.502287	-0.47963	-0.458854	-0.440604	-0.425188	-0.412732	-0.403271	-0.396798	-0.393293	-0.392742	-0.39514	-0.400496	-0.408826	-0.420146	-0.434449	-0.451689	-0.47175	-0.494403	-0.51927	-0.545771	-0.573075	-0.600048	-0.625221	-0.646784	-0.662609	-0.670345	-0.66756	-0.651939	-0.621507	
1.4311	1.4311	1.39291	1.32083	1.22144	1.10023	0.958765	0.794752	0.605776	0.394637	0.172262	-0.0441852	-0.236855	-0.392916	-0.507453	-0.582872	-0.626117	-0.645598	-0.649018	-0.642412	-0.630068	-0.614866	-0.598699	-0.582822	-0.568082	-0.555058	-0.544152	-0.535636	-0.529691	-0.526424	-0.52589	-0.528094	-0.532998	-0.540511	-0.550483	-0.562687	-0.576797	-0.592362	-0.608781	-0.625275	-0.640863	-0.654359	-0.664365	-0.669311	-0.667505	-0.657212	-0.63676	-0.604642	-0.559596	-0.500658	
1.74247	1.74247	1.7005	1.61861	1.49943	1.34474	1.15568	0.935164	0.690883	0.43644	0.189247	-0.0339468	-0.221402	-0.368485	-0.477012	-0.552862	-0.603335	-0.635252	-0.654078	-0.66382	-0.6673	-0.66652	-0.662948	-0.657711	-0.651698	-0.645625	-0.640053	-0.635418	-0.632036	-0.630118	-0.629776	-0.631029	-0.633802	-0.637924	-0.643125	-0.649024	-0.65512	-0.660788	-0.665264	-0.667654	-0.666932	-0.661959	-0.651513	-0.634322	-0.609108	-0.574631	-0.529732	-0.473368	-0.404651	-0.322905	
1.94892	1.94892	1.9072	1.82214	1.69159	1.51513	1.29668	1.04632	0.779922	0.516198	0.272411	0.0606429	-0.113815	-0.251749	-0.357848	-0.438321	-0.499139	-0.545178	-0.58006	-0.606367	-0.625957	-0.640232	-0.650309	-0.657126	-0.661481	-0.664055	-0.665414	-0.666017	-0.66621	-0.66623	-0.666208	-0.666168	-0.666024	-0.665586	-0.664553	-0.662516	-0.658956	-0.653244	-0.644648	-0.632339	-0.615401	-0.59285	-0.563651	-0.526747	-0.481091	-0.425689	-0.359662	-0.282333	-0.193354	-0.0928729	
2.05392	2.05392	2.0063	1.91052	1.76715	1.58017	1.3586	1.11625	0.869378	0.633328	0.419468	0.233791	0.0772889	-0.0524693	-0.159498	-0.247971	-0.321454	-0.382698	-0.433745	-0.476132	-0.51108	-0.539621	-0.562659	-0.581003	-0.595374	-0.606401	-0.614618	-0.620464	-0.624273	-0.626277	-0.626603	-0.625274	-0.622207	-0.617212	-0.609999	-0.60017	-0.587229	-0.570583	-0.549555	-0.523386	-0.491262	-0.452335	-0.405758	-0.350734	-0.286585	-0.212836	-0.129326	-0.0363272	0.0653272	0.174143	
2.03822	2.03822	1.98413	1.87958	1.73194	1.55194	1.35264	1.14748	0.948096	0.762671	0.595367	0.446903	0.315813	0.19976	0.0964812	0.00424084	-0.0781281	-0.151378	-0.216047	-0.27261	-0.321563	-0.363445	-0.398834	-0.428316	-0.452462	-0.471799	-0.486796	-0.497844	-0.505249	-0.509227	-0.509896	-0.507274	-0.501284	-0.491749	-0.478397	-0.460869	-0.438725	-0.411458	-0.378515	-0.339318	-0.293304	-0.239971	-0.178929	-0.109975	-0.0331652	0.0511069	0.142043	0.238394	0.33846	0.440144	
1.87852	1.87852	1.82918	1.73626	1.61011	1.46345	1.30892	1.15679	1.01371	0.882528	0.763143	0.653771	0.552209	0.456661	0.366095	0.280209	0.199208	0.123546	0.0537056	-0.00992476	-0.0671149	-0.117797	-0.162045	-0.200037	-0.232018	-0.258263	-0.279049	-0.294626	-0.305202	-0.310929	-0.31189	-0.3081	-0.2995	-0.285966	-0.267308	-0.243291	-0.213645	-0.178092	-0.136371	-0.0882763	-0.0336973	0.0273375	0.0946133	0.167686	0.24585	0.328121	0.413241	0.499718	0.585879	0.669947	
1.58624	1.58624	1.55557	1.49829	1.42145	1.33322	1.24105	1.15031	1.06382	0.98213	0.904383	0.829172	0.755251	0.681894	0.608978	0.536876	0.466273	0.398001	0.332894	0.271705	0.215059	0.163437	0.117175	0.07649	0.0414943	0.0122261	-0.0113272	-0.029206	-0.0414593	-0.0481302	-0.0492451	-0.0448083	-0.0348009	-0.0191849	0.00208847	0.0290654	0.0617719	0.100193	0.144247	0.193762	0.248447	0.307873	0.371453	0.438438	0.507911	0.578808	0.649929	0.719956	0.787464	0.850896	
1.21778	1.21778	1.21128	1.19896	1.18189	1.16108	1.13711	1.11001	1.0794	1.04471	1.00554	0.961824	0.913871	0.862342	0.80813	0.752251	0.695746	0.639625	0.584822	0.532175	0.482418	0.436175	0.393964	0.3562	0.32321	0.29524	0.272468	0.255021	0.242981	0.2364	0.235302	0.239693	0.249555	0.264849	0.285505	0.311417	0.342427	0.378318	0.418796	0.463483	0.511901	0.563467	0.617485	0.673141	0.729497	0.785481	0.839869	0.891253	0.938013	0.978272	
0.848294	0.848294	0.860856	0.88421	0.91513	0.949476	0.982879	1.01139	1.03198	1.04279	1.04315	1.03337	1.01448	0.987912	0.955287	0.918202	0.878152	0.836473	0.794338	0.752755	0.712589	0.674573	0.639329	0.607371	0.579127	0.554943	0.535091	0.51978	0.509165	0.503345	0.502374	0.506262	0.514972	0.528423	0.546482	0.568965	0.595623	0.626142	0.660128	0.697103	0.736488	0.777597	0.819618	0.861596	0.902412	0.940761	0.975131	1.0038	1.02483	1.03616	
0.537094	0.537094	0.558485	0.598884	0.653949	0.718122	0.785497	0.850618	0.909068	0.957766	0.995003	1.02027	1.03402	1.0373	1.03158	1.01847	0.999581	0.976463	0.950521	0.923003	0.894995	0.86743	0.841099	0.816663	0.794671	0.77557	0.759718	0.747392	0.738796	0.734066	0.733276	0.736437	0.743502	0.754358	0.76883	0.786671	0.807555	0.831074	0.856721	0.88388	0.911816	0.939654	0.966369	0.990778	1.01153	1.02712	1.03592	1.03624	1.02641	1.00494	
0.310208	0.310208	0.331478	0.372243	0.429215	0.498063	0.573973	0.65219	0.728463	0.799336	0.862282	0.915715	0.958896	0.991797	1.01493	1.0292	1.03575	1.03583	1.03073	1.02171	1.00992	0.99643	0.98217	0.967956	0.954477	0.942309	0.931917	0.923667	0.917832	0.914593	0.914051	0.91622	0.921035	0.928348	0.937923	0.949433	0.962453	0.976452	0.990788	1.0047	1.01729	1.02756	1.03438	1.03653	1.03273	1.02169	1.00221	0.973237	0.934046	0.884323	
0.164159	0.164159	0.180593	0.212581	0.258448	0.315868	0.382066	0.454031	0.528735	0.60333	0.6753	0.742581	0.803618	0.857385	0.903351	0.941428	0.971892	0.995296	1.01239	1.02402	1.03112	1.0346	1.03531	1.03409	1.03163	1.02858	1.02545	1.02268	1.02057	1.01935	1.01915	1.01997	1.02174	1.02429	1.02732	1.03047	1.03324	1.03504	1.0352	1.03293	1.0274	1.01769	1.0029	0.982122	0.954564	0.919582	0.876776	0.826069	0.767788	0.702718	
0.0799584	0.0799584	0.0906529	0.111811	0.142952	0.183322	0.231873	0.287268	0.347925	0.412089	0.477929	0.543657	0.607626	0.668423	0.724926	0.776329	0.822147	0.862184	0.896498	0.925347	0.949141	0.968387	0.983646	0.995492	1.00448	1.01114	1.0159	1.01917	1.02123	1.02228	1.02246	1.02177	1.02013	1.01739	1.01327	1.00742	0.99943	0.988795	0.974975	0.957397	0.935491	0.908722	0.876637	0.838909	0.795394	0.74618	0.691631	0.632421	0.569541	0.504281	
0.0360049	0.0360049	0.042089	0.0543285	0.0728244	0.0976363	0.1287	0.165754	0.208296	0.255577	0.306623	0.360299	0.415385	0.470655	0.524955	0.577263	0.626729	0.672703	0.71473	0.752548	0.786057	0.815299	0.840415	0.861623	0.879181	0.893361	0.904427	0.912615	0.918119	0.921078	0.92157	0.919608	0.91514	0.90805	0.898165	0.885265	0.869094	0.849382	0.82586	0.798292	0.766502	0.730404	0.690037	0.645596	0.597455	0.546187	0.492563	0.43754	0.382222	0.327813	
0.0150502	0.0150502	0.0181417	0.0244674	0.0342813	0.0478929	0.065597	0.0876033	0.113976	0.144595	0.179141	0.217102	0.25781	0.300478	0.344259	0.388293	0.431758	0.473905	0.514089	0.551777	0.586557	0.618134	0.646313	0.670989	0.692122	0.709723	0.723834	0.734512	0.741811	0.745778	0.746439	0.743799	0.73784	0.728523	0.715795	0.699597	0.679882	0.656623	0.629837	0.5996	0.56607	0.5295	0.490254	0.448817	0.405789	0.361883	0.317894	0.274671	0.233075	0.193919	
0.00586198	0.00586198	0.00728514	0.0102473	0.0149641	0.0217212	0.0308344	0.042605	0.0572762	0.0749954	0.0957866	0.119537	0.145996	0.174788	0.205432	0.237376	0.270024	0.302769	0.335021	0.366231	0.395904	0.423612	0.448998	0.47177	0.491704	0.508628	0.52242	0.532993	0.540292	0.544283	0.54495	0.542288	0.53631	0.527041	0.514529	0.498845	0.480097	0.458436	0.434063	0.407243	0.378306	0.347652	0.315751	0.283131	0.250369	0.218067	0.186831	0.157234	0.129788	0.104915	
0.00213484	0.00213484	0.00273442	0.00400392	0.00607796	0.00914355	0.013423	0.0191523	0.0265577	0.0358308	0.0471064	0.060445	0.0758206	0.0931166	0.112128	0.132573	0.154104	0.176328	0.198825	0.221166	0.242932	0.263722	0.28317	0.30095	0.316778	0.330413	0.341662	0.350371	0.356426	0.359752	0.360308	0.358087	0.353115	0.345455	0.335206	0.322502	0.307524	0.290492	0.271672	0.251375	0.229952	0.207789	0.185301	0.162915	0.141056	0.120131	0.100508	0.0824963	0.0663338	0.052173	
0.000729229	0.000729229	0.000962211	0.001464	0.0023047	0.00358546	0.0054329	0.00799122	0.0114118	0.0158408	0.0214061	0.0282038	0.0362873	0.0456585	0.0562631	0.0679897	0.0806734	0.0941023	0.108027	0.122171	0.136244	0.149951	0.163003	0.175127	0.186074	0.19562	0.203575	0.209784	0.214127	0.216521	0.216921	0.21532	0.211747	0.206271	0.198996	0.190064	0.179651	0.167968	0.155254	0.141774	0.127811	0.113659	0.0996114	0.085952	0.0729422	0.0608103	0.0497409	0.0398674	0.031267	0.0239599	
0.000234301	0.000234301	0.000318314	0.000502351	0.000818406	0.00131414	0.00205191	0.00310667	0.00456244	0.00650727	0.00902683	0.0121971	0.0160771	0.0207018	0.0260766	0.0321736	0.0389306	0.0462512	0.0540086	0.0620499	0.0702028	0.0782821	0.0860976	0.0934607	0.100191	0.106124	0.111112	0.115032	0.117788	0.119312	0.119567	0.118546	0.116275	0.112809	0.108234	0.102662	0.0962304	0.0890983	0.0814405	0.073443	0.0652963	0.0571884	0.0492977	0.0417856	0.0347902	0.0284202	0.022752	0.0178271	0.0136528	0.0102056	
7.09941e-05	7.09941e-05	9.92488e-05	0.000162195	0.000272938	0.000451602	0.000725548	0.00112922	0.00170331	0.00249316	0.00354617	0.00490852	0.00662124	0.00871615	0.011212	0.0141109	0.0173967	0.0210329	0.0249637	0.0291149	0.0333966	0.0377072	0.0419371	0.0459732	0.0497042	0.0530245	0.0558384	0.0580639	0.0596357	0.0605074	0.0606533	0.0600689	0.0587717	0.0567998	0.0542114	0.0510821	0.0475024	0.0435745	0.0394081	0.035116	0.0308097	0.0265947	0.0225661	0.0188045	0.0153735	0.0123172	0.00966001	0.0074068	0.00554507	0.00404777	
2.03344e-05	2.03344e-05	2.92345e-05	4.93956e-05	8.57144e-05	0.000145923	0.000240915	0.000384973	0.000595759	0.000893942	0.00130238	0.00184485	0.0025443	0.00342089	0.0044898	0.00575922	0.00722854	0.00888711	0.0107136	0.0126762	0.014733	0.0168341	0.0189233	0.0209404	0.0228243	0.0245156	0.0259595	0.0271081	0.0279227	0.0283757	0.0284515	0.0281476	0.0274743	0.0264546	0.025123	0.0235239	0.0217096	0.0197382	0.0176703	0.0155668	0.0134858	0.0114801	0.00959492	0.00786625	0.00631967	0.00497004	0.00382184	0.0028702	0.00210248	0.00150025	
5.51749e-06	5.51749e-06	8.15271e-06	1.42215e-05	2.54094e-05	4.44505e-05	7.53259e-05	0.000123453	0.000195804	0.000300896	0.000448596	0.000649704	0.000915305	0.00125592	0.0016805	0.00219538	0.00280327	0.00350239	0.00428585	0.00514142	0.00605163	0.00699423	0.00794309	0.00886934	0.00974279	0.0105334	0.011213	0.0117565	0.0121434	0.0123591	0.0123952	0.0122504	0.0119301	0.0114467	0.0108185	0.0100688	0.00922475	0.00831581	0.00737233	0.00642387	0.00549782	0.00461809	0.00380413	0.00307032	0.00242564	0.00187385	0.00141394	0.0010409	0.000746695	0.000521294	
1.42109e-06	1.42109e-06	2.15681e-06	3.87901e-06	7.12644e-06	1.27957e-05	2.22336e-05	3.73368e-05	6.06371e-05	9.53473e-05	0.000145342	0.000215049	0.000309238	0.000432705	0.000589867	0.000784286	0.00101819	0.001292	0.00160396	0.00194993	0.00232323	0.00271486	0.0031137	0.00350711	0.00388146	0.00422296	0.00451837	0.00475582	0.00492551	0.00502031	0.00503619	0.00497247	0.00483185	0.0046203	0.0043466	0.00402188	0.00365893	0.00327142	0.00287313	0.00247718	0.00209537	0.00173758	0.00141145	0.00112212	0.000872291	0.000662358	0.00049076	0.000354406	0.00024916	0.000170322	
3.48196e-07	3.48196e-07	5.4251e-07	1.00477e-06	1.89592e-06	3.49055e-06	6.21355e-06	1.06829e-05	1.77517e-05	2.8541e-05	4.44525e-05	6.715e-05	9.85014e-05	0.000140475	0.00019499	0.000263733	0.000347948	0.000448226	0.000564314	0.000694972	0.000837889	0.000989693	0.00114604	0.0013018	0.00145131	0.00158872	0.00170832	0.00180492	0.0018742	0.00191299	0.00191949	0.00189339	0.00183592	0.00174971	0.00163866	0.00150766	0.00136224	0.00120826	0.00105148	0.000897296	0.00075038	0.00061451	0.000492423	0.00038578	0.000295213	0.000220445	0.000160465	0.000113739	7.84128e-05	5.2518e-05	
8.19789e-08	8.19789e-08	1.31126e-07	2.49977e-07	4.84254e-07	9.13935e-07	1.66646e-06	2.9331e-06	4.98672e-06	8.1981e-06	1.3047e-05	2.01237e-05	3.01163e-05	4.37806e-05	6.1891e-05	8.51727e-05	0.00011422	0.000149407	0.000190803	0.000238096	0.000290545	0.00034696	0.000405727	0.000464868	0.000522142	0.000575178	0.000621627	0.00065933	0.000686467	0.000701693	0.000704245	0.000693992	0.000671452	0.000637747	0.000594525	0.000543826	0.000487946	0.000429264	0.00037009	0.000312523	0.00025833	0.000208875	0.000165076	0.000127413	9.59591e-05	7.04517e-05	5.03727e-05	3.50382e-05	2.36842e-05	1.55403e-05	
2.1915e-08	2.1915e-08	3.60706e-08	7.09263e-08	1.41315e-07	2.73886e-07	5.12439e-07	9.2491e-07	1.61153e-06	2.71321e-06	4.41872e-06	6.96861e-06	1.06538e-05	1.58065e-05	2.27823e-05	3.19325e-05	4.35678e-05	5.79165e-05	7.50805e-05	9.49944e-05	0.000117394	0.000141801	0.000167522	0.000193675	0.000219231	0.000243078	0.000264096	0.000281241	0.000293626	0.000300591	0.000301758	0.000297064	0.000286765	0.000271412	0.000251811	0.000228953	0.000203938	0.000177891	0.000151882	0.000126858	0.000103591	8.26474e-05	6.43742e-05	4.89128e-05	3.62232e-05	2.6122e-05	1.83258e-05	1.24945e-05	8.27032e-06	5.30895e-06	
2.1915e-08	2.1915e-08	3.60706e-08	7.09263e-08	1.41315e-07	2.73886e-07	5.12439e-07	9.2491e-07	1.61153e-06	2.71321e-06	4.41872e-06	6.96861e-06	1.06538e-05	1.58065e-05	2.27823e-05	3.19325e-05	4.35678e-05	5.79165e-05	7.50805e-05	9.49944e-05	0.000117394	0.000141801	0.000167522	0.000193675	0.000219231	0.000243078	0.000264096	0.000281241	0.000293626	0.000300591	0.000301758	0.000297064	0.000286765	0.000271412	0.000251811	0.000228953	0.000203938	0.000177891	0.000151882	0.000126858	0.000103591	8.26474e-05	6.43742e-05	4.89128e-05	3.62232e-05	2.6122e-05	1.83258e-05	1.24945e-05	8.27032e-06	5.30895e-06	
