-0.128281	-0.128281	-0.123344	-0.122579	-0.130616	-0.132243	-0.13077	-0.126052	-0.131539	-0.149599	-0.152976	-0.142547	-0.14228	-0.157288	-0.175513	-0.198439	-0.194286	-0.179738	-0.177816	-0.206466	-0.275701	-0.372515	-0.482464	-0.587002	-0.632751	-0.629683	-0.558247	-0.426319	-0.22806	0.0106998	0.249792	0.475146	0.663139	0.816895	0.893007	0.892104	0.794572	0.643292	0.466136	0.301179	0.172953	0.0801549	0.0208172	-0.00752969	-0.0320676	-0.0354544	-0.0423017	-0.0471207	-0.0483806	-0.0479787	
-0.131033	-0.131033	-0.125551	-0.124524	-0.135904	-0.134954	-0.134004	-0.134568	-0.132933	-0.149327	-0.153731	-0.141592	-0.148219	-0.174879	-0.189352	-0.202104	-0.195731	-0.175263	-0.185669	-0.231666	-0.308111	-0.41584	-0.523041	-0.610063	-0.63804	-0.606945	-0.516819	-0.359222	-0.145158	0.0962587	0.3334	0.542819	0.723049	0.849892	0.905431	0.871384	0.754761	0.592016	0.41514	0.259881	0.143658	0.0574466	0.0124311	-0.0203367	-0.0364738	-0.0408388	-0.0501728	-0.0501988	-0.047989	-0.0510871	
-0.135998	-0.135998	-0.127886	-0.128227	-0.140084	-0.134291	-0.129349	-0.143779	-0.150654	-0.153503	-0.149578	-0.143689	-0.152215	-0.181136	-0.199352	-0.200047	-0.193327	-0.181343	-0.205558	-0.268683	-0.357376	-0.464507	-0.569742	-0.629768	-0.637144	-0.578031	-0.464629	-0.283568	-0.0558496	0.185683	0.415018	0.610756	0.775629	0.876202	0.904746	0.83829	0.703746	0.531411	0.357211	0.215023	0.106159	0.0357304	-0.00356936	-0.0309084	-0.0377918	-0.0439737	-0.0479801	-0.0445318	-0.0470381	-0.0522012	
-0.138113	-0.138113	-0.128429	-0.13583	-0.148803	-0.139619	-0.126921	-0.141408	-0.157671	-0.15852	-0.14959	-0.154387	-0.172621	-0.189649	-0.204853	-0.195244	-0.184012	-0.1857	-0.22811	-0.304802	-0.405472	-0.511916	-0.605637	-0.642431	-0.623519	-0.540931	-0.402665	-0.200665	0.0343594	0.27443	0.489438	0.674163	0.816141	0.89257	0.888677	0.794862	0.645843	0.468178	0.305045	0.174655	0.0796817	0.0234888	-0.0115645	-0.0309179	-0.0368403	-0.0457421	-0.0478769	-0.0484825	-0.0555932	-0.0548147	
-0.137589	-0.137589	-0.138033	-0.141536	-0.140905	-0.146023	-0.145011	-0.148156	-0.158909	-0.154546	-0.146737	-0.159476	-0.189583	-0.202315	-0.208569	-0.198294	-0.185915	-0.205798	-0.263665	-0.351648	-0.454846	-0.556949	-0.627671	-0.639601	-0.590586	-0.485574	-0.320009	-0.102958	0.1376	0.368527	0.570266	0.738784	0.856287	0.904873	0.866262	0.749364	0.586176	0.409194	0.257206	0.137112	0.0565262	0.0076637	-0.0234546	-0.037458	-0.0451408	-0.052789	-0.0503514	-0.0538242	-0.054689	-0.050454	
-0.14087	-0.14087	-0.147706	-0.150564	-0.134317	-0.139445	-0.157746	-0.160745	-0.163647	-0.156932	-0.154256	-0.172052	-0.197599	-0.206392	-0.201913	-0.194275	-0.193622	-0.234172	-0.310979	-0.406932	-0.510851	-0.601654	-0.645188	-0.628804	-0.551299	-0.420921	-0.231367	-0.00126828	0.237882	0.457191	0.643518	0.792297	0.88302	0.898919	0.827127	0.689421	0.515777	0.345669	0.20421	0.0986832	0.0319041	-0.00955343	-0.0322627	-0.0411617	-0.0487449	-0.0494048	-0.0487494	-0.0528438	-0.0507241	-0.0521611	
-0.136904	-0.136904	-0.155631	-0.161595	-0.144629	-0.141732	-0.159317	-0.166577	-0.161823	-0.156855	-0.169847	-0.193648	-0.208233	-0.208977	-0.198628	-0.191851	-0.210182	-0.270284	-0.360115	-0.461843	-0.559478	-0.632671	-0.646376	-0.599966	-0.497459	-0.340394	-0.131968	0.1057	0.337406	0.541385	0.71094	0.835518	0.897625	0.877099	0.777273	0.620663	0.445994	0.284846	0.158276	0.0686549	0.0141029	-0.0194495	-0.0345598	-0.0440678	-0.0482237	-0.0495403	-0.0525512	-0.0547793	-0.0543827	-0.0589856	
-0.152159	-0.152159	-0.154138	-0.150721	-0.154173	-0.162791	-0.166663	-0.165017	-0.160532	-0.161047	-0.184966	-0.209964	-0.21355	-0.209348	-0.199354	-0.202702	-0.241018	-0.321269	-0.415702	-0.51713	-0.60233	-0.647685	-0.63012	-0.553593	-0.424959	-0.244636	-0.0189139	0.216625	0.438281	0.622953	0.773775	0.87105	0.899597	0.844645	0.717429	0.550325	0.377349	0.230006	0.117944	0.043961	-0.00188048	-0.0267502	-0.0405777	-0.0473716	-0.0511811	-0.0538664	-0.055775	-0.0572325	-0.057712	-0.0604687	
-0.169846	-0.169846	-0.151775	-0.144145	-0.163151	-0.175861	-0.174289	-0.166989	-0.163701	-0.176115	-0.199243	-0.216752	-0.211889	-0.206303	-0.203801	-0.226527	-0.289045	-0.381315	-0.479536	-0.569987	-0.637454	-0.647396	-0.597163	-0.491903	-0.336904	-0.134559	0.100158	0.330182	0.534121	0.701291	0.827191	0.895426	0.886261	0.798591	0.648523	0.476582	0.309685	0.178442	0.0803795	0.0205635	-0.0172906	-0.036246	-0.0479438	-0.0517187	-0.0568839	-0.0558037	-0.0588099	-0.0571779	-0.0581713	-0.0575367	
-0.168955	-0.168955	-0.163734	-0.157193	-0.169246	-0.176056	-0.173197	-0.173797	-0.177176	-0.200129	-0.217249	-0.216934	-0.207849	-0.201458	-0.213983	-0.259451	-0.346132	-0.442958	-0.540664	-0.617146	-0.657194	-0.632441	-0.550156	-0.417963	-0.239516	-0.0176262	0.215769	0.435995	0.617832	0.765947	0.863347	0.89754	0.851195	0.731566	0.568384	0.393965	0.24253	0.124926	0.0455524	-0.00331982	-0.0309006	-0.0454455	-0.0510353	-0.0551192	-0.0549827	-0.0548243	-0.0565168	-0.0545782	-0.0586029	-0.0591135	
-0.163439	-0.163439	-0.173163	-0.181109	-0.182812	-0.176819	-0.166822	-0.173755	-0.193952	-0.220217	-0.231441	-0.218963	-0.21217	-0.213416	-0.243388	-0.311166	-0.407427	-0.502421	-0.587091	-0.644451	-0.647829	-0.589852	-0.478546	-0.322399	-0.122761	0.108084	0.334518	0.535036	0.696366	0.818935	0.886156	0.88212	0.799895	0.655902	0.485357	0.318424	0.184496	0.0840214	0.022695	-0.0160823	-0.0348633	-0.0453105	-0.0492817	-0.0532431	-0.0527437	-0.0579427	-0.0580045	-0.0625762	-0.0656355	-0.0676185	
-0.16526	-0.16526	-0.176556	-0.199128	-0.193551	-0.179122	-0.179467	-0.189889	-0.211448	-0.224593	-0.223283	-0.213844	-0.217172	-0.241117	-0.296065	-0.385071	-0.481021	-0.567565	-0.631068	-0.65692	-0.619232	-0.526446	-0.387152	-0.207051	0.0115115	0.241922	0.456014	0.632569	0.772787	0.865885	0.898774	0.854996	0.739504	0.579111	0.406041	0.253979	0.134558	0.053647	0.00274463	-0.0267052	-0.0424031	-0.0510678	-0.0568264	-0.0594785	-0.0629765	-0.0654375	-0.0654968	-0.0681376	-0.0654825	-0.0655958	
-0.189791	-0.189791	-0.188977	-0.188471	-0.180774	-0.184985	-0.205832	-0.221619	-0.234407	-0.23067	-0.214305	-0.211892	-0.22812	-0.274829	-0.355366	-0.455587	-0.547047	-0.620656	-0.661166	-0.649381	-0.575254	-0.452029	-0.288642	-0.0865916	0.14177	0.364363	0.558065	0.711522	0.826165	0.887428	0.881275	0.798626	0.656623	0.485949	0.319986	0.183646	0.0823895	0.01819	-0.0223905	-0.0430135	-0.0550673	-0.0603217	-0.0632761	-0.0635942	-0.0647788	-0.0624748	-0.0630421	-0.0613945	-0.0616206	-0.0635124	
-0.212778	-0.212778	-0.201818	-0.180423	-0.181673	-0.201083	-0.219437	-0.236877	-0.244218	-0.233644	-0.221309	-0.233089	-0.268762	-0.334158	-0.427549	-0.521834	-0.597847	-0.648599	-0.656929	-0.604538	-0.49867	-0.350871	-0.167069	0.0499358	0.275663	0.48094	0.648495	0.777364	0.861663	0.886894	0.839308	0.722583	0.562547	0.39123	0.240364	0.122387	0.0426967	-0.00738828	-0.0351878	-0.0492964	-0.0562053	-0.0586663	-0.0594878	-0.0600219	-0.0600029	-0.0608821	-0.0630947	-0.0649361	-0.0697753	-0.0728939	
-0.210734	-0.210734	-0.206227	-0.201549	-0.210933	-0.223118	-0.232219	-0.241623	-0.234597	-0.224366	-0.23611	-0.271018	-0.330887	-0.416277	-0.510781	-0.589232	-0.642479	-0.660854	-0.627104	-0.534357	-0.39873	-0.228056	-0.0245861	0.198962	0.412752	0.593829	0.734772	0.836223	0.886521	0.871386	0.783692	0.640267	0.470832	0.308491	0.175199	0.0781732	0.0160778	-0.0215971	-0.0408757	-0.051669	-0.0563229	-0.0592839	-0.0612806	-0.0634014	-0.0654994	-0.0688174	-0.0711131	-0.0745967	-0.0765167	-0.077822	
-0.204387	-0.204387	-0.211518	-0.228536	-0.241731	-0.248295	-0.250834	-0.240655	-0.223941	-0.229325	-0.266192	-0.322611	-0.403053	-0.499983	-0.584347	-0.641752	-0.668701	-0.64948	-0.572671	-0.44675	-0.286156	-0.094808	0.122565	0.341755	0.535086	0.688986	0.803385	0.874024	0.886323	0.828889	0.706594	0.545295	0.376655	0.229448	0.115871	0.0390784	-0.00909618	-0.0361651	-0.0508667	-0.0587957	-0.0629809	-0.066211	-0.0685632	-0.0707866	-0.0730759	-0.0746589	-0.0759254	-0.0767638	-0.0761246	-0.0764612	
-0.210749	-0.210749	-0.225556	-0.248527	-0.263833	-0.267387	-0.25683	-0.237573	-0.237207	-0.266546	-0.317279	-0.390483	-0.483553	-0.573087	-0.636193	-0.668725	-0.663182	-0.603131	-0.489232	-0.33858	-0.158246	0.0490508	0.268504	0.471139	0.637108	0.762874	0.848571	0.883753	0.854276	0.756695	0.608537	0.440024	0.281975	0.153938	0.0619609	0.00277247	-0.032712	-0.0518372	-0.0625339	-0.0677997	-0.0711548	-0.0731502	-0.0744387	-0.0753771	-0.0756916	-0.0753967	-0.0752361	-0.0743155	-0.0745573	-0.07547	
-0.243701	-0.243701	-0.252189	-0.260212	-0.263119	-0.258843	-0.250792	-0.255335	-0.284649	-0.331805	-0.394979	-0.479375	-0.565721	-0.628122	-0.661746	-0.663141	-0.616779	-0.516444	-0.374975	-0.20581	-0.0103019	0.203451	0.410405	0.585849	0.721003	0.817338	0.86978	0.86418	0.791658	0.660532	0.497338	0.333021	0.192658	0.0868106	0.015975	-0.0275403	-0.0516791	-0.0643168	-0.0703983	-0.0729482	-0.0740009	-0.0738666	-0.0734586	-0.0727957	-0.0720691	-0.0720561	-0.072635	-0.0744677	-0.0782036	-0.0827295	
-0.294442	-0.294442	-0.284193	-0.26649	-0.249871	-0.242368	-0.253654	-0.289241	-0.34283	-0.41142	-0.495444	-0.579937	-0.641098	-0.670791	-0.670717	-0.629681	-0.536089	-0.399573	-0.236009	-0.0492477	0.157432	0.365539	0.548185	0.691463	0.795639	0.860012	0.873515	0.823673	0.711634	0.557377	0.391266	0.240976	0.122711	0.0399769	-0.0119923	-0.0418284	-0.0571664	-0.0645604	-0.0674185	-0.0685086	-0.0687296	-0.068949	-0.069671	-0.0710025	-0.073438	-0.0770251	-0.0814988	-0.0871456	-0.0926979	-0.0978233	
-0.318662	-0.318662	-0.302757	-0.280798	-0.264538	-0.264475	-0.288605	-0.337375	-0.406975	-0.494031	-0.583509	-0.650803	-0.686039	-0.69075	-0.656104	-0.569883	-0.437281	-0.275586	-0.0930363	0.109696	0.319266	0.510024	0.663173	0.776119	0.850896	0.880409	0.851453	0.759386	0.617462	0.453322	0.296079	0.166305	0.0714366	0.00928487	-0.0279616	-0.0484487	-0.0592018	-0.0648089	-0.0681063	-0.0707541	-0.0733667	-0.0765344	-0.0801913	-0.0843489	-0.0888709	-0.0931664	-0.0970009	-0.0997271	-0.1007	-0.100242	
-0.308387	-0.308387	-0.30472	-0.302283	-0.307483	-0.327298	-0.366509	-0.425976	-0.501569	-0.579728	-0.641782	-0.677751	-0.686655	-0.660702	-0.586168	-0.464137	-0.310897	-0.136709	0.0576859	0.26374	0.458235	0.619034	0.739771	0.823031	0.865442	0.85484	0.782462	0.655374	0.496858	0.336279	0.19713	0.0910878	0.0185653	-0.0265935	-0.0527704	-0.0671934	-0.075301	-0.0802073	-0.0838567	-0.0869587	-0.0898957	-0.0926642	-0.0950533	-0.0969428	-0.0979987	-0.0980624	-0.0971992	-0.0953658	-0.0932991	-0.0916864	
-0.294736	-0.294736	-0.305745	-0.327722	-0.362532	-0.412338	-0.475405	-0.54519	-0.610771	-0.659408	-0.684651	-0.685705	-0.655375	-0.581665	-0.464257	-0.316971	-0.150858	0.0335064	0.231411	0.423106	0.585687	0.709315	0.796119	0.845633	0.847771	0.791583	0.678681	0.527587	0.366284	0.220263	0.104674	0.0229706	-0.0293181	-0.0600955	-0.0769713	-0.08583	-0.0904202	-0.0928754	-0.0942761	-0.0950177	-0.0953073	-0.0950974	-0.0944374	-0.0933778	-0.0920245	-0.0907438	-0.0898854	-0.0900246	-0.0918871	-0.095873	
-0.301369	-0.301369	-0.326062	-0.37278	-0.437073	-0.511867	-0.587021	-0.651331	-0.695943	-0.716621	-0.711013	-0.672617	-0.592609	-0.471702	-0.322879	-0.157214	0.0241038	0.218109	0.408396	0.572546	0.698557	0.787562	0.841201	0.852023	0.808507	0.70824	0.565122	0.404835	0.25381	0.129936	0.0396623	-0.019653	-0.0551289	-0.0746066	-0.0844141	-0.0889261	-0.0906883	-0.09113	-0.0909016	-0.0903622	-0.0896917	-0.0890375	-0.0886099	-0.0886115	-0.0893582	-0.0911903	-0.0944073	-0.099367	-0.106146	-0.114644	
-0.360325	-0.360325	-0.392056	-0.450368	-0.524954	-0.602469	-0.670423	-0.719681	-0.744433	-0.739795	-0.698853	-0.615598	-0.492943	-0.342988	-0.176099	0.00562697	0.199425	0.390746	0.558178	0.688442	0.781342	0.839643	0.858207	0.825993	0.737922	0.603827	0.446689	0.292893	0.162402	0.0642905	-0.00205796	-0.0428332	-0.0657804	-0.0776436	-0.0832735	-0.0856975	-0.0866248	-0.0869643	-0.0871777	-0.0875586	-0.088298	-0.0896079	-0.0916891	-0.0947497	-0.0990031	-0.104566	-0.111479	-0.119588	-0.12845	-0.137426	
-0.496486	-0.496486	-0.519735	-0.562006	-0.615227	-0.669374	-0.714637	-0.741749	-0.741194	-0.703958	-0.625243	-0.508634	-0.364472	-0.201395	-0.02189	0.170335	0.361412	0.530999	0.665263	0.762743	0.826296	0.852355	0.830697	0.754622	0.630648	0.478923	0.325065	0.190323	0.0859726	0.0133709	-0.0325572	-0.0592388	-0.0736437	-0.0810087	-0.0847568	-0.0868774	-0.0884665	-0.0900948	-0.0920945	-0.0946762	-0.0980017	-0.102205	-0.107364	-0.113496	-0.120501	-0.128121	-0.135927	-0.143266	-0.149357	-0.153372	
-0.683921	-0.683921	-0.691601	-0.705077	-0.720789	-0.733392	-0.7354	-0.717708	-0.671864	-0.593638	-0.485272	-0.353085	-0.201773	-0.0327267	0.149908	0.332866	0.497281	0.629781	0.727992	0.794188	0.825443	0.812179	0.746733	0.632991	0.488324	0.337	0.200745	0.0924528	0.0152077	-0.0348859	-0.0647905	-0.0815095	-0.0905617	-0.0956644	-0.0990458	-0.101926	-0.104934	-0.108375	-0.112396	-0.117038	-0.122275	-0.127993	-0.133982	-0.139926	-0.145389	-0.149849	-0.152746	-0.153582	-0.152084	-0.148353	
-0.879063	-0.879063	-0.8736	-0.86084	-0.837605	-0.799791	-0.743032	-0.664266	-0.56347	-0.443713	-0.308751	-0.160165	0.00193573	0.173612	0.343037	0.494213	0.615963	0.706321	0.76727	0.796213	0.784246	0.723389	0.615686	0.476037	0.32699	0.190009	0.0789076	-0.0019155	-0.0553044	-0.087701	-0.10604	-0.116017	-0.121579	-0.125132	-0.127985	-0.130775	-0.133752	-0.136962	-0.140328	-0.143692	-0.146828	-0.149458	-0.151269	-0.151945	-0.15122	-0.148961	-0.145249	-0.140487	-0.135479	-0.131462	
-1.05554	-1.05554	-1.03509	-0.993165	-0.928384	-0.84009	-0.729411	-0.599602	-0.455053	-0.29932	-0.134057	0.0391416	0.214753	0.381484	0.526094	0.640244	0.723223	0.777178	0.800009	0.783892	0.721486	0.614184	0.475238	0.325643	0.186259	0.0713254	-0.0137996	-0.0710505	-0.106327	-0.126417	-0.137121	-0.142582	-0.145385	-0.146962	-0.148008	-0.148795	-0.149369	-0.149662	-0.14955	-0.148888	-0.147544	-0.145424	-0.142518	-0.138937	-0.13497	-0.131115	-0.128115	-0.126956	-0.12882	-0.135015	
-1.1745	-1.1745	-1.13849	-1.06835	-0.967546	-0.840734	-0.693106	-0.529419	-0.353229	-0.167359	0.0239994	0.212917	0.387795	0.537218	0.654874	0.740647	0.796206	0.819345	0.803121	0.741287	0.635462	0.498066	0.348912	0.208186	0.090287	0.0013191	-0.0597865	-0.0982944	-0.120695	-0.132758	-0.138744	-0.141394	-0.142284	-0.142229	-0.141605	-0.14056	-0.139138	-0.137353	-0.135229	-0.13283	-0.130283	-0.127808	-0.125732	-0.124512	-0.124737	-0.127122	-0.132485	-0.141701	-0.155645	-0.175116	
-1.18531	-1.18531	-1.14352	-1.06264	-0.947336	-0.803121	-0.635411	-0.449287	-0.250283	-0.0458643	0.153752	0.336882	0.49374	0.619491	0.713964	0.777653	0.80755	0.797105	0.741099	0.641683	0.510788	0.367139	0.230017	0.1136	0.0244182	-0.037874	-0.0778753	-0.101647	-0.114776	-0.121508	-0.12465	-0.125873	-0.126083	-0.125747	-0.125103	-0.124294	-0.12344	-0.122674	-0.122173	-0.122168	-0.122961	-0.124927	-0.128525	-0.134286	-0.14281	-0.154737	-0.170721	-0.191379	-0.217233	-0.248628	
-1.07285	-1.07285	-1.03451	-0.958787	-0.847726	-0.704644	-0.534599	-0.344979	-0.145796	0.051027	0.233731	0.393439	0.525689	0.629235	0.702655	0.741609	0.73961	0.692394	0.602795	0.482441	0.348958	0.220456	0.110468	0.0255491	-0.0341768	-0.0727253	-0.0956875	-0.108371	-0.114899	-0.118058	-0.119536	-0.120275	-0.120778	-0.121322	-0.122091	-0.123246	-0.124965	-0.127462	-0.131001	-0.135898	-0.142525	-0.151309	-0.16272	-0.177256	-0.195417	-0.217665	-0.244364	-0.275712	-0.311643	-0.351721	
-0.855398	-0.855398	-0.82026	-0.750714	-0.648762	-0.51847	-0.366525	-0.20206	-0.0354937	0.123416	0.267365	0.391957	0.494245	0.570307	0.613961	0.618305	0.579623	0.501157	0.39403	0.27451	0.159148	0.0603642	-0.015693	-0.0687322	-0.102325	-0.121608	-0.131548	-0.13607	-0.13786	-0.138564	-0.139109	-0.139988	-0.141477	-0.143759	-0.146998	-0.151371	-0.157092	-0.164411	-0.173617	-0.185033	-0.199003	-0.215872	-0.235965	-0.259544	-0.286761	-0.3176	-0.351807	-0.388818	-0.427696	-0.46708	
-0.541762	-0.541762	-0.509745	-0.448142	-0.361678	-0.256981	-0.141781	-0.0237619	0.0906133	0.196683	0.291073	0.370198	0.428773	0.459741	0.456343	0.415567	0.340935	0.242767	0.13554	0.03369	-0.0521096	-0.116718	-0.160156	-0.185875	-0.198731	-0.203434	-0.203726	-0.202194	-0.200429	-0.199321	-0.199337	-0.200718	-0.203612	-0.208136	-0.214417	-0.2226	-0.232852	-0.245352	-0.26028	-0.277799	-0.298031	-0.321027	-0.346729	-0.374934	-0.405251	-0.437058	-0.469479	-0.501363	-0.531297	-0.557646	
-0.135334	-0.135334	-0.113757	-0.0732862	-0.0186331	0.0445671	0.110921	0.176052	0.236617	0.289508	0.330683	0.354506	0.354417	0.325095	0.265202	0.179195	0.0769931	-0.0285382	-0.125126	-0.204074	-0.261594	-0.298387	-0.318101	-0.325562	-0.325402	-0.321323	-0.315917	-0.310805	-0.306909	-0.304709	-0.30444	-0.306215	-0.310095	-0.316125	-0.324342	-0.33478	-0.347459	-0.362373	-0.379471	-0.398641	-0.419687	-0.442301	-0.466049	-0.490344	-0.514443	-0.537433	-0.558249	-0.575691	-0.58846	-0.595193	
0.32779	0.32779	0.332822	0.342171	0.354633	0.368767	0.382951	0.395085	0.402026	0.399182	0.380764	0.34105	0.276435	0.187443	0.0796397	-0.0372089	-0.151525	-0.252875	-0.334285	-0.393163	-0.430807	-0.451029	-0.458611	-0.458112	-0.45322	-0.446572	-0.439882	-0.434171	-0.430006	-0.427678	-0.427327	-0.429006	-0.43272	-0.438442	-0.446113	-0.455641	-0.466893	-0.479686	-0.493773	-0.508831	-0.524453	-0.540138	-0.555279	-0.569164	-0.580978	-0.589805	-0.594637	-0.594387	-0.587898	-0.573962	
0.783264	0.783264	0.775018	0.759273	0.737159	0.709527	0.676209	0.635449	0.583876	0.517224	0.431798	0.326252	0.202966	0.0683433	-0.0682825	-0.196774	-0.308549	-0.398287	-0.464494	-0.508949	-0.535499	-0.54875	-0.553058	-0.55198	-0.548118	-0.543223	-0.538396	-0.534295	-0.531297	-0.529608	-0.529327	-0.530484	-0.533055	-0.536967	-0.542104	-0.548298	-0.555329	-0.562915	-0.57071	-0.578295	-0.585174	-0.590765	-0.594401	-0.595323	-0.592684	-0.585548	-0.572898	-0.553652	-0.526686	-0.49088	
1.18251	1.18251	1.16811	1.1395	1.09673	1.03937	0.966209	0.875488	0.765565	0.636036	0.488857	0.32898	0.164095	0.00343905	-0.143998	-0.271225	-0.374377	-0.452934	-0.509095	-0.546715	-0.570197	-0.583659	-0.590483	-0.593191	-0.593532	-0.59266	-0.591313	-0.589952	-0.588864	-0.588218	-0.5881	-0.588531	-0.589471	-0.590823	-0.592436	-0.594096	-0.595527	-0.596388	-0.596262	-0.594662	-0.591016	-0.584675	-0.574909	-0.560911	-0.541813	-0.516702	-0.484655	-0.444784	-0.396302	-0.338601	
1.50951	1.50951	1.49076	1.45239	1.39279	1.31011	1.20291	1.07097	0.916127	0.742811	0.558019	0.370596	0.18994	0.0244645	-0.119705	-0.23944	-0.334577	-0.407273	-0.461059	-0.499909	-0.527549	-0.547078	-0.560868	-0.570625	-0.577531	-0.582396	-0.585771	-0.588035	-0.589444	-0.590163	-0.590277	-0.589804	-0.588694	-0.58683	-0.584029	-0.580041	-0.574547	-0.567157	-0.557413	-0.544789	-0.5287	-0.508507	-0.483535	-0.453097	-0.416524	-0.373209	-0.322655	-0.264532	-0.198743	-0.125479	
1.75314	1.75314	1.72689	1.67382	1.59317	1.48471	1.34956	1.19079	1.01378	0.825879	0.635671	0.451765	0.281573	0.130362	0.00081522	-0.106837	-0.194242	-0.264159	-0.319719	-0.363888	-0.399169	-0.427515	-0.450375	-0.468798	-0.483541	-0.49516	-0.504072	-0.510585	-0.514928	-0.517253	-0.517641	-0.516109	-0.512603	-0.507004	-0.499131	-0.488738	-0.47552	-0.459124	-0.439148	-0.415163	-0.386721	-0.353382	-0.314735	-0.270434	-0.220229	-0.164002	-0.101805	-0.0338878	0.0392819	0.117014	
1.88284	1.88284	1.84854	1.78091	1.68204	1.55537	1.40586	1.23988	1.06485	0.888489	0.717977	0.559159	0.415983	0.290334	0.182258	0.0904511	0.012858	-0.0527904	-0.108597	-0.156302	-0.197237	-0.232374	-0.26241	-0.287854	-0.309092	-0.32643	-0.340117	-0.350353	-0.357295	-0.361051	-0.361681	-0.359194	-0.353553	-0.344668	-0.332407	-0.3166	-0.297043	-0.273515	-0.245786	-0.213635	-0.176867	-0.135337	-0.0889652	-0.0377632	0.0181494	0.0785295	0.143002	0.211056	0.282052	0.355231	
1.86277	1.86277	1.82654	1.75632	1.65634	1.53258	1.39214	1.24258	1.09122	0.944365	0.806806	0.681554	0.569883	0.471632	0.38567	0.310383	0.244086	0.185295	0.132852	0.0859372	0.0440152	0.00675052	-0.026066	-0.0545753	-0.0788864	-0.0990942	-0.115286	-0.127539	-0.135921	-0.140479	-0.141242	-0.138213	-0.131374	-0.120686	-0.106089	-0.0875138	-0.0648873	-0.0381413	-0.00722474	0.0278844	0.0671667	0.110549	0.157894	0.208988	0.263536	0.321156	0.381372	0.443612	0.507198	0.571332	
1.68622	1.68622	1.65734	1.6018	1.52374	1.42867	1.32273	1.21199	1.10175	0.996089	0.897651	0.807707	0.726404	0.653135	0.586915	0.526695	0.471566	0.420857	0.374144	0.331208	0.291971	0.25644	0.224659	0.196681	0.172551	0.152298	0.135938	0.123477	0.114913	0.110243	0.109464	0.112574	0.119577	0.130476	0.145274	0.163966	0.186537	0.212955	0.243161	0.27706	0.314518	0.355348	0.399302	0.446064	0.495234	0.546319	0.598717	0.651692	0.704356	0.755642	
1.39174	1.39174	1.37644	1.34708	1.30589	1.25578	1.19988	1.1411	1.08182	1.02374	0.96781	0.914417	0.86353	0.814923	0.768344	0.723625	0.680724	0.639724	0.600805	0.564195	0.530139	0.498871	0.470594	0.445478	0.423656	0.405231	0.390274	0.378839	0.370959	0.366654	0.365936	0.368806	0.375258	0.385274	0.398827	0.415871	0.436341	0.460145	0.487154	0.517197	0.550049	0.585419	0.622936	0.662136	0.702442	0.74315	0.783408	0.822202	0.858348	0.890491	
1.04767	1.04767	1.04617	1.04326	1.03906	1.03367	1.02711	1.01924	1.0098	0.998453	0.984854	0.968747	0.950034	0.928812	0.90537	0.880158	0.853733	0.826703	0.799677	0.773224	0.747853	0.723999	0.702023	0.682216	0.664807	0.649975	0.637851	0.628533	0.622088	0.61856	0.617971	0.620325	0.625607	0.633783	0.644794	0.658556	0.674952	0.693821	0.714954	0.738079	0.762851	0.788836	0.815503	0.842204	0.868169	0.892498	0.914161	0.932011	0.944806	0.951257	
0.721597	0.721597	0.729553	0.744864	0.766393	0.792574	0.821573	0.851464	0.880403	0.906793	0.92939	0.947367	0.960325	0.968247	0.971433	0.97041	0.965844	0.958464	0.949003	0.938155	0.926551	0.914742	0.903199	0.892316	0.882414	0.873748	0.866521	0.860883	0.856942	0.854771	0.854408	0.855859	0.859098	0.864069	0.870677	0.878789	0.888224	0.89875	0.910071	0.921822	0.933559	0.944751	0.954778	0.962929	0.968406	0.970342	0.967822	0.959919	0.945745	0.924513	
0.457599	0.457599	0.469516	0.492614	0.5255	0.566271	0.612708	0.662483	0.713357	0.763337	0.810794	0.854513	0.893697	0.927933	0.957133	0.981458	1.00125	1.01696	1.02909	1.03819	1.04477	1.04932	1.05227	1.05403	1.05492	1.05523	1.05521	1.05502	1.05481	1.05466	1.05464	1.05474	1.05493	1.05515	1.05526	1.05511	1.05448	1.05311	1.05068	1.04682	1.04111	1.03307	1.02219	1.00793	0.989718	0.967028	0.93937	0.906344	0.867688	0.823319	
0.271153	0.271153	0.283029	0.306233	0.339721	0.382052	0.43151	0.486246	0.544405	0.604241	0.664196	0.72295	0.779445	0.83288	0.882694	0.928535	0.970228	1.00774	1.04114	1.0706	1.09631	1.11852	1.13748	1.15346	1.16669	1.17741	1.18581	1.19204	1.19625	1.19852	1.19889	1.19739	1.19397	1.18856	1.18105	1.17129	1.15909	1.14424	1.1265	1.10562	1.08134	1.05341	1.0216	0.985731	0.945673	0.901393	0.852967	0.800602	0.74466	0.68567	
0.157636	0.157636	0.167843	0.187964	0.21743	0.25543	0.300959	0.352868	0.409923	0.47085	0.534386	0.599319	0.664518	0.728957	0.791735	0.852084	0.909375	0.963112	1.01293	1.05858	1.0999	1.13685	1.16943	1.19768	1.22171	1.24161	1.25751	1.26951	1.2777	1.28215	1.28289	1.27993	1.27325	1.26279	1.24846	1.23017	1.20781	1.18126	1.15043	1.11523	1.07565	1.03172	0.983543	0.931329	0.875391	0.816163	0.754205	0.690201	0.62495	0.559349	
0.105191	0.105191	0.114057	0.131654	0.157709	0.191812	0.233411	0.281816	0.336208	0.395654	0.459128	0.525543	0.593786	0.662753	0.731384	0.798698	0.863811	0.925964	0.984522	1.03898	1.08896	1.13419	1.17451	1.20982	1.24011	1.26538	1.28569	1.30109	1.31164	1.31738	1.31833	1.31451	1.3059	1.29245	1.27411	1.25084	1.22256	1.18926	1.15094	1.10765	1.05955	1.00684	0.949863	0.889073	0.825048	0.758497	0.690247	0.621228	0.552448	0.484954	
0.105191	0.105191	0.114057	0.131654	0.157709	0.191812	0.233411	0.281816	0.336208	0.395654	0.459128	0.525543	0.593786	0.662753	0.731384	0.798698	0.863811	0.925964	0.984522	1.03898	1.08896	1.13419	1.17451	1.20982	1.24011	1.26538	1.28569	1.30109	1.31164	1.31738	1.31833	1.31451	1.3059	1.29245	1.27411	1.25084	1.22256	1.18926	1.15094	1.10765	1.05955	1.00684	0.949863	0.889073	0.825048	0.758497	0.690247	0.621228	0.552448	0.484954	
