0.525948	0.525948	0.524233	0.521384	0.516807	0.51286	0.512882	0.525784	0.561366	0.624695	0.710561	0.79856	0.864116	0.885397	0.855539	0.780798	0.672203	0.543387	0.405828	0.272726	0.156595	0.0604792	-0.0201816	-0.0810919	-0.119258	-0.110528	-0.0585139	0.0192767	0.101169	0.165302	0.219321	0.270309	0.317151	0.36569	0.411719	0.461981	0.5264	0.604674	0.694666	0.764331	0.788401	0.772938	0.726723	0.655274	0.569186	0.468778	0.371319	0.293775	0.223437	0.158788	
0.691776	0.691776	0.68324	0.668695	0.649165	0.630712	0.616021	0.61683	0.641087	0.696135	0.778542	0.868378	0.944685	0.981783	0.973298	0.920467	0.831345	0.716865	0.584637	0.448539	0.323282	0.212794	0.120701	0.0423504	-0.0123478	-0.0237887	0.00845353	0.0792544	0.161982	0.236529	0.308814	0.373603	0.437547	0.502864	0.561494	0.621234	0.683482	0.750965	0.823855	0.873331	0.875922	0.829741	0.746365	0.650791	0.544773	0.433888	0.342971	0.276516	0.214387	0.162826	
0.89177	0.89177	0.875349	0.8473	0.810574	0.774124	0.742653	0.7271	0.737602	0.780419	0.855127	0.943489	1.02558	1.07599	1.08645	1.05526	0.987217	0.89041	0.76616	0.631119	0.494553	0.371394	0.26169	0.167729	0.094984	0.0632198	0.0775306	0.137002	0.216477	0.302494	0.388343	0.470902	0.554853	0.634235	0.707356	0.7735	0.827332	0.874471	0.919122	0.939766	0.919527	0.846407	0.743197	0.632609	0.517066	0.405223	0.313872	0.247729	0.203883	0.182109	
1.10559	1.10559	1.08116	1.03889	0.984197	0.929841	0.88002	0.849153	0.844095	0.874219	0.93882	1.02208	1.10541	1.164	1.18725	1.17371	1.12375	1.04351	0.930757	0.79786	0.655606	0.519462	0.395642	0.284699	0.195773	0.142647	0.137084	0.178338	0.251325	0.339423	0.439419	0.5421	0.645862	0.743264	0.829904	0.896369	0.938785	0.957527	0.961159	0.946409	0.900073	0.813323	0.706936	0.59244	0.477816	0.369168	0.278308	0.21955	0.199627	0.2013	
1.30605	1.30605	1.2746	1.2172	1.14734	1.07376	1.00885	0.962137	0.942376	0.959836	1.01109	1.08686	1.16628	1.22657	1.25879	1.25669	1.22418	1.16127	1.06418	0.939976	0.797613	0.6531	0.514947	0.388269	0.279502	0.205211	0.177378	0.199399	0.260662	0.34942	0.459751	0.57981	0.703016	0.814806	0.905996	0.969197	0.995316	0.981134	0.946547	0.895694	0.824652	0.73027	0.621616	0.510103	0.40904	0.314464	0.232739	0.188536	0.184006	0.211436	
1.46872	1.46872	1.42898	1.3586	1.27081	1.18043	1.09894	1.0367	1.00359	1.00613	1.04566	1.11184	1.18542	1.24773	1.28438	1.29482	1.27763	1.23372	1.15468	1.04355	0.904683	0.754511	0.605031	0.461671	0.33664	0.244144	0.196939	0.201986	0.25111	0.332793	0.446496	0.575793	0.710076	0.828472	0.919698	0.974189	0.981379	0.94047	0.87082	0.78166	0.686892	0.585466	0.482773	0.387479	0.304338	0.220971	0.156308	0.129743	0.146637	0.207134	
1.55831	1.55831	1.51187	1.42674	1.32458	1.2171	1.12226	1.04888	1.0045	0.999358	1.02941	1.08979	1.16048	1.22208	1.26356	1.2805	1.27518	1.24616	1.18505	1.0883	0.959472	0.810383	0.655312	0.502372	0.365279	0.257036	0.194246	0.182832	0.214366	0.285499	0.391973	0.52029	0.659066	0.778518	0.862299	0.902372	0.887222	0.819478	0.716853	0.600666	0.49229	0.391485	0.298844	0.219621	0.148888	0.084706	0.0447429	0.0444437	0.0907228	0.182211	
1.5494	1.5494	1.49562	1.40033	1.28356	1.16421	1.0593	0.977439	0.928424	0.916553	0.942267	0.999013	1.06747	1.1316	1.17716	1.20249	1.21008	1.19925	1.15934	1.08593	0.97317	0.833464	0.678845	0.519067	0.370906	0.249956	0.17302	0.147149	0.166677	0.224321	0.318318	0.438698	0.569584	0.675962	0.74255	0.756517	0.715146	0.626139	0.508409	0.381094	0.265671	0.161012	0.0753541	0.00740492	-0.0450017	-0.0830421	-0.0916347	-0.06124	0.0106959	0.115059	
1.44386	1.44386	1.38424	1.27555	1.14642	1.01268	0.897517	0.808776	0.753633	0.73942	0.762117	0.819248	0.890687	0.961686	1.01682	1.05593	1.08099	1.09228	1.08175	1.03631	0.951185	0.830103	0.684772	0.525576	0.373192	0.241717	0.155854	0.121409	0.129978	0.175183	0.251536	0.349913	0.456807	0.540006	0.578266	0.564476	0.500549	0.398231	0.27088	0.138401	0.0164329	-0.08967	-0.173132	-0.229729	-0.258713	-0.265885	-0.246721	-0.194618	-0.109806	-0.00125913	
1.23175	1.23175	1.16618	1.04948	0.909391	0.767831	0.647995	0.557711	0.505041	0.493762	0.520571	0.583385	0.662103	0.742341	0.810265	0.861957	0.905142	0.939362	0.957849	0.948159	0.898434	0.808703	0.687469	0.543913	0.396772	0.266031	0.175145	0.131698	0.128903	0.155284	0.202048	0.267572	0.342013	0.394224	0.406708	0.369562	0.285239	0.168905	0.0368161	-0.0959395	-0.217859	-0.325146	-0.405794	-0.446977	-0.450878	-0.432584	-0.393322	-0.326376	-0.235804	-0.127058	
0.95058	0.95058	0.880693	0.756099	0.608233	0.46066	0.339071	0.251209	0.204998	0.201013	0.237551	0.31014	0.399912	0.494575	0.574687	0.642327	0.701608	0.756484	0.80522	0.831741	0.823969	0.777231	0.693492	0.578893	0.452807	0.329696	0.239205	0.190791	0.176063	0.181972	0.197631	0.222183	0.251104	0.264669	0.246727	0.187185	0.0902664	-0.0268451	-0.155378	-0.282858	-0.401254	-0.507568	-0.587051	-0.620679	-0.606159	-0.561998	-0.499801	-0.425496	-0.339088	-0.242163	
0.666536	0.666536	0.591545	0.458071	0.300145	0.143837	0.0167805	-0.0716166	-0.116252	-0.11421	-0.0719764	0.00935821	0.110898	0.218047	0.315631	0.399211	0.477646	0.55566	0.634408	0.698305	0.735931	0.734267	0.69387	0.618131	0.518865	0.415144	0.335335	0.289119	0.270415	0.262208	0.243603	0.220125	0.193998	0.158574	0.106401	0.0315781	-0.0662589	-0.176022	-0.295344	-0.409463	-0.518749	-0.621686	-0.702566	-0.730904	-0.703315	-0.639176	-0.565888	-0.492701	-0.415743	-0.332642	
0.422388	0.422388	0.341045	0.19894	0.0274772	-0.139462	-0.27591	-0.370588	-0.415763	-0.415355	-0.369086	-0.283886	-0.174608	-0.0552275	0.055384	0.154254	0.249026	0.345629	0.449995	0.549639	0.629528	0.678595	0.690065	0.661929	0.604051	0.528562	0.462447	0.419328	0.394908	0.367824	0.318948	0.252086	0.175104	0.0953174	0.0158078	-0.0714588	-0.1672	-0.268336	-0.374723	-0.476218	-0.570748	-0.656508	-0.720963	-0.743991	-0.717607	-0.656274	-0.588398	-0.524675	-0.457582	-0.384458	
0.235937	0.235937	0.150571	-0.00100536	-0.1817	-0.359348	-0.503756	-0.602534	-0.651272	-0.65061	-0.605601	-0.520539	-0.409767	-0.288002	-0.173401	-0.0692474	0.0299405	0.135494	0.257427	0.383612	0.506073	0.605962	0.672931	0.702421	0.691254	0.648627	0.59892	0.555679	0.519246	0.474419	0.396285	0.29243	0.1741	0.0622193	-0.0377863	-0.12761	-0.214777	-0.30305	-0.400056	-0.485911	-0.555897	-0.608886	-0.65004	-0.665785	-0.647708	-0.601464	-0.549948	-0.500191	-0.446316	-0.389906	
0.142738	0.142738	0.0511965	-0.107586	-0.302604	-0.491383	-0.648779	-0.757529	-0.813363	-0.82056	-0.780633	-0.702084	-0.594367	-0.475374	-0.35932	-0.256372	-0.156784	-0.0505237	0.0757129	0.218588	0.367826	0.507274	0.625102	0.708321	0.748024	0.746394	0.716836	0.674724	0.62756	0.559386	0.453981	0.318938	0.169609	0.0322803	-0.0782586	-0.165532	-0.237097	-0.306244	-0.378455	-0.438682	-0.481106	-0.504869	-0.520555	-0.527743	-0.520537	-0.491221	-0.454716	-0.420626	-0.39118	-0.36401	
0.143244	0.143244	0.0468144	-0.12338	-0.331595	-0.537421	-0.71063	-0.834436	-0.902992	-0.922121	-0.89241	-0.824137	-0.724719	-0.610403	-0.499809	-0.398912	-0.305617	-0.205322	-0.0811753	0.0659128	0.231302	0.400875	0.556684	0.686867	0.772351	0.80568	0.794489	0.752992	0.690828	0.603074	0.476943	0.320425	0.149085	-0.00355663	-0.122673	-0.206171	-0.259716	-0.298817	-0.336424	-0.363417	-0.371498	-0.360849	-0.351622	-0.353684	-0.356157	-0.344724	-0.327386	-0.314211	-0.308441	-0.306985	
0.201235	0.201235	0.10067	-0.0757469	-0.295315	-0.512196	-0.699515	-0.834624	-0.915858	-0.945555	-0.928053	-0.872381	-0.783301	-0.680274	-0.575526	-0.482533	-0.397815	-0.30599	-0.191339	-0.0465805	0.126603	0.312186	0.496775	0.66226	0.781818	0.84441	0.844416	0.794176	0.712107	0.599081	0.452871	0.283682	0.107039	-0.046895	-0.165143	-0.242822	-0.281577	-0.296361	-0.296718	-0.277404	-0.24081	-0.192419	-0.156087	-0.145105	-0.154355	-0.163897	-0.172178	-0.183236	-0.199348	-0.21676	
0.310338	0.310338	0.206983	0.0250357	-0.203048	-0.430699	-0.629164	-0.776263	-0.866624	-0.907263	-0.898748	-0.854221	-0.775795	-0.681902	-0.585959	-0.50194	-0.428145	-0.351092	-0.251604	-0.116361	0.0524392	0.247245	0.449293	0.638169	0.784558	0.864997	0.866398	0.801147	0.690705	0.547419	0.383404	0.206642	0.0326148	-0.115816	-0.227768	-0.29942	-0.324593	-0.313078	-0.268663	-0.204225	-0.125627	-0.0412281	0.0265471	0.0565599	0.0546437	0.0369388	0.00592478	-0.0342595	-0.0739175	-0.100439	
0.462594	0.462594	0.357839	0.170613	-0.063822	-0.302121	-0.512332	-0.671067	-0.774255	-0.825103	-0.82904	-0.795948	-0.72921	-0.644723	-0.556955	-0.477877	-0.41361	-0.346455	-0.26088	-0.13963	0.0207476	0.211292	0.414651	0.612111	0.76679	0.854431	0.853711	0.773248	0.637467	0.469196	0.286101	0.0999949	-0.0755889	-0.219814	-0.327977	-0.391205	-0.400904	-0.360756	-0.277966	-0.170078	-0.0510763	0.0646432	0.157438	0.211855	0.230471	0.217459	0.177948	0.12122	0.0679011	0.0348034	
0.642978	0.642978	0.53634	0.345984	0.103716	-0.144518	-0.3687	-0.541833	-0.659982	-0.724638	-0.74233	-0.722264	-0.66667	-0.592103	-0.507803	-0.433382	-0.371491	-0.311574	-0.238506	-0.129829	0.0162753	0.194504	0.391159	0.580805	0.733308	0.817837	0.808744	0.713039	0.557265	0.366993	0.171232	-0.0229752	-0.199091	-0.345221	-0.453378	-0.513445	-0.5132	-0.45408	-0.336896	-0.192034	-0.0424097	0.0970916	0.213785	0.293031	0.333475	0.33793	0.309358	0.256404	0.20282	0.170634	
0.811046	0.811046	0.705392	0.51266	0.268916	0.012024	-0.220438	-0.406488	-0.53626	-0.613118	-0.643406	-0.634837	-0.592849	-0.526777	-0.451249	-0.379746	-0.321989	-0.268483	-0.204833	-0.109307	0.0213354	0.186005	0.365107	0.539356	0.67728	0.748317	0.727616	0.62061	0.450099	0.24935	0.0452764	-0.154384	-0.335402	-0.485693	-0.594929	-0.651306	-0.645192	-0.574675	-0.444958	-0.289613	-0.123377	0.0372606	0.179429	0.284941	0.352091	0.378029	0.371356	0.34187	0.308558	0.289783	
0.937903	0.937903	0.834077	0.643941	0.40054	0.141619	-0.0978213	-0.291542	-0.432414	-0.517934	-0.559278	-0.560216	-0.528058	-0.469956	-0.398083	-0.32694	-0.268611	-0.215793	-0.158959	-0.0759016	0.0392329	0.181411	0.337993	0.485882	0.600269	0.653418	0.621973	0.50839	0.33476	0.132111	-0.0725657	-0.273901	-0.456793	-0.609536	-0.719955	-0.773762	-0.767949	-0.703213	-0.585769	-0.437239	-0.271319	-0.102231	0.0568285	0.184968	0.272192	0.320437	0.348449	0.359069	0.359818	0.360257	
1.00563	1.00563	0.905534	0.71962	0.48122	0.222072	-0.0190861	-0.219419	-0.366645	-0.458817	-0.506638	-0.512268	-0.48525	-0.42923	-0.354716	-0.278982	-0.210439	-0.153268	-0.0957685	-0.020682	0.0768501	0.19518	0.320381	0.431284	0.513208	0.540097	0.497202	0.38545	0.221363	0.0334073	-0.158343	-0.352083	-0.533287	-0.692462	-0.806891	-0.862869	-0.863849	-0.812318	-0.71514	-0.59303	-0.45012	-0.29301	-0.135085	0.000230748	0.100935	0.175388	0.242252	0.301896	0.344815	0.371715	
1.00853	1.00853	0.913525	0.73564	0.505671	0.251822	0.013055	-0.189043	-0.338149	-0.432754	-0.481307	-0.485874	-0.458005	-0.395506	-0.313994	-0.22277	-0.1393	-0.0685191	-0.00480618	0.0635914	0.143506	0.232873	0.318398	0.38773	0.429626	0.429985	0.379358	0.27679	0.131722	-0.0327819	-0.206682	-0.38633	-0.562914	-0.720161	-0.833866	-0.891156	-0.900281	-0.866313	-0.804895	-0.723185	-0.617357	-0.492412	-0.35638	-0.227532	-0.117397	-0.0197133	0.0859671	0.190599	0.271741	0.322291	
0.962748	0.962748	0.87418	0.707831	0.489507	0.246689	0.0134735	-0.184438	-0.332965	-0.424946	-0.470418	-0.470325	-0.43518	-0.365152	-0.269656	-0.162669	-0.0585821	0.0289952	0.102926	0.168113	0.233715	0.293921	0.344272	0.370786	0.375447	0.348453	0.289928	0.194995	0.0695617	-0.0709875	-0.220394	-0.376931	-0.532419	-0.675461	-0.782769	-0.842157	-0.86595	-0.860471	-0.838801	-0.798567	-0.741308	-0.662296	-0.562018	-0.447301	-0.333798	-0.217233	-0.0895625	0.0383176	0.146026	0.22441	
0.90584	0.90584	0.824675	0.670826	0.4668	0.235059	0.0103488	-0.186071	-0.332905	-0.426332	-0.470062	-0.467296	-0.427513	-0.349386	-0.241478	-0.116863	0.0107845	0.119492	0.209679	0.278131	0.331872	0.369021	0.383263	0.371586	0.33875	0.28699	0.221126	0.136053	0.0324306	-0.0794745	-0.199611	-0.321248	-0.445897	-0.566458	-0.661987	-0.728679	-0.774607	-0.800537	-0.817547	-0.822054	-0.811941	-0.780485	-0.720644	-0.629392	-0.522308	-0.403625	-0.275259	-0.13842	-0.0116162	0.09584	
0.876126	0.876126	0.800835	0.659396	0.465195	0.243642	0.0205154	-0.177944	-0.330588	-0.431811	-0.478666	-0.478707	-0.435989	-0.350987	-0.232646	-0.0881946	0.0598956	0.191529	0.295735	0.364702	0.405031	0.415198	0.395388	0.3496	0.287906	0.22152	0.157682	0.0897243	0.0132359	-0.0686861	-0.154613	-0.23823	-0.326838	-0.41694	-0.50168	-0.578643	-0.646234	-0.703151	-0.756544	-0.796382	-0.828662	-0.848359	-0.837093	-0.779943	-0.686348	-0.57088	-0.445283	-0.313242	-0.18244	-0.0618591	
0.859858	0.859858	0.792093	0.66246	0.481854	0.270513	0.0514691	-0.148107	-0.30819	-0.416713	-0.470616	-0.475485	-0.432255	-0.347213	-0.220614	-0.0671768	0.0960216	0.241005	0.352135	0.415922	0.438817	0.420927	0.371207	0.298071	0.217796	0.145471	0.0908718	0.0434169	-0.00379305	-0.0525031	-0.101428	-0.142689	-0.186984	-0.243673	-0.313974	-0.39597	-0.48293	-0.567998	-0.649699	-0.722854	-0.800315	-0.869177	-0.90478	-0.880338	-0.804379	-0.696783	-0.583827	-0.465164	-0.343978	-0.227356	
0.843169	0.843169	0.783501	0.669884	0.505705	0.310025	0.100838	-0.097191	-0.258973	-0.375804	-0.435417	-0.44696	-0.408094	-0.32562	-0.200835	-0.0451994	0.121335	0.271089	0.379826	0.434731	0.435686	0.393056	0.31623	0.224378	0.13087	0.0588823	0.0113967	-0.0177633	-0.0382171	-0.0558872	-0.0637448	-0.0541735	-0.0466442	-0.0575627	-0.100556	-0.182566	-0.284685	-0.398097	-0.513031	-0.625115	-0.736004	-0.83702	-0.902346	-0.911112	-0.865931	-0.786917	-0.696471	-0.595977	-0.490648	-0.383717	
0.840251	0.840251	0.789018	0.690096	0.542395	0.362344	0.16094	-0.0341024	-0.201766	-0.32676	-0.395227	-0.414987	-0.380905	-0.302289	-0.181173	-0.0255351	0.138172	0.287229	0.387524	0.426337	0.402747	0.330883	0.228621	0.117874	0.016179	-0.0568342	-0.096738	-0.109398	-0.105346	-0.0906049	-0.0540422	0.00433206	0.0662862	0.105794	0.092842	0.0233575	-0.0829003	-0.218359	-0.362665	-0.504628	-0.64065	-0.761946	-0.849996	-0.891939	-0.88419	-0.846923	-0.792799	-0.721511	-0.630818	-0.529063	
0.842228	0.842228	0.799889	0.713234	0.583697	0.416372	0.224657	0.0313804	-0.142964	-0.275021	-0.355471	-0.38149	-0.352646	-0.278607	-0.158621	-0.00871273	0.151404	0.292673	0.37983	0.398581	0.347397	0.245157	0.117132	-0.0107334	-0.121287	-0.194519	-0.227871	-0.226069	-0.197189	-0.148707	-0.0744512	0.0255447	0.130843	0.208365	0.228011	0.184312	0.0897852	-0.0450968	-0.197955	-0.359015	-0.514588	-0.650437	-0.758958	-0.83337	-0.869302	-0.877288	-0.863086	-0.82036	-0.74928	-0.659383	
0.814494	0.814494	0.780859	0.711995	0.602307	0.456129	0.280924	0.0962686	-0.074596	-0.210769	-0.296358	-0.327269	-0.304859	-0.234821	-0.124381	0.0148368	0.160534	0.285517	0.353003	0.351514	0.274644	0.151002	0.00575975	-0.132421	-0.246051	-0.319569	-0.352392	-0.341594	-0.296049	-0.224712	-0.120536	0.00708075	0.141242	0.251215	0.305825	0.294376	0.227266	0.108614	-0.039531	-0.205094	-0.36068	-0.500198	-0.62216	-0.731686	-0.811757	-0.861422	-0.881664	-0.874843	-0.832432	-0.761118	
0.760308	0.760308	0.737252	0.684303	0.598749	0.474839	0.32004	0.150367	-0.0149289	-0.147963	-0.236834	-0.269115	-0.250294	-0.184104	-0.0830687	0.0426951	0.169379	0.272484	0.319439	0.295535	0.201352	0.0625854	-0.0897474	-0.230407	-0.339646	-0.413479	-0.44384	-0.428605	-0.375376	-0.287772	-0.168426	-0.0304733	0.119609	0.252391	0.335879	0.363713	0.327708	0.233098	0.0993834	-0.05367	-0.198656	-0.331567	-0.45993	-0.58712	-0.699105	-0.790554	-0.853811	-0.89062	-0.882574	-0.8343	
0.693449	0.693449	0.679998	0.643217	0.581171	0.480006	0.348208	0.1947	0.0388471	-0.0889174	-0.179345	-0.211008	-0.194491	-0.132397	-0.037697	0.071609	0.181047	0.261148	0.28926	0.248192	0.143462	-0.00391716	-0.158751	-0.298495	-0.407311	-0.478703	-0.50744	-0.487741	-0.422261	-0.320175	-0.194606	-0.05513	0.0911807	0.225491	0.327454	0.384892	0.379213	0.320002	0.21679	0.0889929	-0.0378914	-0.158015	-0.285742	-0.418428	-0.551103	-0.671415	-0.768881	-0.842898	-0.88115	-0.870382	
0.621779	0.621779	0.616214	0.599042	0.558025	0.484986	0.378112	0.244601	0.105466	-0.017518	-0.103074	-0.136731	-0.123353	-0.0662869	0.0152659	0.106835	0.193007	0.247867	0.257278	0.204049	0.094135	-0.0519555	-0.204377	-0.341838	-0.447533	-0.518457	-0.545235	-0.51961	-0.443463	-0.332439	-0.203668	-0.0735188	0.0570817	0.182039	0.28989	0.362124	0.384754	0.36138	0.298385	0.211364	0.116841	0.0147479	-0.108058	-0.248002	-0.387242	-0.514276	-0.629161	-0.728678	-0.802545	-0.836389	
0.576068	0.576068	0.578288	0.573832	0.552853	0.50123	0.416547	0.302171	0.176009	0.0599058	-0.0236751	-0.0607999	-0.0523834	-0.0055517	0.0589786	0.12769	0.18377	0.209325	0.198417	0.133231	0.0264011	-0.110176	-0.251569	-0.376283	-0.471669	-0.536943	-0.555103	-0.524795	-0.446731	-0.332261	-0.214483	-0.101271	0.00953627	0.118845	0.222685	0.304944	0.347295	0.357748	0.33587	0.297016	0.236378	0.152612	0.041312	-0.091558	-0.232752	-0.362706	-0.482934	-0.587811	-0.674714	-0.742242	
0.545008	0.545008	0.553233	0.562075	0.55824	0.528334	0.465352	0.3698	0.256976	0.145911	0.060565	0.0138926	0.00977745	0.0357476	0.0772747	0.114273	0.137098	0.134391	0.103073	0.0359444	-0.0606429	-0.179838	-0.301702	-0.409662	-0.493709	-0.54385	-0.552093	-0.512576	-0.429078	-0.318204	-0.21503	-0.12313	-0.0416458	0.0413322	0.133618	0.216483	0.277764	0.32363	0.344355	0.345702	0.314622	0.247254	0.152265	0.0346676	-0.105228	-0.23261	-0.343256	-0.444842	-0.541082	-0.624227	
0.505402	0.505402	0.519137	0.542745	0.555769	0.550791	0.512092	0.438954	0.345133	0.239838	0.155829	0.0960404	0.0742069	0.0741829	0.0829549	0.0843268	0.068314	0.035634	-0.0156958	-0.0813675	-0.164649	-0.259954	-0.357164	-0.445802	-0.510962	-0.542612	-0.53682	-0.485107	-0.397678	-0.297234	-0.204225	-0.135469	-0.0806841	-0.0226248	0.0498876	0.122607	0.197052	0.265635	0.324557	0.358393	0.357247	0.310914	0.230557	0.126359	0.00459086	-0.114816	-0.217208	-0.310994	-0.412347	-0.508939	
0.455812	0.455812	0.476465	0.509176	0.541956	0.557985	0.545908	0.49966	0.426322	0.336813	0.255067	0.188212	0.147962	0.121093	0.0941466	0.0574861	-0.000412437	-0.0662162	-0.137605	-0.207024	-0.27532	-0.34684	-0.420333	-0.483343	-0.528756	-0.540513	-0.515983	-0.456735	-0.369642	-0.276706	-0.195907	-0.13868	-0.101286	-0.0627124	-0.0148893	0.0443299	0.118976	0.197534	0.278686	0.338018	0.35762	0.337606	0.283712	0.20414	0.106918	-0.0046002	-0.106407	-0.192841	-0.294766	-0.404733	
0.3942	0.3942	0.42019	0.464322	0.514322	0.554755	0.569459	0.554547	0.504289	0.435938	0.357446	0.286526	0.227126	0.172193	0.113252	0.0387661	-0.0524723	-0.145437	-0.23334	-0.302157	-0.359644	-0.412338	-0.467187	-0.512837	-0.542967	-0.53715	-0.496188	-0.428834	-0.34039	-0.253309	-0.182058	-0.130559	-0.106398	-0.0862625	-0.0583728	-0.0113532	0.0614405	0.145457	0.233121	0.304715	0.337692	0.344438	0.3297	0.280666	0.206018	0.110272	0.00823662	-0.0891991	-0.186253	-0.289692	
0.336901	0.336901	0.366273	0.421355	0.484826	0.548435	0.589129	0.603842	0.581025	0.532425	0.461937	0.38618	0.307123	0.224288	0.131939	0.0214302	-0.0986196	-0.216133	-0.316646	-0.382814	-0.431744	-0.464427	-0.497938	-0.52848	-0.536555	-0.517984	-0.467163	-0.395643	-0.318099	-0.24432	-0.180286	-0.138085	-0.117169	-0.108785	-0.0941257	-0.0557159	0.0145173	0.10134	0.192095	0.267328	0.318165	0.344879	0.355129	0.334151	0.287525	0.212617	0.119002	0.0153285	-0.07237	-0.155154	
0.289606	0.289606	0.323607	0.384057	0.463566	0.543549	0.612309	0.653132	0.658873	0.629232	0.566175	0.4831	0.380157	0.265807	0.134003	-0.0113616	-0.161098	-0.299736	-0.406235	-0.471362	-0.502924	-0.513551	-0.51971	-0.523658	-0.510014	-0.476378	-0.422675	-0.357191	-0.300566	-0.246514	-0.197966	-0.165889	-0.148039	-0.144613	-0.138454	-0.098968	-0.028559	0.0627618	0.153902	0.228375	0.288888	0.327237	0.350256	0.360223	0.343246	0.292258	0.220123	0.133452	0.0514564	-0.0137111	
0.255248	0.255248	0.292659	0.358128	0.450351	0.54542	0.637684	0.702562	0.732023	0.718597	0.658507	0.56345	0.43387	0.283229	0.113959	-0.0642494	-0.236514	-0.388192	-0.494143	-0.556035	-0.567248	-0.558572	-0.535409	-0.508667	-0.474791	-0.42323	-0.367408	-0.314453	-0.274821	-0.245417	-0.218838	-0.197063	-0.186433	-0.184247	-0.176437	-0.132404	-0.0632994	0.0247784	0.105518	0.173966	0.234564	0.289624	0.330439	0.3686	0.381398	0.363489	0.314216	0.249991	0.184002	0.130789	
0.235853	0.235853	0.273475	0.344559	0.441759	0.55162	0.659953	0.746728	0.797287	0.797201	0.741931	0.633241	0.479518	0.292725	0.0889196	-0.120683	-0.311139	-0.474216	-0.581075	-0.638875	-0.639273	-0.610409	-0.560698	-0.505444	-0.445509	-0.383783	-0.324785	-0.28609	-0.261002	-0.250631	-0.238703	-0.224313	-0.213473	-0.212556	-0.200332	-0.165284	-0.110147	-0.0384148	0.0283621	0.0905487	0.157779	0.231951	0.2928	0.355838	0.406259	0.427497	0.403201	0.359694	0.318907	0.280544	
0.208791	0.208791	0.246663	0.323554	0.425746	0.550397	0.67521	0.783601	0.857399	0.870903	0.824425	0.704272	0.529495	0.31176	0.0736253	-0.159743	-0.370132	-0.538935	-0.651723	-0.705783	-0.705148	-0.658812	-0.590592	-0.508722	-0.426007	-0.355378	-0.295663	-0.262236	-0.24882	-0.244905	-0.241078	-0.23403	-0.223566	-0.222302	-0.212193	-0.191704	-0.151641	-0.103974	-0.050434	0.00833913	0.0815077	0.162799	0.247999	0.333253	0.415429	0.471878	0.486841	0.474024	0.455672	0.439298	
0.16864	0.16864	0.208543	0.289532	0.400103	0.537593	0.679925	0.810372	0.90483	0.936302	0.896557	0.771296	0.578757	0.335453	0.0695356	-0.18261	-0.41023	-0.580285	-0.701607	-0.754012	-0.753976	-0.698018	-0.610355	-0.502703	-0.400228	-0.313378	-0.256481	-0.22444	-0.220625	-0.225294	-0.233482	-0.234019	-0.228904	-0.217013	-0.204437	-0.189935	-0.16304	-0.140035	-0.104441	-0.048317	0.0223335	0.103639	0.206991	0.301306	0.39595	0.480953	0.54519	0.58279	0.600767	0.606149	
0.135108	0.135108	0.178251	0.259612	0.380093	0.525145	0.682815	0.831918	0.940343	0.990836	0.951873	0.825846	0.616966	0.350544	0.0657089	-0.208003	-0.442716	-0.618528	-0.741023	-0.794039	-0.789272	-0.726307	-0.616013	-0.488131	-0.36693	-0.271651	-0.219375	-0.197819	-0.201612	-0.218356	-0.238354	-0.24148	-0.238323	-0.214385	-0.189575	-0.175688	-0.164998	-0.150956	-0.131055	-0.083064	-0.0191385	0.0580882	0.152246	0.249922	0.354181	0.464586	0.571824	0.662886	0.729118	0.761886	
0.129613	0.129613	0.173278	0.255016	0.37853	0.52712	0.692374	0.849267	0.966679	1.0233	0.984707	0.85359	0.631323	0.349355	0.0501279	-0.236012	-0.470725	-0.650271	-0.765166	-0.819175	-0.808875	-0.739469	-0.618003	-0.478088	-0.347442	-0.255557	-0.207961	-0.19822	-0.207867	-0.230887	-0.254634	-0.262526	-0.252744	-0.221399	-0.185846	-0.167846	-0.167404	-0.159207	-0.143832	-0.107931	-0.0526921	0.018172	0.0974472	0.19717	0.309214	0.436853	0.576386	0.709488	0.814505	0.878893	
0.146112	0.146112	0.186584	0.27018	0.387729	0.537732	0.701459	0.856641	0.979124	1.03003	0.995356	0.856719	0.62873	0.342355	0.0330735	-0.25186	-0.488374	-0.666384	-0.776791	-0.832325	-0.821283	-0.74802	-0.626348	-0.478506	-0.345962	-0.256413	-0.212932	-0.208187	-0.224966	-0.251303	-0.273797	-0.290041	-0.268267	-0.228373	-0.189143	-0.164392	-0.166835	-0.176892	-0.15946	-0.129332	-0.0795577	-0.0092237	0.0724649	0.166251	0.27384	0.406516	0.568503	0.732122	0.860185	0.94062	
0.146112	0.146112	0.186584	0.27018	0.387729	0.537732	0.701459	0.856641	0.979124	1.03003	0.995356	0.856719	0.62873	0.342355	0.0330735	-0.25186	-0.488374	-0.666384	-0.776791	-0.832325	-0.821283	-0.74802	-0.626348	-0.478506	-0.345962	-0.256413	-0.212932	-0.208187	-0.224966	-0.251303	-0.273797	-0.290041	-0.268267	-0.228373	-0.189143	-0.164392	-0.166835	-0.176892	-0.15946	-0.129332	-0.0795577	-0.0092237	0.0724649	0.166251	0.27384	0.406516	0.568503	0.732122	0.860185	0.94062	
