0.485362	0.485362	0.496419	0.509933	0.536527	0.58921	0.676795	0.789811	0.912475	1.00634	1.04375	0.991731	0.848744	0.624778	0.344924	0.0352019	-0.249224	-0.465539	-0.590467	-0.605534	-0.479994	-0.233718	0.0693883	0.385269	0.691063	0.953171	1.14181	1.26407	1.31861	1.29992	1.22723	1.11832	0.962346	0.772547	0.570637	0.366753	0.16665	-0.0382934	-0.236729	-0.411573	-0.533637	-0.575246	-0.557784	-0.503427	-0.438672	-0.397044	-0.411303	-0.475306	-0.600037	-0.775052	
0.485362	0.485362	0.496419	0.509933	0.536527	0.58921	0.676795	0.789811	0.912475	1.00634	1.04375	0.991731	0.848744	0.624778	0.344924	0.0352019	-0.249224	-0.465539	-0.590467	-0.605534	-0.479994	-0.233718	0.0693883	0.385269	0.691063	0.953171	1.14181	1.26407	1.31861	1.29992	1.22723	1.11832	0.962346	0.772547	0.570637	0.366753	0.16665	-0.0382934	-0.236729	-0.411573	-0.533637	-0.575246	-0.557784	-0.503427	-0.438672	-0.397044	-0.411303	-0.475306	-0.600037	-0.775052	
0.496419	0.496419	0.494374	0.503151	0.531016	0.584622	0.668561	0.779315	0.895021	0.985183	1.01638	0.963972	0.815494	0.58759	0.313514	0.0161614	-0.274336	-0.499076	-0.627512	-0.6378	-0.510972	-0.276574	0.00694331	0.32424	0.632564	0.894505	1.09275	1.21616	1.26638	1.25833	1.1987	1.09381	0.954454	0.77588	0.575588	0.379799	0.185252	-0.0120995	-0.200901	-0.367742	-0.493157	-0.540229	-0.523485	-0.460468	-0.388952	-0.352418	-0.363355	-0.429792	-0.548227	-0.714301	
0.509933	0.509933	0.503151	0.514597	0.541092	0.584139	0.658204	0.760026	0.86305	0.947291	0.971156	0.909232	0.755613	0.530448	0.257536	-0.0384199	-0.332232	-0.558328	-0.687214	-0.699355	-0.58614	-0.372483	-0.102006	0.216864	0.523364	0.784975	0.990031	1.11783	1.17475	1.18905	1.1513	1.06325	0.942882	0.785356	0.597547	0.415692	0.234447	0.0445563	-0.140891	-0.298902	-0.418579	-0.461765	-0.443246	-0.383789	-0.314797	-0.273121	-0.275594	-0.342058	-0.457063	-0.604988	
0.536527	0.536527	0.531016	0.541092	0.561219	0.589066	0.652708	0.741136	0.829712	0.892762	0.904645	0.835084	0.684258	0.455342	0.177119	-0.119249	-0.401695	-0.624873	-0.757274	-0.781738	-0.690249	-0.497953	-0.230604	0.0864741	0.389875	0.649931	0.857406	0.993773	1.07224	1.11235	1.1029	1.04208	0.942478	0.810222	0.64641	0.480056	0.314982	0.130439	-0.0546547	-0.205509	-0.314456	-0.351028	-0.325563	-0.275889	-0.220133	-0.171643	-0.163412	-0.212837	-0.31886	-0.453813	
0.58921	0.58921	0.584622	0.584139	0.589066	0.605785	0.656431	0.732074	0.801529	0.836567	0.828688	0.755088	0.598291	0.363692	0.0896034	-0.198183	-0.47019	-0.691567	-0.830924	-0.870982	-0.793025	-0.616396	-0.361193	-0.0573339	0.242288	0.505898	0.723558	0.881685	0.982151	1.04312	1.05785	1.0314	0.964546	0.860156	0.722257	0.570911	0.414018	0.234851	0.0572057	-0.0929972	-0.198153	-0.232176	-0.208911	-0.162245	-0.11245	-0.0644826	-0.0450515	-0.0690944	-0.152055	-0.273452	
0.676795	0.676795	0.668561	0.658204	0.652708	0.656431	0.679824	0.729235	0.780126	0.796672	0.768005	0.676524	0.506222	0.274142	0.0140619	-0.265304	-0.533401	-0.750467	-0.891481	-0.941492	-0.87757	-0.711804	-0.474448	-0.191861	0.101704	0.375683	0.611335	0.792548	0.914881	0.987807	1.02887	1.03997	1.01536	0.936639	0.816041	0.669898	0.509959	0.337549	0.168913	0.0169905	-0.0884786	-0.125591	-0.114888	-0.0763844	-0.0220548	0.0315814	0.0647299	0.0593383	0.0101256	-0.0770256	
0.789811	0.789811	0.779315	0.760026	0.741136	0.732074	0.729235	0.740839	0.760576	0.765789	0.721279	0.6076	0.424532	0.201635	-0.0467507	-0.313774	-0.572975	-0.782757	-0.92575	-0.981441	-0.928829	-0.770849	-0.552554	-0.291508	-0.00447532	0.280539	0.525744	0.726871	0.870775	0.960893	1.02481	1.07123	1.07682	1.02301	0.915282	0.767666	0.594573	0.416809	0.245091	0.0890166	-0.0212509	-0.0621092	-0.0630891	-0.0317908	0.0236803	0.0829717	0.134857	0.160147	0.151534	0.107793	
0.912475	0.912475	0.895021	0.86305	0.829712	0.801529	0.780126	0.760576	0.751193	0.729133	0.665412	0.541449	0.365251	0.144359	-0.0989514	-0.344491	-0.579794	-0.777212	-0.917493	-0.976903	-0.936022	-0.793306	-0.590785	-0.339015	-0.0535109	0.228745	0.475012	0.682371	0.846701	0.961741	1.0485	1.11165	1.12962	1.09033	0.990742	0.841214	0.655105	0.457717	0.266475	0.10339	-0.015397	-0.0685771	-0.0751395	-0.0458957	0.00963403	0.0799322	0.15635	0.228434	0.264112	0.253091	
1.00634	1.00634	0.985183	0.947291	0.892762	0.836567	0.796672	0.765789	0.729133	0.680855	0.598151	0.469051	0.298087	0.0947614	-0.130907	-0.357093	-0.570154	-0.745774	-0.870728	-0.93018	-0.897537	-0.777605	-0.591337	-0.34448	-0.065286	0.206389	0.452611	0.662115	0.833873	0.975374	1.07738	1.14478	1.16602	1.12957	1.02923	0.874074	0.673991	0.449347	0.231792	0.053684	-0.0734706	-0.141781	-0.159315	-0.129859	-0.0628623	0.028942	0.134453	0.241098	0.318829	0.341742	
1.04375	1.04375	1.01638	0.971156	0.904645	0.828688	0.768005	0.721279	0.665412	0.598151	0.506874	0.380238	0.22377	0.043824	-0.158365	-0.363787	-0.549033	-0.699977	-0.80538	-0.85505	-0.827633	-0.727004	-0.554708	-0.321098	-0.056886	0.204573	0.449156	0.653022	0.826477	0.981284	1.0982	1.16792	1.19062	1.14662	1.03198	0.859154	0.642117	0.396315	0.159598	-0.0359965	-0.179971	-0.269986	-0.294169	-0.260256	-0.173899	-0.0526589	0.083045	0.212054	0.321119	0.380411	
0.991731	0.991731	0.963972	0.909232	0.835084	0.755088	0.676524	0.6076	0.541449	0.469051	0.380238	0.268325	0.132801	-0.0234126	-0.193785	-0.367224	-0.519531	-0.646634	-0.737922	-0.775278	-0.743924	-0.651315	-0.495744	-0.283303	-0.0412608	0.208898	0.444637	0.648182	0.820093	0.973947	1.09748	1.17314	1.19353	1.14123	1.01053	0.817898	0.584564	0.320953	0.0665616	-0.152884	-0.322968	-0.428351	-0.44763	-0.395575	-0.289625	-0.146447	0.0141853	0.166504	0.295171	0.382184	
0.848744	0.848744	0.815494	0.755613	0.684258	0.598291	0.506222	0.424532	0.365251	0.298087	0.22377	0.132801	0.0168081	-0.118096	-0.244349	-0.369374	-0.488121	-0.590412	-0.667148	-0.697464	-0.668575	-0.578704	-0.429094	-0.234177	-0.0174497	0.208997	0.428856	0.627941	0.803664	0.954838	1.08044	1.1592	1.17165	1.10528	0.960951	0.75913	0.516726	0.244055	-0.0300979	-0.275628	-0.467791	-0.57295	-0.582587	-0.510499	-0.382943	-0.219666	-0.0462918	0.124972	0.268324	0.374437	
0.624778	0.624778	0.58759	0.530448	0.455342	0.363692	0.274142	0.201635	0.144359	0.0947614	0.043824	-0.0234126	-0.118096	-0.21479	-0.297636	-0.380924	-0.472002	-0.550027	-0.607083	-0.627997	-0.600154	-0.513733	-0.375367	-0.202948	-0.0118874	0.190113	0.392919	0.589201	0.768658	0.920806	1.04403	1.12032	1.12347	1.04731	0.899683	0.695842	0.447733	0.171862	-0.116522	-0.385327	-0.588113	-0.686196	-0.684727	-0.598099	-0.450186	-0.270567	-0.0855668	0.0918386	0.244485	0.36033	
0.344924	0.344924	0.313514	0.257536	0.177119	0.0896034	0.0140619	-0.0467507	-0.0989514	-0.130907	-0.158365	-0.193785	-0.244349	-0.297636	-0.35474	-0.410128	-0.473704	-0.530989	-0.564341	-0.568099	-0.537737	-0.457348	-0.3343	-0.188481	-0.0167799	0.167737	0.355617	0.544823	0.723373	0.874838	0.994694	1.06868	1.06968	0.990335	0.839988	0.631397	0.375745	0.0988681	-0.192466	-0.470088	-0.673911	-0.768926	-0.756602	-0.655975	-0.491725	-0.295904	-0.0938873	0.0846652	0.231055	0.344376	
0.0352019	0.0352019	0.0161614	-0.0384199	-0.119249	-0.198183	-0.265304	-0.313774	-0.344491	-0.357093	-0.363787	-0.367224	-0.369374	-0.380924	-0.410128	-0.444188	-0.481298	-0.519303	-0.534063	-0.521008	-0.481471	-0.4051	-0.295288	-0.165139	-0.00998966	0.158391	0.334087	0.513813	0.681984	0.827199	0.944387	1.01489	1.01889	0.941601	0.7861	0.567976	0.308477	0.0273287	-0.264172	-0.535439	-0.727222	-0.819227	-0.799539	-0.6872	-0.511803	-0.30611	-0.095768	0.0845797	0.224911	0.330883	
-0.249224	-0.249224	-0.274336	-0.332232	-0.401695	-0.47019	-0.533401	-0.572975	-0.579794	-0.570154	-0.549033	-0.519531	-0.488121	-0.472002	-0.473704	-0.481298	-0.489046	-0.502948	-0.503742	-0.480806	-0.432505	-0.355293	-0.246033	-0.121627	0.0202057	0.174711	0.336515	0.500524	0.661786	0.806023	0.91647	0.975367	0.970133	0.890812	0.736669	0.519134	0.258998	-0.0237299	-0.314422	-0.574071	-0.75466	-0.840886	-0.820889	-0.704244	-0.524709	-0.317941	-0.109539	0.0711815	0.208107	0.304472	
-0.465539	-0.465539	-0.499076	-0.558328	-0.624873	-0.691567	-0.750467	-0.782757	-0.777212	-0.745774	-0.699977	-0.646634	-0.590412	-0.550027	-0.530989	-0.519303	-0.502948	-0.489565	-0.473749	-0.43658	-0.372529	-0.286874	-0.177269	-0.0500603	0.0897555	0.235626	0.383283	0.533746	0.689598	0.831102	0.933509	0.975371	0.951313	0.865343	0.715154	0.50296	0.240127	-0.0478532	-0.332555	-0.577356	-0.750144	-0.836102	-0.818246	-0.709693	-0.537033	-0.331884	-0.128845	0.0418328	0.167227	0.250978	
-0.590467	-0.590467	-0.627512	-0.687214	-0.757274	-0.830924	-0.891481	-0.92575	-0.917493	-0.870728	-0.80538	-0.737922	-0.667148	-0.607083	-0.564341	-0.534063	-0.503742	-0.473749	-0.437065	-0.377806	-0.289275	-0.183805	-0.0599524	0.075958	0.217103	0.356733	0.493411	0.634817	0.779715	0.906567	0.99676	1.03174	0.99553	0.892325	0.73295	0.519307	0.254614	-0.0329729	-0.306449	-0.536576	-0.703328	-0.794382	-0.788998	-0.694677	-0.535933	-0.340466	-0.14848	0.00397821	0.110909	0.178922	
-0.605534	-0.605534	-0.6378	-0.699355	-0.781738	-0.870982	-0.941492	-0.981441	-0.976903	-0.93018	-0.85505	-0.775278	-0.697464	-0.627997	-0.568099	-0.521008	-0.480806	-0.43658	-0.377806	-0.289774	-0.176131	-0.0442534	0.102789	0.25012	0.393184	0.534693	0.675034	0.808954	0.932654	1.03155	1.10385	1.12648	1.08296	0.968396	0.791863	0.571426	0.313373	0.0363993	-0.228422	-0.45501	-0.624006	-0.720897	-0.729667	-0.654225	-0.516573	-0.344293	-0.175319	-0.0362984	0.0552869	0.100666	
-0.479994	-0.479994	-0.510972	-0.58614	-0.690249	-0.793025	-0.87757	-0.928829	-0.936022	-0.897537	-0.827633	-0.743924	-0.668575	-0.600154	-0.537737	-0.481471	-0.432505	-0.372529	-0.289275	-0.176131	-0.0409009	0.117694	0.29219	0.455026	0.611175	0.766824	0.910846	1.03446	1.13891	1.21862	1.26631	1.26024	1.19749	1.0773	0.894073	0.668462	0.41325	0.148446	-0.111613	-0.345792	-0.523313	-0.626491	-0.651028	-0.59814	-0.487261	-0.346547	-0.198418	-0.073922	0.00634064	0.0364315	
-0.233718	-0.233718	-0.276574	-0.372483	-0.497953	-0.616396	-0.711804	-0.770849	-0.793306	-0.777605	-0.727004	-0.651315	-0.578704	-0.513733	-0.457348	-0.4051	-0.355293	-0.286874	-0.183805	-0.0442534	0.117694	0.302262	0.503857	0.693982	0.872007	1.03754	1.18091	1.29613	1.38726	1.4525	1.47327	1.43189	1.34195	1.21072	1.02212	0.793473	0.535987	0.271617	0.0129516	-0.22382	-0.406951	-0.522793	-0.563702	-0.532236	-0.448205	-0.3346	-0.209192	-0.102091	-0.0304691	-0.00339471	
0.0693883	0.0693883	0.00694331	-0.102006	-0.230604	-0.361193	-0.474448	-0.552554	-0.590785	-0.591337	-0.554708	-0.495744	-0.429094	-0.375367	-0.3343	-0.295288	-0.246033	-0.177269	-0.0599524	0.102789	0.29219	0.503857	0.735367	0.954618	1.15183	1.32739	1.47583	1.59072	1.66635	1.69807	1.68237	1.61269	1.50191	1.35031	1.15357	0.920194	0.661425	0.392054	0.126919	-0.111256	-0.295095	-0.421683	-0.475183	-0.457549	-0.394129	-0.304823	-0.198388	-0.106788	-0.0415416	-0.00914167	
0.385269	0.385269	0.32424	0.216864	0.0864741	-0.0573339	-0.191861	-0.291508	-0.339015	-0.34448	-0.321098	-0.283303	-0.234177	-0.202948	-0.188481	-0.165139	-0.121627	-0.0500603	0.075958	0.25012	0.455026	0.693982	0.954618	1.2007	1.42229	1.61716	1.77622	1.88664	1.93976	1.93082	1.87414	1.77561	1.64187	1.4728	1.26543	1.02764	0.762726	0.488624	0.21778	-0.0214819	-0.203254	-0.327531	-0.3904	-0.388149	-0.337778	-0.257866	-0.161102	-0.0744028	-0.0116002	0.0353399	
0.691063	0.691063	0.632564	0.523364	0.389875	0.242288	0.101704	-0.00447532	-0.0535109	-0.065286	-0.056886	-0.0412608	-0.0174497	-0.0118874	-0.0167799	-0.00998966	0.0202057	0.0897555	0.217103	0.393184	0.611175	0.872007	1.15183	1.42229	1.67345	1.89011	2.04782	2.13985	2.16741	2.12772	2.03416	1.90139	1.73714	1.55229	1.34285	1.10097	0.825659	0.548507	0.285757	0.057205	-0.112332	-0.226654	-0.295563	-0.309173	-0.268799	-0.188974	-0.0959152	-0.0156507	0.0503754	0.112658	
0.953171	0.953171	0.894505	0.784975	0.649931	0.505898	0.375683	0.280539	0.228745	0.206389	0.204573	0.208898	0.208997	0.190113	0.167737	0.158391	0.174711	0.235626	0.356733	0.534693	0.766824	1.03754	1.32739	1.61716	1.89011	2.11676	2.26582	2.33362	2.33074	2.25793	2.13251	1.96926	1.77881	1.5774	1.36295	1.11986	0.846785	0.575427	0.331269	0.127965	-0.0233542	-0.124945	-0.18619	-0.201245	-0.164222	-0.086555	-0.000785194	0.0717064	0.138075	0.207349	
1.14181	1.14181	1.09275	0.990031	0.857406	0.723558	0.611335	0.525744	0.475012	0.452611	0.449156	0.444637	0.428856	0.392919	0.355617	0.334087	0.336515	0.383283	0.493411	0.675034	0.910846	1.18091	1.47583	1.77622	2.04782	2.26582	2.40538	2.44955	2.40978	2.30108	2.14848	1.9612	1.75698	1.54393	1.31703	1.0821	0.836477	0.588991	0.369811	0.196102	0.0648341	-0.0228724	-0.071582	-0.0755093	-0.0351434	0.0359234	0.112794	0.179716	0.244757	0.319554	
1.26407	1.26407	1.21616	1.11783	0.993773	0.881685	0.792548	0.726871	0.682371	0.662115	0.653022	0.648182	0.627941	0.589201	0.544823	0.513813	0.500524	0.533746	0.634817	0.808954	1.03446	1.29613	1.59072	1.88664	2.13985	2.33362	2.44955	2.4652	2.39258	2.26059	2.08542	1.87722	1.66259	1.44892	1.22402	1.01159	0.806285	0.599144	0.412047	0.266895	0.161396	0.089723	0.0531635	0.0613832	0.103892	0.164552	0.231146	0.290053	0.350923	0.425079	
1.31861	1.31861	1.26638	1.17475	1.07224	0.982151	0.914881	0.870775	0.846701	0.833873	0.826477	0.820093	0.803664	0.768658	0.723373	0.681984	0.661786	0.689598	0.779715	0.932654	1.13891	1.38726	1.66635	1.93976	2.16741	2.33074	2.40978	2.39258	2.29669	2.15065	1.95917	1.73718	1.52001	1.31572	1.11337	0.932265	0.766833	0.60427	0.459949	0.345158	0.261382	0.212484	0.193569	0.206796	0.240183	0.28634	0.340522	0.392327	0.45073	0.522229	
1.29992	1.29992	1.25833	1.18905	1.11235	1.04312	0.987807	0.960893	0.961741	0.975374	0.981284	0.973947	0.954838	0.920806	0.874838	0.827199	0.806023	0.831102	0.906567	1.03155	1.21862	1.4525	1.69807	1.93082	2.12772	2.25793	2.30108	2.26059	2.15065	1.98783	1.78788	1.56466	1.35512	1.16596	0.994742	0.84871	0.721276	0.605045	0.505956	0.41774	0.348803	0.318642	0.321026	0.334404	0.357868	0.391748	0.439444	0.492684	0.556161	0.630768	
1.22723	1.22723	1.1987	1.1513	1.1029	1.05785	1.02887	1.02481	1.0485	1.07738	1.0982	1.09748	1.08044	1.04403	0.994694	0.944387	0.91647	0.933509	0.99676	1.10385	1.26631	1.47327	1.68237	1.87414	2.03416	2.13251	2.14848	2.08542	1.95917	1.78788	1.58251	1.36988	1.17693	1.01068	0.870457	0.761825	0.666465	0.587781	0.524276	0.463179	0.415693	0.404683	0.413423	0.429036	0.449129	0.481288	0.530303	0.590942	0.65623	0.727988	
1.11832	1.11832	1.09381	1.06325	1.04208	1.0314	1.03997	1.07123	1.11165	1.14478	1.16792	1.17314	1.1592	1.12032	1.06868	1.01489	0.975367	0.975371	1.03174	1.12648	1.26024	1.43189	1.61269	1.77561	1.90139	1.96926	1.9612	1.87722	1.73718	1.56466	1.36988	1.17241	0.997507	0.855436	0.744783	0.661027	0.595855	0.540402	0.492855	0.459887	0.446675	0.446357	0.453624	0.469206	0.496895	0.541062	0.601116	0.667972	0.732413	0.793904	
0.962346	0.962346	0.954454	0.942882	0.942478	0.964546	1.01536	1.07682	1.12962	1.16602	1.19062	1.19353	1.17165	1.12347	1.06968	1.01889	0.970133	0.951313	0.99553	1.08296	1.19749	1.34195	1.50191	1.64187	1.73714	1.77881	1.75698	1.66259	1.52001	1.35512	1.17693	0.997507	0.838718	0.709544	0.61374	0.550394	0.507895	0.465079	0.424661	0.408117	0.41312	0.420806	0.427332	0.450882	0.499232	0.562625	0.637856	0.715262	0.781686	0.840955	
0.772547	0.772547	0.77588	0.785356	0.810222	0.860156	0.936639	1.02301	1.09033	1.12957	1.14662	1.14123	1.10528	1.04731	0.990335	0.941601	0.890812	0.865343	0.892325	0.968396	1.0773	1.21072	1.35031	1.4728	1.55229	1.5774	1.54393	1.44892	1.31572	1.16596	1.01068	0.855436	0.709544	0.58705	0.497535	0.441029	0.399582	0.355819	0.319194	0.306518	0.316719	0.332275	0.351826	0.389607	0.455751	0.541973	0.633771	0.721426	0.794551	0.852878	
0.570637	0.570637	0.575588	0.597547	0.64641	0.722257	0.816041	0.915282	0.990742	1.02923	1.03198	1.01053	0.960951	0.899683	0.839988	0.7861	0.736669	0.715154	0.73295	0.791863	0.894073	1.02212	1.15357	1.26543	1.34285	1.36295	1.31703	1.22402	1.11337	0.994742	0.870457	0.744783	0.61374	0.497535	0.4112	0.343101	0.27861	0.218967	0.178444	0.163481	0.176011	0.205259	0.23817	0.283165	0.360534	0.47046	0.584879	0.681414	0.759462	0.814825	
0.366753	0.366753	0.379799	0.415692	0.480056	0.570911	0.669898	0.767666	0.841214	0.874074	0.859154	0.817898	0.75913	0.695842	0.631397	0.567976	0.519134	0.50296	0.519307	0.571426	0.668462	0.793473	0.920194	1.02764	1.10097	1.11986	1.0821	1.01159	0.932265	0.84871	0.761825	0.661027	0.550394	0.441029	0.343101	0.252503	0.165177	0.0815875	0.0225284	-0.00474193	0.00448796	0.0406455	0.0852853	0.136944	0.229085	0.359141	0.494804	0.606758	0.692006	0.746112	
0.16665	0.16665	0.185252	0.234447	0.314982	0.414018	0.509959	0.594573	0.655105	0.673991	0.642117	0.584564	0.516726	0.447733	0.375745	0.308477	0.258998	0.240127	0.254614	0.313373	0.41325	0.535987	0.661425	0.762726	0.825659	0.846785	0.836477	0.806285	0.766833	0.721276	0.666465	0.595855	0.507895	0.399582	0.27861	0.165177	0.0554666	-0.052587	-0.14065	-0.192552	-0.196631	-0.165574	-0.111849	-0.0393603	0.0653757	0.204148	0.354296	0.483778	0.580084	0.641996	
-0.0382934	-0.0382934	-0.0120995	0.0445563	0.130439	0.234851	0.337549	0.416809	0.457717	0.449347	0.396315	0.320953	0.244055	0.171862	0.0988681	0.0273287	-0.0237299	-0.0478532	-0.0329729	0.0363993	0.148446	0.271617	0.392054	0.488624	0.548507	0.575427	0.588991	0.599144	0.60427	0.605045	0.587781	0.540402	0.465079	0.355819	0.218967	0.0815875	-0.052587	-0.187022	-0.303918	-0.380421	-0.408273	-0.392713	-0.334996	-0.248897	-0.137228	0.00700212	0.166574	0.30755	0.417629	0.492774	
-0.236729	-0.236729	-0.200901	-0.140891	-0.0546547	0.0572057	0.168913	0.245091	0.266475	0.231792	0.159598	0.0665616	-0.0300979	-0.116522	-0.192466	-0.264172	-0.314422	-0.332555	-0.306449	-0.228422	-0.111613	0.0129516	0.126919	0.21778	0.285757	0.331269	0.369811	0.412047	0.459949	0.505956	0.524276	0.492855	0.424661	0.319194	0.178444	0.0225284	-0.14065	-0.303918	-0.450089	-0.559389	-0.615779	-0.617186	-0.567171	-0.48696	-0.373387	-0.225472	-0.060421	0.0951534	0.223802	0.321219	
-0.411573	-0.411573	-0.367742	-0.298902	-0.205509	-0.0929972	0.0169905	0.0890166	0.10339	0.053684	-0.0359965	-0.152884	-0.275628	-0.385327	-0.470088	-0.535439	-0.574071	-0.577356	-0.536576	-0.45501	-0.345792	-0.22382	-0.111256	-0.0214819	0.057205	0.127965	0.196102	0.266895	0.345158	0.41774	0.463179	0.459887	0.408117	0.306518	0.163481	-0.00474193	-0.192552	-0.380421	-0.559389	-0.70626	-0.788803	-0.810772	-0.783343	-0.7189	-0.614103	-0.471471	-0.303731	-0.132673	0.0187168	0.147608	
-0.533637	-0.533637	-0.493157	-0.418579	-0.314456	-0.198153	-0.0884786	-0.0212509	-0.015397	-0.0734706	-0.179971	-0.322968	-0.467791	-0.588113	-0.673911	-0.727222	-0.75466	-0.750144	-0.703328	-0.624006	-0.523313	-0.406951	-0.295095	-0.203254	-0.112332	-0.0233542	0.0648341	0.161396	0.261382	0.348803	0.415693	0.446675	0.41312	0.316719	0.176011	0.00448796	-0.196631	-0.408273	-0.615779	-0.788803	-0.899032	-0.951627	-0.955032	-0.909639	-0.819575	-0.686184	-0.522588	-0.347932	-0.18102	-0.025442	
-0.575246	-0.575246	-0.540229	-0.461765	-0.351028	-0.232176	-0.125591	-0.0621092	-0.0685771	-0.141781	-0.269986	-0.428351	-0.57295	-0.686196	-0.768926	-0.819227	-0.840886	-0.836102	-0.794382	-0.720897	-0.626491	-0.522793	-0.421683	-0.327531	-0.226654	-0.124945	-0.0228724	0.089723	0.212484	0.318642	0.404683	0.446357	0.420806	0.332275	0.205259	0.0406455	-0.165574	-0.392713	-0.617186	-0.810772	-0.951627	-1.04325	-1.07533	-1.04867	-0.966295	-0.840073	-0.681174	-0.514925	-0.347802	-0.179292	
-0.557784	-0.557784	-0.523485	-0.443246	-0.325563	-0.208911	-0.114888	-0.0630891	-0.0751395	-0.159315	-0.294169	-0.44763	-0.582587	-0.684727	-0.756602	-0.799539	-0.820889	-0.818246	-0.788998	-0.729667	-0.651028	-0.563702	-0.475183	-0.3904	-0.295563	-0.18619	-0.071582	0.0531635	0.193569	0.321026	0.413423	0.453624	0.427332	0.351826	0.23817	0.0852853	-0.111849	-0.334996	-0.567171	-0.783343	-0.955032	-1.07533	-1.13522	-1.12267	-1.05267	-0.938789	-0.795504	-0.642786	-0.483815	-0.317353	
-0.503427	-0.503427	-0.460468	-0.383789	-0.275889	-0.162245	-0.0763844	-0.0317908	-0.0458957	-0.129859	-0.260256	-0.395575	-0.510499	-0.598099	-0.655975	-0.6872	-0.704244	-0.709693	-0.694677	-0.654225	-0.59814	-0.532236	-0.457549	-0.388149	-0.309173	-0.201245	-0.0755093	0.0613832	0.206796	0.334404	0.429036	0.469206	0.450882	0.389607	0.283165	0.136944	-0.0393603	-0.248897	-0.48696	-0.7189	-0.909639	-1.04867	-1.12267	-1.12519	-1.07702	-0.992146	-0.877127	-0.745871	-0.598766	-0.444436	
-0.438672	-0.438672	-0.388952	-0.314797	-0.220133	-0.11245	-0.0220548	0.0236803	0.00963403	-0.0628623	-0.173899	-0.289625	-0.382943	-0.450186	-0.491725	-0.511803	-0.524709	-0.537033	-0.535933	-0.516573	-0.487261	-0.448205	-0.394129	-0.337778	-0.268799	-0.164222	-0.0351434	0.103892	0.240183	0.357868	0.449129	0.496895	0.499232	0.455751	0.360534	0.229085	0.0653757	-0.137228	-0.373387	-0.614103	-0.819575	-0.966295	-1.05267	-1.07702	-1.06036	-1.0164	-0.934092	-0.826746	-0.698399	-0.551047	
-0.397044	-0.397044	-0.352418	-0.273121	-0.171643	-0.0644826	0.0315814	0.0829717	0.0799322	0.028942	-0.0526589	-0.146447	-0.219666	-0.270567	-0.295904	-0.30611	-0.317941	-0.331884	-0.340466	-0.344293	-0.346547	-0.3346	-0.304823	-0.257866	-0.188974	-0.086555	0.0359234	0.164552	0.28634	0.391748	0.481288	0.541062	0.562625	0.541973	0.47046	0.359141	0.204148	0.00700212	-0.225472	-0.471471	-0.686184	-0.840073	-0.938789	-0.992146	-1.0164	-1.00725	-0.959739	-0.878764	-0.763671	-0.620716	
-0.411303	-0.411303	-0.363355	-0.275594	-0.163412	-0.0450515	0.0647299	0.134857	0.15635	0.134453	0.083045	0.0141853	-0.0462918	-0.0855668	-0.0938873	-0.095768	-0.109539	-0.128845	-0.14848	-0.175319	-0.198418	-0.209192	-0.198388	-0.161102	-0.0959152	-0.000785194	0.112794	0.231146	0.340522	0.439444	0.530303	0.601116	0.637856	0.633771	0.584879	0.494804	0.354296	0.166574	-0.060421	-0.303731	-0.522588	-0.681174	-0.795504	-0.877127	-0.934092	-0.959739	-0.943129	-0.881707	-0.773735	-0.638054	
-0.475306	-0.475306	-0.429792	-0.342058	-0.212837	-0.0690944	0.0593383	0.160147	0.228434	0.241098	0.212054	0.166504	0.124972	0.0918386	0.0846652	0.0845797	0.0711815	0.0418328	0.00397821	-0.0362984	-0.073922	-0.102091	-0.106788	-0.0744028	-0.0156507	0.0717064	0.179716	0.290053	0.392327	0.492684	0.590942	0.667972	0.715262	0.721426	0.681414	0.606758	0.483778	0.30755	0.0951534	-0.132673	-0.347932	-0.514925	-0.642786	-0.745871	-0.826746	-0.878764	-0.881707	-0.826878	-0.726493	-0.60128	
-0.600037	-0.600037	-0.548227	-0.457063	-0.31886	-0.152055	0.0101256	0.151534	0.264112	0.318829	0.321119	0.295171	0.268324	0.244485	0.231055	0.224911	0.208107	0.167227	0.110909	0.0552869	0.00634064	-0.0304691	-0.0415416	-0.0116002	0.0503754	0.138075	0.244757	0.350923	0.45073	0.556161	0.65623	0.732413	0.781686	0.794551	0.759462	0.692006	0.580084	0.417629	0.223802	0.0187168	-0.18102	-0.347802	-0.483815	-0.598766	-0.698399	-0.763671	-0.773735	-0.726493	-0.637153	-0.523975	
-0.775052	-0.775052	-0.714301	-0.604988	-0.453813	-0.273452	-0.0770256	0.107793	0.253091	0.341742	0.380411	0.382184	0.374437	0.36033	0.344376	0.330883	0.304472	0.250978	0.178922	0.100666	0.0364315	-0.00339471	-0.00914167	0.0353399	0.112658	0.207349	0.319554	0.425079	0.522229	0.630768	0.727988	0.793904	0.840955	0.852878	0.814825	0.746112	0.641996	0.492774	0.321219	0.147608	-0.025442	-0.179292	-0.317353	-0.444436	-0.551047	-0.620716	-0.638054	-0.60128	-0.523975	-0.429471	
