0.767076	0.786494	0.741373	0.620162	0.443536	0.219714	-0.0389195	-0.308342	-0.560888	-0.77896	-0.943076	-1.0308	-1.0353	-0.975283	-0.865552	-0.726448	-0.591589	-0.481794	-0.406403	-0.382884	-0.414628	-0.487514	-0.561668	-0.602908	-0.610467	-0.568847	-0.474649	-0.348038	-0.217014	-0.0866062	0.0247929	0.10665	0.168274	0.201905	0.21773	0.219489	0.226668	0.242583	0.258042	0.290302	0.332701	0.378628	0.422769	0.46069	0.497487	0.527381	0.543263	0.553219	0.566366	0.566366	
0.786494	0.804938	0.762121	0.647918	0.470575	0.240293	-0.0175739	-0.286371	-0.545897	-0.771239	-0.932455	-1.00986	-1.00536	-0.936432	-0.820334	-0.686755	-0.564405	-0.477925	-0.437088	-0.444147	-0.499266	-0.579724	-0.648357	-0.680472	-0.671329	-0.614517	-0.50214	-0.349712	-0.197558	-0.0503372	0.0844087	0.191145	0.263155	0.303217	0.326695	0.329795	0.328481	0.333433	0.344805	0.363146	0.384068	0.409316	0.426237	0.434864	0.440034	0.439904	0.435636	0.429436	0.429233	0.429233	
0.741373	0.762121	0.72864	0.63102	0.46528	0.245712	0.00892047	-0.244949	-0.497678	-0.717844	-0.871094	-0.937087	-0.916564	-0.839315	-0.727769	-0.607628	-0.50643	-0.454766	-0.451749	-0.486068	-0.561861	-0.651815	-0.713315	-0.735193	-0.713102	-0.633644	-0.498821	-0.328089	-0.157344	0.0100507	0.15954	0.270202	0.340703	0.376869	0.400158	0.40677	0.400224	0.396827	0.397576	0.398023	0.394598	0.38947	0.386306	0.381179	0.368558	0.356286	0.348877	0.340994	0.333203	0.333203	
0.620162	0.647918	0.63102	0.555916	0.418457	0.239269	0.0409401	-0.187519	-0.424519	-0.618488	-0.749484	-0.799019	-0.767979	-0.691894	-0.593926	-0.499581	-0.429067	-0.404585	-0.430384	-0.495274	-0.585448	-0.682431	-0.750652	-0.769465	-0.729678	-0.626222	-0.465839	-0.276205	-0.0899664	0.0892047	0.230167	0.327652	0.39293	0.420019	0.431113	0.433189	0.424702	0.414669	0.400685	0.384639	0.36999	0.348525	0.330418	0.319488	0.304135	0.287765	0.278135	0.272784	0.263011	0.263011	
0.443536	0.470575	0.46528	0.418457	0.328069	0.203325	0.0517631	-0.134445	-0.328923	-0.491517	-0.595719	-0.618066	-0.578604	-0.509768	-0.426041	-0.352199	-0.313849	-0.321463	-0.377444	-0.466283	-0.568223	-0.669658	-0.73877	-0.75248	-0.699316	-0.581473	-0.405199	-0.203389	-0.012188	0.16048	0.291154	0.371067	0.413717	0.43108	0.427736	0.416231	0.402159	0.386937	0.368878	0.341495	0.320687	0.297964	0.269539	0.249379	0.23372	0.220702	0.213471	0.212501	0.208515	0.208515	
0.219714	0.240293	0.245712	0.239269	0.203325	0.13598	0.0273408	-0.110062	-0.251446	-0.370434	-0.431214	-0.422487	-0.369718	-0.294321	-0.218748	-0.176823	-0.164804	-0.200048	-0.285422	-0.391895	-0.504543	-0.606111	-0.672099	-0.679805	-0.610928	-0.477537	-0.308413	-0.116815	0.0675991	0.217856	0.330256	0.394477	0.420123	0.428073	0.4133	0.384163	0.351668	0.32428	0.301537	0.270337	0.245273	0.224598	0.198435	0.175443	0.158976	0.148859	0.143591	0.143994	0.145091	0.145091	
-0.0389195	-0.0175739	0.00892047	0.0409401	0.0517631	0.0273408	-0.0292156	-0.113526	-0.205517	-0.268065	-0.273318	-0.228568	-0.15803	-0.0701841	-0.00326959	0.0196978	0.0128189	-0.0438175	-0.14437	-0.260714	-0.380375	-0.482405	-0.53919	-0.537902	-0.460711	-0.325197	-0.175247	-0.00709709	0.153336	0.270204	0.35246	0.403492	0.422137	0.410157	0.379771	0.34297	0.29604	0.249394	0.210248	0.174653	0.148374	0.125067	0.103342	0.0895816	0.077279	0.0673084	0.0603935	0.0551733	0.0552312	0.0552312	
-0.308342	-0.286371	-0.244949	-0.187519	-0.134445	-0.110062	-0.113526	-0.142717	-0.168104	-0.164525	-0.121569	-0.0450281	0.0540395	0.151556	0.215123	0.240767	0.22493	0.159166	0.0540704	-0.065165	-0.187502	-0.290049	-0.342708	-0.336132	-0.268554	-0.154974	-0.0225264	0.115634	0.240817	0.333603	0.391222	0.417062	0.416551	0.38487	0.334672	0.280724	0.221672	0.165091	0.107984	0.0627538	0.0343204	0.00713	-0.0087373	-0.0161023	-0.0233661	-0.0321671	-0.0436005	-0.0514743	-0.0593213	-0.0593213	
-0.560888	-0.545897	-0.497678	-0.424519	-0.328923	-0.251446	-0.205517	-0.168104	-0.122419	-0.0571884	0.0305102	0.139686	0.261659	0.371682	0.443382	0.475933	0.460777	0.39641	0.297279	0.176145	0.0573146	-0.0420402	-0.0983268	-0.0981467	-0.0537687	0.0295963	0.138891	0.248769	0.344243	0.41143	0.44154	0.437594	0.400975	0.345391	0.277543	0.196957	0.125476	0.0639898	-0.000653803	-0.0501566	-0.0849041	-0.114846	-0.128923	-0.137718	-0.146898	-0.157062	-0.167823	-0.173606	-0.184267	-0.184267	
-0.77896	-0.771239	-0.717844	-0.618488	-0.491517	-0.370434	-0.268065	-0.164525	-0.0571884	0.0568051	0.184771	0.326898	0.472099	0.595879	0.680782	0.717236	0.697801	0.637502	0.549524	0.431092	0.317418	0.218693	0.154926	0.142445	0.165912	0.220632	0.303623	0.389747	0.452268	0.489944	0.492591	0.458094	0.385609	0.298549	0.209846	0.113076	0.0263839	-0.0502707	-0.113588	-0.161594	-0.198508	-0.230422	-0.256296	-0.269502	-0.287367	-0.299983	-0.301027	-0.305806	-0.305595	-0.305595	
-0.943076	-0.932455	-0.871094	-0.749484	-0.595719	-0.431214	-0.273318	-0.121569	0.0305102	0.184771	0.349549	0.522041	0.687617	0.817835	0.907219	0.943549	0.920993	0.858393	0.767436	0.651782	0.540097	0.442531	0.374683	0.348849	0.354746	0.388647	0.455277	0.523356	0.555604	0.564486	0.540558	0.476287	0.379981	0.269576	0.15447	0.0382736	-0.0620253	-0.149456	-0.216519	-0.268174	-0.310057	-0.342828	-0.377018	-0.403047	-0.424568	-0.43514	-0.434477	-0.436055	-0.429156	-0.429156	
-1.0308	-1.00986	-0.937087	-0.799019	-0.618066	-0.422487	-0.228568	-0.0450281	0.139686	0.326898	0.522041	0.71272	0.889578	1.02358	1.09837	1.11654	1.08812	1.02027	0.921954	0.812345	0.694141	0.58854	0.517226	0.48205	0.484863	0.523774	0.583473	0.629448	0.64614	0.633761	0.585422	0.496796	0.381977	0.258428	0.125168	-0.00584365	-0.120951	-0.214497	-0.289877	-0.355646	-0.408622	-0.450049	-0.482864	-0.514716	-0.537936	-0.544466	-0.554216	-0.562338	-0.557352	-0.557352	
-1.0353	-1.00536	-0.916564	-0.767979	-0.578604	-0.369718	-0.15803	0.0540395	0.261659	0.472099	0.687617	0.889578	1.05147	1.17264	1.23026	1.22711	1.18819	1.10791	0.996054	0.878741	0.753025	0.641546	0.572233	0.539075	0.553168	0.600495	0.653233	0.697646	0.716944	0.688472	0.625751	0.527277	0.393487	0.258161	0.120801	-0.00969418	-0.130581	-0.235621	-0.323258	-0.40445	-0.473716	-0.530289	-0.565579	-0.597214	-0.621023	-0.628533	-0.648667	-0.665248	-0.665499	-0.665499	
-0.975283	-0.936432	-0.839315	-0.691894	-0.509768	-0.294321	-0.0701841	0.151556	0.371682	0.595879	0.817835	1.02358	1.17264	1.2667	1.29505	1.27047	1.21315	1.11402	0.983392	0.848212	0.717611	0.605191	0.540825	0.520398	0.552428	0.613535	0.673357	0.725517	0.746269	0.715928	0.652675	0.554975	0.422049	0.28459	0.141881	0.0121632	-0.106508	-0.222937	-0.3227	-0.413348	-0.491369	-0.551412	-0.594761	-0.632962	-0.662176	-0.681433	-0.706818	-0.725125	-0.731236	-0.731236	
-0.865552	-0.820334	-0.727769	-0.593926	-0.426041	-0.218748	-0.00326959	0.215123	0.443382	0.680782	0.907219	1.09837	1.23026	1.29505	1.298	1.24649	1.15813	1.03836	0.890524	0.734059	0.603562	0.502288	0.44092	0.443651	0.500374	0.575128	0.646332	0.709586	0.739775	0.718233	0.655228	0.559529	0.443221	0.315734	0.180694	0.0520118	-0.0683262	-0.184029	-0.288361	-0.375867	-0.450312	-0.512002	-0.562602	-0.609482	-0.6492	-0.68247	-0.707744	-0.72171	-0.730981	-0.730981	
-0.726448	-0.686755	-0.607628	-0.499581	-0.352199	-0.176823	0.0196978	0.240767	0.475933	0.717236	0.943549	1.11654	1.22711	1.27047	1.24649	1.17181	1.05238	0.900703	0.729406	0.558155	0.429865	0.34763	0.303562	0.328176	0.400541	0.487523	0.574359	0.647041	0.693442	0.684159	0.630696	0.554402	0.452463	0.335472	0.218177	0.0993555	-0.018982	-0.125222	-0.217993	-0.295696	-0.360971	-0.424905	-0.483924	-0.528814	-0.572522	-0.609328	-0.625475	-0.636845	-0.643717	-0.643717	
-0.591589	-0.564405	-0.50643	-0.429067	-0.313849	-0.164804	0.0128189	0.22493	0.460777	0.697801	0.920993	1.08812	1.18819	1.21315	1.15813	1.05238	0.897062	0.715706	0.529869	0.359787	0.234037	0.159732	0.136171	0.178738	0.267282	0.370997	0.475776	0.556801	0.607612	0.610871	0.578866	0.529936	0.448934	0.349504	0.245	0.137347	0.0397227	-0.0467115	-0.123942	-0.187589	-0.242126	-0.297282	-0.348999	-0.385553	-0.420769	-0.449697	-0.461519	-0.474062	-0.480689	-0.480689	
-0.481794	-0.477925	-0.454766	-0.404585	-0.321463	-0.200048	-0.0438175	0.159166	0.39641	0.637502	0.858393	1.02027	1.10791	1.11402	1.03836	0.900703	0.715706	0.52119	0.329102	0.157626	0.0380668	-0.0235249	-0.0301474	0.0213255	0.122806	0.238325	0.352787	0.44454	0.504293	0.529446	0.516587	0.483862	0.422165	0.34237	0.260854	0.175306	0.106617	0.0455951	-0.0104662	-0.0530712	-0.0985762	-0.135158	-0.163938	-0.190559	-0.208075	-0.225254	-0.238191	-0.246694	-0.253666	-0.253666	
-0.406403	-0.437088	-0.451749	-0.430384	-0.377444	-0.285422	-0.14437	0.0540704	0.297279	0.549524	0.767436	0.921954	0.996054	0.983392	0.890524	0.729406	0.529869	0.329102	0.141097	-0.0228317	-0.139024	-0.190447	-0.181048	-0.118486	-0.0135052	0.111535	0.234772	0.338249	0.415328	0.460149	0.465932	0.434653	0.383645	0.326132	0.268103	0.219383	0.178752	0.142138	0.115043	0.0929356	0.0670145	0.0531551	0.0481176	0.0366842	0.0317818	0.0297987	0.0208001	0.0150216	0.0156899	0.0156899	
-0.382884	-0.444147	-0.486068	-0.495274	-0.466283	-0.391895	-0.260714	-0.065165	0.176145	0.431092	0.651782	0.812345	0.878741	0.848212	0.734059	0.558155	0.359787	0.157626	-0.0228317	-0.17099	-0.283571	-0.328577	-0.302769	-0.229407	-0.12138	0.0190765	0.158762	0.274011	0.359493	0.405401	0.423408	0.402601	0.365958	0.331616	0.293765	0.273219	0.255895	0.241973	0.237407	0.232963	0.235261	0.245172	0.259277	0.264828	0.270101	0.283767	0.28341	0.278799	0.287044	0.287044	
-0.414628	-0.499266	-0.561861	-0.585448	-0.568223	-0.504543	-0.380375	-0.187502	0.0573146	0.317418	0.540097	0.694141	0.753025	0.717611	0.603562	0.429865	0.234037	0.0380668	-0.139024	-0.283571	-0.38444	-0.412225	-0.372595	-0.288466	-0.16903	-0.0202435	0.125814	0.244963	0.335144	0.387775	0.408032	0.397828	0.380941	0.36695	0.349489	0.342888	0.338359	0.338955	0.354142	0.372249	0.389782	0.414296	0.440591	0.456972	0.476627	0.499845	0.509727	0.516208	0.525907	0.525907	
-0.487514	-0.579724	-0.651815	-0.682431	-0.669658	-0.606111	-0.482405	-0.290049	-0.0420402	0.218693	0.442531	0.58854	0.641546	0.605191	0.502288	0.34763	0.159732	-0.0235249	-0.190447	-0.328577	-0.412225	-0.427445	-0.381299	-0.285959	-0.150359	0.000826204	0.14791	0.270705	0.355186	0.408385	0.426932	0.428658	0.428426	0.42188	0.418152	0.413762	0.417986	0.432087	0.455359	0.490647	0.519049	0.551379	0.584003	0.606345	0.632688	0.654344	0.671178	0.687958	0.695102	0.695102	
-0.561668	-0.648357	-0.713315	-0.750652	-0.73877	-0.672099	-0.53919	-0.342708	-0.0983268	0.154926	0.374683	0.517226	0.572233	0.540825	0.44092	0.303562	0.136171	-0.0301474	-0.181048	-0.302769	-0.372595	-0.381299	-0.333538	-0.229087	-0.0800087	0.0821999	0.234639	0.350223	0.426158	0.472222	0.487107	0.495296	0.495607	0.482883	0.478015	0.476925	0.489005	0.509828	0.53314	0.567137	0.604815	0.644057	0.674542	0.704753	0.730321	0.742695	0.761637	0.775849	0.777507	0.777507	
-0.602908	-0.680472	-0.735193	-0.769465	-0.75248	-0.679805	-0.537902	-0.336132	-0.0981467	0.142445	0.348849	0.48205	0.539075	0.520398	0.443651	0.328176	0.178738	0.0213255	-0.118486	-0.229407	-0.288466	-0.285959	-0.229087	-0.107205	0.0464563	0.202687	0.339925	0.445184	0.522212	0.565366	0.577183	0.575432	0.564621	0.541868	0.534046	0.536794	0.545595	0.565891	0.586168	0.612025	0.643454	0.669118	0.691522	0.726353	0.752183	0.764169	0.785378	0.796551	0.794891	0.794891	
-0.610467	-0.671329	-0.713102	-0.729678	-0.699316	-0.610928	-0.460711	-0.268554	-0.0537687	0.165912	0.354746	0.484863	0.553168	0.552428	0.500374	0.400541	0.267282	0.122806	-0.0135052	-0.12138	-0.16903	-0.150359	-0.0800087	0.0464563	0.197868	0.342273	0.459086	0.551338	0.619983	0.656553	0.657914	0.643231	0.626787	0.597808	0.581298	0.575668	0.574189	0.586038	0.599319	0.615371	0.633908	0.649387	0.665261	0.692218	0.71727	0.728114	0.742909	0.752834	0.746602	0.746602	
-0.568847	-0.614517	-0.633644	-0.626222	-0.581473	-0.477537	-0.325197	-0.154974	0.0295963	0.220632	0.388647	0.523774	0.600495	0.613535	0.575128	0.487523	0.370997	0.238325	0.111535	0.0190765	-0.0202435	0.000826204	0.0821999	0.202687	0.342273	0.476094	0.581958	0.663954	0.712119	0.72849	0.718432	0.689966	0.663145	0.632107	0.597603	0.578626	0.570496	0.566244	0.570514	0.577675	0.588827	0.604542	0.615916	0.625776	0.638856	0.644154	0.648228	0.657488	0.654851	0.654851	
-0.474649	-0.50214	-0.498821	-0.465839	-0.405199	-0.308413	-0.175247	-0.0225264	0.138891	0.303623	0.455277	0.583473	0.653233	0.673357	0.646332	0.574359	0.475776	0.352787	0.234772	0.158762	0.125814	0.14791	0.234639	0.339925	0.459086	0.581958	0.681105	0.753483	0.785645	0.781795	0.755148	0.71146	0.663202	0.621201	0.585625	0.560787	0.538591	0.521634	0.515233	0.512149	0.517121	0.524782	0.532317	0.53242	0.530938	0.533684	0.532823	0.54007	0.546926	0.546926	
-0.348038	-0.349712	-0.328089	-0.276205	-0.203389	-0.116815	-0.00709709	0.115634	0.248769	0.389747	0.523356	0.629448	0.697646	0.725517	0.709586	0.647041	0.556801	0.44454	0.338249	0.274011	0.244963	0.270705	0.350223	0.445184	0.551338	0.663954	0.753483	0.802445	0.815308	0.798563	0.756372	0.697823	0.639539	0.58927	0.547432	0.514396	0.482447	0.461175	0.447546	0.432817	0.426306	0.42432	0.425102	0.419967	0.417401	0.422241	0.419273	0.420389	0.424495	0.424495	
-0.217014	-0.197558	-0.157344	-0.0899664	-0.012188	0.0675991	0.153336	0.240817	0.344243	0.452268	0.555604	0.64614	0.716944	0.746269	0.739775	0.693442	0.607612	0.504293	0.415328	0.359493	0.335144	0.355186	0.426158	0.522212	0.619983	0.712119	0.785645	0.815308	0.797512	0.768095	0.724831	0.661394	0.600283	0.545241	0.491196	0.442751	0.406264	0.381743	0.36523	0.348453	0.336731	0.327942	0.316725	0.311899	0.311823	0.315293	0.31351	0.304046	0.30162	0.30162	
-0.0866062	-0.0503372	0.0100507	0.0892047	0.16048	0.217856	0.270204	0.333603	0.41143	0.489944	0.564486	0.633761	0.688472	0.715928	0.718233	0.684159	0.610871	0.529446	0.460149	0.405401	0.387775	0.408385	0.472222	0.565366	0.656553	0.72849	0.781795	0.798563	0.768095	0.726356	0.670562	0.603034	0.532938	0.469699	0.415968	0.364763	0.32694	0.298066	0.281491	0.266749	0.25235	0.239197	0.222711	0.222231	0.218579	0.2113	0.211368	0.203335	0.200909	0.200909	
0.0247929	0.0844087	0.15954	0.230167	0.291154	0.330256	0.35246	0.391222	0.44154	0.492591	0.540558	0.585422	0.625751	0.652675	0.655228	0.630696	0.578866	0.516587	0.465932	0.423408	0.408032	0.426932	0.487107	0.577183	0.657914	0.718432	0.755148	0.756372	0.724831	0.670562	0.603021	0.532064	0.456942	0.392501	0.338516	0.287029	0.253118	0.228098	0.201153	0.182045	0.168903	0.155743	0.150364	0.147559	0.13562	0.123781	0.122433	0.126045	0.125895	0.125895	
0.10665	0.191145	0.270202	0.327652	0.371067	0.394477	0.403492	0.417062	0.437594	0.458094	0.476287	0.496796	0.527277	0.554975	0.559529	0.554402	0.529936	0.483862	0.434653	0.402601	0.397828	0.428658	0.495296	0.575432	0.643231	0.689966	0.71146	0.697823	0.661394	0.603034	0.532064	0.458126	0.383327	0.318989	0.263217	0.218337	0.188308	0.164267	0.131094	0.108413	0.100925	0.0902926	0.0866711	0.0799613	0.0691535	0.0633107	0.0606882	0.06406	0.062657	0.062657	
0.168274	0.263155	0.340703	0.39293	0.413717	0.420123	0.422137	0.416551	0.400975	0.385609	0.379981	0.381977	0.393487	0.422049	0.443221	0.452463	0.448934	0.422165	0.383645	0.365958	0.380941	0.428426	0.495607	0.564621	0.626787	0.663145	0.663202	0.639539	0.600283	0.532938	0.456942	0.383327	0.312077	0.247748	0.193724	0.15993	0.12865	0.0978441	0.0757612	0.0632843	0.0558792	0.0432324	0.0310905	0.0229909	0.0215634	0.022542	0.0184507	0.013876	0.0112755	0.0112755	
0.201905	0.303217	0.376869	0.420019	0.43108	0.428073	0.410157	0.38487	0.345391	0.298549	0.269576	0.258428	0.258161	0.28459	0.315734	0.335472	0.349504	0.34237	0.326132	0.331616	0.36695	0.42188	0.482883	0.541868	0.597808	0.632107	0.621201	0.58927	0.545241	0.469699	0.392501	0.318989	0.247748	0.19411	0.148122	0.107035	0.0692638	0.0435212	0.0326838	0.0246824	0.014627	0.003845	-0.00398598	-0.00981406	-0.0112927	-0.00942381	-0.0147369	-0.0227475	-0.0216574	-0.0216574	
0.21773	0.326695	0.400158	0.431113	0.427736	0.4133	0.379771	0.334672	0.277543	0.209846	0.15447	0.125168	0.120801	0.141881	0.180694	0.218177	0.245	0.260854	0.268103	0.293765	0.349489	0.418152	0.478015	0.534046	0.581298	0.597603	0.585625	0.547432	0.491196	0.415968	0.338516	0.263217	0.193724	0.148122	0.10223	0.059251	0.0315051	0.0156085	0.00738462	-0.00842364	-0.0223882	-0.0253823	-0.0280219	-0.0335552	-0.0370237	-0.0385648	-0.0411693	-0.0411635	-0.0376874	-0.0376874	
0.219489	0.329795	0.40677	0.433189	0.416231	0.384163	0.34297	0.280724	0.196957	0.113076	0.0382736	-0.00584365	-0.00969418	0.0121632	0.0520118	0.0993555	0.137347	0.175306	0.219383	0.273219	0.342888	0.413762	0.476925	0.536794	0.575668	0.578626	0.560787	0.514396	0.442751	0.364763	0.287029	0.218337	0.15993	0.107035	0.059251	0.0280542	0.0102824	-0.0063636	-0.0211866	-0.0342465	-0.0424706	-0.0439964	-0.0444581	-0.0469505	-0.0513373	-0.0558654	-0.0568216	-0.0550219	-0.0545408	-0.0545408	
0.226668	0.328481	0.400224	0.424702	0.402159	0.351668	0.29604	0.221672	0.125476	0.0263839	-0.0620253	-0.120951	-0.130581	-0.106508	-0.0683262	-0.018982	0.0397227	0.106617	0.178752	0.255895	0.338359	0.417986	0.489005	0.545595	0.574189	0.570496	0.538591	0.482447	0.406264	0.32694	0.253118	0.188308	0.12865	0.0692638	0.0315051	0.0102824	-0.00995243	-0.0286382	-0.0424112	-0.0464226	-0.0515864	-0.0581988	-0.0582703	-0.0587608	-0.0636188	-0.0645944	-0.0622178	-0.0641561	-0.0657476	-0.0657476	
0.242583	0.333433	0.396827	0.414669	0.386937	0.32428	0.249394	0.165091	0.0639898	-0.0502707	-0.149456	-0.214497	-0.235621	-0.222937	-0.184029	-0.125222	-0.0467115	0.0455951	0.142138	0.241973	0.338955	0.432087	0.509828	0.565891	0.586038	0.566244	0.521634	0.461175	0.381743	0.298066	0.228098	0.164267	0.0978441	0.0435212	0.0156085	-0.0063636	-0.0286382	-0.0474916	-0.0537132	-0.0514955	-0.0607769	-0.0643604	-0.0643394	-0.0701657	-0.0707681	-0.0682436	-0.0676394	-0.0703593	-0.071234	-0.071234	
0.258042	0.344805	0.397576	0.400685	0.368878	0.301537	0.210248	0.107984	-0.000653803	-0.113588	-0.216519	-0.289877	-0.323258	-0.3227	-0.288361	-0.217993	-0.123942	-0.0104662	0.115043	0.237407	0.354142	0.455359	0.53314	0.586168	0.599319	0.570514	0.515233	0.447546	0.36523	0.281491	0.201153	0.131094	0.0757612	0.0326838	0.00738462	-0.0211866	-0.0424112	-0.0537132	-0.0612356	-0.0616891	-0.0686426	-0.0685182	-0.0679951	-0.0733061	-0.0717282	-0.0686589	-0.0723274	-0.0784247	-0.0737296	-0.0737296	
0.290302	0.363146	0.398023	0.384639	0.341495	0.270337	0.174653	0.0627538	-0.0501566	-0.161594	-0.268174	-0.355646	-0.40445	-0.413348	-0.375867	-0.295696	-0.187589	-0.0530712	0.0929356	0.232963	0.372249	0.490647	0.567137	0.612025	0.615371	0.577675	0.512149	0.432817	0.348453	0.266749	0.182045	0.108413	0.0632843	0.0246824	-0.00842364	-0.0342465	-0.0464226	-0.0514955	-0.0616891	-0.067069	-0.0724032	-0.0741843	-0.0747185	-0.0787413	-0.0771385	-0.0733315	-0.0756735	-0.0771767	-0.0690607	-0.0690607	
0.332701	0.384068	0.394598	0.36999	0.320687	0.245273	0.148374	0.0343204	-0.0849041	-0.198508	-0.310057	-0.408622	-0.473716	-0.491369	-0.450312	-0.360971	-0.242126	-0.0985762	0.0670145	0.235261	0.389782	0.519049	0.604815	0.643454	0.633908	0.588827	0.517121	0.426306	0.336731	0.25235	0.168903	0.100925	0.0558792	0.014627	-0.0223882	-0.0424706	-0.0515864	-0.0607769	-0.0686426	-0.0724032	-0.074681	-0.0727073	-0.072319	-0.0741525	-0.0727791	-0.0761302	-0.0796715	-0.0770058	-0.0762082	-0.0762082	
0.378628	0.409316	0.38947	0.348525	0.297964	0.224598	0.125067	0.00713	-0.114846	-0.230422	-0.342828	-0.450049	-0.530289	-0.551412	-0.512002	-0.424905	-0.297282	-0.135158	0.0531551	0.245172	0.414296	0.551379	0.644057	0.669118	0.649387	0.604542	0.524782	0.42432	0.327942	0.239197	0.155743	0.0902926	0.0432324	0.003845	-0.0253823	-0.0439964	-0.0581988	-0.0643604	-0.0685182	-0.0741843	-0.0727073	-0.0747381	-0.0776716	-0.0722857	-0.0731463	-0.0799691	-0.0772126	-0.0736406	-0.0809591	-0.0809591	
0.422769	0.426237	0.386306	0.330418	0.269539	0.198435	0.103342	-0.0087373	-0.128923	-0.256296	-0.377018	-0.482864	-0.565579	-0.594761	-0.562602	-0.483924	-0.348999	-0.163938	0.0481176	0.259277	0.440591	0.584003	0.674542	0.691522	0.665261	0.615916	0.532317	0.425102	0.316725	0.222711	0.150364	0.0866711	0.0310905	-0.00398598	-0.0280219	-0.0444581	-0.0582703	-0.0643394	-0.0679951	-0.0747185	-0.072319	-0.0776716	-0.0824461	-0.0772552	-0.0797615	-0.0823322	-0.0726388	-0.0672782	-0.0805922	-0.0805922	
0.46069	0.434864	0.381179	0.319488	0.249379	0.175443	0.0895816	-0.0161023	-0.137718	-0.269502	-0.403047	-0.514716	-0.597214	-0.632962	-0.609482	-0.528814	-0.385553	-0.190559	0.0366842	0.264828	0.456972	0.606345	0.704753	0.726353	0.692218	0.625776	0.53242	0.419967	0.311899	0.222231	0.147559	0.0799613	0.0229909	-0.00981406	-0.0335552	-0.0469505	-0.0587608	-0.0701657	-0.0733061	-0.0787413	-0.0741525	-0.0722857	-0.0772552	-0.0760924	-0.0760882	-0.0781133	-0.0762963	-0.0738436	-0.0811888	-0.0811888	
0.497487	0.440034	0.368558	0.304135	0.23372	0.158976	0.077279	-0.0233661	-0.146898	-0.287367	-0.424568	-0.537936	-0.621023	-0.662176	-0.6492	-0.572522	-0.420769	-0.208075	0.0317818	0.270101	0.476627	0.632688	0.730321	0.752183	0.71727	0.638856	0.530938	0.417401	0.311823	0.218579	0.13562	0.0691535	0.0215634	-0.0112927	-0.0370237	-0.0513373	-0.0636188	-0.0707681	-0.0717282	-0.0771385	-0.0727791	-0.0731463	-0.0797615	-0.0760882	-0.0705533	-0.0738996	-0.0843051	-0.0827312	-0.0727999	-0.0727999	
0.527381	0.439904	0.356286	0.287765	0.220702	0.148859	0.0673084	-0.0321671	-0.157062	-0.299983	-0.43514	-0.544466	-0.628533	-0.681433	-0.68247	-0.609328	-0.449697	-0.225254	0.0297987	0.283767	0.499845	0.654344	0.742695	0.764169	0.728114	0.644154	0.533684	0.422241	0.315293	0.2113	0.123781	0.0633107	0.022542	-0.00942381	-0.0385648	-0.0558654	-0.0645944	-0.0682436	-0.0686589	-0.0733315	-0.0761302	-0.0799691	-0.0823322	-0.0781133	-0.0738996	-0.0758052	-0.0811736	-0.0780502	-0.0711245	-0.0711245	
0.543263	0.435636	0.348877	0.278135	0.213471	0.143591	0.0603935	-0.0436005	-0.167823	-0.301027	-0.434477	-0.554216	-0.648667	-0.706818	-0.707744	-0.625475	-0.461519	-0.238191	0.0208001	0.28341	0.509727	0.671178	0.761637	0.785378	0.742909	0.648228	0.532823	0.419273	0.31351	0.211368	0.122433	0.0606882	0.0184507	-0.0147369	-0.0411693	-0.0568216	-0.0622178	-0.0676394	-0.0723274	-0.0756735	-0.0796715	-0.0772126	-0.0726388	-0.0762963	-0.0843051	-0.0811736	-0.0687772	-0.0702848	-0.0833041	-0.0833041	
0.553219	0.429436	0.340994	0.272784	0.212501	0.143994	0.0551733	-0.0514743	-0.173606	-0.305806	-0.436055	-0.562338	-0.665248	-0.725125	-0.72171	-0.636845	-0.474062	-0.246694	0.0150216	0.278799	0.516208	0.687958	0.775849	0.796551	0.752834	0.657488	0.54007	0.420389	0.304046	0.203335	0.126045	0.06406	0.013876	-0.0227475	-0.0411635	-0.0550219	-0.0641561	-0.0703593	-0.0784247	-0.0771767	-0.0770058	-0.0736406	-0.0672782	-0.0738436	-0.0827312	-0.0780502	-0.0702848	-0.0765208	-0.0849981	-0.0849981	
0.566366	0.429233	0.333203	0.263011	0.208515	0.145091	0.0552312	-0.0593213	-0.184267	-0.305595	-0.429156	-0.557352	-0.665499	-0.731236	-0.730981	-0.643717	-0.480689	-0.253666	0.0156899	0.287044	0.525907	0.695102	0.777507	0.794891	0.746602	0.654851	0.546926	0.424495	0.30162	0.200909	0.125895	0.062657	0.0112755	-0.0216574	-0.0376874	-0.0545408	-0.0657476	-0.071234	-0.0737296	-0.0690607	-0.0762082	-0.0809591	-0.0805922	-0.0811888	-0.0727999	-0.0711245	-0.0833041	-0.0849981	-0.0657907	-0.0657907	
0.566366	0.429233	0.333203	0.263011	0.208515	0.145091	0.0552312	-0.0593213	-0.184267	-0.305595	-0.429156	-0.557352	-0.665499	-0.731236	-0.730981	-0.643717	-0.480689	-0.253666	0.0156899	0.287044	0.525907	0.695102	0.777507	0.794891	0.746602	0.654851	0.546926	0.424495	0.30162	0.200909	0.125895	0.062657	0.0112755	-0.0216574	-0.0376874	-0.0545408	-0.0657476	-0.071234	-0.0737296	-0.0690607	-0.0762082	-0.0809591	-0.0805922	-0.0811888	-0.0727999	-0.0711245	-0.0833041	-0.0849981	-0.0657907	-0.0657907	
