2.35745	2.35745	2.30465	2.18973	2.01674	1.80533	1.55164	1.26481	0.995103	0.779136	0.614318	0.523791	0.518476	0.572813	0.669112	0.793169	0.91407	1.01197	1.07157	1.07406	1.02816	0.966991	0.912342	0.873039	0.844349	0.830926	0.841125	0.870357	0.897511	0.922006	0.93344	0.92098	0.908126	0.905993	0.930678	1.00177	1.11385	1.2421	1.36301	1.43914	1.45299	1.40315	1.29331	1.13282	0.915669	0.658614	0.388433	0.121575	-0.117438	-0.29388	
2.35745	2.35745	2.30465	2.18973	2.01674	1.80533	1.55164	1.26481	0.995103	0.779136	0.614318	0.523791	0.518476	0.572813	0.669112	0.793169	0.91407	1.01197	1.07157	1.07406	1.02816	0.966991	0.912342	0.873039	0.844349	0.830926	0.841125	0.870357	0.897511	0.922006	0.93344	0.92098	0.908126	0.905993	0.930678	1.00177	1.11385	1.2421	1.36301	1.43914	1.45299	1.40315	1.29331	1.13282	0.915669	0.658614	0.388433	0.121575	-0.117438	-0.29388	
2.30465	2.30465	2.24385	2.13228	1.96713	1.74676	1.48676	1.2165	0.956298	0.726472	0.556151	0.467699	0.456207	0.515348	0.628215	0.754596	0.869847	0.96137	1.0068	1.00501	0.971908	0.922023	0.872059	0.833128	0.801537	0.785291	0.790366	0.814173	0.84504	0.872885	0.889946	0.8889	0.880736	0.879788	0.911133	0.983994	1.08879	1.20595	1.31576	1.38351	1.3913	1.34184	1.24074	1.08796	0.879958	0.628216	0.355338	0.0952243	-0.125489	-0.285849	
2.18973	2.18973	2.13228	2.02029	1.8512	1.62941	1.37303	1.11256	0.855175	0.620666	0.447538	0.357726	0.340681	0.406542	0.535714	0.669261	0.779977	0.862288	0.897862	0.896779	0.879007	0.844962	0.801635	0.761782	0.727099	0.708808	0.709507	0.733219	0.766748	0.79776	0.820013	0.82753	0.822062	0.824988	0.866184	0.94505	1.04211	1.14106	1.23121	1.28235	1.27799	1.22981	1.13968	1.00225	0.815453	0.581191	0.318964	0.0774981	-0.114031	-0.250604	
2.01674	2.01674	1.96713	1.8512	1.67394	1.45854	1.21508	0.952046	0.691698	0.460817	0.289096	0.197186	0.186865	0.255126	0.384455	0.52434	0.638417	0.716448	0.7514	0.753254	0.742785	0.722382	0.684884	0.642683	0.611761	0.595272	0.595084	0.616517	0.649578	0.68394	0.71713	0.733701	0.737342	0.748318	0.795513	0.877741	0.966788	1.04483	1.11229	1.14058	1.12244	1.07166	0.989352	0.870742	0.707661	0.499584	0.270205	0.0652263	-0.0912463	-0.199839	
1.80533	1.80533	1.74676	1.62941	1.45854	1.25153	1.01155	0.746534	0.48151	0.252124	0.0808084	-0.00338075	-0.00233883	0.0643016	0.182457	0.324748	0.444894	0.522405	0.561691	0.568944	0.560171	0.544075	0.514312	0.479375	0.451775	0.437566	0.437274	0.456527	0.484804	0.52885	0.577424	0.608466	0.628043	0.652749	0.703071	0.778752	0.853808	0.91156	0.951709	0.957809	0.929271	0.877514	0.802621	0.704904	0.564227	0.384361	0.20034	0.0452041	-0.0695342	-0.150199	
1.55164	1.55164	1.48676	1.37303	1.21508	1.01155	0.767622	0.497659	0.233888	0.00761134	-0.156107	-0.234909	-0.228696	-0.161289	-0.0473458	0.0893199	0.211509	0.298736	0.347352	0.362058	0.355762	0.339955	0.315596	0.288572	0.267035	0.256066	0.258148	0.270966	0.302019	0.357007	0.420847	0.466542	0.501349	0.536353	0.585919	0.649727	0.711646	0.754125	0.770641	0.756868	0.718377	0.6609	0.59424	0.51606	0.404585	0.267245	0.135428	0.0332062	-0.0381703	-0.0865887	
1.26481	1.26481	1.2165	1.11256	0.952046	0.746534	0.497659	0.226751	-0.0329111	-0.246957	-0.402527	-0.479532	-0.479731	-0.412072	-0.298777	-0.167953	-0.0442747	0.0582745	0.122896	0.146362	0.138751	0.115286	0.0934696	0.0784838	0.061889	0.055533	0.0628056	0.0827059	0.120769	0.186645	0.25846	0.314108	0.357494	0.400091	0.446895	0.498277	0.546959	0.576331	0.576247	0.54821	0.496679	0.43353	0.37016	0.305078	0.230992	0.15098	0.0823188	0.0372531	0.0117472	-0.00434213	
0.995103	0.995103	0.956298	0.855175	0.691698	0.48151	0.233888	-0.0329111	-0.28145	-0.489392	-0.641537	-0.72424	-0.728914	-0.662057	-0.549102	-0.422922	-0.294789	-0.177307	-0.100754	-0.0726209	-0.0807322	-0.10845	-0.133222	-0.147088	-0.154771	-0.153421	-0.136799	-0.105509	-0.0532109	0.0164398	0.0911577	0.156874	0.209066	0.250549	0.289463	0.331796	0.369548	0.388819	0.383715	0.342703	0.275224	0.203938	0.143717	0.0954224	0.0620961	0.0451271	0.0417468	0.0508701	0.0648443	0.0791712	
0.779136	0.779136	0.726472	0.620666	0.460817	0.252124	0.00761134	-0.246957	-0.489392	-0.697764	-0.854121	-0.942576	-0.953872	-0.887891	-0.770863	-0.638291	-0.506147	-0.392124	-0.315972	-0.283879	-0.286275	-0.309208	-0.332893	-0.349884	-0.361638	-0.358477	-0.331939	-0.276127	-0.207135	-0.134867	-0.0619968	0.00799567	0.0616333	0.096769	0.127626	0.16081	0.189874	0.202714	0.192363	0.14285	0.0646624	-0.00960101	-0.0611861	-0.0830144	-0.0766057	-0.0408619	0.0126985	0.069674	0.12441	0.161881	
0.614318	0.614318	0.556151	0.447538	0.289096	0.0808084	-0.156107	-0.402527	-0.641537	-0.854121	-1.01361	-1.10753	-1.12306	-1.06023	-0.939708	-0.797839	-0.663213	-0.556764	-0.48763	-0.455949	-0.452321	-0.465937	-0.488671	-0.512507	-0.525515	-0.522877	-0.488861	-0.416398	-0.329519	-0.252921	-0.179311	-0.113887	-0.0689234	-0.045371	-0.0248007	0.000596535	0.0240309	0.0327337	0.0163402	-0.0354372	-0.116706	-0.191567	-0.231787	-0.228181	-0.184752	-0.103317	-0.000297452	0.107268	0.200315	0.257839	
0.523791	0.523791	0.467699	0.357726	0.197186	-0.00338075	-0.234909	-0.479532	-0.72424	-0.942576	-1.10753	-1.19479	-1.20872	-1.15652	-1.04702	-0.902236	-0.765458	-0.660298	-0.592408	-0.562157	-0.563657	-0.580311	-0.604786	-0.625441	-0.636351	-0.628171	-0.583842	-0.503315	-0.412978	-0.329915	-0.259887	-0.212997	-0.183495	-0.163723	-0.148946	-0.132392	-0.120765	-0.124396	-0.150023	-0.19783	-0.266548	-0.330962	-0.359912	-0.3371	-0.259207	-0.140342	0.010543	0.167784	0.291212	0.359972	
0.518476	0.518476	0.456207	0.340681	0.186865	-0.00233883	-0.228696	-0.479731	-0.728914	-0.953872	-1.12306	-1.20872	-1.21816	-1.17009	-1.07018	-0.934116	-0.803335	-0.697802	-0.628606	-0.601	-0.609477	-0.634998	-0.664383	-0.684984	-0.687694	-0.666448	-0.615688	-0.545344	-0.460851	-0.375028	-0.313979	-0.28247	-0.267386	-0.255237	-0.246268	-0.237667	-0.241242	-0.254146	-0.283092	-0.328959	-0.38118	-0.428376	-0.445275	-0.402734	-0.293596	-0.141564	0.0402285	0.22579	0.362722	0.445105	
0.572813	0.572813	0.515348	0.406542	0.255126	0.0643016	-0.161289	-0.412072	-0.662057	-0.887891	-1.06023	-1.15652	-1.17009	-1.1172	-1.01496	-0.889794	-0.77015	-0.675123	-0.615266	-0.593921	-0.60144	-0.62412	-0.652174	-0.676546	-0.680574	-0.652194	-0.602139	-0.542435	-0.467776	-0.387946	-0.335225	-0.310948	-0.308898	-0.311298	-0.313356	-0.321433	-0.334115	-0.348982	-0.378995	-0.424332	-0.464729	-0.493065	-0.486925	-0.419802	-0.29179	-0.117608	0.0765222	0.260583	0.408659	0.511634	
0.669112	0.669112	0.628215	0.535714	0.384455	0.182457	-0.0473458	-0.298777	-0.549102	-0.770863	-0.939708	-1.04702	-1.07018	-1.01496	-0.913008	-0.799956	-0.688754	-0.604044	-0.557001	-0.542651	-0.542962	-0.558704	-0.584678	-0.609368	-0.60999	-0.583833	-0.544761	-0.495414	-0.431873	-0.367545	-0.319581	-0.298216	-0.308543	-0.332787	-0.352922	-0.374117	-0.390279	-0.405693	-0.43834	-0.482061	-0.522352	-0.530359	-0.487067	-0.39213	-0.251774	-0.0717169	0.116371	0.288955	0.439128	0.558356	
0.793169	0.793169	0.754596	0.669261	0.52434	0.324748	0.0893199	-0.167953	-0.422922	-0.638291	-0.797839	-0.902236	-0.934116	-0.889794	-0.799956	-0.69203	-0.584078	-0.506049	-0.468408	-0.451448	-0.449722	-0.464871	-0.488462	-0.502098	-0.499475	-0.484105	-0.457175	-0.419397	-0.370785	-0.322352	-0.281261	-0.269155	-0.287971	-0.324156	-0.359117	-0.385272	-0.406045	-0.433473	-0.470799	-0.505985	-0.536888	-0.526927	-0.453413	-0.336315	-0.187865	-0.0190778	0.153841	0.314198	0.45825	0.575886	
0.91407	0.91407	0.869847	0.779977	0.638417	0.444894	0.211509	-0.0442747	-0.294789	-0.506147	-0.663213	-0.765458	-0.803335	-0.77015	-0.688754	-0.584078	-0.486324	-0.412786	-0.366605	-0.341041	-0.347093	-0.367621	-0.383208	-0.382746	-0.37691	-0.371656	-0.360826	-0.339045	-0.305644	-0.267806	-0.236569	-0.22767	-0.248334	-0.287917	-0.331281	-0.360986	-0.395284	-0.432834	-0.47086	-0.493685	-0.499189	-0.470867	-0.392336	-0.270211	-0.118956	0.033998	0.183809	0.330081	0.458193	0.564189	
1.01197	1.01197	0.96137	0.862288	0.716448	0.522405	0.298736	0.0582745	-0.177307	-0.392124	-0.556764	-0.660298	-0.697802	-0.675123	-0.604044	-0.506049	-0.412786	-0.331219	-0.270761	-0.243786	-0.253925	-0.268053	-0.274523	-0.273148	-0.268416	-0.26658	-0.261538	-0.249806	-0.232516	-0.208652	-0.188558	-0.176461	-0.188569	-0.220322	-0.268425	-0.314268	-0.360701	-0.400679	-0.435105	-0.445797	-0.423247	-0.373226	-0.294996	-0.182451	-0.0477725	0.0909767	0.219933	0.342639	0.451592	0.542504	
1.07157	1.07157	1.0068	0.897862	0.7514	0.561691	0.347352	0.122896	-0.100754	-0.315972	-0.48763	-0.592408	-0.628606	-0.615266	-0.557001	-0.468408	-0.366605	-0.270761	-0.199903	-0.175497	-0.174175	-0.17353	-0.175914	-0.183569	-0.187371	-0.18835	-0.181836	-0.168243	-0.156864	-0.144712	-0.132855	-0.119185	-0.11986	-0.145658	-0.191895	-0.246273	-0.295376	-0.326397	-0.35196	-0.358079	-0.326818	-0.259387	-0.172313	-0.0727517	0.0383327	0.153568	0.263809	0.364196	0.446828	0.515174	
1.07406	1.07406	1.00501	0.896779	0.753254	0.568944	0.362058	0.146362	-0.0726209	-0.283879	-0.455949	-0.562157	-0.601	-0.593921	-0.542651	-0.451448	-0.341041	-0.243786	-0.175497	-0.137296	-0.111176	-0.0957274	-0.100869	-0.119903	-0.137548	-0.146534	-0.138374	-0.117788	-0.0944427	-0.0799394	-0.0711056	-0.0596343	-0.0559666	-0.0784656	-0.114752	-0.15824	-0.198364	-0.220481	-0.235861	-0.235896	-0.205165	-0.138661	-0.0489149	0.042612	0.1344	0.223702	0.311139	0.389918	0.446787	0.491252	
1.02816	1.02816	0.971908	0.879007	0.742785	0.560171	0.355762	0.138751	-0.0807322	-0.286275	-0.452321	-0.563657	-0.609477	-0.60144	-0.542962	-0.449722	-0.347093	-0.253925	-0.174175	-0.111176	-0.0744808	-0.0581189	-0.0656937	-0.0856146	-0.109862	-0.124404	-0.120873	-0.0939994	-0.0526459	-0.0244107	-0.00921907	0.00288667	0.00476372	-0.011814	-0.0328214	-0.0584388	-0.0867241	-0.102609	-0.113063	-0.102246	-0.064095	-0.00917263	0.0618284	0.141877	0.225449	0.300206	0.363312	0.41607	0.449313	0.475199	
0.966991	0.966991	0.922023	0.844962	0.722382	0.544075	0.339955	0.115286	-0.10845	-0.309208	-0.465937	-0.580311	-0.634998	-0.62412	-0.558704	-0.464871	-0.367621	-0.268053	-0.17353	-0.0957274	-0.0581189	-0.0487702	-0.0613594	-0.0813467	-0.100688	-0.111545	-0.105626	-0.0739446	-0.0250701	0.0179036	0.0441249	0.0595868	0.0630738	0.0612908	0.0514598	0.0395502	0.0264314	0.0187381	0.0106675	0.0308221	0.0716315	0.117583	0.16298	0.22324	0.296496	0.368682	0.412251	0.436585	0.447882	0.455923	
0.912342	0.912342	0.872059	0.801635	0.684884	0.514312	0.315596	0.0934696	-0.133222	-0.332893	-0.488671	-0.604786	-0.664383	-0.652174	-0.584678	-0.488462	-0.383208	-0.274523	-0.175914	-0.100869	-0.0656937	-0.0613594	-0.078494	-0.100715	-0.11359	-0.112099	-0.0947542	-0.0578512	-0.0060081	0.0492463	0.0881669	0.110171	0.125334	0.136652	0.134538	0.13053	0.126625	0.127179	0.124971	0.141661	0.170823	0.207596	0.239999	0.279774	0.337069	0.39393	0.425619	0.430997	0.426188	0.417885	
0.873039	0.873039	0.833128	0.761782	0.642683	0.479375	0.288572	0.0784838	-0.147088	-0.349884	-0.512507	-0.625441	-0.684984	-0.676546	-0.609368	-0.502098	-0.382746	-0.273148	-0.183569	-0.119903	-0.0856146	-0.0813467	-0.100715	-0.12048	-0.120126	-0.106071	-0.0823692	-0.0419328	0.0138079	0.077155	0.130261	0.168677	0.197242	0.212693	0.213899	0.211827	0.204579	0.204827	0.20801	0.215421	0.229538	0.252414	0.281932	0.311559	0.348392	0.377107	0.389702	0.383644	0.369778	0.354874	
0.844349	0.844349	0.801537	0.727099	0.611761	0.451775	0.267035	0.061889	-0.154771	-0.361638	-0.525515	-0.636351	-0.687694	-0.680574	-0.60999	-0.499475	-0.37691	-0.268416	-0.187371	-0.137548	-0.109862	-0.100688	-0.11359	-0.120126	-0.107746	-0.0889537	-0.0628379	-0.0154281	0.0462942	0.115551	0.181705	0.235829	0.273367	0.285077	0.284404	0.278446	0.263635	0.251998	0.248476	0.24572	0.246602	0.254527	0.276401	0.300301	0.320735	0.327729	0.318097	0.299263	0.279026	0.264976	
0.830926	0.830926	0.785291	0.708808	0.595272	0.437566	0.256066	0.055533	-0.153421	-0.358477	-0.522877	-0.628171	-0.666448	-0.652194	-0.583833	-0.484105	-0.371656	-0.26658	-0.18835	-0.146534	-0.124404	-0.111545	-0.112099	-0.106071	-0.0889537	-0.0670543	-0.0296943	0.029144	0.0986505	0.17189	0.243732	0.303831	0.342017	0.34656	0.337473	0.323476	0.298204	0.272534	0.25011	0.232554	0.223842	0.221779	0.225645	0.235911	0.241952	0.236596	0.211223	0.185309	0.164606	0.153746	
0.841125	0.841125	0.790366	0.709507	0.595084	0.437274	0.258148	0.0628056	-0.136799	-0.331939	-0.488861	-0.583842	-0.615688	-0.602139	-0.544761	-0.457175	-0.360826	-0.261538	-0.181836	-0.138374	-0.120873	-0.105626	-0.0947542	-0.0823692	-0.0628379	-0.0296943	0.0226307	0.092729	0.170696	0.247935	0.317154	0.375532	0.406678	0.39892	0.372512	0.340449	0.29695	0.255043	0.21341	0.186591	0.172004	0.162641	0.143943	0.129247	0.120068	0.105009	0.0743592	0.0531748	0.0437989	0.042446	
0.870357	0.870357	0.814173	0.733219	0.616517	0.456527	0.270966	0.0827059	-0.105509	-0.276127	-0.416398	-0.503315	-0.545344	-0.542435	-0.495414	-0.419397	-0.339045	-0.249806	-0.168243	-0.117788	-0.0939994	-0.0739446	-0.0578512	-0.0419328	-0.0154281	0.029144	0.092729	0.173685	0.259515	0.335487	0.39832	0.44361	0.454777	0.429449	0.382344	0.323873	0.25724	0.192983	0.135428	0.102013	0.0911367	0.0751574	0.0425058	0.0109197	-0.00975148	-0.0343995	-0.0643244	-0.0793382	-0.0749617	-0.0659475	
0.897511	0.897511	0.84504	0.766748	0.649578	0.484804	0.302019	0.120769	-0.0532109	-0.207135	-0.329519	-0.412978	-0.460851	-0.467776	-0.431873	-0.370785	-0.305644	-0.232516	-0.156864	-0.0944427	-0.0526459	-0.0250701	-0.0060081	0.0138079	0.0462942	0.0986505	0.170696	0.259515	0.345849	0.414345	0.460891	0.482966	0.471749	0.425057	0.35496	0.273665	0.183927	0.0933576	0.0195007	-0.0182494	-0.0302234	-0.0418323	-0.0726279	-0.109215	-0.136321	-0.165417	-0.19129	-0.198094	-0.186592	-0.169657	
0.922006	0.922006	0.872885	0.79776	0.68394	0.52885	0.357007	0.186645	0.0164398	-0.134867	-0.252921	-0.329915	-0.375028	-0.387946	-0.367545	-0.322352	-0.267806	-0.208652	-0.144712	-0.0799394	-0.0244107	0.0179036	0.0492463	0.077155	0.115551	0.17189	0.247935	0.335487	0.414345	0.465768	0.489341	0.48231	0.444223	0.373971	0.28082	0.17991	0.0741814	-0.0328824	-0.117932	-0.163208	-0.173666	-0.177902	-0.195702	-0.226148	-0.256719	-0.284705	-0.297414	-0.29407	-0.276809	-0.254816	
0.93344	0.93344	0.889946	0.820013	0.71713	0.577424	0.420847	0.25846	0.0911577	-0.0619968	-0.179311	-0.259887	-0.313979	-0.335225	-0.319581	-0.281261	-0.236569	-0.188558	-0.132855	-0.0711056	-0.00921907	0.0441249	0.0881669	0.130261	0.181705	0.243732	0.317154	0.39832	0.460891	0.489341	0.48041	0.43995	0.371253	0.2762	0.163153	0.0514182	-0.0640529	-0.176997	-0.263057	-0.308212	-0.318096	-0.31263	-0.315298	-0.333954	-0.356025	-0.375226	-0.381782	-0.368488	-0.343516	-0.308091	
0.92098	0.92098	0.8889	0.82753	0.733701	0.608466	0.466542	0.314108	0.156874	0.00799567	-0.113887	-0.212997	-0.28247	-0.310948	-0.298216	-0.269155	-0.22767	-0.176461	-0.119185	-0.0596343	0.00288667	0.0595868	0.110171	0.168677	0.235829	0.303831	0.375532	0.44361	0.482966	0.48231	0.43995	0.362805	0.265427	0.149288	0.0227171	-0.0989882	-0.215776	-0.324545	-0.399	-0.432684	-0.431401	-0.418654	-0.410194	-0.412304	-0.420995	-0.430001	-0.435341	-0.421633	-0.380835	-0.32196	
0.908126	0.908126	0.880736	0.822062	0.737342	0.628043	0.501349	0.357494	0.209066	0.0616333	-0.0689234	-0.183495	-0.267386	-0.308898	-0.308543	-0.287971	-0.248334	-0.188569	-0.11986	-0.0559666	0.00476372	0.0630738	0.125334	0.197242	0.273367	0.342017	0.406678	0.454777	0.471749	0.444223	0.371253	0.265427	0.142891	0.00476288	-0.134082	-0.258079	-0.366849	-0.452613	-0.502871	-0.517037	-0.503679	-0.48037	-0.4625	-0.45166	-0.445159	-0.442051	-0.445092	-0.425664	-0.372239	-0.29655	
0.905993	0.905993	0.879788	0.824988	0.748318	0.652749	0.536353	0.400091	0.250549	0.096769	-0.045371	-0.163723	-0.255237	-0.311298	-0.332787	-0.324156	-0.287917	-0.220322	-0.145658	-0.0784656	-0.011814	0.0612908	0.136652	0.212693	0.285077	0.34656	0.39892	0.429449	0.425057	0.373971	0.2762	0.149288	0.00476288	-0.144979	-0.28433	-0.396313	-0.478252	-0.528935	-0.552119	-0.548049	-0.527659	-0.499131	-0.471099	-0.447242	-0.4277	-0.412946	-0.404786	-0.377107	-0.320249	-0.244446	
0.930678	0.930678	0.911133	0.866184	0.795513	0.703071	0.585919	0.446895	0.289463	0.127626	-0.0248007	-0.148946	-0.246268	-0.313356	-0.352922	-0.359117	-0.331281	-0.268425	-0.191895	-0.114752	-0.0328214	0.0514598	0.134538	0.213899	0.284404	0.337473	0.372512	0.382344	0.35496	0.28082	0.163153	0.0227171	-0.134082	-0.28433	-0.405072	-0.487977	-0.536418	-0.552901	-0.546165	-0.524205	-0.499268	-0.469759	-0.434398	-0.397538	-0.365615	-0.346098	-0.326232	-0.289008	-0.235947	-0.166835	
1.00177	1.00177	0.983994	0.94505	0.877741	0.778752	0.649727	0.498277	0.331796	0.16081	0.000596535	-0.132392	-0.237667	-0.321433	-0.374117	-0.385272	-0.360986	-0.314268	-0.246273	-0.15824	-0.0584388	0.0395502	0.13053	0.211827	0.278446	0.323476	0.340449	0.323873	0.273665	0.17991	0.0514182	-0.0989882	-0.258079	-0.396313	-0.487977	-0.536105	-0.550491	-0.536835	-0.505772	-0.467025	-0.436729	-0.409	-0.366121	-0.317538	-0.276117	-0.253531	-0.224512	-0.180919	-0.130677	-0.0670223	
1.11385	1.11385	1.08879	1.04211	0.966788	0.853808	0.711646	0.546959	0.369548	0.189874	0.0240309	-0.120765	-0.241242	-0.334115	-0.390279	-0.406045	-0.395284	-0.360701	-0.295376	-0.198364	-0.0867241	0.0264314	0.126625	0.204579	0.263635	0.298204	0.29695	0.25724	0.183927	0.0741814	-0.0640529	-0.215776	-0.366849	-0.478252	-0.536418	-0.550491	-0.537037	-0.504643	-0.464092	-0.417974	-0.37807	-0.339119	-0.289138	-0.234511	-0.187962	-0.159056	-0.126798	-0.0808951	-0.0333152	0.0281603	
1.2421	1.2421	1.20595	1.14106	1.04483	0.91156	0.754125	0.576331	0.388819	0.202714	0.0327337	-0.124396	-0.254146	-0.348982	-0.405693	-0.433473	-0.432834	-0.400679	-0.326397	-0.220481	-0.102609	0.0187381	0.127179	0.204827	0.251998	0.272534	0.255043	0.192983	0.0933576	-0.0328824	-0.176997	-0.324545	-0.452613	-0.528935	-0.552901	-0.536835	-0.504643	-0.467689	-0.431743	-0.383383	-0.325559	-0.270687	-0.218382	-0.164839	-0.113463	-0.0779453	-0.0461961	-0.00629424	0.0367664	0.10007	
1.36301	1.36301	1.31576	1.23121	1.11229	0.951709	0.770641	0.576247	0.383715	0.192363	0.0163402	-0.150023	-0.283092	-0.378995	-0.43834	-0.470799	-0.47086	-0.435105	-0.35196	-0.235861	-0.113063	0.0106675	0.124971	0.20801	0.248476	0.25011	0.21341	0.135428	0.0195007	-0.117932	-0.263057	-0.399	-0.502871	-0.552119	-0.546165	-0.505772	-0.464092	-0.431743	-0.403833	-0.352953	-0.286264	-0.226409	-0.175259	-0.121787	-0.0698067	-0.0293746	0.00090119	0.036231	0.0832574	0.15199	
1.43914	1.43914	1.38351	1.28235	1.14058	0.957809	0.756868	0.54821	0.342703	0.14285	-0.0354372	-0.19783	-0.328959	-0.424332	-0.482061	-0.505985	-0.493685	-0.445797	-0.358079	-0.235896	-0.102246	0.0308221	0.141661	0.215421	0.24572	0.232554	0.186591	0.102013	-0.0182494	-0.163208	-0.308212	-0.432684	-0.517037	-0.548049	-0.524205	-0.467025	-0.417974	-0.383383	-0.352953	-0.305791	-0.24753	-0.194538	-0.140385	-0.0895044	-0.0513464	-0.0188542	0.0115707	0.0545489	0.111831	0.185002	
1.45299	1.45299	1.3913	1.27799	1.12244	0.929271	0.718377	0.496679	0.275224	0.0646624	-0.116706	-0.266548	-0.38118	-0.464729	-0.522352	-0.536888	-0.499189	-0.423247	-0.326818	-0.205165	-0.064095	0.0716315	0.170823	0.229538	0.246602	0.223842	0.172004	0.0911367	-0.0302234	-0.173666	-0.318096	-0.431401	-0.503679	-0.527659	-0.499268	-0.436729	-0.37807	-0.325559	-0.286264	-0.24753	-0.208477	-0.155885	-0.0985197	-0.0562554	-0.0362047	-0.0140822	0.0190739	0.0705563	0.133001	0.206788	
1.40315	1.40315	1.34184	1.22981	1.07166	0.877514	0.6609	0.43353	0.203938	-0.00960101	-0.191567	-0.330962	-0.428376	-0.493065	-0.530359	-0.526927	-0.470867	-0.373226	-0.259387	-0.138661	-0.00917263	0.117583	0.207596	0.252414	0.254527	0.221779	0.162641	0.0751574	-0.0418323	-0.177902	-0.31263	-0.418654	-0.48037	-0.499131	-0.469759	-0.409	-0.339119	-0.270687	-0.226409	-0.194538	-0.155885	-0.103471	-0.0485184	-0.0159555	-0.00314113	0.0133307	0.0441555	0.0897156	0.155297	0.23423	
1.29331	1.29331	1.24074	1.13968	0.989352	0.802621	0.59424	0.37016	0.143717	-0.0611861	-0.231787	-0.359912	-0.445275	-0.486925	-0.487067	-0.453413	-0.392336	-0.294996	-0.172313	-0.0489149	0.0618284	0.16298	0.239999	0.281932	0.276401	0.225645	0.143943	0.0425058	-0.0726279	-0.195702	-0.315298	-0.410194	-0.4625	-0.471099	-0.434398	-0.366121	-0.289138	-0.218382	-0.175259	-0.140385	-0.0985197	-0.0485184	-0.00247171	0.0263481	0.0464826	0.0596153	0.0764993	0.12011	0.192933	0.28018	
1.13282	1.13282	1.08796	1.00225	0.870742	0.704904	0.51606	0.305078	0.0954224	-0.0830144	-0.228181	-0.3371	-0.402734	-0.419802	-0.39213	-0.336315	-0.270211	-0.182451	-0.0727517	0.042612	0.141877	0.22324	0.279774	0.311559	0.300301	0.235911	0.129247	0.0109197	-0.109215	-0.226148	-0.333954	-0.412304	-0.45166	-0.447242	-0.397538	-0.317538	-0.234511	-0.164839	-0.121787	-0.0895044	-0.0562554	-0.0159555	0.0263481	0.0666841	0.0961986	0.108453	0.127788	0.178496	0.25901	0.350306	
0.915669	0.915669	0.879958	0.815453	0.707661	0.564227	0.404585	0.230992	0.0620961	-0.0766057	-0.184752	-0.259207	-0.293596	-0.29179	-0.251774	-0.187865	-0.118956	-0.0477725	0.0383327	0.1344	0.225449	0.296496	0.337069	0.348392	0.320735	0.241952	0.120068	-0.00975148	-0.136321	-0.256719	-0.356025	-0.420995	-0.445159	-0.4277	-0.365615	-0.276117	-0.187962	-0.113463	-0.0698067	-0.0513464	-0.0362047	-0.00314113	0.0464826	0.0961986	0.133737	0.157673	0.19437	0.257976	0.3416	0.432064	
0.658614	0.658614	0.628216	0.581191	0.499584	0.384361	0.267245	0.15098	0.0451271	-0.0408619	-0.103317	-0.140342	-0.141564	-0.117608	-0.0717169	-0.0190778	0.033998	0.0909767	0.153568	0.223702	0.300206	0.368682	0.39393	0.377107	0.327729	0.236596	0.105009	-0.0343995	-0.165417	-0.284705	-0.375226	-0.430001	-0.442051	-0.412946	-0.346098	-0.253531	-0.159056	-0.0779453	-0.0293746	-0.0188542	-0.0140822	0.0133307	0.0596153	0.108453	0.157673	0.210331	0.271748	0.345808	0.427644	0.503561	
0.388433	0.388433	0.355338	0.318964	0.270205	0.20034	0.135428	0.0823188	0.0417468	0.0126985	-0.000297452	0.010543	0.0402285	0.0765222	0.116371	0.153841	0.183809	0.219933	0.263809	0.311139	0.363312	0.412251	0.425619	0.389702	0.318097	0.211223	0.0743592	-0.0643244	-0.19129	-0.297414	-0.381782	-0.435341	-0.445092	-0.404786	-0.326232	-0.224512	-0.126798	-0.0461961	0.00090119	0.0115707	0.0190739	0.0441555	0.0764993	0.127788	0.19437	0.271748	0.351465	0.432598	0.499374	0.53921	
0.121575	0.121575	0.0952243	0.0774981	0.0652263	0.0452041	0.0332062	0.0372531	0.0508701	0.069674	0.107268	0.167784	0.22579	0.260583	0.288955	0.314198	0.330081	0.342639	0.364196	0.389918	0.41607	0.436585	0.430997	0.383644	0.299263	0.185309	0.0531748	-0.0793382	-0.198094	-0.29407	-0.368488	-0.421633	-0.425664	-0.377107	-0.289008	-0.180919	-0.0808951	-0.00629424	0.036231	0.0545489	0.0705563	0.0897156	0.12011	0.178496	0.257976	0.345808	0.432598	0.507214	0.547617	0.533808	
-0.117438	-0.117438	-0.125489	-0.114031	-0.0912463	-0.0695342	-0.0381703	0.0117472	0.0648443	0.12441	0.200315	0.291212	0.362722	0.408659	0.439128	0.45825	0.458193	0.451592	0.446828	0.446787	0.449313	0.447882	0.426188	0.369778	0.279026	0.164606	0.0437989	-0.0749617	-0.186592	-0.276809	-0.343516	-0.380835	-0.372239	-0.320249	-0.235947	-0.130677	-0.0333152	0.0367664	0.0832574	0.111831	0.133001	0.155297	0.192933	0.25901	0.3416	0.427644	0.499374	0.547617	0.549001	0.477219	
-0.29388	-0.29388	-0.285849	-0.250604	-0.199839	-0.150199	-0.0865887	-0.00434213	0.0791712	0.161881	0.257839	0.359972	0.445105	0.511634	0.558356	0.575886	0.564189	0.542504	0.515174	0.491252	0.475199	0.455923	0.417885	0.354874	0.264976	0.153746	0.042446	-0.0659475	-0.169657	-0.254816	-0.308091	-0.32196	-0.29655	-0.244446	-0.166835	-0.0670223	0.0281603	0.10007	0.15199	0.185002	0.206788	0.23423	0.28018	0.350306	0.432064	0.503561	0.53921	0.533808	0.477219	0.350593	
