-0.472759	-0.608191	-0.746001	-0.848888	-0.893402	-0.861739	-0.738614	-0.54137	-0.320404	-0.120076	0.0505903	0.172765	0.255278	0.313776	0.34182	0.339227	0.306769	0.249839	0.197057	0.180802	0.22534	0.323746	0.45401	0.592203	0.722137	0.830557	0.897922	0.927487	0.910471	0.829447	0.684982	0.501333	0.325039	0.202508	0.144309	0.155235	0.224471	0.322139	0.423361	0.504089	0.554983	0.548969	0.443981	0.213888	-0.137197	-0.560017	-0.982936	-1.33129	-1.5265	-1.5265	
-0.472759	-0.608191	-0.746001	-0.848888	-0.893402	-0.861739	-0.738614	-0.54137	-0.320404	-0.120076	0.0505903	0.172765	0.255278	0.313776	0.34182	0.339227	0.306769	0.249839	0.197057	0.180802	0.22534	0.323746	0.45401	0.592203	0.722137	0.830557	0.897922	0.927487	0.910471	0.829447	0.684982	0.501333	0.325039	0.202508	0.144309	0.155235	0.224471	0.322139	0.423361	0.504089	0.554983	0.548969	0.443981	0.213888	-0.137197	-0.560017	-0.982936	-1.33129	-1.5265	-1.5265	
-0.485495	-0.607059	-0.726937	-0.823681	-0.866263	-0.830294	-0.715672	-0.541612	-0.337789	-0.139759	0.0295174	0.151361	0.242214	0.309169	0.339327	0.336932	0.308204	0.260203	0.221265	0.217625	0.266729	0.359727	0.477701	0.601228	0.716543	0.813974	0.870512	0.888136	0.8659	0.789874	0.658568	0.491078	0.326371	0.20585	0.145954	0.157451	0.230516	0.334727	0.440567	0.521313	0.566039	0.550285	0.436955	0.201021	-0.151041	-0.56869	-0.981027	-1.31703	-1.50493	-1.50493	
-0.491158	-0.593042	-0.689952	-0.775148	-0.817001	-0.784638	-0.680183	-0.529792	-0.3559	-0.183687	-0.0246098	0.103711	0.206326	0.282125	0.318484	0.329416	0.321893	0.294571	0.271435	0.279356	0.33255	0.423405	0.530006	0.628314	0.71489	0.78297	0.812678	0.8128	0.785398	0.718527	0.608659	0.46751	0.322767	0.21327	0.15829	0.172958	0.250788	0.358879	0.464034	0.536774	0.571226	0.545421	0.421634	0.181221	-0.167396	-0.574126	-0.970782	-1.29143	-1.46792	-1.46792	
-0.481078	-0.568974	-0.651429	-0.720789	-0.756488	-0.730238	-0.635828	-0.498539	-0.357301	-0.226914	-0.0937284	0.0350527	0.148269	0.233392	0.289145	0.328202	0.351341	0.353051	0.348401	0.361607	0.417163	0.502967	0.5904	0.662304	0.711635	0.737632	0.730945	0.705028	0.668104	0.613011	0.534634	0.43085	0.317853	0.22718	0.180965	0.199491	0.279431	0.389044	0.491444	0.559953	0.584592	0.545707	0.413954	0.16743	-0.182899	-0.583197	-0.964391	-1.26541	-1.43104	-1.43104	
-0.457355	-0.533538	-0.612155	-0.670087	-0.692726	-0.667861	-0.584651	-0.465429	-0.350868	-0.257167	-0.155233	-0.0439286	0.067859	0.174218	0.261577	0.333437	0.38971	0.42143	0.438848	0.466347	0.519625	0.588115	0.650422	0.688448	0.70112	0.684944	0.637533	0.581437	0.53097	0.488325	0.44384	0.382374	0.306534	0.240605	0.204332	0.226183	0.311025	0.425316	0.530607	0.593616	0.606477	0.552516	0.401802	0.144471	-0.203258	-0.589736	-0.95208	-1.23566	-1.3875	-1.3875	
-0.444919	-0.499412	-0.564013	-0.613128	-0.628327	-0.600865	-0.533322	-0.442032	-0.355675	-0.281198	-0.20435	-0.120077	-0.0174523	0.100957	0.220168	0.331222	0.427032	0.497529	0.548029	0.591759	0.641765	0.686508	0.711696	0.709307	0.673125	0.613163	0.533723	0.455176	0.401128	0.371871	0.350837	0.320224	0.278682	0.239463	0.224227	0.26134	0.352066	0.467072	0.567437	0.622529	0.619006	0.544525	0.38172	0.118887	-0.224113	-0.594367	-0.930988	-1.18649	-1.32463	-1.32463	
-0.441113	-0.472139	-0.512419	-0.548333	-0.559715	-0.534135	-0.477292	-0.413053	-0.352276	-0.297979	-0.242756	-0.181628	-0.0940808	0.0309329	0.174539	0.325216	0.467167	0.579269	0.660434	0.719888	0.760641	0.781157	0.771559	0.717232	0.630084	0.524665	0.412122	0.32356	0.277229	0.263255	0.26119	0.256622	0.244222	0.234634	0.245496	0.297852	0.393221	0.507179	0.602783	0.645691	0.628647	0.539828	0.360098	0.0928812	-0.238392	-0.586719	-0.900457	-1.13868	-1.26347	-1.26347	
-0.440962	-0.456595	-0.473495	-0.489232	-0.491869	-0.467849	-0.424463	-0.374971	-0.331351	-0.296909	-0.269005	-0.231051	-0.152713	-0.0247389	0.142139	0.327215	0.506394	0.656241	0.766612	0.834639	0.867404	0.861201	0.806718	0.707167	0.574486	0.428559	0.291233	0.19557	0.155104	0.15388	0.172783	0.19432	0.210722	0.230271	0.266437	0.331588	0.429223	0.541087	0.630363	0.670456	0.646602	0.545117	0.359682	0.0911549	-0.237535	-0.577804	-0.878648	-1.10349	-1.22483	-1.22483	
-0.428319	-0.436742	-0.44586	-0.447349	-0.434999	-0.40944	-0.372777	-0.332723	-0.298507	-0.285059	-0.283785	-0.264719	-0.196501	-0.0622129	0.124113	0.336721	0.54422	0.718169	0.844296	0.921239	0.945136	0.911492	0.82064	0.681329	0.514676	0.33969	0.188191	0.0923794	0.0547321	0.0625922	0.0955696	0.132552	0.172335	0.222327	0.282038	0.360825	0.462617	0.568281	0.650438	0.683194	0.652209	0.546694	0.357611	0.0924755	-0.22362	-0.550056	-0.845581	-1.07176	-1.19138	-1.19138	
-0.427193	-0.425253	-0.426622	-0.418937	-0.394364	-0.357896	-0.319806	-0.282687	-0.263331	-0.267342	-0.277699	-0.266679	-0.205473	-0.0764898	0.118976	0.350294	0.576521	0.765324	0.901536	0.9778	0.991109	0.93479	0.813175	0.643502	0.444711	0.254081	0.105707	0.0150407	-0.0153037	-0.00131437	0.0316936	0.0737125	0.130767	0.20311	0.287363	0.385273	0.491541	0.587706	0.656241	0.68027	0.64349	0.538878	0.359857	0.106432	-0.198815	-0.518559	-0.809074	-1.03034	-1.15309	-1.15309	
-0.430529	-0.41559	-0.401256	-0.383038	-0.352966	-0.310361	-0.261327	-0.227577	-0.224782	-0.242527	-0.255147	-0.239752	-0.179494	-0.053825	0.136847	0.366422	0.595328	0.789845	0.925897	0.995909	0.99565	0.924715	0.785137	0.589891	0.375567	0.182141	0.036951	-0.0473761	-0.0698047	-0.0516522	-0.0168452	0.0323325	0.100568	0.184707	0.285108	0.396729	0.504764	0.597598	0.659804	0.673826	0.633209	0.532406	0.360657	0.120349	-0.168306	-0.476423	-0.766395	-0.992308	-1.11642	-1.11642	
-0.428351	-0.395749	-0.362482	-0.33309	-0.302733	-0.260528	-0.210309	-0.176479	-0.178831	-0.197629	-0.20855	-0.190514	-0.125923	-0.00640934	0.16707	0.376661	0.594703	0.784	0.914327	0.976265	0.968682	0.886851	0.728938	0.520975	0.305066	0.115767	-0.0220076	-0.096016	-0.111049	-0.088639	-0.046605	0.0130173	0.0847903	0.170371	0.27946	0.396345	0.508333	0.602095	0.655402	0.663267	0.625343	0.531915	0.374422	0.151085	-0.130144	-0.439158	-0.731502	-0.961593	-1.09154	-1.09154	
-0.413759	-0.366862	-0.322741	-0.2871	-0.255268	-0.213917	-0.165131	-0.132473	-0.124582	-0.129841	-0.13605	-0.113704	-0.0500788	0.0565851	0.206295	0.390076	0.582349	0.747951	0.859716	0.914318	0.900664	0.811968	0.65259	0.450159	0.244787	0.0634761	-0.0622237	-0.123814	-0.135341	-0.108042	-0.0548643	0.00690282	0.0772592	0.165313	0.27156	0.386442	0.498616	0.588064	0.637637	0.64787	0.617303	0.537842	0.400308	0.191385	-0.0836807	-0.393904	-0.699146	-0.942985	-1.07798	-1.07798	
-0.404931	-0.340968	-0.286468	-0.245315	-0.209139	-0.16741	-0.126822	-0.092798	-0.0686295	-0.0530824	-0.0421636	-0.0144056	0.0431683	0.130256	0.25261	0.403581	0.556124	0.685423	0.77543	0.811834	0.785651	0.698819	0.55885	0.385403	0.202209	0.04193	-0.0668351	-0.125006	-0.137668	-0.107984	-0.0545554	0.00835824	0.0796525	0.16257	0.259836	0.3685	0.47786	0.557704	0.603325	0.618797	0.599338	0.543003	0.428241	0.235113	-0.033213	-0.349688	-0.664763	-0.915743	-1.05786	-1.05786	
-0.389044	-0.310934	-0.241482	-0.190183	-0.148542	-0.110657	-0.0783673	-0.0422941	-0.00182997	0.0340779	0.059781	0.0918564	0.139599	0.206404	0.298472	0.407467	0.512439	0.606359	0.667799	0.677482	0.637618	0.560804	0.449047	0.312908	0.168741	0.0402306	-0.0533355	-0.110944	-0.123181	-0.0948383	-0.0432766	0.0192789	0.0879559	0.162001	0.2488	0.349813	0.448478	0.524359	0.574337	0.594836	0.583636	0.539935	0.440857	0.259715	0.00187523	-0.308974	-0.625825	-0.875431	-1.01838	-1.01838	
-0.358765	-0.273494	-0.192352	-0.125214	-0.072094	-0.0368715	-0.00700736	0.0344249	0.0840028	0.132107	0.165755	0.194068	0.228625	0.273849	0.333745	0.399735	0.461099	0.516178	0.544731	0.532756	0.486549	0.417874	0.327556	0.228126	0.126412	0.0280144	-0.047539	-0.0918747	-0.0989936	-0.0713395	-0.0247616	0.0366631	0.099608	0.159498	0.240014	0.331608	0.422563	0.501724	0.556641	0.58556	0.587717	0.551577	0.452273	0.274793	0.0197861	-0.288279	-0.596197	-0.838429	-0.976447	-0.976447	
-0.316458	-0.237038	-0.152424	-0.0712019	-0.00457049	0.0422529	0.0825145	0.128455	0.178436	0.228772	0.261301	0.282703	0.299901	0.320688	0.350307	0.376923	0.396504	0.412183	0.410379	0.387644	0.337863	0.275768	0.210025	0.144873	0.0802565	0.0111227	-0.037012	-0.0588034	-0.059398	-0.033788	0.00932059	0.0590215	0.109134	0.163875	0.233718	0.309922	0.391154	0.471537	0.537965	0.585155	0.602415	0.569358	0.471298	0.292541	0.0341784	-0.270058	-0.573269	-0.811931	-0.946014	-0.946014	
-0.25832	-0.191298	-0.112219	-0.0261295	0.0509077	0.117791	0.178116	0.230929	0.277642	0.323036	0.35035	0.359512	0.358259	0.35281	0.346669	0.33541	0.315395	0.293578	0.268006	0.23086	0.1803	0.133335	0.0963009	0.0652459	0.0346591	0.00618957	-0.00602956	-0.00686155	-0.000465846	0.021945	0.0537443	0.0901321	0.12857	0.172979	0.226764	0.286819	0.359825	0.433466	0.509776	0.577458	0.608629	0.583502	0.483513	0.3019	0.0469387	-0.250411	-0.546269	-0.779567	-0.909667	-0.909667	
-0.171529	-0.115734	-0.0481792	0.0268428	0.104006	0.188757	0.26721	0.33149	0.380994	0.418461	0.437109	0.430721	0.410371	0.376125	0.332547	0.287188	0.23123	0.174094	0.122808	0.0719649	0.0287413	0.00253545	-0.0122406	-0.0130099	-0.00696449	0.00773602	0.0286576	0.0458708	0.0631547	0.0801584	0.0990369	0.119981	0.141462	0.174533	0.215175	0.263914	0.331208	0.407379	0.500635	0.586085	0.624289	0.595786	0.487515	0.296917	0.0439009	-0.240577	-0.522147	-0.739482	-0.863943	-0.863943	
-0.0600572	-0.00664347	0.0480242	0.106414	0.179633	0.267677	0.355791	0.426488	0.474164	0.502271	0.504182	0.482395	0.444849	0.385641	0.313843	0.240208	0.149311	0.0590764	-0.0130842	-0.067761	-0.100224	-0.109608	-0.105953	-0.0818507	-0.0461049	-0.00304592	0.045997	0.0860245	0.112284	0.128495	0.137723	0.145235	0.154362	0.171015	0.205988	0.254971	0.321668	0.407795	0.513714	0.609773	0.649922	0.608809	0.480318	0.276154	0.0269721	-0.241904	-0.502115	-0.699138	-0.812796	-0.812796	
0.0617997	0.115863	0.16011	0.207378	0.273099	0.353514	0.436776	0.504241	0.546084	0.560969	0.544375	0.507779	0.453666	0.374874	0.282734	0.179308	0.0599965	-0.0490643	-0.13152	-0.182808	-0.209108	-0.203498	-0.180182	-0.142639	-0.0866704	-0.0202514	0.0574099	0.120996	0.155453	0.175543	0.180083	0.174366	0.169932	0.175669	0.207307	0.257526	0.327584	0.422815	0.536825	0.633921	0.668889	0.61633	0.4708	0.259482	0.014395	-0.243833	-0.483928	-0.667227	-0.77438	-0.77438	
0.185741	0.233179	0.272119	0.317655	0.37448	0.439518	0.502675	0.557946	0.59168	0.598328	0.570995	0.525351	0.457196	0.362941	0.249337	0.116928	-0.0232962	-0.145444	-0.2376	-0.294482	-0.314659	-0.294838	-0.250919	-0.194507	-0.112767	-0.0173315	0.0806934	0.15662	0.197364	0.22001	0.222061	0.20891	0.190114	0.187172	0.214847	0.26745	0.345402	0.443871	0.558371	0.653294	0.683451	0.620679	0.466619	0.252613	0.00946382	-0.239359	-0.469275	-0.645521	-0.747175	-0.747175	
0.318453	0.353914	0.384987	0.425763	0.469086	0.511106	0.549817	0.590825	0.620877	0.623865	0.599478	0.542036	0.461206	0.35248	0.216551	0.0650801	-0.0884698	-0.222256	-0.322556	-0.389384	-0.409279	-0.380408	-0.317401	-0.224296	-0.114546	0.00299229	0.109956	0.188626	0.237005	0.259786	0.260483	0.241177	0.206441	0.193665	0.217933	0.275249	0.366375	0.470759	0.586616	0.678476	0.700859	0.628375	0.468255	0.25114	0.0054163	-0.234006	-0.453474	-0.624113	-0.717792	-0.717792	
0.45952	0.486074	0.505092	0.527899	0.551974	0.571206	0.593054	0.623933	0.646725	0.647347	0.619737	0.551372	0.459684	0.34057	0.188275	0.0236651	-0.138908	-0.27708	-0.37902	-0.451584	-0.476913	-0.443004	-0.358812	-0.237968	-0.11153	0.0153643	0.127415	0.2094	0.261274	0.287857	0.292694	0.269606	0.228089	0.208756	0.233735	0.298363	0.396427	0.507865	0.619886	0.702629	0.71584	0.633367	0.471125	0.251994	0.00770826	-0.223994	-0.436364	-0.596301	-0.684063	-0.684063	
0.614576	0.629997	0.628849	0.625147	0.619858	0.616323	0.632212	0.652147	0.66636	0.662707	0.625514	0.551505	0.455949	0.329365	0.165903	-0.0109389	-0.183223	-0.322301	-0.424287	-0.492803	-0.517208	-0.473934	-0.376431	-0.246365	-0.108164	0.0253572	0.141293	0.222519	0.273366	0.305756	0.317033	0.294323	0.259536	0.243667	0.274277	0.350888	0.450046	0.554477	0.654254	0.720775	0.719101	0.640116	0.479384	0.264229	0.0304668	-0.20572	-0.415741	-0.574434	-0.664534	-0.664534	
0.770706	0.767476	0.744409	0.710915	0.674496	0.65431	0.653466	0.663755	0.671876	0.66681	0.626748	0.556644	0.457357	0.325417	0.15681	-0.0323311	-0.213264	-0.361275	-0.464597	-0.524605	-0.539257	-0.488762	-0.378521	-0.24148	-0.088805	0.0488899	0.157668	0.234776	0.284147	0.319694	0.333444	0.320019	0.296355	0.297455	0.341082	0.42137	0.518038	0.609919	0.688893	0.735371	0.724802	0.647942	0.49612	0.28988	0.0604707	-0.179726	-0.393254	-0.552185	-0.645866	-0.645866	
0.912638	0.883892	0.836515	0.778648	0.720566	0.680868	0.661538	0.660319	0.667628	0.664955	0.631332	0.563838	0.464461	0.329635	0.162357	-0.0293621	-0.219649	-0.378329	-0.484789	-0.542685	-0.547783	-0.485128	-0.362912	-0.211362	-0.0536828	0.082527	0.185687	0.255662	0.299144	0.331027	0.348594	0.347933	0.339101	0.356061	0.41134	0.495323	0.584972	0.661263	0.725187	0.7598	0.742077	0.660473	0.515851	0.31648	0.0870876	-0.143567	-0.354226	-0.515154	-0.602126	-0.602126	
1.0257	0.979222	0.911161	0.831985	0.760833	0.703786	0.668597	0.664025	0.668287	0.661766	0.631739	0.563908	0.469214	0.341578	0.181935	-0.00663111	-0.20321	-0.373019	-0.485984	-0.543848	-0.53671	-0.460992	-0.335279	-0.180186	-0.0224237	0.118725	0.222887	0.286488	0.323001	0.352627	0.370518	0.378676	0.385607	0.415518	0.484658	0.567041	0.648783	0.719298	0.767016	0.784911	0.762798	0.680248	0.539903	0.352814	0.130301	-0.0932486	-0.297859	-0.457275	-0.54253	-0.54253	
1.11044	1.05174	0.969919	0.881062	0.797457	0.727801	0.690169	0.680625	0.678102	0.660848	0.620517	0.553984	0.466045	0.351525	0.2037	0.0217579	-0.179646	-0.353806	-0.473388	-0.525583	-0.50762	-0.429869	-0.311837	-0.162459	-0.0033142	0.144139	0.254491	0.319354	0.358226	0.386518	0.409203	0.419574	0.438491	0.485686	0.564887	0.652574	0.723604	0.776383	0.809559	0.818178	0.789809	0.712328	0.579493	0.403392	0.193776	-0.0261979	-0.227371	-0.390364	-0.478189	-0.478189	
1.15928	1.09436	1.00731	0.917158	0.82653	0.751581	0.707729	0.692141	0.68048	0.651884	0.60289	0.536483	0.449471	0.343789	0.205353	0.0319575	-0.155052	-0.320098	-0.434727	-0.48295	-0.464931	-0.394557	-0.284154	-0.144186	0.00958891	0.157107	0.272772	0.346577	0.395863	0.429999	0.458567	0.477826	0.507985	0.56661	0.646631	0.731099	0.796784	0.840243	0.863399	0.867358	0.836447	0.759538	0.631588	0.460939	0.261957	0.0506011	-0.145151	-0.305201	-0.395267	-0.395267	
1.16268	1.0963	1.01509	0.931424	0.844584	0.764732	0.713271	0.68616	0.664956	0.632793	0.580337	0.512999	0.421969	0.312274	0.177155	0.0177851	-0.136937	-0.273239	-0.373803	-0.418107	-0.407763	-0.347678	-0.247085	-0.124383	0.0195696	0.162463	0.278766	0.359222	0.417682	0.470663	0.519219	0.553629	0.589589	0.648514	0.726006	0.806599	0.865547	0.905772	0.930251	0.932502	0.896688	0.812011	0.68601	0.517523	0.330413	0.14135	-0.0444798	-0.194122	-0.280715	-0.280715	
1.12269	1.06428	0.99964	0.925174	0.846572	0.767055	0.70997	0.674067	0.639836	0.601598	0.54497	0.472455	0.382134	0.266995	0.131872	-0.0110188	-0.137939	-0.242828	-0.320298	-0.356952	-0.351726	-0.301603	-0.216928	-0.106944	0.027045	0.159937	0.273363	0.359229	0.432353	0.51076	0.576993	0.62735	0.674007	0.730445	0.807747	0.882631	0.939548	0.978052	0.995584	0.991885	0.952379	0.867898	0.739172	0.579409	0.41165	0.239788	0.0761059	-0.055349	-0.13905	-0.13905	
1.03804	0.998277	0.956811	0.897355	0.825145	0.754459	0.697317	0.655489	0.609142	0.557679	0.487841	0.409104	0.320867	0.208459	0.0780068	-0.0509801	-0.158594	-0.234702	-0.2855	-0.31121	-0.307008	-0.267247	-0.195898	-0.099448	0.0192598	0.142507	0.255604	0.351856	0.442579	0.539667	0.622492	0.687371	0.74485	0.807089	0.886654	0.957258	1.0118	1.04427	1.05663	1.04954	1.00358	0.920844	0.794619	0.648068	0.500652	0.351438	0.213156	0.0934691	0.0200872	0.0200872	
0.925289	0.907719	0.885502	0.844833	0.783689	0.725615	0.669454	0.621528	0.567947	0.499927	0.413629	0.324632	0.233129	0.126937	0.0105634	-0.100823	-0.187926	-0.241181	-0.272486	-0.290278	-0.286541	-0.252713	-0.193533	-0.10945	-0.00392613	0.112155	0.226231	0.332093	0.440742	0.553185	0.657666	0.738585	0.801766	0.863189	0.935265	1.00801	1.06616	1.10304	1.11722	1.10757	1.06051	0.972606	0.852438	0.715676	0.581104	0.460601	0.348247	0.249144	0.189951	0.189951	
0.805266	0.800202	0.790126	0.767795	0.727588	0.676711	0.624323	0.568909	0.507947	0.427998	0.32745	0.224247	0.127125	0.0277145	-0.0675843	-0.155093	-0.223302	-0.261003	-0.28107	-0.293119	-0.290838	-0.26376	-0.216345	-0.139032	-0.0408656	0.067452	0.181141	0.294934	0.420068	0.553893	0.675415	0.766755	0.834955	0.893333	0.960998	1.03182	1.09155	1.1407	1.1649	1.15877	1.12084	1.03508	0.915491	0.782144	0.655666	0.55289	0.459846	0.385234	0.33957	0.33957	
0.69121	0.69766	0.702302	0.692806	0.67004	0.628608	0.57672	0.512415	0.435777	0.336206	0.21783	0.105417	0.00736459	-0.0739909	-0.143796	-0.208687	-0.265867	-0.295984	-0.311486	-0.317684	-0.314205	-0.292936	-0.251793	-0.184512	-0.0953036	0.00437308	0.118894	0.241948	0.379242	0.52578	0.660799	0.768513	0.848102	0.914378	0.979234	1.04399	1.10353	1.15001	1.17596	1.17528	1.14567	1.07196	0.964805	0.840591	0.720672	0.625936	0.54663	0.49073	0.451941	0.451941	
0.588437	0.61714	0.633212	0.630263	0.613032	0.581608	0.536759	0.466886	0.366085	0.23896	0.0957682	-0.0268614	-0.118138	-0.177247	-0.218474	-0.258065	-0.301373	-0.325581	-0.33472	-0.334304	-0.32359	-0.30652	-0.279804	-0.230392	-0.161556	-0.0761281	0.0322442	0.158278	0.304797	0.466226	0.617696	0.744317	0.842016	0.914518	0.977845	1.03809	1.09504	1.1327	1.15353	1.15457	1.12435	1.06582	0.975457	0.864102	0.757416	0.670207	0.601014	0.55476	0.527335	0.527335	
0.492872	0.558488	0.592912	0.596484	0.580932	0.557905	0.513818	0.436931	0.311169	0.153373	-0.00983928	-0.140034	-0.224576	-0.262194	-0.274253	-0.289871	-0.312041	-0.333683	-0.343293	-0.33685	-0.325426	-0.310991	-0.289792	-0.258011	-0.210247	-0.150035	-0.0671294	0.0502869	0.19926	0.374456	0.547031	0.694327	0.806171	0.888693	0.957095	1.01092	1.05862	1.08873	1.09937	1.09169	1.06174	1.0134	0.936311	0.834175	0.73701	0.659982	0.606095	0.581656	0.566267	0.566267	
0.401931	0.506576	0.573245	0.597113	0.590897	0.568928	0.522111	0.430859	0.282582	0.104507	-0.0703847	-0.20863	-0.283664	-0.309917	-0.304261	-0.293608	-0.301088	-0.317787	-0.330602	-0.331652	-0.324213	-0.306757	-0.285759	-0.25819	-0.229843	-0.200429	-0.145605	-0.0528045	0.0872558	0.267694	0.453633	0.621212	0.752019	0.844366	0.910525	0.957287	0.995203	1.01042	1.00643	0.988994	0.953824	0.907404	0.840137	0.753517	0.669722	0.600094	0.558821	0.549629	0.542787	0.542787	
0.305484	0.449722	0.558141	0.615371	0.628743	0.614743	0.563283	0.462316	0.301291	0.108614	-0.0745793	-0.220543	-0.295139	-0.316659	-0.303484	-0.273454	-0.263061	-0.272228	-0.284024	-0.292942	-0.289439	-0.272863	-0.254336	-0.235345	-0.225348	-0.221235	-0.199265	-0.135306	-0.0100006	0.168805	0.362106	0.543187	0.680734	0.775165	0.839	0.877752	0.905054	0.904461	0.883176	0.846248	0.801964	0.760326	0.705824	0.634623	0.559091	0.495172	0.454792	0.443382	0.440273	0.440273	
0.210922	0.391962	0.541196	0.639762	0.68042	0.678097	0.63036	0.521134	0.355852	0.155374	-0.039667	-0.190074	-0.26667	-0.284451	-0.261298	-0.216968	-0.192053	-0.191968	-0.201193	-0.210951	-0.209926	-0.194039	-0.178204	-0.171532	-0.183923	-0.212045	-0.227738	-0.192435	-0.0883277	0.0795991	0.27797	0.460831	0.598153	0.691584	0.750966	0.786939	0.801065	0.784306	0.747295	0.693013	0.63876	0.5909	0.541303	0.478951	0.40306	0.336984	0.290984	0.273971	0.271236	0.271236	
0.125518	0.341877	0.525429	0.65505	0.720841	0.731083	0.690645	0.588618	0.431925	0.233974	0.0341137	-0.124173	-0.205623	-0.22099	-0.187818	-0.131035	-0.092065	-0.0800935	-0.0823377	-0.0894266	-0.0882726	-0.0706249	-0.0623913	-0.0749355	-0.118269	-0.181276	-0.229766	-0.225536	-0.14284	0.0125473	0.204689	0.38215	0.516118	0.605323	0.659812	0.691637	0.701747	0.681943	0.628676	0.552532	0.479678	0.412627	0.351666	0.288909	0.215747	0.146452	0.0916718	0.0636898	0.0519377	0.0519377	
0.0295693	0.271151	0.480902	0.634351	0.725652	0.755407	0.731737	0.646784	0.504457	0.318867	0.120281	-0.0391374	-0.124743	-0.136176	-0.0951229	-0.0269886	0.0234819	0.0485856	0.0553322	0.0520952	0.0588696	0.074187	0.0735592	0.0382363	-0.0334858	-0.127371	-0.206356	-0.231043	-0.173998	-0.0354096	0.148073	0.322484	0.450947	0.533607	0.582992	0.612698	0.616848	0.583615	0.516349	0.421783	0.32331	0.235399	0.163676	0.0966466	0.0214482	-0.0490294	-0.107295	-0.143525	-0.157874	-0.157874	
-0.0907698	0.16746	0.390617	0.562803	0.678338	0.739089	0.740542	0.679495	0.557236	0.386619	0.199805	0.0465574	-0.0388931	-0.0467456	0.00183448	0.0733449	0.133892	0.169178	0.184814	0.18916	0.198432	0.20986	0.19921	0.143755	0.045843	-0.0719644	-0.17107	-0.211584	-0.173589	-0.0543862	0.115304	0.278909	0.40087	0.48046	0.527072	0.550214	0.543896	0.495371	0.410393	0.29769	0.178013	0.0751853	-0.00728054	-0.0740126	-0.136363	-0.198987	-0.255541	-0.29798	-0.318633	-0.318633	
-0.230763	0.0292306	0.257182	0.4433	0.58349	0.673893	0.705143	0.674557	0.575607	0.42811	0.260164	0.118614	0.0387969	0.0337078	0.0847858	0.152957	0.21653	0.256901	0.277579	0.28662	0.294831	0.299737	0.275605	0.197479	0.0770011	-0.0494221	-0.147855	-0.187703	-0.157673	-0.0517416	0.0999682	0.246535	0.362243	0.439567	0.4893	0.508478	0.494451	0.438005	0.337289	0.2122	0.077192	-0.0371998	-0.124614	-0.187586	-0.23562	-0.288361	-0.338183	-0.381268	-0.405747	-0.405747	
-0.360653	-0.118603	0.102771	0.29279	0.4469	0.557091	0.613028	0.612786	0.539882	0.412047	0.268863	0.142148	0.0746547	0.0785537	0.12783	0.190955	0.247437	0.283353	0.299806	0.306809	0.309461	0.306226	0.271935	0.18268	0.0568971	-0.0667722	-0.152648	-0.182224	-0.144652	-0.0465359	0.0893886	0.227276	0.335539	0.413918	0.465601	0.489394	0.478178	0.41888	0.319944	0.194347	0.0535206	-0.0713038	-0.167093	-0.231228	-0.27225	-0.311108	-0.349344	-0.386807	-0.411494	-0.411494	
-0.475156	-0.262505	-0.0542577	0.134173	0.288205	0.401824	0.471197	0.486565	0.429683	0.324511	0.202863	0.095271	0.0444188	0.0538695	0.102641	0.16363	0.215343	0.248524	0.262857	0.258559	0.248569	0.232081	0.188154	0.0997242	-0.0233276	-0.136447	-0.203939	-0.214593	-0.165095	-0.061133	0.0720841	0.205937	0.318603	0.406584	0.473267	0.506631	0.496895	0.441786	0.349618	0.230471	0.0977219	-0.0256623	-0.124244	-0.1909	-0.228718	-0.257355	-0.289988	-0.32162	-0.344196	-0.344196	
-0.548657	-0.375703	-0.195489	-0.0249444	0.119042	0.224572	0.28977	0.303035	0.259172	0.170828	0.0699486	-0.0177886	-0.0600901	-0.0413503	0.0127188	0.0760009	0.133606	0.166441	0.171682	0.15882	0.130107	0.101039	0.0541216	-0.036954	-0.151419	-0.250116	-0.30484	-0.296475	-0.229029	-0.11327	0.0290394	0.168635	0.293355	0.402219	0.489084	0.537594	0.541719	0.500139	0.421657	0.315119	0.197303	0.083826	-0.00976232	-0.070223	-0.106078	-0.129648	-0.15817	-0.190886	-0.214805	-0.214805	
-0.567469	-0.444364	-0.306533	-0.166952	-0.0453946	0.0353387	0.0794462	0.0860442	0.0516511	-0.0135175	-0.0970289	-0.173613	-0.206402	-0.185152	-0.127476	-0.0551214	0.000531254	0.031956	0.0337186	0.00960868	-0.0271848	-0.0659843	-0.123841	-0.207547	-0.308727	-0.393919	-0.430857	-0.409665	-0.323722	-0.193768	-0.0440104	0.106203	0.248016	0.378347	0.489404	0.565079	0.589515	0.56701	0.510077	0.430291	0.341059	0.244612	0.165081	0.110116	0.07221	0.050391	0.0238444	-0.00315333	-0.0255512	-0.0255512	
