1.73472	1.73472	1.687	1.59185	1.4782	1.33324	1.14485	0.902855	0.598798	0.255905	-0.0934411	-0.422603	-0.674123	-0.84662	-0.946475	-0.982079	-0.963388	-0.918363	-0.849728	-0.74224	-0.606788	-0.480937	-0.385627	-0.336991	-0.341468	-0.372549	-0.429974	-0.525337	-0.653532	-0.774354	-0.869533	-0.924948	-0.943306	-0.928827	-0.888517	-0.823958	-0.739258	-0.664135	-0.623697	-0.62894	-0.68721	-0.774545	-0.860754	-0.916044	-0.938642	-0.916851	-0.820465	-0.624546	-0.33471	0.045419	
1.73472	1.73472	1.687	1.59185	1.4782	1.33324	1.14485	0.902855	0.598798	0.255905	-0.0934411	-0.422603	-0.674123	-0.84662	-0.946475	-0.982079	-0.963388	-0.918363	-0.849728	-0.74224	-0.606788	-0.480937	-0.385627	-0.336991	-0.341468	-0.372549	-0.429974	-0.525337	-0.653532	-0.774354	-0.869533	-0.924948	-0.943306	-0.928827	-0.888517	-0.823958	-0.739258	-0.664135	-0.623697	-0.62894	-0.68721	-0.774545	-0.860754	-0.916044	-0.938642	-0.916851	-0.820465	-0.624546	-0.33471	0.045419	
1.687	1.687	1.63659	1.54799	1.44068	1.29699	1.10669	0.866933	0.570874	0.228354	-0.125918	-0.446427	-0.695453	-0.86942	-0.959318	-0.98786	-0.973399	-0.923552	-0.850828	-0.748407	-0.607928	-0.471783	-0.375533	-0.327539	-0.321514	-0.348088	-0.402845	-0.487117	-0.598744	-0.714789	-0.808505	-0.861273	-0.882232	-0.873346	-0.836462	-0.770424	-0.688862	-0.619903	-0.585439	-0.607224	-0.681607	-0.774895	-0.863821	-0.928283	-0.952065	-0.929965	-0.833802	-0.637573	-0.350584	0.0181214	
1.59185	1.59185	1.54799	1.4668	1.36078	1.21837	1.02708	0.794029	0.507022	0.172432	-0.173649	-0.478542	-0.723342	-0.890789	-0.97354	-0.99642	-0.98357	-0.929033	-0.845854	-0.735936	-0.595638	-0.451203	-0.34788	-0.291946	-0.273287	-0.289047	-0.333771	-0.406609	-0.508187	-0.61347	-0.704843	-0.761553	-0.778162	-0.770607	-0.743914	-0.684028	-0.606914	-0.547749	-0.533203	-0.57626	-0.665621	-0.772801	-0.876754	-0.953836	-0.98369	-0.953618	-0.850196	-0.65141	-0.366651	-0.0156818	
1.4782	1.4782	1.44068	1.36078	1.2455	1.09914	0.915001	0.693579	0.423138	0.112839	-0.212233	-0.503665	-0.734921	-0.886573	-0.96903	-0.995725	-0.980183	-0.925491	-0.839758	-0.714352	-0.562384	-0.40764	-0.292142	-0.226182	-0.198276	-0.20564	-0.246446	-0.311022	-0.399234	-0.497831	-0.585617	-0.640906	-0.657442	-0.652184	-0.627797	-0.574326	-0.50589	-0.458762	-0.466393	-0.536493	-0.650339	-0.778156	-0.896199	-0.981206	-1.01802	-0.977851	-0.857979	-0.660036	-0.386766	-0.0524491	
1.33324	1.33324	1.29699	1.21837	1.09914	0.950333	0.773691	0.56459	0.319922	0.0471562	-0.243662	-0.508033	-0.713578	-0.853162	-0.93674	-0.966132	-0.950286	-0.901658	-0.816472	-0.677416	-0.506364	-0.33959	-0.206807	-0.127431	-0.0932262	-0.099886	-0.143145	-0.20612	-0.282451	-0.37267	-0.455715	-0.505444	-0.527389	-0.522669	-0.49433	-0.445474	-0.389562	-0.357272	-0.389007	-0.489584	-0.625946	-0.77523	-0.904102	-0.993548	-1.03039	-0.984968	-0.851991	-0.652147	-0.39354	-0.0855731	
1.14485	1.14485	1.10669	1.02708	0.915001	0.773691	0.606356	0.421114	0.212632	-0.0229553	-0.270253	-0.49224	-0.666933	-0.79299	-0.86979	-0.899046	-0.889536	-0.844984	-0.753897	-0.608686	-0.435488	-0.262608	-0.117823	-0.0229106	0.0214117	0.022828	-0.0145296	-0.074116	-0.14768	-0.227603	-0.302816	-0.355615	-0.378602	-0.371305	-0.344324	-0.306631	-0.264709	-0.251523	-0.305296	-0.422859	-0.574603	-0.734934	-0.880395	-0.977801	-1.00846	-0.955728	-0.821453	-0.621534	-0.380885	-0.112093	
0.902855	0.902855	0.866933	0.794029	0.693579	0.56459	0.421114	0.269735	0.101344	-0.0891978	-0.285218	-0.462676	-0.598515	-0.703002	-0.767027	-0.795662	-0.793023	-0.752693	-0.666214	-0.533744	-0.363452	-0.191689	-0.0515571	0.0549315	0.117013	0.132369	0.110007	0.0648785	0.000247936	-0.0641962	-0.132613	-0.189949	-0.218587	-0.217541	-0.199358	-0.170778	-0.147832	-0.156662	-0.219453	-0.340285	-0.500952	-0.666761	-0.816959	-0.917502	-0.944287	-0.889726	-0.764377	-0.580535	-0.370698	-0.145174	
0.598798	0.598798	0.570874	0.507022	0.423138	0.319922	0.212632	0.101344	-0.0253778	-0.165421	-0.298856	-0.423164	-0.518473	-0.593378	-0.637702	-0.664154	-0.666039	-0.633588	-0.564906	-0.456939	-0.300531	-0.140722	-0.00316647	0.112391	0.195204	0.233304	0.232478	0.206479	0.162589	0.109189	0.0460962	-0.0144905	-0.0548894	-0.0676469	-0.0637025	-0.0490176	-0.043227	-0.0743623	-0.143132	-0.260016	-0.421619	-0.586214	-0.73102	-0.828798	-0.850705	-0.801165	-0.690461	-0.535158	-0.364362	-0.185439	
0.255905	0.255905	0.228354	0.172432	0.112839	0.0471562	-0.0229553	-0.0891978	-0.165421	-0.243928	-0.313433	-0.379287	-0.432149	-0.476179	-0.50969	-0.531889	-0.53402	-0.509813	-0.455757	-0.36739	-0.240357	-0.101905	0.0348765	0.159043	0.258194	0.32529	0.355031	0.350058	0.323333	0.28383	0.22244	0.157186	0.106674	0.0784443	0.0652758	0.0612521	0.0512589	0.00918133	-0.070593	-0.182973	-0.329592	-0.495548	-0.644495	-0.743576	-0.770809	-0.732306	-0.637058	-0.506369	-0.371222	-0.243738	
-0.0934411	-0.0934411	-0.125918	-0.173649	-0.212233	-0.243662	-0.270253	-0.285218	-0.298856	-0.313433	-0.329013	-0.341679	-0.35124	-0.364009	-0.386362	-0.406357	-0.410576	-0.391531	-0.35195	-0.275632	-0.169724	-0.0447408	0.0871559	0.213872	0.327001	0.419095	0.469755	0.482093	0.466389	0.423596	0.366362	0.31041	0.260655	0.222087	0.199465	0.178194	0.147038	0.0973108	0.0143654	-0.0990568	-0.247673	-0.415076	-0.571671	-0.676147	-0.71231	-0.684305	-0.605106	-0.497596	-0.394843	-0.312932	
-0.422603	-0.422603	-0.446427	-0.478542	-0.503665	-0.508033	-0.49224	-0.462676	-0.423164	-0.379287	-0.341679	-0.30235	-0.273368	-0.263189	-0.270667	-0.28399	-0.288867	-0.276725	-0.248145	-0.18407	-0.0875554	0.0295368	0.163235	0.296279	0.414561	0.51033	0.571503	0.590278	0.572979	0.527452	0.475547	0.432905	0.393692	0.357435	0.329104	0.299791	0.258761	0.197022	0.106345	-0.0201298	-0.175778	-0.348816	-0.507785	-0.622766	-0.672312	-0.657383	-0.593591	-0.503999	-0.419942	-0.369205	
-0.674123	-0.674123	-0.695453	-0.723342	-0.734921	-0.713578	-0.666933	-0.598515	-0.518473	-0.432149	-0.35124	-0.273368	-0.213679	-0.173713	-0.160848	-0.159858	-0.162314	-0.155685	-0.133354	-0.0827966	-0.00462247	0.107355	0.242604	0.377679	0.495989	0.594066	0.665359	0.684495	0.654381	0.604697	0.558153	0.521917	0.501258	0.480016	0.445813	0.40804	0.364267	0.294573	0.191536	0.0512947	-0.116243	-0.291909	-0.454441	-0.579442	-0.64537	-0.64402	-0.589493	-0.513419	-0.443636	-0.40765	
-0.84662	-0.84662	-0.86942	-0.890789	-0.886573	-0.853162	-0.79299	-0.703002	-0.593378	-0.476179	-0.364009	-0.263189	-0.173713	-0.101148	-0.059346	-0.0399405	-0.0346234	-0.0321066	-0.0200173	0.0121781	0.0736701	0.174201	0.294617	0.424394	0.546382	0.650596	0.726902	0.751915	0.716765	0.662013	0.617521	0.595562	0.592551	0.579163	0.541959	0.49661	0.440549	0.363034	0.251736	0.103194	-0.0703958	-0.25157	-0.415395	-0.539166	-0.619644	-0.634909	-0.592439	-0.526413	-0.465437	-0.433669	
-0.946475	-0.946475	-0.959318	-0.97354	-0.96903	-0.93674	-0.86979	-0.767027	-0.637702	-0.50969	-0.386362	-0.270667	-0.160848	-0.059346	0.0236032	0.0662083	0.0800368	0.0797922	0.0735154	0.0755183	0.116021	0.199827	0.304725	0.418851	0.543824	0.659367	0.745191	0.787272	0.771331	0.720599	0.683753	0.676345	0.679428	0.665611	0.624722	0.569469	0.501799	0.416373	0.297	0.133955	-0.0491573	-0.229274	-0.390914	-0.51611	-0.597972	-0.625793	-0.602836	-0.546079	-0.480091	-0.434133	
-0.982079	-0.982079	-0.98786	-0.99642	-0.995725	-0.966132	-0.899046	-0.795662	-0.664154	-0.531889	-0.406357	-0.28399	-0.159858	-0.0399405	0.0662083	0.132126	0.160776	0.149374	0.118418	0.0923727	0.108903	0.165445	0.250217	0.353035	0.478001	0.606432	0.715966	0.78739	0.805504	0.785456	0.763732	0.762861	0.761058	0.737663	0.69192	0.62573	0.549325	0.453008	0.319818	0.147587	-0.0410815	-0.226594	-0.385133	-0.51101	-0.594065	-0.629975	-0.613839	-0.554091	-0.473986	-0.403878	
-0.963388	-0.963388	-0.973399	-0.98357	-0.980183	-0.950286	-0.889536	-0.793023	-0.666039	-0.53402	-0.410576	-0.288867	-0.162314	-0.0346234	0.0800368	0.160776	0.182676	0.145966	0.0871805	0.0427987	0.0358932	0.0686183	0.134175	0.231357	0.359184	0.504987	0.645391	0.748987	0.804286	0.819448	0.823363	0.833506	0.829397	0.799026	0.743469	0.662915	0.567756	0.458289	0.313885	0.139682	-0.0572673	-0.247649	-0.40444	-0.520575	-0.593897	-0.626708	-0.607603	-0.53775	-0.438128	-0.343201	
-0.918363	-0.918363	-0.923552	-0.929033	-0.925491	-0.901658	-0.844984	-0.752693	-0.633588	-0.509813	-0.391531	-0.276725	-0.155685	-0.0321066	0.0797922	0.149374	0.145966	0.0806298	-0.00734406	-0.0787954	-0.106334	-0.0846303	-0.0209495	0.0778021	0.208586	0.370933	0.534524	0.666854	0.763235	0.821642	0.856635	0.871635	0.862266	0.827628	0.766501	0.679567	0.575348	0.44887	0.2918	0.107484	-0.0948056	-0.282363	-0.433098	-0.539537	-0.599007	-0.616193	-0.588802	-0.505218	-0.383559	-0.2667	
-0.849728	-0.849728	-0.850828	-0.845854	-0.839758	-0.816472	-0.753897	-0.666214	-0.564906	-0.455757	-0.35195	-0.248145	-0.133354	-0.0200173	0.0735154	0.118418	0.0871805	-0.00734406	-0.130177	-0.231271	-0.271881	-0.25283	-0.188868	-0.0903836	0.0450395	0.218832	0.399023	0.554917	0.686833	0.788121	0.851425	0.868821	0.858997	0.82529	0.761215	0.674333	0.569051	0.433224	0.266118	0.0677991	-0.140337	-0.322308	-0.462002	-0.556892	-0.599986	-0.600009	-0.556012	-0.458103	-0.321326	-0.181035	
-0.74224	-0.74224	-0.748407	-0.735936	-0.714352	-0.677416	-0.608686	-0.533744	-0.456939	-0.36739	-0.275632	-0.18407	-0.0827966	0.0121781	0.0755183	0.0923727	0.0427987	-0.0787954	-0.231271	-0.347707	-0.406014	-0.408042	-0.363015	-0.269232	-0.130243	0.0427531	0.225381	0.401712	0.564206	0.697515	0.781738	0.811732	0.809852	0.777849	0.721626	0.643715	0.538135	0.399717	0.227073	0.0273373	-0.177452	-0.35783	-0.489373	-0.567724	-0.597425	-0.578869	-0.509554	-0.395435	-0.248065	-0.0846001	
-0.606788	-0.606788	-0.607928	-0.595638	-0.562384	-0.506364	-0.435488	-0.363452	-0.300531	-0.240357	-0.169724	-0.0875554	-0.00462247	0.0736701	0.116021	0.108903	0.0358932	-0.106334	-0.271881	-0.406014	-0.49507	-0.526724	-0.505199	-0.4335	-0.312642	-0.159883	0.0188577	0.209798	0.393821	0.545123	0.645404	0.693429	0.699822	0.67445	0.631332	0.567766	0.475291	0.347544	0.177472	-0.0265857	-0.226314	-0.394584	-0.51351	-0.574317	-0.58314	-0.539077	-0.444261	-0.314762	-0.154652	0.0234953	
-0.480937	-0.480937	-0.471783	-0.451203	-0.40764	-0.33959	-0.262608	-0.191689	-0.140722	-0.101905	-0.0447408	0.0295368	0.107355	0.174201	0.199827	0.165445	0.0686183	-0.0846303	-0.25283	-0.408042	-0.526724	-0.590487	-0.602261	-0.560888	-0.47617	-0.355291	-0.194019	-0.00570708	0.185141	0.349272	0.461396	0.515568	0.523222	0.508503	0.483447	0.439864	0.369764	0.256459	0.0985184	-0.0919444	-0.282671	-0.435441	-0.5357	-0.571231	-0.551384	-0.476417	-0.354202	-0.208417	-0.0379875	0.145085	
-0.385627	-0.385627	-0.375533	-0.34788	-0.292142	-0.206807	-0.117823	-0.0515571	-0.00316647	0.0348765	0.0871559	0.163235	0.242604	0.294617	0.304725	0.250217	0.134175	-0.0209495	-0.188868	-0.363015	-0.505199	-0.602261	-0.650532	-0.650117	-0.607517	-0.52465	-0.388855	-0.21967	-0.0386919	0.117459	0.228656	0.289389	0.306205	0.301421	0.287757	0.26393	0.216641	0.127933	-0.0040439	-0.16643	-0.328699	-0.460486	-0.537935	-0.550849	-0.499061	-0.396888	-0.253832	-0.0902794	0.0877421	0.266812	
-0.336991	-0.336991	-0.327539	-0.291946	-0.226182	-0.127431	-0.0229106	0.0549315	0.112391	0.159043	0.213872	0.296279	0.377679	0.424394	0.418851	0.353035	0.231357	0.0778021	-0.0903836	-0.269232	-0.4335	-0.560888	-0.650117	-0.697846	-0.693194	-0.649045	-0.556811	-0.418746	-0.257906	-0.118021	-0.0139418	0.0442321	0.0692891	0.0742246	0.0727442	0.0671644	0.0379201	-0.0214992	-0.115776	-0.238332	-0.359431	-0.457989	-0.511796	-0.507789	-0.434447	-0.309225	-0.150287	0.0258946	0.201445	0.372038	
-0.341468	-0.341468	-0.321514	-0.273287	-0.198276	-0.0932262	0.0214117	0.117013	0.195204	0.258194	0.327001	0.414561	0.495989	0.546382	0.543824	0.478001	0.359184	0.208586	0.0450395	-0.130243	-0.312642	-0.47617	-0.607517	-0.693194	-0.737064	-0.745185	-0.697162	-0.590767	-0.464886	-0.350347	-0.261194	-0.206771	-0.17657	-0.166016	-0.157845	-0.14625	-0.148048	-0.178777	-0.234632	-0.305721	-0.377972	-0.44114	-0.473697	-0.453339	-0.368919	-0.230074	-0.0674353	0.110226	0.286256	0.458305	
-0.372549	-0.372549	-0.348088	-0.289047	-0.20564	-0.099886	0.022828	0.132369	0.233304	0.32529	0.419095	0.51033	0.594066	0.650596	0.659367	0.606432	0.504987	0.370933	0.218832	0.0427531	-0.159883	-0.355291	-0.52465	-0.649045	-0.745185	-0.799111	-0.795964	-0.740098	-0.666085	-0.587799	-0.521646	-0.473143	-0.440532	-0.415357	-0.387757	-0.356857	-0.33457	-0.334283	-0.35191	-0.368958	-0.394278	-0.419836	-0.43363	-0.404318	-0.320692	-0.180038	-0.0209734	0.152455	0.331761	0.510486	
-0.429974	-0.429974	-0.402845	-0.333771	-0.246446	-0.143145	-0.0145296	0.110007	0.232478	0.355031	0.469755	0.571503	0.665359	0.726902	0.745191	0.715966	0.645391	0.534524	0.399023	0.225381	0.0188577	-0.194019	-0.388855	-0.556811	-0.697162	-0.795964	-0.848025	-0.861225	-0.848766	-0.82435	-0.788155	-0.741307	-0.70055	-0.653671	-0.59183	-0.53316	-0.484411	-0.451743	-0.428739	-0.408139	-0.394266	-0.39072	-0.389574	-0.359934	-0.282965	-0.159014	-0.00787472	0.158822	0.33388	0.504538	
-0.525337	-0.525337	-0.487117	-0.406609	-0.311022	-0.20612	-0.074116	0.0648785	0.206479	0.350058	0.482093	0.590278	0.684495	0.751915	0.787272	0.78739	0.748987	0.666854	0.554917	0.401712	0.209798	-0.00570708	-0.21967	-0.418746	-0.590767	-0.740098	-0.861225	-0.954359	-1.00846	-1.03415	-1.02617	-0.992027	-0.93661	-0.85163	-0.746493	-0.646415	-0.562069	-0.494712	-0.43549	-0.386572	-0.352141	-0.338816	-0.335211	-0.313849	-0.251511	-0.15185	-0.0151647	0.134855	0.301477	0.462201	
-0.653532	-0.653532	-0.598744	-0.508187	-0.399234	-0.282451	-0.14768	0.000247936	0.162589	0.323333	0.466389	0.572979	0.654381	0.716765	0.771331	0.805504	0.804286	0.763235	0.686833	0.564206	0.393821	0.185141	-0.0386919	-0.257906	-0.464886	-0.666085	-0.848766	-1.00846	-1.12627	-1.20021	-1.21848	-1.18776	-1.10665	-0.98364	-0.839592	-0.697436	-0.567663	-0.461046	-0.369128	-0.299178	-0.262521	-0.253633	-0.256263	-0.252819	-0.220163	-0.151471	-0.0392336	0.103484	0.262714	0.412718	
-0.774354	-0.774354	-0.714789	-0.61347	-0.497831	-0.37267	-0.227603	-0.0641962	0.109189	0.28383	0.423596	0.527452	0.604697	0.662013	0.720599	0.785456	0.819448	0.821642	0.788121	0.697515	0.545123	0.349272	0.117459	-0.118021	-0.350347	-0.587799	-0.82435	-1.03415	-1.20021	-1.30186	-1.33399	-1.29531	-1.18987	-1.03337	-0.850587	-0.672215	-0.515956	-0.379281	-0.260042	-0.178275	-0.146413	-0.145889	-0.167304	-0.18704	-0.185269	-0.14753	-0.0604599	0.0771371	0.223694	0.359931	
-0.869533	-0.869533	-0.808505	-0.704843	-0.585617	-0.455715	-0.302816	-0.132613	0.0460962	0.22244	0.366362	0.475547	0.558153	0.617521	0.683753	0.763732	0.823363	0.856635	0.851425	0.781738	0.645404	0.461396	0.228656	-0.0139418	-0.261194	-0.521646	-0.788155	-1.02617	-1.21848	-1.33399	-1.3644	-1.30862	-1.1783	-0.995165	-0.7833	-0.579975	-0.409063	-0.261907	-0.137213	-0.0576724	-0.034774	-0.0464634	-0.0864899	-0.127127	-0.148859	-0.132771	-0.0692068	0.0508088	0.184561	0.314224	
-0.924948	-0.924948	-0.861273	-0.761553	-0.640906	-0.505444	-0.355615	-0.189949	-0.0144905	0.157186	0.31041	0.432905	0.521917	0.595562	0.676345	0.762861	0.833506	0.871635	0.868821	0.811732	0.693429	0.515568	0.289389	0.0442321	-0.206771	-0.473143	-0.741307	-0.992027	-1.18776	-1.29531	-1.30862	-1.23463	-1.07886	-0.866982	-0.64191	-0.435377	-0.261154	-0.121223	-0.012068	0.0480287	0.054434	0.0226925	-0.0276985	-0.0764541	-0.107539	-0.109592	-0.068255	0.0231784	0.147965	0.274914	
-0.943306	-0.943306	-0.882232	-0.778162	-0.657442	-0.527389	-0.378602	-0.218587	-0.0548894	0.106674	0.260655	0.393692	0.501258	0.592551	0.679428	0.761058	0.829397	0.862266	0.858997	0.809852	0.699822	0.523222	0.306205	0.0692891	-0.17657	-0.440532	-0.70055	-0.93661	-1.10665	-1.18987	-1.1783	-1.07886	-0.90475	-0.679489	-0.450689	-0.248329	-0.0862546	0.0291141	0.105579	0.137454	0.12464	0.0737672	0.00858492	-0.0456023	-0.0779263	-0.0877966	-0.0587866	0.00938664	0.116338	0.233095	
-0.928827	-0.928827	-0.873346	-0.770607	-0.652184	-0.522669	-0.371305	-0.217541	-0.0676469	0.0784443	0.222087	0.357435	0.480016	0.579163	0.665611	0.737663	0.799026	0.827628	0.82529	0.777849	0.67445	0.508503	0.301421	0.0742246	-0.166016	-0.415357	-0.653671	-0.85163	-0.98364	-1.03337	-0.995165	-0.866982	-0.679489	-0.458673	-0.237654	-0.0490636	0.09181	0.180823	0.221444	0.216574	0.177544	0.107013	0.0234414	-0.0416713	-0.0789454	-0.0849857	-0.0593013	-0.00119724	0.0891504	0.191265	
-0.888517	-0.888517	-0.836462	-0.743914	-0.627797	-0.49433	-0.344324	-0.199358	-0.0637025	0.0652758	0.199465	0.329104	0.445813	0.541959	0.624722	0.69192	0.743469	0.766501	0.761215	0.721626	0.631332	0.483447	0.287757	0.0727442	-0.157845	-0.387757	-0.59183	-0.746493	-0.839592	-0.850587	-0.7833	-0.64191	-0.450689	-0.237654	-0.0352039	0.13425	0.255784	0.318025	0.322722	0.285298	0.210666	0.112621	0.00971262	-0.0682648	-0.11203	-0.112933	-0.0870861	-0.0269938	0.0561437	0.15398	
-0.823958	-0.823958	-0.770424	-0.684028	-0.574326	-0.445474	-0.306631	-0.170778	-0.0490176	0.0612521	0.178194	0.299791	0.40804	0.49661	0.569469	0.62573	0.662915	0.679567	0.674333	0.643715	0.567766	0.439864	0.26393	0.0671644	-0.14625	-0.356857	-0.53316	-0.646415	-0.697436	-0.672215	-0.579975	-0.435377	-0.248329	-0.0490636	0.13425	0.285978	0.388503	0.419594	0.387683	0.314455	0.20947	0.0867131	-0.0375619	-0.132927	-0.18226	-0.178404	-0.142617	-0.0768469	0.004882	0.104722	
-0.739258	-0.739258	-0.688862	-0.606914	-0.50589	-0.389562	-0.264709	-0.147832	-0.043227	0.0512589	0.147038	0.258761	0.364267	0.440549	0.501799	0.549325	0.567756	0.575348	0.569051	0.538135	0.475291	0.369764	0.216641	0.0379201	-0.148048	-0.33457	-0.484411	-0.562069	-0.567663	-0.515956	-0.409063	-0.261154	-0.0862546	0.09181	0.255784	0.388503	0.46061	0.464651	0.404833	0.295913	0.159244	0.0139595	-0.125717	-0.234698	-0.282501	-0.275262	-0.228375	-0.148545	-0.0570256	0.0498246	
-0.664135	-0.664135	-0.619903	-0.547749	-0.458762	-0.357272	-0.251523	-0.156662	-0.0743623	0.00918133	0.0973108	0.197022	0.294573	0.363034	0.416373	0.453008	0.458289	0.44887	0.433224	0.399717	0.347544	0.256459	0.127933	-0.0214992	-0.178777	-0.334283	-0.451743	-0.494712	-0.461046	-0.379281	-0.261907	-0.121223	0.0291141	0.180823	0.318025	0.419594	0.464651	0.441556	0.357309	0.226947	0.0650927	-0.103737	-0.253066	-0.358017	-0.397106	-0.385318	-0.326009	-0.231785	-0.121123	-0.000910176	
-0.623697	-0.623697	-0.585439	-0.533203	-0.466393	-0.389007	-0.305296	-0.219453	-0.143132	-0.070593	0.0143654	0.106345	0.191536	0.251736	0.297	0.319818	0.313885	0.2918	0.266118	0.227073	0.177472	0.0985184	-0.0040439	-0.115776	-0.234632	-0.35191	-0.428739	-0.43549	-0.369128	-0.260042	-0.137213	-0.012068	0.105579	0.221444	0.322722	0.387683	0.404833	0.357309	0.255788	0.112611	-0.0623183	-0.240217	-0.388561	-0.482761	-0.510913	-0.485129	-0.408545	-0.30448	-0.180417	-0.0520883	
-0.62894	-0.62894	-0.607224	-0.57626	-0.536493	-0.489584	-0.422859	-0.340285	-0.260016	-0.182973	-0.0990568	-0.0201298	0.0512947	0.103194	0.133955	0.147587	0.139682	0.107484	0.0677991	0.0273373	-0.0265857	-0.0919444	-0.16643	-0.238332	-0.305721	-0.368958	-0.408139	-0.386572	-0.299178	-0.178275	-0.0576724	0.0480287	0.137454	0.216574	0.285298	0.314455	0.295913	0.226947	0.112611	-0.0375943	-0.212481	-0.381199	-0.515371	-0.588107	-0.601756	-0.558638	-0.46747	-0.354175	-0.231176	-0.10499	
-0.68721	-0.68721	-0.681607	-0.665621	-0.650339	-0.625946	-0.574603	-0.500952	-0.421619	-0.329592	-0.247673	-0.175778	-0.116243	-0.0703958	-0.0491573	-0.0410815	-0.0572673	-0.0948056	-0.140337	-0.177452	-0.226314	-0.282671	-0.328699	-0.359431	-0.377972	-0.394278	-0.394266	-0.352141	-0.262521	-0.146413	-0.034774	0.054434	0.12464	0.177544	0.210666	0.20947	0.159244	0.0650927	-0.0623183	-0.212481	-0.369601	-0.516986	-0.62533	-0.67281	-0.658415	-0.596072	-0.498864	-0.388687	-0.274087	-0.156874	
-0.774545	-0.774545	-0.774895	-0.772801	-0.778156	-0.77523	-0.734934	-0.666761	-0.586214	-0.495548	-0.415076	-0.348816	-0.291909	-0.25157	-0.229274	-0.226594	-0.247649	-0.282363	-0.322308	-0.35783	-0.394584	-0.435441	-0.460486	-0.457989	-0.44114	-0.419836	-0.39072	-0.338816	-0.253633	-0.145889	-0.0464634	0.0226925	0.0737672	0.107013	0.112621	0.0867131	0.0139595	-0.103737	-0.240217	-0.381199	-0.516986	-0.633303	-0.708539	-0.730184	-0.690973	-0.608279	-0.511498	-0.409402	-0.304534	-0.202271	
-0.860754	-0.860754	-0.863821	-0.876754	-0.896199	-0.904102	-0.880395	-0.816959	-0.73102	-0.644495	-0.571671	-0.507785	-0.454441	-0.415395	-0.390914	-0.385133	-0.40444	-0.433098	-0.462002	-0.489373	-0.51351	-0.5357	-0.537935	-0.511796	-0.473697	-0.43363	-0.389574	-0.335211	-0.256263	-0.167304	-0.0864899	-0.0276985	0.00858492	0.0234414	0.00971262	-0.0375619	-0.125717	-0.253066	-0.388561	-0.515371	-0.62533	-0.708539	-0.755329	-0.751664	-0.693721	-0.605905	-0.511698	-0.412337	-0.313272	-0.229542	
-0.916044	-0.916044	-0.928283	-0.953836	-0.981206	-0.993548	-0.977801	-0.917502	-0.828798	-0.743576	-0.676147	-0.622766	-0.579442	-0.539166	-0.51611	-0.51101	-0.520575	-0.539537	-0.556892	-0.567724	-0.574317	-0.571231	-0.550849	-0.507789	-0.453339	-0.404318	-0.359934	-0.313849	-0.252819	-0.18704	-0.127127	-0.0764541	-0.0456023	-0.0416713	-0.0682648	-0.132927	-0.234698	-0.358017	-0.482761	-0.588107	-0.67281	-0.730184	-0.751664	-0.728959	-0.665293	-0.578508	-0.481597	-0.387504	-0.299429	-0.227959	
-0.938642	-0.938642	-0.952065	-0.98369	-1.01802	-1.03039	-1.00846	-0.944287	-0.850705	-0.770809	-0.71231	-0.672312	-0.64537	-0.619644	-0.597972	-0.594065	-0.593897	-0.599007	-0.599986	-0.597425	-0.58314	-0.551384	-0.499061	-0.434447	-0.368919	-0.320692	-0.282965	-0.251511	-0.220163	-0.185269	-0.148859	-0.107539	-0.0779263	-0.0789454	-0.11203	-0.18226	-0.282501	-0.397106	-0.510913	-0.601756	-0.658415	-0.690973	-0.693721	-0.665293	-0.604834	-0.522354	-0.427455	-0.335707	-0.257214	-0.196821	
-0.916851	-0.916851	-0.929965	-0.953618	-0.977851	-0.984968	-0.955728	-0.889726	-0.801165	-0.732306	-0.684305	-0.657383	-0.64402	-0.634909	-0.625793	-0.629975	-0.626708	-0.616193	-0.600009	-0.578869	-0.539077	-0.476417	-0.396888	-0.309225	-0.230074	-0.180038	-0.159014	-0.15185	-0.151471	-0.14753	-0.132771	-0.109592	-0.0877966	-0.0849857	-0.112933	-0.178404	-0.275262	-0.385318	-0.485129	-0.558638	-0.596072	-0.608279	-0.605905	-0.578508	-0.522354	-0.438749	-0.346071	-0.260716	-0.192045	-0.143746	
-0.820465	-0.820465	-0.833802	-0.850196	-0.857979	-0.851991	-0.821453	-0.764377	-0.690461	-0.637058	-0.605106	-0.593591	-0.589493	-0.592439	-0.602836	-0.613839	-0.607603	-0.588802	-0.556012	-0.509554	-0.444261	-0.354202	-0.253832	-0.150287	-0.0674353	-0.0209734	-0.00787472	-0.0151647	-0.0392336	-0.0604599	-0.0692068	-0.068255	-0.0587866	-0.0593013	-0.0870861	-0.142617	-0.228375	-0.326009	-0.408545	-0.46747	-0.498864	-0.511498	-0.511698	-0.481597	-0.427455	-0.346071	-0.257561	-0.180809	-0.119837	-0.0826597	
-0.624546	-0.624546	-0.637573	-0.65141	-0.660036	-0.652147	-0.621534	-0.580535	-0.535158	-0.506369	-0.497596	-0.503999	-0.513419	-0.526413	-0.546079	-0.554091	-0.53775	-0.505218	-0.458103	-0.395435	-0.314762	-0.208417	-0.0902794	0.0258946	0.110226	0.152455	0.158822	0.134855	0.103484	0.0771371	0.0508088	0.0231784	0.00938664	-0.00119724	-0.0269938	-0.0768469	-0.148545	-0.231785	-0.30448	-0.354175	-0.388687	-0.409402	-0.412337	-0.387504	-0.335707	-0.260716	-0.180809	-0.109512	-0.0520724	-0.0220873	
-0.33471	-0.33471	-0.350584	-0.366651	-0.386766	-0.39354	-0.380885	-0.370698	-0.364362	-0.371222	-0.394843	-0.419942	-0.443636	-0.465437	-0.480091	-0.473986	-0.438128	-0.383559	-0.321326	-0.248065	-0.154652	-0.0379875	0.0877421	0.201445	0.286256	0.331761	0.33388	0.301477	0.262714	0.223694	0.184561	0.147965	0.116338	0.0891504	0.0561437	0.004882	-0.0570256	-0.121123	-0.180417	-0.231176	-0.274087	-0.304534	-0.313272	-0.299429	-0.257214	-0.192045	-0.119837	-0.0520724	-0.00217033	0.0195761	
0.045419	0.045419	0.0181214	-0.0156818	-0.0524491	-0.0855731	-0.112093	-0.145174	-0.185439	-0.243738	-0.312932	-0.369205	-0.40765	-0.433669	-0.434133	-0.403878	-0.343201	-0.2667	-0.181035	-0.0846001	0.0234953	0.145085	0.266812	0.372038	0.458305	0.510486	0.504538	0.462201	0.412718	0.359931	0.314224	0.274914	0.233095	0.191265	0.15398	0.104722	0.0498246	-0.000910176	-0.0520883	-0.10499	-0.156874	-0.202271	-0.229542	-0.227959	-0.196821	-0.143746	-0.0826597	-0.0220873	0.0195761	0.0379974	
