0.676397	0.611616	0.562944	0.52643	0.495702	0.475974	0.476833	0.495458	0.5223	0.540712	0.532231	0.515018	0.469128	0.379652	0.269833	0.138899	-0.00452204	-0.142879	-0.268807	-0.384401	-0.479458	-0.534334	-0.533897	-0.477109	-0.368172	-0.23594	-0.0926406	0.0422142	0.129639	0.171935	0.160571	0.0972686	0.0132222	-0.0661722	-0.11905	-0.129099	-0.0891059	-0.00480954	0.111332	0.249654	0.383042	0.479864	0.527186	0.507696	0.427364	0.305766	0.162179	0.0435503	-0.0189892	-0.0189892	
0.611616	0.543082	0.494244	0.451578	0.417814	0.396461	0.389117	0.401304	0.424623	0.442198	0.452817	0.460367	0.449195	0.403769	0.326702	0.21621	0.087571	-0.0506635	-0.186547	-0.313913	-0.430714	-0.514358	-0.543215	-0.52125	-0.447281	-0.334278	-0.204256	-0.0779618	0.0115309	0.0547933	0.0483155	-0.00278355	-0.0773108	-0.134518	-0.161391	-0.155801	-0.093942	0.0091926	0.138114	0.282434	0.415102	0.508754	0.543863	0.511278	0.409681	0.269594	0.122215	-0.00767907	-0.0805452	-0.0805452	
0.562944	0.494244	0.443543	0.388939	0.343124	0.314054	0.304535	0.310215	0.323739	0.337795	0.361691	0.3813	0.400267	0.400561	0.356687	0.271637	0.167427	0.044518	-0.0889758	-0.217202	-0.349302	-0.457513	-0.519635	-0.534455	-0.494815	-0.405254	-0.2949	-0.182606	-0.0892558	-0.0467686	-0.0473859	-0.0842489	-0.145768	-0.190306	-0.203352	-0.180057	-0.101177	0.0189836	0.156776	0.307835	0.443471	0.530637	0.557292	0.513874	0.400329	0.245061	0.0862219	-0.047641	-0.124284	-0.124284	
0.52643	0.451578	0.388939	0.324363	0.265909	0.23154	0.221601	0.21961	0.225936	0.244156	0.267349	0.301975	0.348598	0.375627	0.355344	0.301517	0.221685	0.125284	0.0116436	-0.117763	-0.252862	-0.378357	-0.468809	-0.507188	-0.491468	-0.432289	-0.338742	-0.243084	-0.164259	-0.11858	-0.115947	-0.149849	-0.200761	-0.238599	-0.248078	-0.211614	-0.125475	0.00393558	0.156764	0.316237	0.456955	0.539364	0.558604	0.510527	0.393239	0.234254	0.0688152	-0.0663516	-0.139735	-0.139735	
0.495702	0.417814	0.343124	0.265909	0.197234	0.160962	0.146787	0.141935	0.141838	0.160004	0.183759	0.224525	0.286457	0.332846	0.335187	0.310267	0.259503	0.185902	0.0868993	-0.0387242	-0.168073	-0.289762	-0.384468	-0.431028	-0.432833	-0.404998	-0.338734	-0.267692	-0.203046	-0.160637	-0.164434	-0.196971	-0.244998	-0.282373	-0.288783	-0.24637	-0.156377	-0.0230469	0.135646	0.295105	0.435598	0.522104	0.544431	0.492241	0.376022	0.230509	0.0784066	-0.0475031	-0.118377	-0.118377	
0.475974	0.396461	0.314054	0.23154	0.160962	0.119558	0.10159	0.0917721	0.0842683	0.0924308	0.112199	0.15392	0.218669	0.276023	0.301627	0.300118	0.277253	0.221305	0.133063	0.0208702	-0.0930839	-0.198823	-0.283251	-0.33172	-0.351021	-0.346416	-0.312547	-0.263881	-0.218061	-0.191206	-0.198302	-0.230057	-0.272394	-0.309395	-0.307715	-0.261037	-0.174784	-0.0428579	0.10817	0.260156	0.391698	0.476012	0.502774	0.458563	0.359454	0.230366	0.0942156	-0.0154589	-0.075663	-0.075663	
0.476833	0.389117	0.304535	0.221601	0.146787	0.10159	0.0814073	0.0663067	0.0546688	0.0518633	0.058611	0.0898244	0.144224	0.204534	0.250062	0.268762	0.269805	0.232737	0.157344	0.073004	-0.0217285	-0.111041	-0.18113	-0.238525	-0.275545	-0.287487	-0.280036	-0.250065	-0.216356	-0.203336	-0.214101	-0.248597	-0.287018	-0.315027	-0.30627	-0.252965	-0.163285	-0.0383895	0.102221	0.245151	0.357713	0.429765	0.45322	0.414319	0.333896	0.218129	0.0935003	-0.00299331	-0.0578778	-0.0578778	
0.495458	0.401304	0.310215	0.21961	0.141935	0.0917721	0.0663067	0.0495002	0.0300639	0.0107487	-0.000607403	0.0209358	0.0642602	0.124341	0.184468	0.219814	0.233567	0.215861	0.16207	0.104905	0.0354263	-0.0326474	-0.0906648	-0.149546	-0.1959	-0.224892	-0.234325	-0.220441	-0.201323	-0.201662	-0.215712	-0.251796	-0.289872	-0.304788	-0.286001	-0.224276	-0.1281	-0.00323241	0.129879	0.253682	0.352994	0.415	0.42389	0.376851	0.289426	0.176021	0.061188	-0.034988	-0.0895207	-0.0895207	
0.5223	0.424623	0.323739	0.225936	0.141838	0.0842683	0.0546688	0.0300639	-0.00456086	-0.0440871	-0.0647134	-0.0514652	-0.0114547	0.049457	0.115326	0.158027	0.177707	0.17586	0.145099	0.109876	0.06386	0.0202491	-0.0197213	-0.0692402	-0.112394	-0.150081	-0.17447	-0.175808	-0.175364	-0.184447	-0.202572	-0.237802	-0.267851	-0.271776	-0.240262	-0.171436	-0.0693205	0.0526528	0.175455	0.286841	0.371385	0.414003	0.3979	0.335988	0.233508	0.10844	-0.00489116	-0.0988509	-0.145034	-0.145034	
0.540712	0.442198	0.337795	0.244156	0.160004	0.0924308	0.0518633	0.0107487	-0.0440871	-0.0949182	-0.115792	-0.10306	-0.0701772	-0.0152607	0.0452548	0.0891964	0.117877	0.129131	0.117895	0.0986033	0.073294	0.0498994	0.0299655	-0.0071137	-0.0475232	-0.0845855	-0.116811	-0.128808	-0.141064	-0.158574	-0.18298	-0.210542	-0.222922	-0.210617	-0.161416	-0.0883754	0.0110136	0.123666	0.23376	0.334078	0.394383	0.408831	0.371725	0.290898	0.171568	0.0364581	-0.0817004	-0.178565	-0.225024	-0.225024	
0.532231	0.452817	0.361691	0.267349	0.183759	0.112199	0.058611	-0.000607403	-0.0647134	-0.115792	-0.138197	-0.132608	-0.110837	-0.0702748	-0.0220633	0.0262679	0.0640963	0.0885577	0.0947195	0.0886812	0.0790844	0.0694427	0.0559202	0.0265151	-0.0145755	-0.0533896	-0.08428	-0.104995	-0.122781	-0.138684	-0.156258	-0.173029	-0.165609	-0.130652	-0.0673039	0.0194639	0.125247	0.233542	0.319919	0.388533	0.420835	0.402658	0.342583	0.237795	0.104308	-0.0335278	-0.162628	-0.264528	-0.320311	-0.320311	
0.515018	0.460367	0.3813	0.301975	0.224525	0.15392	0.0898244	0.0209358	-0.0514652	-0.10306	-0.132608	-0.144089	-0.138395	-0.117798	-0.0768484	-0.0303757	0.010416	0.0414329	0.0589383	0.0589735	0.0619532	0.0660226	0.0500925	0.0266147	-0.0121555	-0.0570543	-0.0895561	-0.110743	-0.124084	-0.12892	-0.126204	-0.120351	-0.0893386	-0.0310492	0.0500702	0.155162	0.263782	0.361532	0.429291	0.463101	0.457477	0.400299	0.309646	0.185425	0.0360547	-0.11346	-0.251814	-0.354181	-0.407237	-0.407237	
0.469128	0.449195	0.400267	0.348598	0.286457	0.218669	0.144224	0.0642602	-0.0114547	-0.0701772	-0.110837	-0.138395	-0.149542	-0.143611	-0.120408	-0.0875368	-0.0520289	-0.0227402	-0.00323055	0.00786192	0.0185744	0.0247727	0.0150382	-0.00825331	-0.0455917	-0.0886534	-0.121009	-0.139286	-0.142455	-0.133471	-0.112003	-0.0711467	-0.00330004	0.0934833	0.209041	0.331079	0.434779	0.50914	0.549579	0.544366	0.496752	0.405667	0.280101	0.126185	-0.0432333	-0.20089	-0.33542	-0.431377	-0.480733	-0.480733	
0.379652	0.403769	0.400561	0.375627	0.332846	0.276023	0.204534	0.124341	0.049457	-0.0152607	-0.0702748	-0.117798	-0.143611	-0.154249	-0.157346	-0.144694	-0.120205	-0.0969335	-0.0796649	-0.0599333	-0.0439397	-0.0371252	-0.0431567	-0.0665855	-0.105691	-0.145259	-0.170712	-0.181061	-0.170603	-0.146202	-0.10405	-0.02751	0.083705	0.224159	0.376496	0.513067	0.613117	0.667994	0.673036	0.631401	0.547334	0.420593	0.258756	0.0744629	-0.107095	-0.272598	-0.408763	-0.498062	-0.548978	-0.548978	
0.269833	0.326702	0.356687	0.355344	0.335187	0.301627	0.250062	0.184468	0.115326	0.0452548	-0.0220633	-0.0768484	-0.120408	-0.157346	-0.187649	-0.200807	-0.191833	-0.171464	-0.14884	-0.124709	-0.1026	-0.0954433	-0.108947	-0.13585	-0.172382	-0.203447	-0.22126	-0.218962	-0.203121	-0.172115	-0.10462	0.0032383	0.151751	0.325294	0.503113	0.656415	0.761262	0.813328	0.804697	0.73079	0.608128	0.448532	0.253225	0.0539577	-0.136025	-0.314999	-0.455056	-0.550538	-0.60222	-0.60222	
0.138899	0.21621	0.271637	0.301517	0.310267	0.300118	0.268762	0.219814	0.158027	0.0891964	0.0262679	-0.0303757	-0.0875368	-0.144694	-0.200807	-0.237306	-0.241411	-0.227165	-0.20318	-0.169812	-0.14516	-0.14147	-0.157729	-0.18939	-0.224336	-0.2483	-0.266883	-0.268166	-0.253811	-0.219542	-0.138984	-0.00634656	0.170437	0.371392	0.582017	0.759914	0.876984	0.931815	0.916334	0.824358	0.674279	0.493119	0.277547	0.06218	-0.135982	-0.320008	-0.459065	-0.556219	-0.610564	-0.610564	
-0.00452204	0.087571	0.167427	0.221685	0.259503	0.277253	0.269805	0.233567	0.177707	0.117877	0.0640963	0.010416	-0.0520289	-0.120205	-0.191833	-0.241411	-0.260146	-0.249602	-0.221796	-0.186532	-0.163039	-0.164617	-0.186096	-0.220242	-0.258083	-0.291556	-0.32129	-0.340192	-0.336913	-0.299819	-0.213644	-0.0655197	0.135696	0.366866	0.607371	0.810032	0.949335	1.01332	0.991448	0.895792	0.744353	0.555079	0.332877	0.109189	-0.095936	-0.279781	-0.415528	-0.50356	-0.551396	-0.551396	
-0.142879	-0.0506635	0.044518	0.125284	0.185902	0.221305	0.232737	0.215861	0.17586	0.129131	0.0885577	0.0414329	-0.0227402	-0.0969335	-0.171464	-0.227165	-0.249602	-0.235021	-0.197571	-0.163294	-0.145541	-0.154453	-0.187599	-0.233829	-0.289373	-0.342862	-0.392669	-0.427965	-0.439145	-0.412063	-0.328388	-0.176073	0.0445529	0.306232	0.575163	0.807007	0.967604	1.04346	1.03574	0.952973	0.810858	0.625839	0.410052	0.192395	-0.00749918	-0.18047	-0.308495	-0.388787	-0.42974	-0.42974	
-0.268807	-0.186547	-0.0889758	0.0116436	0.0868993	0.133063	0.157344	0.16207	0.145099	0.117895	0.0947195	0.0589383	-0.00323055	-0.0796649	-0.14884	-0.20318	-0.221796	-0.197571	-0.150735	-0.11949	-0.10537	-0.119083	-0.169886	-0.23946	-0.319599	-0.396488	-0.464084	-0.515927	-0.549531	-0.54473	-0.474232	-0.321202	-0.0855303	0.202674	0.49398	0.748132	0.931743	1.02936	1.05	0.987827	0.858547	0.688355	0.494827	0.299014	0.121161	-0.0226518	-0.131822	-0.203618	-0.239996	-0.239996	
-0.384401	-0.313913	-0.217202	-0.117763	-0.0387242	0.0208702	0.073004	0.104905	0.109876	0.0986033	0.0886812	0.0589735	0.00786192	-0.0599333	-0.124709	-0.169812	-0.186532	-0.163294	-0.11949	-0.0882482	-0.0768845	-0.0968366	-0.159562	-0.247549	-0.346461	-0.441204	-0.523673	-0.606207	-0.665394	-0.672092	-0.609163	-0.452723	-0.212585	0.079106	0.372898	0.642039	0.852923	0.975728	1.01665	0.980295	0.883188	0.738937	0.581245	0.423987	0.281833	0.174803	0.0917489	0.0435866	0.0208407	0.0208407	
-0.479458	-0.430714	-0.349302	-0.252862	-0.168073	-0.0930839	-0.0217285	0.0354263	0.06386	0.073294	0.0790844	0.0619532	0.0185744	-0.0439397	-0.1026	-0.14516	-0.163039	-0.145541	-0.10537	-0.0768845	-0.0684972	-0.0977745	-0.17359	-0.271668	-0.377123	-0.481631	-0.582741	-0.684471	-0.760501	-0.778653	-0.722276	-0.571215	-0.335754	-0.0437404	0.256986	0.534497	0.755671	0.892294	0.955573	0.947007	0.882224	0.780286	0.665209	0.551123	0.452622	0.386571	0.342846	0.323772	0.318158	0.318158	
-0.534334	-0.514358	-0.457513	-0.378357	-0.289762	-0.198823	-0.111041	-0.0326474	0.0202491	0.0498994	0.0694427	0.0660226	0.0247727	-0.0371252	-0.0954433	-0.14147	-0.164617	-0.154453	-0.119083	-0.0968366	-0.0977745	-0.138311	-0.219297	-0.316179	-0.421115	-0.529121	-0.640839	-0.744274	-0.82204	-0.848673	-0.797164	-0.654946	-0.428035	-0.141534	0.15975	0.437706	0.659275	0.807644	0.891903	0.909558	0.87689	0.816683	0.74179	0.670604	0.617701	0.592195	0.587731	0.593792	0.600788	0.600788	
-0.533897	-0.543215	-0.519635	-0.468809	-0.384468	-0.283251	-0.18113	-0.0906648	-0.0197213	0.0299655	0.0559202	0.0500925	0.0150382	-0.0431567	-0.108947	-0.157729	-0.186096	-0.187599	-0.169886	-0.159562	-0.17359	-0.219297	-0.289481	-0.376669	-0.479806	-0.588015	-0.693848	-0.792432	-0.861867	-0.879707	-0.829561	-0.690319	-0.468651	-0.196358	0.094793	0.364853	0.587336	0.749555	0.846286	0.887533	0.883786	0.851049	0.807447	0.773269	0.761902	0.767567	0.789714	0.818838	0.834697	0.834697	
-0.477109	-0.52125	-0.534455	-0.507188	-0.431028	-0.33172	-0.238525	-0.149546	-0.0692402	-0.0071137	0.0265151	0.0266147	-0.00825331	-0.0665855	-0.13585	-0.18939	-0.220242	-0.233829	-0.23946	-0.247549	-0.271668	-0.316179	-0.376669	-0.460925	-0.556176	-0.652253	-0.745034	-0.827047	-0.883163	-0.895773	-0.838562	-0.688882	-0.469821	-0.20406	0.0801916	0.340526	0.560148	0.726515	0.835458	0.887956	0.898074	0.888132	0.863354	0.852883	0.866425	0.894488	0.940083	0.981037	1.00486	1.00486	
-0.368172	-0.447281	-0.494815	-0.491468	-0.432833	-0.351021	-0.275545	-0.1959	-0.112394	-0.0475232	-0.0145755	-0.0121555	-0.0455917	-0.105691	-0.172382	-0.224336	-0.258083	-0.289373	-0.319599	-0.346461	-0.377123	-0.421115	-0.479806	-0.556176	-0.637807	-0.715641	-0.792512	-0.856823	-0.896059	-0.89011	-0.810722	-0.653974	-0.43748	-0.179623	0.0939238	0.3482	0.560698	0.728027	0.846177	0.906774	0.925266	0.92604	0.914984	0.91586	0.93975	0.978278	1.03271	1.08273	1.11119	1.11119	
-0.23594	-0.334278	-0.405254	-0.432289	-0.404998	-0.346416	-0.287487	-0.224892	-0.150081	-0.0845855	-0.0533896	-0.0570543	-0.0886534	-0.145259	-0.203447	-0.2483	-0.291556	-0.342862	-0.396488	-0.441204	-0.481631	-0.529121	-0.588015	-0.652253	-0.715641	-0.780306	-0.838247	-0.884933	-0.898623	-0.861634	-0.763862	-0.600096	-0.383417	-0.132794	0.123027	0.366977	0.579863	0.746405	0.86032	0.92644	0.955889	0.958867	0.955106	0.958579	0.985247	1.0319	1.08723	1.14312	1.17398	1.17398	
-0.0926406	-0.204256	-0.2949	-0.338742	-0.338734	-0.312547	-0.280036	-0.234325	-0.17447	-0.116811	-0.08428	-0.0895561	-0.121009	-0.170712	-0.22126	-0.266883	-0.32129	-0.392669	-0.464084	-0.523673	-0.582741	-0.640839	-0.693848	-0.745034	-0.792512	-0.838247	-0.87323	-0.894738	-0.878895	-0.818384	-0.707063	-0.533874	-0.320969	-0.0798598	0.164614	0.395917	0.596752	0.754469	0.868667	0.938947	0.972061	0.975869	0.977603	0.984746	1.01048	1.06466	1.12347	1.17725	1.21059	1.21059	
0.0422142	-0.0779618	-0.182606	-0.243084	-0.267692	-0.263881	-0.250065	-0.220441	-0.175808	-0.128808	-0.104995	-0.110743	-0.139286	-0.181061	-0.218962	-0.268166	-0.340192	-0.427965	-0.515927	-0.606207	-0.684471	-0.744274	-0.792432	-0.827047	-0.856823	-0.884933	-0.894738	-0.882917	-0.841293	-0.753878	-0.619683	-0.44651	-0.240831	-0.0158931	0.204168	0.413445	0.597968	0.747765	0.861151	0.933817	0.965494	0.968461	0.975581	0.989619	1.01993	1.0786	1.14114	1.19657	1.23319	1.23319	
0.129639	0.0115309	-0.0892558	-0.164259	-0.203046	-0.218061	-0.216356	-0.201323	-0.175364	-0.141064	-0.122781	-0.124084	-0.142455	-0.170603	-0.203121	-0.253811	-0.336913	-0.439145	-0.549531	-0.665394	-0.760501	-0.82204	-0.861867	-0.883163	-0.896059	-0.898623	-0.878895	-0.841293	-0.774377	-0.663801	-0.515051	-0.34327	-0.148311	0.0538996	0.242874	0.422444	0.587763	0.726614	0.824721	0.894648	0.933178	0.938572	0.950465	0.970029	1.00581	1.07135	1.13888	1.19595	1.23281	1.23281	
0.171935	0.0547933	-0.0467686	-0.11858	-0.160637	-0.191206	-0.203336	-0.201662	-0.184447	-0.158574	-0.138684	-0.12892	-0.133471	-0.146202	-0.172115	-0.219542	-0.299819	-0.412063	-0.54473	-0.672092	-0.778653	-0.848673	-0.879707	-0.895773	-0.89011	-0.861634	-0.818384	-0.753878	-0.663801	-0.538539	-0.38964	-0.226848	-0.051944	0.118184	0.277412	0.419992	0.556437	0.676388	0.76303	0.828793	0.863207	0.877139	0.895282	0.922174	0.965099	1.03267	1.10932	1.16991	1.21079	1.21079	
0.160571	0.0483155	-0.0473859	-0.115947	-0.164434	-0.198302	-0.214101	-0.215712	-0.202572	-0.18298	-0.156258	-0.126204	-0.112003	-0.10405	-0.10462	-0.138984	-0.213644	-0.328388	-0.474232	-0.609163	-0.722276	-0.797164	-0.829561	-0.838562	-0.810722	-0.763862	-0.707063	-0.619683	-0.515051	-0.38964	-0.241982	-0.0933088	0.0461369	0.171424	0.28657	0.393018	0.500606	0.593217	0.665736	0.724261	0.757336	0.780307	0.801769	0.841275	0.897148	0.967897	1.05285	1.11771	1.16357	1.16357	
0.0972686	-0.00278355	-0.0842489	-0.149849	-0.196971	-0.230057	-0.248597	-0.251796	-0.237802	-0.210542	-0.173029	-0.120351	-0.0711467	-0.02751	0.0032383	-0.00634656	-0.0655197	-0.176073	-0.321202	-0.452723	-0.571215	-0.654946	-0.690319	-0.688882	-0.653974	-0.600096	-0.533874	-0.44651	-0.34327	-0.226848	-0.0933088	0.0243287	0.121696	0.203525	0.273922	0.341847	0.40779	0.473979	0.532745	0.580457	0.617209	0.647197	0.676661	0.726231	0.797312	0.884262	0.97788	1.04664	1.08773	1.08773	
0.0132222	-0.0773108	-0.145768	-0.200761	-0.244998	-0.272394	-0.287018	-0.289872	-0.267851	-0.222922	-0.165609	-0.0893386	-0.00330004	0.083705	0.151751	0.170437	0.135696	0.0445529	-0.0855303	-0.212585	-0.335754	-0.428035	-0.468651	-0.469821	-0.43748	-0.383417	-0.320969	-0.240831	-0.148311	-0.051944	0.0461369	0.121696	0.176268	0.211275	0.233171	0.250567	0.27338	0.312936	0.362016	0.408678	0.442905	0.482151	0.529876	0.592165	0.6815	0.780464	0.878601	0.95922	1.00284	1.00284	
-0.0661722	-0.134518	-0.190306	-0.238599	-0.282373	-0.309395	-0.315027	-0.304788	-0.271776	-0.210617	-0.130652	-0.0310492	0.0934833	0.224159	0.325294	0.371392	0.366866	0.306232	0.202674	0.079106	-0.0437404	-0.141534	-0.196358	-0.20406	-0.179623	-0.132794	-0.0798598	-0.0158931	0.0538996	0.118184	0.171424	0.203525	0.211275	0.187107	0.156493	0.131919	0.121598	0.138553	0.167678	0.203742	0.244071	0.297591	0.366468	0.4484	0.552931	0.663145	0.768748	0.862243	0.913991	0.913991	
-0.11905	-0.161391	-0.203352	-0.248078	-0.288783	-0.307715	-0.30627	-0.286001	-0.240262	-0.161416	-0.0673039	0.0500702	0.209041	0.376496	0.503113	0.582017	0.607371	0.575163	0.49398	0.372898	0.256986	0.15975	0.094793	0.0801916	0.0939238	0.123027	0.164614	0.204168	0.242874	0.277412	0.28657	0.273922	0.233171	0.156493	0.0740013	0.00997823	-0.0315501	-0.0426126	-0.0332589	-0.00889703	0.0420639	0.109261	0.191581	0.293221	0.413872	0.546114	0.669007	0.765151	0.81359	0.81359	
-0.129099	-0.155801	-0.180057	-0.211614	-0.24637	-0.261037	-0.252965	-0.224276	-0.171436	-0.0883754	0.0194639	0.155162	0.331079	0.513067	0.656415	0.759914	0.810032	0.807007	0.748132	0.642039	0.534497	0.437706	0.364853	0.340526	0.3482	0.366977	0.395917	0.413445	0.422444	0.419992	0.393018	0.341847	0.250567	0.131919	0.00997823	-0.0935906	-0.174058	-0.221058	-0.222701	-0.194378	-0.139916	-0.0699801	0.023294	0.148092	0.289699	0.435386	0.56647	0.666513	0.716436	0.716436	
-0.0891059	-0.093942	-0.101177	-0.125475	-0.156377	-0.174784	-0.163285	-0.1281	-0.0693205	0.0110136	0.125247	0.263782	0.434779	0.613117	0.761262	0.876984	0.949335	0.967604	0.931743	0.852923	0.755671	0.659275	0.587336	0.560148	0.560698	0.579863	0.596752	0.597968	0.587763	0.556437	0.500606	0.40779	0.27338	0.121598	-0.0315501	-0.174058	-0.286324	-0.350613	-0.369034	-0.354907	-0.303031	-0.220804	-0.110671	0.0320945	0.186362	0.335432	0.474049	0.585057	0.642611	0.642611	
-0.00480954	0.0091926	0.0189836	0.00393558	-0.0230469	-0.0428579	-0.0383895	-0.00323241	0.0526528	0.123666	0.233542	0.361532	0.50914	0.667994	0.813328	0.931815	1.01332	1.04346	1.02936	0.975728	0.892294	0.807644	0.749555	0.726515	0.728027	0.746405	0.754469	0.747765	0.726614	0.676388	0.593217	0.473979	0.312936	0.138553	-0.0426126	-0.221058	-0.350613	-0.431775	-0.472532	-0.473618	-0.423088	-0.325839	-0.201931	-0.047338	0.118136	0.278482	0.429255	0.543137	0.597497	0.597497	
0.111332	0.138114	0.156776	0.156764	0.135646	0.10817	0.102221	0.129879	0.175455	0.23376	0.319919	0.429291	0.549579	0.673036	0.804697	0.916334	0.991448	1.03574	1.05	1.01665	0.955573	0.891903	0.846286	0.835458	0.846177	0.86032	0.868667	0.861151	0.824721	0.76303	0.665736	0.532745	0.362016	0.167678	-0.0332589	-0.222701	-0.369034	-0.472532	-0.527933	-0.528693	-0.472521	-0.372886	-0.240439	-0.0738402	0.111136	0.290465	0.443909	0.558016	0.612123	0.612123	
0.249654	0.282434	0.307835	0.316237	0.295105	0.260156	0.245151	0.253682	0.286841	0.334078	0.388533	0.463101	0.544366	0.631401	0.73079	0.824358	0.895792	0.952973	0.987827	0.980295	0.947007	0.909558	0.887533	0.887956	0.906774	0.92644	0.938947	0.933817	0.894648	0.828793	0.724261	0.580457	0.408678	0.203742	-0.00889703	-0.194378	-0.354907	-0.473618	-0.528693	-0.524923	-0.463369	-0.353313	-0.199244	-0.0148649	0.184581	0.37548	0.530698	0.650145	0.715045	0.715045	
0.383042	0.415102	0.443471	0.456955	0.435598	0.391698	0.357713	0.352994	0.371385	0.394383	0.420835	0.457477	0.496752	0.547334	0.608128	0.674279	0.744353	0.810858	0.858547	0.883188	0.882224	0.87689	0.883786	0.898074	0.925266	0.955889	0.972061	0.965494	0.933178	0.863207	0.757336	0.617209	0.442905	0.244071	0.0420639	-0.139916	-0.303031	-0.423088	-0.472521	-0.463369	-0.400408	-0.26998	-0.0835728	0.123771	0.33569	0.541955	0.714992	0.838099	0.908494	0.908494	
0.479864	0.508754	0.530637	0.539364	0.522104	0.476012	0.429765	0.415	0.414003	0.408831	0.402658	0.400299	0.405667	0.420593	0.448532	0.493119	0.555079	0.625839	0.688355	0.738937	0.780286	0.816683	0.851049	0.888132	0.92604	0.958867	0.975869	0.968461	0.938572	0.877139	0.780307	0.647197	0.482151	0.297591	0.109261	-0.0699801	-0.220804	-0.325839	-0.372886	-0.353313	-0.26998	-0.112766	0.0962252	0.326157	0.564879	0.793371	0.983468	1.10978	1.17992	1.17992	
0.527186	0.543863	0.557292	0.558604	0.544431	0.502774	0.45322	0.42389	0.3979	0.371725	0.342583	0.309646	0.280101	0.258756	0.253225	0.277547	0.332877	0.410052	0.494827	0.581245	0.665209	0.74179	0.807447	0.863354	0.914984	0.955106	0.977603	0.975581	0.950465	0.895282	0.801769	0.676661	0.529876	0.366468	0.191581	0.023294	-0.110671	-0.201931	-0.240439	-0.199244	-0.0835728	0.0962252	0.327036	0.589806	0.859634	1.10288	1.30145	1.44009	1.51489	1.51489	
0.507696	0.511278	0.513874	0.510527	0.492241	0.458563	0.414319	0.376851	0.335988	0.290898	0.237795	0.185425	0.126185	0.0744629	0.0539577	0.06218	0.109189	0.192395	0.299014	0.423987	0.551123	0.670604	0.773269	0.852883	0.91586	0.958579	0.984746	0.989619	0.970029	0.922174	0.841275	0.726231	0.592165	0.4484	0.293221	0.148092	0.0320945	-0.047338	-0.0738402	-0.0148649	0.123771	0.326157	0.589806	0.883673	1.17426	1.43592	1.65111	1.80391	1.88127	1.88127	
0.427364	0.409681	0.400329	0.393239	0.376022	0.359454	0.333896	0.289426	0.233508	0.171568	0.104308	0.0360547	-0.0432333	-0.107095	-0.136025	-0.135982	-0.095936	-0.00749918	0.121161	0.281833	0.452622	0.617701	0.761902	0.866425	0.93975	0.985247	1.01048	1.01993	1.00581	0.965099	0.897148	0.797312	0.6815	0.552931	0.413872	0.289699	0.186362	0.118136	0.111136	0.184581	0.33569	0.564879	0.859634	1.17426	1.48518	1.76885	1.99695	2.15555	2.23526	2.23526	
0.305766	0.269594	0.245061	0.234254	0.230509	0.230366	0.218129	0.176021	0.10844	0.0364581	-0.0335278	-0.11346	-0.20089	-0.272598	-0.314999	-0.320008	-0.279781	-0.18047	-0.0226518	0.174803	0.386571	0.592195	0.767567	0.894488	0.978278	1.0319	1.06466	1.0786	1.07135	1.03267	0.967897	0.884262	0.780464	0.663145	0.546114	0.435386	0.335432	0.278482	0.290465	0.37548	0.541955	0.793371	1.10288	1.43592	1.76885	2.06753	2.30186	2.46393	2.55094	2.55094	
0.162179	0.122215	0.0862219	0.0688152	0.0784066	0.0942156	0.0935003	0.061188	-0.00489116	-0.0817004	-0.162628	-0.251814	-0.33542	-0.408763	-0.455056	-0.459065	-0.415528	-0.308495	-0.131822	0.0917489	0.342846	0.587731	0.789714	0.940083	1.03271	1.08723	1.12347	1.14114	1.13888	1.10932	1.05285	0.97788	0.878601	0.768748	0.669007	0.56647	0.474049	0.429255	0.443909	0.530698	0.714992	0.983468	1.30145	1.65111	1.99695	2.30186	2.54686	2.71585	2.80199	2.80199	
0.0435503	-0.00767907	-0.047641	-0.0663516	-0.0475031	-0.0154589	-0.00299331	-0.034988	-0.0988509	-0.178565	-0.264528	-0.354181	-0.431377	-0.498062	-0.550538	-0.556219	-0.50356	-0.388787	-0.203618	0.0435866	0.323772	0.593792	0.818838	0.981037	1.08273	1.14312	1.17725	1.19657	1.19595	1.16991	1.11771	1.04664	0.95922	0.862243	0.765151	0.666513	0.585057	0.543137	0.558016	0.650145	0.838099	1.10978	1.44009	1.80391	2.15555	2.46393	2.71585	2.8912	2.97451	2.97451	
-0.0189892	-0.0805452	-0.124284	-0.139735	-0.118377	-0.075663	-0.0578778	-0.0895207	-0.145034	-0.225024	-0.320311	-0.407237	-0.480733	-0.548978	-0.60222	-0.610564	-0.551396	-0.42974	-0.239996	0.0208407	0.318158	0.600788	0.834697	1.00486	1.11119	1.17398	1.21059	1.23319	1.23281	1.21079	1.16357	1.08773	1.00284	0.913991	0.81359	0.716436	0.642611	0.597497	0.612123	0.715045	0.908494	1.17992	1.51489	1.88127	2.23526	2.55094	2.80199	2.97451	3.06234	3.06234	
-0.0189892	-0.0805452	-0.124284	-0.139735	-0.118377	-0.075663	-0.0578778	-0.0895207	-0.145034	-0.225024	-0.320311	-0.407237	-0.480733	-0.548978	-0.60222	-0.610564	-0.551396	-0.42974	-0.239996	0.0208407	0.318158	0.600788	0.834697	1.00486	1.11119	1.17398	1.21059	1.23319	1.23281	1.21079	1.16357	1.08773	1.00284	0.913991	0.81359	0.716436	0.642611	0.597497	0.612123	0.715045	0.908494	1.17992	1.51489	1.88127	2.23526	2.55094	2.80199	2.97451	3.06234	3.06234	
