-0.240215	-0.198782	-0.183	-0.227462	-0.335533	-0.492856	-0.661908	-0.829729	-0.955006	-0.987693	-0.890241	-0.665389	-0.3288	0.0931512	0.594191	1.16522	1.75277	2.2992	2.70768	2.89867	2.85008	2.56284	2.08891	1.51339	0.924244	0.378623	-0.0987309	-0.484762	-0.779589	-0.966123	-1.00539	-0.925726	-0.786429	-0.617221	-0.447743	-0.308839	-0.228322	-0.219214	-0.248165	-0.275428	-0.290177	-0.277821	-0.233834	-0.194263	-0.191843	-0.216721	-0.2338	-0.218664	-0.190003	-0.190003	
-0.240215	-0.198782	-0.183	-0.227462	-0.335533	-0.492856	-0.661908	-0.829729	-0.955006	-0.987693	-0.890241	-0.665389	-0.3288	0.0931512	0.594191	1.16522	1.75277	2.2992	2.70768	2.89867	2.85008	2.56284	2.08891	1.51339	0.924244	0.378623	-0.0987309	-0.484762	-0.779589	-0.966123	-1.00539	-0.925726	-0.786429	-0.617221	-0.447743	-0.308839	-0.228322	-0.219214	-0.248165	-0.275428	-0.290177	-0.277821	-0.233834	-0.194263	-0.191843	-0.216721	-0.2338	-0.218664	-0.190003	-0.190003	
-0.237315	-0.203523	-0.191572	-0.233636	-0.34317	-0.493781	-0.660676	-0.82536	-0.946179	-0.974587	-0.878579	-0.655384	-0.316743	0.103326	0.601799	1.17064	1.74984	2.28237	2.68554	2.87891	2.83063	2.54519	2.07718	1.51127	0.930762	0.388355	-0.088766	-0.47511	-0.766508	-0.949376	-0.993685	-0.921268	-0.784581	-0.61831	-0.453219	-0.31751	-0.236883	-0.223301	-0.248163	-0.27416	-0.287048	-0.27432	-0.234793	-0.199268	-0.195335	-0.215513	-0.230005	-0.217521	-0.1936	-0.1936	
-0.230766	-0.206728	-0.202743	-0.252116	-0.356902	-0.503833	-0.666144	-0.819791	-0.928356	-0.948196	-0.84855	-0.624779	-0.297449	0.120746	0.617897	1.17033	1.7419	2.26299	2.64709	2.83155	2.78384	2.51035	2.06238	1.51215	0.937008	0.400662	-0.0653914	-0.449926	-0.742304	-0.92081	-0.969704	-0.909086	-0.780718	-0.621853	-0.464007	-0.333695	-0.253416	-0.232027	-0.248908	-0.27159	-0.280742	-0.26781	-0.2367	-0.20848	-0.201877	-0.21358	-0.223174	-0.21538	-0.200162	-0.200162	
-0.22578	-0.217405	-0.223791	-0.276051	-0.377433	-0.512094	-0.667873	-0.807471	-0.89982	-0.91096	-0.807445	-0.586907	-0.266482	0.150138	0.639238	1.17532	1.72849	2.22386	2.59045	2.76823	2.72016	2.46045	2.03291	1.50514	0.951042	0.427419	-0.0343111	-0.419363	-0.704751	-0.875104	-0.934561	-0.891803	-0.77429	-0.625881	-0.479264	-0.357106	-0.277325	-0.24573	-0.251425	-0.267881	-0.271443	-0.259168	-0.239409	-0.220428	-0.210681	-0.211785	-0.214715	-0.212543	-0.20851	-0.20851	
-0.221326	-0.229527	-0.250812	-0.305195	-0.400033	-0.524898	-0.666457	-0.789305	-0.865111	-0.859272	-0.756002	-0.541744	-0.224447	0.185748	0.665202	1.18672	1.71497	2.17261	2.51065	2.68204	2.63933	2.3951	1.99604	1.5003	0.966414	0.45504	0.00498374	-0.374108	-0.65353	-0.819555	-0.889757	-0.865227	-0.76364	-0.631269	-0.498652	-0.385873	-0.307266	-0.265203	-0.257148	-0.263319	-0.259646	-0.249541	-0.242569	-0.233213	-0.220746	-0.211163	-0.206467	-0.209485	-0.217079	-0.217079	
-0.21685	-0.243593	-0.280066	-0.342492	-0.429438	-0.542953	-0.669885	-0.769948	-0.819329	-0.79814	-0.687364	-0.475482	-0.171653	0.229207	0.694081	1.18775	1.68421	2.11391	2.42969	2.58139	2.53545	2.31508	1.95073	1.48775	0.982883	0.492764	0.0531193	-0.320936	-0.592248	-0.753582	-0.833391	-0.82854	-0.749155	-0.637417	-0.520345	-0.41816	-0.342326	-0.291061	-0.267127	-0.258523	-0.246538	-0.240143	-0.245495	-0.244836	-0.231045	-0.212666	-0.200386	-0.20684	-0.224193	-0.224193	
-0.223905	-0.267228	-0.319503	-0.382207	-0.458468	-0.555347	-0.660378	-0.735759	-0.761573	-0.726744	-0.614314	-0.412206	-0.114791	0.277413	0.726645	1.19822	1.65574	2.04293	2.32492	2.45921	2.42225	2.22734	1.89535	1.47044	1.00072	0.532832	0.10493	-0.257638	-0.518391	-0.67837	-0.767861	-0.782634	-0.729239	-0.641663	-0.54271	-0.453029	-0.381597	-0.323043	-0.281871	-0.254799	-0.234086	-0.231971	-0.247201	-0.253601	-0.240694	-0.21689	-0.198159	-0.205332	-0.22841	-0.22841	
-0.231409	-0.288351	-0.359212	-0.42196	-0.487768	-0.572526	-0.65083	-0.698224	-0.702017	-0.644518	-0.52951	-0.336434	-0.0424384	0.330944	0.757319	1.20064	1.61493	1.96238	2.21016	2.3296	2.30202	2.12575	1.82749	1.44796	1.01744	0.574551	0.162678	-0.184635	-0.436789	-0.597232	-0.692218	-0.72556	-0.702888	-0.643197	-0.56426	-0.48855	-0.423716	-0.360517	-0.301596	-0.25401	-0.224713	-0.225658	-0.24667	-0.258468	-0.249046	-0.223857	-0.200807	-0.20565	-0.228927	-0.228927	
-0.24456	-0.318555	-0.40264	-0.461632	-0.521365	-0.583521	-0.632799	-0.65463	-0.626323	-0.555662	-0.439769	-0.247429	0.0318419	0.384439	0.789542	1.19482	1.56167	1.87376	2.09538	2.19542	2.16487	2.01298	1.75656	1.41822	1.02856	0.617466	0.224398	-0.105659	-0.348591	-0.508897	-0.607137	-0.659428	-0.669477	-0.639007	-0.582492	-0.523594	-0.467806	-0.401905	-0.325816	-0.258514	-0.221076	-0.221482	-0.243192	-0.259265	-0.25573	-0.232916	-0.208345	-0.208268	-0.22594	-0.22594	
-0.267124	-0.358489	-0.446146	-0.502981	-0.550135	-0.584742	-0.604465	-0.594074	-0.541381	-0.460685	-0.344476	-0.160469	0.104083	0.436856	0.81807	1.18641	1.51108	1.78427	1.96407	2.04422	2.02745	1.90028	1.67616	1.38255	1.03538	0.653192	0.287059	-0.0184778	-0.254809	-0.415419	-0.514505	-0.585485	-0.627343	-0.626116	-0.595646	-0.557347	-0.512312	-0.4447	-0.354011	-0.270901	-0.225352	-0.219481	-0.236857	-0.25675	-0.2606	-0.242788	-0.219621	-0.213286	-0.220838	-0.220838	
-0.293688	-0.393556	-0.482554	-0.539246	-0.570937	-0.581333	-0.572962	-0.529321	-0.456989	-0.365684	-0.240782	-0.064848	0.184652	0.49748	0.83978	1.16275	1.4474	1.67956	1.82953	1.90491	1.89362	1.7795	1.58664	1.3347	1.03084	0.690073	0.355792	0.066997	-0.161652	-0.31434	-0.414578	-0.505571	-0.575171	-0.602613	-0.602522	-0.58816	-0.554703	-0.486456	-0.386078	-0.293063	-0.238561	-0.219941	-0.228995	-0.252403	-0.26362	-0.251781	-0.232426	-0.220344	-0.216102	-0.216102	
-0.330592	-0.433615	-0.523055	-0.574083	-0.586415	-0.569913	-0.524952	-0.452269	-0.361883	-0.259845	-0.135363	0.0304304	0.261486	0.545401	0.848553	1.13421	1.3809	1.57351	1.70232	1.76766	1.748	1.64989	1.49758	1.28683	1.02029	0.716488	0.414943	0.151679	-0.0598533	-0.207111	-0.314851	-0.420853	-0.510439	-0.567351	-0.601786	-0.613655	-0.592418	-0.525334	-0.421841	-0.325298	-0.260502	-0.223935	-0.222213	-0.248031	-0.264773	-0.258138	-0.243957	-0.22869	-0.214793	-0.214793	
-0.368987	-0.473714	-0.557952	-0.599544	-0.592405	-0.544425	-0.466721	-0.367433	-0.264192	-0.152689	-0.0300188	0.123315	0.336984	0.585595	0.849213	1.10152	1.30665	1.4653	1.57572	1.62414	1.60733	1.53511	1.40723	1.22226	0.994402	0.735848	0.47299	0.236069	0.0409782	-0.100727	-0.21306	-0.328262	-0.434944	-0.521764	-0.591199	-0.630477	-0.622912	-0.560227	-0.460877	-0.366002	-0.289909	-0.233475	-0.220045	-0.24541	-0.264046	-0.260442	-0.251574	-0.237424	-0.219669	-0.219669	
-0.410505	-0.508969	-0.584048	-0.614355	-0.582677	-0.506386	-0.397242	-0.279952	-0.164079	-0.0477577	0.0724461	0.219228	0.404433	0.618984	0.844812	1.05318	1.22395	1.35884	1.45133	1.48987	1.4785	1.42051	1.30896	1.15006	0.962017	0.748547	0.520883	0.310926	0.140787	0.00847459	-0.109904	-0.231648	-0.350912	-0.465112	-0.568519	-0.635708	-0.643836	-0.590668	-0.502117	-0.411636	-0.324927	-0.251346	-0.226252	-0.245994	-0.261503	-0.258032	-0.253726	-0.245829	-0.232113	-0.232113	
-0.450325	-0.541407	-0.605189	-0.620307	-0.563826	-0.456659	-0.319951	-0.186713	-0.0588394	0.0590477	0.176725	0.30847	0.461819	0.639757	0.823661	0.997286	1.14034	1.2538	1.334	1.36639	1.35869	1.3057	1.20539	1.07794	0.927716	0.745014	0.549169	0.380578	0.242885	0.11415	-0.00964058	-0.130191	-0.259067	-0.399136	-0.532431	-0.625791	-0.65344	-0.616792	-0.543104	-0.457319	-0.363984	-0.280396	-0.243742	-0.250805	-0.257557	-0.251397	-0.250692	-0.253631	-0.251242	-0.251242	
-0.490182	-0.566871	-0.618823	-0.610182	-0.529469	-0.392365	-0.234711	-0.088055	0.0463879	0.163991	0.278883	0.385847	0.507259	0.646775	0.787749	0.934551	1.05856	1.15632	1.22391	1.2499	1.2436	1.19532	1.11277	1.00799	0.874148	0.720769	0.572611	0.44787	0.331886	0.209399	0.0941247	-0.0227924	-0.1653	-0.325868	-0.480214	-0.59846	-0.651555	-0.637604	-0.579558	-0.498661	-0.406421	-0.322088	-0.273522	-0.260663	-0.253417	-0.242429	-0.244797	-0.261014	-0.273664	-0.273664	
-0.523912	-0.587092	-0.615245	-0.58406	-0.475274	-0.312174	-0.142106	0.0142558	0.148675	0.263783	0.36536	0.450298	0.538921	0.637826	0.751134	0.870816	0.972988	1.06052	1.12042	1.14598	1.13894	1.09453	1.02644	0.929777	0.809866	0.692972	0.585627	0.493381	0.404777	0.304832	0.201588	0.0807252	-0.0728789	-0.242271	-0.411346	-0.555272	-0.637741	-0.649493	-0.606795	-0.533432	-0.451948	-0.375098	-0.314315	-0.276551	-0.251462	-0.234431	-0.239875	-0.268337	-0.294168	-0.294168	
-0.545422	-0.591538	-0.597445	-0.541798	-0.409416	-0.231154	-0.0498075	0.111461	0.246726	0.36097	0.446929	0.505715	0.556558	0.618327	0.699452	0.796964	0.893243	0.971095	1.02557	1.05308	1.04604	1.00873	0.942379	0.845043	0.744811	0.657066	0.578478	0.520959	0.468007	0.394838	0.302331	0.178905	0.0225827	-0.149175	-0.330652	-0.498064	-0.609515	-0.647665	-0.621429	-0.56155	-0.499547	-0.434929	-0.362865	-0.299767	-0.255374	-0.231812	-0.240043	-0.275667	-0.307344	-0.307344	
-0.565656	-0.588741	-0.567202	-0.485817	-0.329706	-0.139728	0.0488812	0.212512	0.346674	0.448988	0.514614	0.542694	0.553194	0.584054	0.639462	0.722138	0.814046	0.890821	0.950039	0.974041	0.96257	0.925446	0.856499	0.76886	0.684352	0.608502	0.553921	0.531322	0.51534	0.474183	0.394854	0.27272	0.120618	-0.0504473	-0.242043	-0.428206	-0.564632	-0.627475	-0.621645	-0.584193	-0.546612	-0.494555	-0.414825	-0.331842	-0.269741	-0.239286	-0.248217	-0.282483	-0.309662	-0.309662	
-0.571168	-0.567936	-0.517855	-0.407731	-0.238615	-0.0410534	0.15098	0.311096	0.439297	0.525156	0.56133	0.553849	0.532055	0.534987	0.575815	0.658998	0.749217	0.82225	0.876002	0.895314	0.887174	0.851507	0.787027	0.706219	0.617114	0.545522	0.515488	0.525207	0.548651	0.539054	0.47188	0.361582	0.222433	0.0504702	-0.150453	-0.347688	-0.500467	-0.585577	-0.608169	-0.602043	-0.587904	-0.546222	-0.466325	-0.374047	-0.298788	-0.260621	-0.26514	-0.287922	-0.301165	-0.301165	
-0.558242	-0.524725	-0.445055	-0.315846	-0.139351	0.0578125	0.243887	0.399812	0.515314	0.579318	0.590311	0.553169	0.503586	0.487508	0.517349	0.59066	0.678294	0.755799	0.81054	0.832551	0.828068	0.793614	0.728631	0.638183	0.542607	0.48227	0.470783	0.506605	0.562514	0.576293	0.532933	0.452305	0.324435	0.14534	-0.0586887	-0.255332	-0.415918	-0.523746	-0.58323	-0.611784	-0.616	-0.584668	-0.515239	-0.426164	-0.344467	-0.297381	-0.28951	-0.291667	-0.286019	-0.286019	
-0.531836	-0.470611	-0.364791	-0.22143	-0.0432189	0.153253	0.337628	0.486851	0.588164	0.627129	0.603026	0.53368	0.456781	0.423439	0.449282	0.525993	0.621961	0.702294	0.758504	0.785349	0.778187	0.738452	0.669064	0.57371	0.479851	0.424229	0.419561	0.470309	0.545596	0.589736	0.590207	0.538052	0.411625	0.232846	0.0384866	-0.151478	-0.316776	-0.447997	-0.545884	-0.605251	-0.624872	-0.609362	-0.560609	-0.485228	-0.404972	-0.348083	-0.319124	-0.295157	-0.271621	-0.271621	
-0.48837	-0.394409	-0.265885	-0.114567	0.0639082	0.253805	0.429533	0.565487	0.639645	0.645928	0.589534	0.491521	0.398308	0.360603	0.387839	0.471556	0.575803	0.660863	0.718171	0.739228	0.727689	0.689688	0.619687	0.5249	0.43014	0.365303	0.355296	0.412597	0.510392	0.595773	0.633086	0.596728	0.483343	0.323451	0.141306	-0.0439407	-0.211712	-0.362575	-0.490925	-0.574114	-0.613169	-0.622929	-0.600917	-0.545656	-0.474334	-0.407936	-0.352468	-0.302512	-0.266612	-0.266612	
-0.419852	-0.299417	-0.157182	-0.00390703	0.166772	0.348078	0.511856	0.624498	0.670103	0.64184	0.5533	0.437446	0.336373	0.300529	0.337249	0.429201	0.536566	0.620177	0.675413	0.697674	0.689788	0.654737	0.586673	0.487453	0.37697	0.299001	0.288173	0.352714	0.469828	0.581699	0.640326	0.630434	0.552097	0.414907	0.24045	0.0613542	-0.106196	-0.268901	-0.413011	-0.515188	-0.58362	-0.627214	-0.633262	-0.600636	-0.543051	-0.469572	-0.39	-0.320387	-0.27861	-0.27861	
-0.331953	-0.19237	-0.0450513	0.102558	0.264112	0.432528	0.577519	0.665241	0.677245	0.618171	0.507511	0.37902	0.276506	0.244202	0.286715	0.384428	0.497273	0.587532	0.646249	0.670096	0.664819	0.628573	0.553953	0.446212	0.328419	0.245204	0.22889	0.291325	0.414146	0.537274	0.620048	0.65169	0.61123	0.494329	0.33297	0.162445	-0.00440636	-0.166022	-0.310837	-0.432872	-0.539728	-0.6204	-0.653727	-0.643289	-0.59995	-0.525288	-0.434224	-0.35611	-0.312681	-0.312681	
-0.232849	-0.0822611	0.0641665	0.206038	0.356819	0.511459	0.633988	0.689032	0.667223	0.576302	0.444978	0.309949	0.20943	0.187638	0.242416	0.350201	0.472238	0.565501	0.624425	0.649281	0.640867	0.60172	0.527063	0.415629	0.290856	0.200111	0.174327	0.226387	0.342739	0.473265	0.584422	0.654525	0.647867	0.55905	0.417275	0.253795	0.0946295	-0.0509863	-0.191828	-0.337443	-0.482015	-0.597174	-0.657806	-0.666927	-0.635627	-0.570236	-0.487898	-0.414427	-0.371131	-0.371131	
-0.119902	0.0336407	0.175683	0.307326	0.445169	0.577609	0.668404	0.687799	0.629617	0.514442	0.371969	0.237943	0.148493	0.138802	0.206622	0.325507	0.452784	0.549084	0.608427	0.630583	0.621154	0.581753	0.504714	0.392217	0.265284	0.163999	0.121521	0.157485	0.264998	0.401582	0.533411	0.632723	0.660884	0.604769	0.483661	0.335911	0.199241	0.0718389	-0.0720174	-0.237369	-0.407379	-0.551983	-0.640043	-0.665398	-0.646582	-0.604465	-0.551063	-0.494569	-0.454096	-0.454096	
-0.000510947	0.15039	0.282909	0.403437	0.521204	0.624685	0.679056	0.659255	0.571158	0.438091	0.293026	0.168107	0.0930582	0.100552	0.18083	0.307291	0.439911	0.53621	0.593239	0.614322	0.604647	0.567654	0.494133	0.37996	0.243737	0.128987	0.0714279	0.0920072	0.189725	0.32687	0.468847	0.588482	0.645711	0.620501	0.531367	0.418594	0.308303	0.186608	0.0367456	-0.133705	-0.314285	-0.481828	-0.593673	-0.63518	-0.637233	-0.631681	-0.619234	-0.589833	-0.559361	-0.559361	
0.120767	0.26121	0.382235	0.484037	0.576099	0.644418	0.659511	0.606909	0.496909	0.357759	0.218455	0.107814	0.0489901	0.0684583	0.159838	0.292578	0.425385	0.522791	0.581745	0.605319	0.599687	0.563889	0.487548	0.368552	0.223828	0.0965599	0.025913	0.0356144	0.124657	0.253966	0.39179	0.518226	0.59769	0.610755	0.570231	0.497954	0.403761	0.282247	0.136282	-0.0258233	-0.206616	-0.38538	-0.513656	-0.578787	-0.616734	-0.655051	-0.685033	-0.690248	-0.680419	-0.680419	
0.231624	0.361676	0.466849	0.548442	0.60907	0.639961	0.619938	0.540338	0.417934	0.279332	0.150751	0.0533445	0.00789727	0.0399878	0.13725	0.274686	0.415222	0.518064	0.580571	0.606787	0.600714	0.562581	0.481667	0.354389	0.20171	0.0702071	-0.00451052	-0.00431524	0.0675159	0.175817	0.299068	0.427961	0.532156	0.588398	0.593523	0.551723	0.47241	0.363192	0.232006	0.0825976	-0.0887882	-0.263299	-0.403865	-0.505149	-0.591426	-0.673765	-0.742463	-0.78605	-0.804209	-0.804209	
0.337383	0.453701	0.542607	0.595973	0.62163	0.615474	0.562936	0.463913	0.335219	0.200847	0.0821917	-0.000938768	-0.0329659	0.0100238	0.121034	0.269685	0.415156	0.521853	0.5867	0.611483	0.600754	0.555798	0.470032	0.343134	0.193124	0.0605011	-0.0236599	-0.0420648	0.00580608	0.0926917	0.205307	0.338926	0.462856	0.547625	0.581749	0.567568	0.517048	0.434449	0.322551	0.189795	0.0382191	-0.124439	-0.280244	-0.424066	-0.559823	-0.683761	-0.789169	-0.868668	-0.911947	-0.911947	
0.441693	0.54275	0.60415	0.622595	0.607072	0.562114	0.483086	0.371291	0.243319	0.120651	0.0198269	-0.0466618	-0.0616927	-0.00314241	0.115248	0.268803	0.419545	0.52707	0.588506	0.608812	0.596253	0.553993	0.472302	0.347066	0.19424	0.0518732	-0.04879	-0.0857372	-0.0539418	0.0214409	0.12765	0.259027	0.384574	0.477481	0.531351	0.550597	0.539684	0.491435	0.406707	0.299465	0.169251	0.011534	-0.162355	-0.340517	-0.516448	-0.680888	-0.822843	-0.928714	-0.984772	-0.984772	
0.531988	0.605137	0.632378	0.608564	0.554276	0.482134	0.389004	0.278307	0.163282	0.057478	-0.0268188	-0.076602	-0.0802477	-0.0153361	0.110412	0.267553	0.416013	0.522648	0.587614	0.614345	0.607454	0.567015	0.483899	0.352937	0.188826	0.0330229	-0.0789847	-0.123766	-0.0979147	-0.0298941	0.0647001	0.18049	0.292611	0.383845	0.453926	0.505569	0.535881	0.531043	0.486748	0.408554	0.288516	0.125032	-0.0613638	-0.256773	-0.460315	-0.661498	-0.834949	-0.954403	-1.01077	-1.01077	
0.596891	0.640247	0.627738	0.566522	0.483447	0.394223	0.299636	0.198391	0.0972334	0.00796309	-0.0611757	-0.10314	-0.100452	-0.0302526	0.0953327	0.254728	0.411799	0.529206	0.602878	0.633735	0.627513	0.583806	0.491323	0.348295	0.175151	0.0138432	-0.101457	-0.147906	-0.126531	-0.0703022	0.00607241	0.101063	0.195703	0.279942	0.358445	0.435971	0.508604	0.554978	0.554922	0.498736	0.37903	0.209578	0.0209557	-0.178565	-0.396732	-0.619966	-0.810294	-0.933761	-0.986985	-0.986985	
0.643656	0.648674	0.598647	0.504914	0.402041	0.308723	0.219411	0.128932	0.0420308	-0.0368747	-0.100296	-0.135707	-0.128145	-0.0526616	0.0844951	0.256438	0.42166	0.544948	0.62349	0.656594	0.646168	0.59267	0.491646	0.342897	0.165534	0.00245335	-0.113738	-0.164007	-0.151481	-0.108472	-0.0489903	0.0256475	0.100876	0.17421	0.256315	0.355497	0.465919	0.555373	0.58887	0.549281	0.434835	0.268868	0.0839974	-0.113494	-0.329604	-0.548827	-0.735824	-0.859304	-0.914137	-0.914137	
0.667823	0.633669	0.545652	0.425999	0.312996	0.219344	0.138231	0.0606437	-0.0153311	-0.0829975	-0.134789	-0.163171	-0.146607	-0.0606447	0.0822161	0.259587	0.432033	0.562609	0.644577	0.674563	0.65955	0.602363	0.495868	0.342293	0.163735	-0.00163143	-0.12401	-0.180926	-0.176278	-0.145731	-0.102698	-0.0458587	0.014598	0.0808962	0.165526	0.276208	0.404488	0.514747	0.570062	0.552031	0.456552	0.303687	0.126129	-0.0612579	-0.254929	-0.444268	-0.610586	-0.730624	-0.790101	-0.790101	
0.655798	0.578856	0.460565	0.326532	0.213374	0.131487	0.0664932	0.00354952	-0.0572266	-0.114157	-0.160746	-0.182932	-0.161209	-0.0709772	0.0799434	0.26572	0.442795	0.575499	0.659353	0.692515	0.677861	0.616534	0.506934	0.350628	0.166212	-0.00606381	-0.134868	-0.200105	-0.207339	-0.189012	-0.155284	-0.105431	-0.0496049	0.0136815	0.0928388	0.194039	0.313844	0.425598	0.49777	0.507369	0.440037	0.309564	0.151303	-0.0099793	-0.164622	-0.310704	-0.445792	-0.552816	-0.610213	-0.610213	
0.604159	0.495728	0.360154	0.224349	0.123783	0.058138	0.0087848	-0.0387362	-0.0897712	-0.139937	-0.179564	-0.199229	-0.173698	-0.0781133	0.0749604	0.263144	0.44464	0.585794	0.678994	0.715954	0.702166	0.640724	0.526047	0.361655	0.17073	-0.0109156	-0.154417	-0.232829	-0.247792	-0.231789	-0.195388	-0.141525	-0.0855085	-0.0311318	0.0268646	0.0993867	0.194723	0.297766	0.380635	0.41478	0.379651	0.286988	0.170547	0.0535158	-0.0552876	-0.157187	-0.254613	-0.333564	-0.375275	-0.375275	
0.52366	0.394061	0.253772	0.129043	0.0466773	0.00076498	-0.0304012	-0.0669927	-0.10991	-0.155866	-0.197356	-0.218297	-0.192799	-0.0966654	0.0615205	0.258184	0.449373	0.600554	0.702277	0.74782	0.738531	0.672912	0.550297	0.375095	0.167566	-0.032259	-0.188173	-0.271361	-0.285173	-0.261287	-0.213583	-0.155001	-0.106526	-0.0719327	-0.0440592	-0.00611268	0.0590572	0.144417	0.22658	0.278559	0.281808	0.245813	0.192086	0.131048	0.0694653	0.0110928	-0.0431189	-0.0824196	-0.0988158	-0.0988158	
0.426304	0.290469	0.159	0.0514978	-0.00914146	-0.0366226	-0.0576467	-0.0876262	-0.129339	-0.178396	-0.22164	-0.24504	-0.218354	-0.117083	0.047613	0.253797	0.45605	0.622112	0.740054	0.793585	0.782418	0.707728	0.567709	0.371284	0.148434	-0.0606817	-0.22191	-0.302499	-0.306439	-0.27148	-0.218535	-0.165472	-0.131966	-0.119311	-0.120258	-0.116223	-0.0849833	-0.0251701	0.0492798	0.118368	0.166579	0.196765	0.213233	0.213281	0.204243	0.195275	0.187914	0.187975	0.19498	0.19498	
0.326194	0.195111	0.0769089	-0.0104342	-0.0516789	-0.0673364	-0.0805975	-0.10981	-0.1539	-0.205254	-0.252642	-0.277355	-0.246712	-0.137883	0.0391242	0.259849	0.47799	0.659291	0.784232	0.83727	0.818384	0.726942	0.569224	0.360559	0.129349	-0.0840074	-0.241714	-0.31435	-0.314056	-0.279198	-0.229892	-0.186795	-0.168594	-0.175363	-0.202193	-0.230637	-0.232747	-0.196272	-0.125348	-0.0363544	0.0546243	0.144502	0.226425	0.290985	0.345284	0.394918	0.433279	0.461836	0.481747	0.481747	
0.227727	0.106499	0.00517116	-0.0638544	-0.0907713	-0.0965758	-0.108063	-0.138129	-0.183022	-0.236343	-0.282745	-0.303082	-0.262948	-0.143019	0.0447601	0.276424	0.501583	0.687466	0.816197	0.867887	0.841002	0.739361	0.571399	0.354818	0.123026	-0.0872575	-0.245063	-0.321505	-0.326763	-0.297232	-0.255006	-0.223664	-0.22011	-0.244329	-0.29366	-0.347575	-0.371434	-0.345102	-0.26953	-0.163053	-0.04155	0.093228	0.232065	0.362555	0.486911	0.59834	0.677003	0.722673	0.746262	0.746262	
0.125767	0.0202202	-0.0638353	-0.115176	-0.125878	-0.124062	-0.13084	-0.158059	-0.202096	-0.253455	-0.297694	-0.314876	-0.270248	-0.145871	0.046958	0.280645	0.508792	0.702923	0.837327	0.891093	0.864328	0.758892	0.586768	0.368868	0.134358	-0.0837554	-0.250226	-0.334688	-0.350416	-0.331426	-0.299292	-0.280861	-0.291661	-0.329406	-0.390646	-0.453195	-0.480689	-0.451713	-0.368796	-0.25205	-0.112284	0.0553361	0.241595	0.430374	0.617172	0.782774	0.896026	0.955986	0.982387	0.982387	
0.033554	-0.052537	-0.116897	-0.147122	-0.144271	-0.133258	-0.136199	-0.163862	-0.208619	-0.262375	-0.310707	-0.331278	-0.285846	-0.161238	0.0317846	0.270438	0.507075	0.711465	0.85786	0.923535	0.903177	0.797195	0.618696	0.390509	0.145949	-0.0820628	-0.260648	-0.360602	-0.393019	-0.387564	-0.367984	-0.362994	-0.382349	-0.420364	-0.475518	-0.528986	-0.547638	-0.510863	-0.421359	-0.297702	-0.144087	0.0484642	0.267518	0.493666	0.720904	0.925461	1.06984	1.14953	1.18477	1.18477	
-0.0334135	-0.0988825	-0.143	-0.157446	-0.142499	-0.128054	-0.134245	-0.166805	-0.219051	-0.282064	-0.338287	-0.362062	-0.317503	-0.19094	0.0107836	0.257768	0.505224	0.728952	0.894617	0.972968	0.95577	0.843169	0.653302	0.413525	0.155859	-0.0895998	-0.287239	-0.407041	-0.460255	-0.471589	-0.462909	-0.461927	-0.474621	-0.496572	-0.531739	-0.566881	-0.57218	-0.52523	-0.426137	-0.291966	-0.124645	0.0828285	0.313026	0.548098	0.788999	1.01556	1.18722	1.29155	1.34093	1.34093	
-0.0717294	-0.12014	-0.15322	-0.155995	-0.138714	-0.129006	-0.142562	-0.185103	-0.247246	-0.317124	-0.377749	-0.403181	-0.352583	-0.217046	-0.00717859	0.251929	0.518474	0.761716	0.941671	1.02926	1.0136	0.893533	0.688428	0.428983	0.150676	-0.116426	-0.337007	-0.481626	-0.556458	-0.577508	-0.567114	-0.555568	-0.548328	-0.544804	-0.554567	-0.568181	-0.556526	-0.493778	-0.37872	-0.230614	-0.0539361	0.153604	0.372313	0.591776	0.824496	1.05671	1.24582	1.36993	1.43141	1.43141	
-0.100881	-0.141766	-0.165825	-0.163601	-0.14694	-0.141319	-0.163752	-0.214629	-0.28258	-0.357714	-0.421698	-0.440857	-0.381005	-0.236818	-0.0114034	0.262195	0.541342	0.800113	0.994957	1.09217	1.07338	0.936571	0.70856	0.425071	0.121051	-0.172657	-0.416405	-0.579739	-0.664966	-0.682753	-0.658935	-0.627295	-0.594051	-0.562434	-0.544521	-0.532044	-0.496843	-0.412553	-0.280065	-0.122457	0.0532144	0.246296	0.4386	0.628901	0.838968	1.05956	1.24752	1.37486	1.43829	1.43829	
-0.131832	-0.163846	-0.183179	-0.17629	-0.160417	-0.162002	-0.192331	-0.248781	-0.321752	-0.398491	-0.457061	-0.468356	-0.397775	-0.238982	-0.00336024	0.277617	0.571709	0.846967	1.05113	1.14737	1.11579	0.958093	0.702487	0.388665	0.0588601	-0.253238	-0.508739	-0.679299	-0.763539	-0.768844	-0.726025	-0.671097	-0.609892	-0.547644	-0.496983	-0.452085	-0.389508	-0.285724	-0.143947	0.0122821	0.176712	0.347651	0.509063	0.665658	0.842363	1.03213	1.19506	1.30368	1.35569	1.35569	
-0.162917	-0.191935	-0.205643	-0.193608	-0.180055	-0.184813	-0.219104	-0.279041	-0.352572	-0.426124	-0.482264	-0.483499	-0.399131	-0.23209	0.0134957	0.304897	0.606475	0.884377	1.08599	1.17585	1.1289	0.944833	0.660915	0.326241	-0.017738	-0.337684	-0.593233	-0.760545	-0.837317	-0.827603	-0.764627	-0.683766	-0.590356	-0.492574	-0.405028	-0.327119	-0.242352	-0.129929	0.0082314	0.153402	0.302103	0.450253	0.581609	0.702237	0.835197	0.975775	1.09265	1.16477	1.19518	1.19518	
