-0.324072	-0.324072	-0.293177	-0.255792	-0.2365	-0.253796	-0.291522	-0.328042	-0.342055	-0.328032	-0.292293	-0.240435	-0.196294	-0.184007	-0.223048	-0.310478	-0.427832	-0.559728	-0.683758	-0.770228	-0.7981	-0.748966	-0.614473	-0.365794	-0.0030585	0.431686	0.872746	1.26603	1.57564	1.76073	1.78587	1.65161	1.37954	1.00075	0.564364	0.117641	-0.274399	-0.572391	-0.752561	-0.819265	-0.80278	-0.721211	-0.589605	-0.447228	-0.30409	-0.17577	-0.0876803	-0.0614415	-0.0843693	-0.117628	
-0.324072	-0.324072	-0.293177	-0.255792	-0.2365	-0.253796	-0.291522	-0.328042	-0.342055	-0.328032	-0.292293	-0.240435	-0.196294	-0.184007	-0.223048	-0.310478	-0.427832	-0.559728	-0.683758	-0.770228	-0.7981	-0.748966	-0.614473	-0.365794	-0.0030585	0.431686	0.872746	1.26603	1.57564	1.76073	1.78587	1.65161	1.37954	1.00075	0.564364	0.117641	-0.274399	-0.572391	-0.752561	-0.819265	-0.80278	-0.721211	-0.589605	-0.447228	-0.30409	-0.17577	-0.0876803	-0.0614415	-0.0843693	-0.117628	
-0.293177	-0.293177	-0.263662	-0.228285	-0.211388	-0.230805	-0.270846	-0.31052	-0.327384	-0.317672	-0.284671	-0.237292	-0.196511	-0.187409	-0.22953	-0.317493	-0.436716	-0.56796	-0.691737	-0.777683	-0.804267	-0.754042	-0.617693	-0.367041	-0.00389842	0.431382	0.873537	1.2676	1.57877	1.76501	1.79285	1.661	1.39305	1.01699	0.584062	0.140123	-0.250638	-0.550438	-0.732191	-0.805351	-0.794789	-0.719786	-0.595563	-0.460768	-0.321824	-0.197949	-0.111791	-0.0826191	-0.098417	-0.122958	
-0.255792	-0.255792	-0.228285	-0.195618	-0.18156	-0.202629	-0.245107	-0.286815	-0.308463	-0.301755	-0.274917	-0.231957	-0.197987	-0.195165	-0.24107	-0.334383	-0.454364	-0.588125	-0.711093	-0.796087	-0.821162	-0.768054	-0.626734	-0.37318	-0.00718163	0.429103	0.872519	1.26979	1.5826	1.77218	1.80432	1.67928	1.41544	1.04594	0.615649	0.173676	-0.218872	-0.520982	-0.712492	-0.792676	-0.792462	-0.728761	-0.616788	-0.489065	-0.359484	-0.238587	-0.150326	-0.115556	-0.122221	-0.134069	
-0.2365	-0.2365	-0.211388	-0.18156	-0.170008	-0.191804	-0.234419	-0.278047	-0.300714	-0.298812	-0.273526	-0.236743	-0.207395	-0.209298	-0.2605	-0.35375	-0.477395	-0.609504	-0.732008	-0.816033	-0.838543	-0.78288	-0.636777	-0.377789	-0.0103351	0.428196	0.874771	1.27525	1.59215	1.78428	1.82185	1.70062	1.44267	1.07536	0.647075	0.205419	-0.190237	-0.501829	-0.700979	-0.796985	-0.808597	-0.754968	-0.652358	-0.532604	-0.402887	-0.283585	-0.193889	-0.149929	-0.14254	-0.142255	
-0.253796	-0.253796	-0.230805	-0.202629	-0.191804	-0.210229	-0.249878	-0.288587	-0.310367	-0.305033	-0.280444	-0.243099	-0.216157	-0.221033	-0.271523	-0.366916	-0.487282	-0.619123	-0.73764	-0.818626	-0.838021	-0.778486	-0.625691	-0.364194	0.00471795	0.440221	0.885023	1.2853	1.59999	1.79183	1.83052	1.71369	1.45754	1.09377	0.66514	0.222592	-0.178932	-0.495621	-0.707843	-0.812016	-0.832032	-0.785	-0.68842	-0.565605	-0.43593	-0.310071	-0.210938	-0.157713	-0.141719	-0.134437	
-0.291522	-0.291522	-0.270846	-0.245107	-0.234419	-0.249878	-0.283605	-0.318046	-0.334014	-0.326515	-0.296674	-0.257913	-0.228809	-0.23063	-0.278329	-0.365445	-0.481244	-0.604046	-0.715536	-0.790182	-0.804133	-0.740813	-0.58396	-0.320577	0.0419688	0.470123	0.905393	1.29769	1.60382	1.78643	1.82089	1.70139	1.44509	1.08243	0.655017	0.215055	-0.185332	-0.50533	-0.719104	-0.829339	-0.850346	-0.801347	-0.701579	-0.57404	-0.433715	-0.301529	-0.19671	-0.133529	-0.10815	-0.100531	
-0.328042	-0.328042	-0.31052	-0.286815	-0.278047	-0.288587	-0.318046	-0.344832	-0.357158	-0.344548	-0.311388	-0.270004	-0.23815	-0.238273	-0.27903	-0.360474	-0.466364	-0.581227	-0.682265	-0.748911	-0.756489	-0.688843	-0.527516	-0.266713	0.0882523	0.499766	0.919795	1.2957	1.58426	1.75167	1.77467	1.64902	1.39121	1.02938	0.606283	0.174342	-0.22005	-0.531582	-0.740641	-0.844616	-0.857443	-0.798404	-0.690418	-0.549075	-0.399681	-0.25712	-0.145305	-0.0787824	-0.0527221	-0.0486206	
-0.342055	-0.342055	-0.327384	-0.308463	-0.300714	-0.310367	-0.334014	-0.357158	-0.365704	-0.35221	-0.318399	-0.27765	-0.247628	-0.247492	-0.28668	-0.362477	-0.46357	-0.57048	-0.664414	-0.723736	-0.726345	-0.655628	-0.491747	-0.232992	0.109597	0.505818	0.905244	1.264	1.53376	1.68312	1.69442	1.56379	1.3031	0.946621	0.530141	0.109167	-0.27262	-0.571603	-0.769341	-0.860999	-0.857932	-0.782729	-0.65967	-0.504366	-0.342383	-0.194444	-0.0809144	-0.0114355	0.0145931	0.00846984	
-0.328032	-0.328032	-0.317672	-0.301755	-0.298812	-0.305033	-0.326515	-0.344548	-0.35221	-0.340615	-0.309104	-0.275182	-0.250071	-0.256822	-0.298319	-0.375844	-0.476477	-0.582997	-0.674021	-0.731789	-0.73383	-0.663299	-0.499989	-0.245731	0.0871611	0.465395	0.850543	1.19468	1.45058	1.58907	1.59382	1.46083	1.20623	0.855551	0.450687	0.0459391	-0.320964	-0.604857	-0.78762	-0.867292	-0.850223	-0.758096	-0.62062	-0.450066	-0.276876	-0.120377	-0.00719484	0.0574881	0.0778204	0.0644363	
-0.292293	-0.292293	-0.284671	-0.274917	-0.273526	-0.280444	-0.296674	-0.311388	-0.318399	-0.309104	-0.284662	-0.258231	-0.243725	-0.259968	-0.309071	-0.392929	-0.499273	-0.609604	-0.704224	-0.763267	-0.768093	-0.700731	-0.538822	-0.289261	0.0322002	0.397059	0.766267	1.10069	1.34858	1.48187	1.48818	1.36598	1.12281	0.790977	0.404887	0.0188105	-0.330614	-0.597776	-0.770675	-0.83912	-0.808258	-0.704328	-0.556486	-0.376721	-0.198116	-0.0423198	0.0683387	0.132378	0.150847	0.127686	
-0.240435	-0.240435	-0.237292	-0.231957	-0.236743	-0.243099	-0.257913	-0.270004	-0.27765	-0.275182	-0.258231	-0.244239	-0.240233	-0.267288	-0.323908	-0.413305	-0.523982	-0.638158	-0.733986	-0.794419	-0.802066	-0.737222	-0.580085	-0.335968	-0.0252981	0.323884	0.681587	1.00848	1.25259	1.38754	1.40144	1.29215	1.07078	0.761411	0.401572	0.0443041	-0.279006	-0.526025	-0.682431	-0.742869	-0.708369	-0.600849	-0.452145	-0.274536	-0.0991317	0.0528946	0.153099	0.207195	0.220491	0.196489	
-0.196294	-0.196294	-0.196511	-0.197987	-0.207395	-0.216157	-0.228809	-0.23815	-0.247628	-0.250071	-0.243725	-0.240233	-0.247454	-0.283925	-0.34638	-0.440028	-0.553359	-0.667892	-0.762906	-0.819376	-0.824328	-0.758077	-0.599446	-0.358087	-0.055619	0.280231	0.624113	0.941601	1.18113	1.31619	1.33807	1.24762	1.05132	0.77331	0.448644	0.125394	-0.167213	-0.387459	-0.527929	-0.578916	-0.53902	-0.433588	-0.293838	-0.130584	0.0258804	0.155612	0.236938	0.279639	0.288885	0.261104	
-0.184007	-0.184007	-0.187409	-0.195165	-0.209298	-0.221033	-0.23063	-0.238273	-0.247492	-0.256822	-0.259968	-0.267288	-0.283925	-0.32592	-0.390589	-0.482755	-0.592301	-0.701498	-0.787813	-0.834251	-0.830716	-0.757048	-0.595891	-0.353375	-0.0577243	0.267572	0.60034	0.911103	1.14896	1.28692	1.31807	1.24514	1.07358	0.826526	0.537598	0.251412	-0.00384808	-0.194952	-0.314853	-0.357425	-0.320554	-0.227097	-0.105186	0.0313347	0.159345	0.26023	0.311422	0.330315	0.325695	0.294406	
-0.223048	-0.223048	-0.22953	-0.24107	-0.2605	-0.271523	-0.278329	-0.27903	-0.28668	-0.298319	-0.309071	-0.323908	-0.34638	-0.390589	-0.454001	-0.541977	-0.645699	-0.746696	-0.822429	-0.855118	-0.838777	-0.753889	-0.584478	-0.338242	-0.0426342	0.275016	0.600629	0.906726	1.14441	1.28791	1.33088	1.2771	1.13471	0.920758	0.668395	0.41903	0.194821	0.0267736	-0.0811533	-0.123581	-0.0977234	-0.0221829	0.0734135	0.1767	0.268205	0.332237	0.351975	0.34594	0.326551	0.28584	
-0.310478	-0.310478	-0.317493	-0.334383	-0.35375	-0.366916	-0.365445	-0.360474	-0.362477	-0.375844	-0.392929	-0.413305	-0.440028	-0.482755	-0.541977	-0.622071	-0.716165	-0.805576	-0.866537	-0.883013	-0.85008	-0.752186	-0.574688	-0.32227	-0.028001	0.287196	0.608827	0.913876	1.15992	1.31441	1.37438	1.34593	1.23178	1.05036	0.833597	0.612238	0.413603	0.258446	0.150262	0.0924724	0.0933477	0.13378	0.193382	0.257074	0.31353	0.344853	0.336116	0.309531	0.275786	0.226365	
-0.427832	-0.427832	-0.436716	-0.454364	-0.477395	-0.487282	-0.481244	-0.466364	-0.46357	-0.476477	-0.499273	-0.523982	-0.553359	-0.592301	-0.645699	-0.716165	-0.79922	-0.875618	-0.92096	-0.918854	-0.868425	-0.755085	-0.567089	-0.309378	-0.0107146	0.303269	0.624299	0.933828	1.18814	1.35884	1.43998	1.43529	1.35202	1.20328	1.01388	0.817492	0.631633	0.47413	0.349292	0.262123	0.218683	0.21425	0.229696	0.252192	0.273102	0.276604	0.251155	0.209979	0.167763	0.115194	
-0.559728	-0.559728	-0.56796	-0.588125	-0.609504	-0.619123	-0.604046	-0.581227	-0.57048	-0.582997	-0.609604	-0.638158	-0.667892	-0.701498	-0.746696	-0.805576	-0.875618	-0.937245	-0.96392	-0.943148	-0.8711	-0.74156	-0.542586	-0.276534	0.0247442	0.341227	0.664779	0.97632	1.24402	1.43001	1.53053	1.55037	1.49212	1.3668	1.20075	1.01336	0.827903	0.654655	0.500468	0.368664	0.275859	0.219266	0.187946	0.169639	0.160404	0.14082	0.0997191	0.0535821	0.0128661	-0.0334392	
-0.683758	-0.683758	-0.691737	-0.711093	-0.732008	-0.73764	-0.715536	-0.682265	-0.664414	-0.674021	-0.704224	-0.733986	-0.762906	-0.787813	-0.822429	-0.866537	-0.92096	-0.96392	-0.970871	-0.927647	-0.834089	-0.687611	-0.476839	-0.207132	0.0977928	0.415589	0.739138	1.05604	1.33208	1.53242	1.65026	1.68496	1.6415	1.53048	1.3682	1.17917	0.980428	0.780251	0.588438	0.411974	0.266254	0.159554	0.0858472	0.0346937	0.000469639	-0.0374278	-0.0825278	-0.13204	-0.172263	-0.207687	
-0.770228	-0.770228	-0.777683	-0.796087	-0.816033	-0.818626	-0.790182	-0.748911	-0.723736	-0.731789	-0.763267	-0.794419	-0.819376	-0.834251	-0.855118	-0.883013	-0.918854	-0.943148	-0.927647	-0.863874	-0.748118	-0.585061	-0.365325	-0.091683	0.213238	0.53037	0.853367	1.16789	1.4472	1.65367	1.77701	1.81688	1.77585	1.66371	1.49569	1.29158	1.06851	0.834475	0.602449	0.381838	0.191734	0.0476043	-0.0562825	-0.128976	-0.179927	-0.228591	-0.280435	-0.327668	-0.354827	-0.366837	
-0.7981	-0.7981	-0.804267	-0.821162	-0.838543	-0.838021	-0.804133	-0.756489	-0.726345	-0.73383	-0.768093	-0.802066	-0.824328	-0.830716	-0.838777	-0.85008	-0.868425	-0.8711	-0.834089	-0.748118	-0.610525	-0.433258	-0.205173	0.0661474	0.366553	0.678279	0.994294	1.30182	1.57704	1.78059	1.9016	1.93288	1.87939	1.75063	1.56091	1.33066	1.07837	0.811995	0.548752	0.296206	0.0770345	-0.0941503	-0.22017	-0.305987	-0.365125	-0.419525	-0.464728	-0.499513	-0.512488	-0.501502	
-0.748966	-0.748966	-0.754042	-0.768054	-0.78288	-0.778486	-0.740813	-0.688843	-0.655628	-0.663299	-0.700731	-0.737222	-0.758077	-0.757048	-0.753889	-0.752186	-0.755085	-0.74156	-0.687611	-0.585061	-0.433258	-0.245347	-0.0146742	0.251695	0.544759	0.849509	1.15617	1.45394	1.71542	1.90705	2.01118	2.02071	1.93909	1.78352	1.56304	1.30531	1.02535	0.734282	0.447269	0.177401	-0.0590284	-0.243707	-0.37825	-0.466252	-0.528176	-0.580143	-0.61615	-0.635992	-0.624022	-0.579571	
-0.614473	-0.614473	-0.617693	-0.626734	-0.636777	-0.625691	-0.58396	-0.527516	-0.491747	-0.499989	-0.538822	-0.580085	-0.599446	-0.595891	-0.584478	-0.574688	-0.567089	-0.542586	-0.476839	-0.365325	-0.205173	-0.0146742	0.21211	0.466441	0.745193	1.03527	1.32982	1.61015	1.8545	2.02721	2.10907	2.08911	1.9749	1.78229	1.52949	1.24356	0.941123	0.635614	0.342578	0.0687557	-0.16881	-0.354638	-0.493628	-0.579805	-0.636558	-0.677405	-0.69634	-0.689304	-0.651541	-0.583665	
-0.365794	-0.365794	-0.367041	-0.37318	-0.377789	-0.364194	-0.320577	-0.266713	-0.232992	-0.245731	-0.289261	-0.335968	-0.358087	-0.353375	-0.338242	-0.32227	-0.309378	-0.276534	-0.207132	-0.091683	0.0661474	0.251695	0.466441	0.702057	0.958722	1.23112	1.50549	1.76684	1.98595	2.13231	2.1851	2.1316	1.97961	1.75535	1.47607	1.17348	0.864625	0.559838	0.270536	0.00289673	-0.227877	-0.413258	-0.547285	-0.622374	-0.663614	-0.686247	-0.6805	-0.648823	-0.589503	-0.502284	
-0.0030585	-0.0030585	-0.00389842	-0.00718163	-0.0103351	0.00471795	0.0419688	0.0882523	0.109597	0.0871611	0.0322002	-0.0252981	-0.055619	-0.0577243	-0.0426342	-0.028001	-0.0107146	0.0247442	0.0977928	0.213238	0.366553	0.544759	0.745193	0.958722	1.19135	1.43652	1.68802	1.9205	2.10647	2.2196	2.23702	2.14831	1.96483	1.71407	1.42116	1.118	0.815959	0.52693	0.253917	0.00250814	-0.216744	-0.392341	-0.519149	-0.581248	-0.60551	-0.603681	-0.575352	-0.521023	-0.441703	-0.343582	
0.431686	0.431686	0.431382	0.429103	0.428196	0.440221	0.470123	0.499766	0.505818	0.465395	0.397059	0.323884	0.280231	0.267572	0.275016	0.287196	0.303269	0.341227	0.415589	0.53037	0.678279	0.849509	1.03527	1.23112	1.43652	1.65711	1.88078	2.08207	2.23132	2.30371	2.28306	2.15916	1.94604	1.67713	1.38206	1.08856	0.810145	0.547436	0.302321	0.0733863	-0.12531	-0.288375	-0.402468	-0.451161	-0.456157	-0.437429	-0.397133	-0.329641	-0.2444	-0.144451	
0.872746	0.872746	0.873537	0.872519	0.874771	0.885023	0.905393	0.919795	0.905244	0.850543	0.766267	0.681587	0.624113	0.60034	0.600629	0.608827	0.624299	0.664779	0.739138	0.853367	0.994294	1.15617	1.32982	1.50549	1.68802	1.88078	2.07767	2.24774	2.3596	2.39282	2.33569	2.18143	1.94752	1.66789	1.37836	1.10274	0.85015	0.619666	0.404796	0.204668	0.0343372	-0.106653	-0.200944	-0.234701	-0.227865	-0.205041	-0.164429	-0.104212	-0.0231349	0.0731327	
1.26603	1.26603	1.2676	1.26979	1.27525	1.2853	1.29769	1.2957	1.264	1.19468	1.10069	1.00848	0.941601	0.911103	0.906726	0.913876	0.933828	0.97632	1.05604	1.16789	1.30182	1.45394	1.61015	1.76684	1.9205	2.08207	2.24774	2.38445	2.46134	2.46007	2.3749	2.20332	1.96023	1.68245	1.40427	1.14783	0.922715	0.72111	0.537225	0.3715	0.231211	0.119783	0.0483473	0.025166	0.0370871	0.0597054	0.0859558	0.133608	0.203694	0.288331	
1.57564	1.57564	1.57877	1.5826	1.59215	1.59999	1.60382	1.58426	1.53376	1.45058	1.34858	1.25259	1.18113	1.14896	1.14441	1.15992	1.18814	1.24402	1.33208	1.4472	1.57704	1.71542	1.8545	1.98595	2.10647	2.23132	2.3596	2.46134	2.5065	2.47548	2.37196	2.19262	1.95327	1.68466	1.42507	1.19119	0.993695	0.822778	0.673404	0.538189	0.431055	0.344932	0.287938	0.267061	0.277978	0.287865	0.30252	0.336445	0.391659	0.462175	
1.76073	1.76073	1.76501	1.77218	1.78428	1.79183	1.78643	1.75167	1.68312	1.58907	1.48187	1.38754	1.31619	1.28692	1.28791	1.31441	1.35884	1.43001	1.53242	1.65367	1.78059	1.90705	2.02721	2.13231	2.2196	2.30371	2.39282	2.46007	2.47548	2.42203	2.30542	2.12613	1.89487	1.64162	1.40047	1.19064	1.02371	0.888043	0.774637	0.67795	0.598048	0.529637	0.47793	0.446523	0.439892	0.435309	0.435779	0.453367	0.498353	0.560304	
1.78587	1.78587	1.79285	1.80432	1.82185	1.83052	1.82089	1.77467	1.69442	1.59382	1.48818	1.40144	1.33807	1.31807	1.33088	1.37438	1.43998	1.53053	1.65026	1.77701	1.9016	2.01118	2.10907	2.1851	2.23702	2.28306	2.33569	2.3749	2.37196	2.30542	2.1837	2.00802	1.78492	1.5444	1.31802	1.13094	0.994258	0.896215	0.824372	0.76423	0.707906	0.653784	0.594909	0.544396	0.514838	0.487216	0.466438	0.46834	0.497932	0.548683	
1.65161	1.65161	1.661	1.67928	1.70062	1.71369	1.70139	1.64902	1.56379	1.46083	1.36598	1.29215	1.24762	1.24514	1.2771	1.34593	1.43529	1.55037	1.68496	1.81688	1.93288	2.02071	2.08911	2.1316	2.14831	2.15916	2.18143	2.20332	2.19262	2.12613	2.00802	1.83817	1.6256	1.3953	1.18179	1.01536	0.907416	0.843971	0.809738	0.778408	0.740176	0.690379	0.623604	0.556545	0.502451	0.449583	0.407135	0.383407	0.391189	0.435938	
1.37954	1.37954	1.39305	1.41544	1.44267	1.45754	1.44509	1.39121	1.3031	1.20623	1.12281	1.07078	1.05132	1.07358	1.13471	1.23178	1.35202	1.49212	1.6415	1.77585	1.87939	1.93909	1.9749	1.97961	1.96483	1.94604	1.94752	1.96023	1.95327	1.89487	1.78492	1.6256	1.42321	1.20728	1.01075	0.866285	0.784384	0.750672	0.739783	0.726324	0.695032	0.644702	0.569553	0.488785	0.410823	0.333373	0.267304	0.220773	0.214257	0.253103	
1.00075	1.00075	1.01699	1.04594	1.07536	1.09377	1.08243	1.02938	0.946621	0.855551	0.790977	0.761411	0.77331	0.826526	0.920758	1.05036	1.20328	1.3668	1.53048	1.66371	1.75063	1.78352	1.78229	1.75535	1.71407	1.67713	1.66789	1.68245	1.68466	1.64162	1.5444	1.3953	1.20728	1.00955	0.831066	0.710617	0.651917	0.636823	0.642836	0.63785	0.605424	0.55057	0.463879	0.366888	0.263219	0.162453	0.0744576	0.0143655	-0.00298927	0.0359349	
0.564364	0.564364	0.584062	0.615649	0.647075	0.66514	0.655017	0.606283	0.530141	0.450687	0.404887	0.401572	0.448644	0.537598	0.668395	0.833597	1.01388	1.20075	1.3682	1.49569	1.56091	1.56304	1.52949	1.47607	1.42116	1.38206	1.37836	1.40427	1.42507	1.40047	1.31802	1.18179	1.01075	0.831066	0.677097	0.576541	0.533021	0.530676	0.543907	0.538363	0.509543	0.4466	0.348353	0.233851	0.10469	-0.0252225	-0.129628	-0.199184	-0.218662	-0.182646	
0.117641	0.117641	0.140123	0.173676	0.205419	0.222592	0.215055	0.174342	0.109167	0.0459391	0.0188105	0.0443041	0.125394	0.251412	0.41903	0.612238	0.817492	1.01336	1.17917	1.29158	1.33066	1.30531	1.24356	1.17348	1.118	1.08856	1.10274	1.14783	1.19119	1.19064	1.13094	1.01536	0.866285	0.710617	0.576541	0.487686	0.451677	0.450916	0.464637	0.465164	0.438114	0.369479	0.263579	0.131886	-0.0214572	-0.169403	-0.289038	-0.368139	-0.396107	-0.371988	
-0.274399	-0.274399	-0.250638	-0.218872	-0.190237	-0.178932	-0.185332	-0.22005	-0.27262	-0.320964	-0.330614	-0.279006	-0.167213	-0.00384808	0.194821	0.413603	0.631633	0.827903	0.980428	1.06851	1.07837	1.02535	0.941123	0.864625	0.815959	0.810145	0.85015	0.922715	0.993695	1.02371	0.994258	0.907416	0.784384	0.651917	0.533021	0.451677	0.41444	0.41206	0.427533	0.4304	0.407128	0.337306	0.224306	0.0811371	-0.0795892	-0.241332	-0.374804	-0.464931	-0.508879	-0.509817	
-0.572391	-0.572391	-0.550438	-0.520982	-0.501829	-0.495621	-0.50533	-0.531582	-0.571603	-0.604857	-0.597776	-0.526025	-0.387459	-0.194952	0.0267736	0.258446	0.47413	0.654655	0.780251	0.834475	0.811995	0.734282	0.635614	0.559838	0.52693	0.547436	0.619666	0.72111	0.822778	0.888043	0.896215	0.843971	0.750672	0.636823	0.530676	0.450916	0.41206	0.4101	0.426947	0.435246	0.417899	0.349041	0.238315	0.0990599	-0.0586932	-0.223865	-0.369349	-0.479739	-0.548751	-0.576702	
-0.752561	-0.752561	-0.732191	-0.712492	-0.700979	-0.707843	-0.719104	-0.740641	-0.769341	-0.78762	-0.770675	-0.682431	-0.527929	-0.314853	-0.0811533	0.150262	0.349292	0.500468	0.588438	0.602449	0.548752	0.447269	0.342578	0.270536	0.253917	0.302321	0.404796	0.537225	0.673404	0.774637	0.824372	0.809738	0.739783	0.642836	0.543907	0.464637	0.427533	0.426947	0.446047	0.462254	0.453991	0.399314	0.30567	0.179922	0.0347691	-0.133811	-0.297331	-0.429114	-0.518865	-0.570956	
-0.819265	-0.819265	-0.805351	-0.792676	-0.796985	-0.812016	-0.829339	-0.844616	-0.860999	-0.867292	-0.83912	-0.742869	-0.578916	-0.357425	-0.123581	0.0924724	0.262123	0.368664	0.411974	0.381838	0.296206	0.177401	0.0687557	0.00289673	0.00250814	0.0733863	0.204668	0.3715	0.538189	0.67795	0.76423	0.778408	0.726324	0.63785	0.538363	0.465164	0.4304	0.435246	0.462254	0.491788	0.498189	0.472733	0.403034	0.301229	0.170681	0.00411418	-0.173117	-0.324744	-0.437705	-0.509957	
-0.80278	-0.80278	-0.794789	-0.792462	-0.808597	-0.832032	-0.850346	-0.857443	-0.857932	-0.850223	-0.808258	-0.708369	-0.53902	-0.320554	-0.0977234	0.0933477	0.218683	0.275859	0.266254	0.191734	0.0770345	-0.0590284	-0.16881	-0.227877	-0.216744	-0.12531	0.0343372	0.231211	0.431055	0.598048	0.707906	0.740176	0.695032	0.605424	0.509543	0.438114	0.407128	0.417899	0.453991	0.498189	0.536249	0.551537	0.518783	0.446923	0.33241	0.166141	-0.0227205	-0.190171	-0.317522	-0.402441	
-0.721211	-0.721211	-0.719786	-0.728761	-0.754968	-0.785	-0.801347	-0.798404	-0.782729	-0.758096	-0.704328	-0.600849	-0.433588	-0.227097	-0.0221829	0.13378	0.21425	0.219266	0.159554	0.0476043	-0.0941503	-0.243707	-0.354638	-0.413258	-0.392341	-0.288375	-0.106653	0.119783	0.344932	0.529637	0.653784	0.690379	0.644702	0.55057	0.4466	0.369479	0.337306	0.349041	0.399314	0.472733	0.551537	0.612665	0.620432	0.577639	0.477348	0.323079	0.138078	-0.0383077	-0.179626	-0.272649	
-0.589605	-0.589605	-0.595563	-0.616788	-0.652358	-0.68842	-0.701579	-0.690418	-0.65967	-0.62062	-0.556486	-0.452145	-0.293838	-0.105186	0.0734135	0.193382	0.229696	0.187946	0.0858472	-0.0562825	-0.22017	-0.37825	-0.493628	-0.547285	-0.519149	-0.402468	-0.200944	0.0483473	0.287938	0.47793	0.594909	0.623604	0.569553	0.463879	0.348353	0.263579	0.224306	0.238315	0.30567	0.403034	0.518783	0.620432	0.667941	0.65731	0.585954	0.454607	0.278897	0.0974748	-0.0473405	-0.140928	
-0.447228	-0.447228	-0.460768	-0.489065	-0.532604	-0.565605	-0.57404	-0.549075	-0.504366	-0.450066	-0.376721	-0.274536	-0.130584	0.0313347	0.1767	0.257074	0.252192	0.169639	0.0346937	-0.128976	-0.305987	-0.466252	-0.579805	-0.622374	-0.581248	-0.451161	-0.234701	0.025166	0.267061	0.446523	0.544396	0.556545	0.488785	0.366888	0.233851	0.131886	0.0811371	0.0990599	0.179922	0.301229	0.446923	0.577639	0.65731	0.680458	0.636479	0.531067	0.376763	0.206614	0.0684981	-0.0215673	
-0.30409	-0.30409	-0.321824	-0.359484	-0.402887	-0.43593	-0.433715	-0.399681	-0.342383	-0.276876	-0.198116	-0.0991317	0.0258804	0.159345	0.268205	0.31353	0.273102	0.160404	0.000469639	-0.179927	-0.365125	-0.528176	-0.636558	-0.663614	-0.60551	-0.456157	-0.227865	0.0370871	0.277978	0.439892	0.514838	0.502451	0.410823	0.263219	0.10469	-0.0214572	-0.0795892	-0.0586932	0.0347691	0.170681	0.33241	0.477348	0.585954	0.636479	0.620911	0.544445	0.415553	0.265666	0.143238	0.0637484	
-0.17577	-0.17577	-0.197949	-0.238587	-0.283585	-0.310071	-0.301529	-0.25712	-0.194444	-0.120377	-0.0423198	0.0528946	0.155612	0.26023	0.332237	0.344853	0.276604	0.14082	-0.0374278	-0.228591	-0.419525	-0.580143	-0.677405	-0.686247	-0.603681	-0.437429	-0.205041	0.0597054	0.287865	0.435309	0.487216	0.449583	0.333373	0.162453	-0.0252225	-0.169403	-0.241332	-0.223865	-0.133811	0.00411418	0.166141	0.323079	0.454607	0.531067	0.544445	0.494053	0.392764	0.266296	0.158574	0.0791755	
-0.0876803	-0.0876803	-0.111791	-0.150326	-0.193889	-0.210938	-0.19671	-0.145305	-0.0809144	-0.00719484	0.0683387	0.153099	0.236938	0.311422	0.351975	0.336116	0.251155	0.0997191	-0.0825278	-0.280435	-0.464728	-0.61615	-0.69634	-0.6805	-0.575352	-0.397133	-0.164429	0.0859558	0.30252	0.435779	0.466438	0.407135	0.267304	0.0744576	-0.129628	-0.289038	-0.374804	-0.369349	-0.297331	-0.173117	-0.0227205	0.138078	0.278897	0.376763	0.415553	0.392764	0.314062	0.208896	0.103982	0.0195179	
-0.0614415	-0.0614415	-0.0826191	-0.115556	-0.149929	-0.157713	-0.133529	-0.0787824	-0.0114355	0.0574881	0.132378	0.207195	0.279639	0.330315	0.34594	0.309531	0.209979	0.0535821	-0.13204	-0.327668	-0.499513	-0.635992	-0.689304	-0.648823	-0.521023	-0.329641	-0.104212	0.133608	0.336445	0.453367	0.46834	0.383407	0.220773	0.0143655	-0.199184	-0.368139	-0.464931	-0.479739	-0.429114	-0.324744	-0.190171	-0.0383077	0.0974748	0.206614	0.265666	0.266296	0.208896	0.116374	0.00326889	-0.0885834	
-0.0843693	-0.0843693	-0.098417	-0.122221	-0.14254	-0.141719	-0.10815	-0.0527221	0.0145931	0.0778204	0.150847	0.220491	0.288885	0.325695	0.326551	0.275786	0.167763	0.0128661	-0.172263	-0.354827	-0.512488	-0.624022	-0.651541	-0.589503	-0.441703	-0.2444	-0.0231349	0.203694	0.391659	0.498353	0.497932	0.391189	0.214257	-0.00298927	-0.218662	-0.396107	-0.508879	-0.548751	-0.518865	-0.437705	-0.317522	-0.179626	-0.0473405	0.0684981	0.143238	0.158574	0.103982	0.00326889	-0.114622	-0.204911	
-0.117628	-0.117628	-0.122958	-0.134069	-0.142255	-0.134437	-0.100531	-0.0486206	0.00846984	0.0644363	0.127686	0.196489	0.261104	0.294406	0.28584	0.226365	0.115194	-0.0334392	-0.207687	-0.366837	-0.501502	-0.579571	-0.583665	-0.502284	-0.343582	-0.144451	0.0731327	0.288331	0.462175	0.560304	0.548683	0.435938	0.253103	0.0359349	-0.182646	-0.371988	-0.509817	-0.576702	-0.570956	-0.509957	-0.402441	-0.272649	-0.140928	-0.0215673	0.0637484	0.0791755	0.0195179	-0.0885834	-0.204911	-0.30538	
