0.0431356	0.0431356	0.0752535	0.148981	0.279266	0.478595	0.74753	1.06903	1.41155	1.73993	2.02687	2.25791	2.42947	2.54419	2.60689	2.62249	2.59576	2.5319	2.43734	2.31965	2.1868	2.04637	1.90539	1.76998	1.64521	1.53514	1.44289	1.37073	1.32026	1.29246	1.28786	1.30653	1.34813	1.41184	1.49631	1.59956	1.71884	1.8505	1.98989	2.13134	2.26814	2.39286	2.49761	2.57454	2.61678	2.61869	2.57541	2.48209	2.33372	2.12643	
0.0431356	0.0431356	0.0752535	0.148981	0.279266	0.478595	0.74753	1.06903	1.41155	1.73993	2.02687	2.25791	2.42947	2.54419	2.60689	2.62249	2.59576	2.5319	2.43734	2.31965	2.1868	2.04637	1.90539	1.76998	1.64521	1.53514	1.44289	1.37073	1.32026	1.29246	1.28786	1.30653	1.34813	1.41184	1.49631	1.59956	1.71884	1.8505	1.98989	2.13134	2.26814	2.39286	2.49761	2.57454	2.61678	2.61869	2.57541	2.48209	2.33372	2.12643	
0.0752535	0.0752535	0.120054	0.215885	0.369638	0.580966	0.837694	1.11873	1.40228	1.67191	1.91595	2.12419	2.28719	2.39822	2.45497	2.46001	2.41996	2.34387	2.24155	2.12196	1.99262	1.86014	1.73021	1.60747	1.49569	1.3979	1.31639	1.25285	1.20849	1.18406	1.17997	1.19628	1.23275	1.28875	1.36328	1.45482	1.56133	1.68009	1.8076	1.93961	2.07092	2.19527	2.30554	2.3933	2.44893	2.46289	2.42741	2.33815	2.19539	2.00422	
0.148981	0.148981	0.215885	0.347226	0.53276	0.751245	0.976561	1.19048	1.3893	1.57666	1.75131	1.9038	2.02202	2.0971	2.12603	2.11172	2.06115	1.98315	1.88619	1.7771	1.662	1.54663	1.43552	1.33212	1.2393	1.15906	1.0928	1.04157	1.00597	0.986399	0.983073	0.995994	1.02511	1.07008	1.13042	1.20528	1.29335	1.39288	1.50133	1.6154	1.73115	1.84331	1.94592	2.03251	2.09515	2.12495	2.11395	2.05736	1.95576	1.81572	
0.279266	0.279266	0.369638	0.53276	0.735164	0.93772	1.11357	1.25871	1.38258	1.48996	1.57607	1.63533	1.66655	1.67131	1.65241	1.61301	1.55624	1.48542	1.40351	1.31425	1.22286	1.13375	1.04982	0.973608	0.90685	0.850298	0.804543	0.769735	0.745818	0.7328	0.730563	0.739132	0.758536	0.788887	0.830189	0.882474	0.945325	1.018	1.09926	1.18671	1.27758	1.36822	1.45352	1.5292	1.592	1.63872	1.66616	1.67117	1.65084	1.60298	
0.478595	0.478595	0.580966	0.751245	0.93772	1.09907	1.22251	1.31441	1.37636	1.40023	1.38414	1.33859	1.27589	1.20422	1.12858	1.05123	0.973622	0.89699	0.822585	0.753613	0.692577	0.639379	0.594097	0.557036	0.527257	0.503942	0.486549	0.474026	0.465899	0.461675	0.46094	0.463879	0.470322	0.481039	0.496254	0.516996	0.544075	0.578164	0.620154	0.670472	0.728408	0.794381	0.866877	0.942792	1.0202	1.09778	1.17428	1.24786	1.31477	1.36843	
0.74753	0.74753	0.837694	0.976561	1.11357	1.22251	1.30134	1.3449	1.33646	1.27125	1.16645	1.04046	0.902543	0.760905	0.623463	0.496818	0.386954	0.296586	0.227477	0.180044	0.150304	0.134292	0.130001	0.134049	0.142788	0.154384	0.166353	0.176947	0.185172	0.189881	0.190768	0.187755	0.180992	0.171267	0.159669	0.147495	0.137074	0.130853	0.131194	0.142325	0.166422	0.20631	0.266621	0.348456	0.450816	0.571341	0.705226	0.846117	0.986399	1.11789	
1.06903	1.06903	1.11873	1.19048	1.25871	1.31441	1.3449	1.32272	1.23448	1.09877	0.935969	0.750148	0.549778	0.351136	0.166866	0.0081971	-0.118633	-0.212361	-0.272415	-0.303331	-0.311021	-0.298731	-0.271437	-0.236175	-0.197044	-0.157732	-0.122595	-0.0932685	-0.072139	-0.0603895	-0.0581358	-0.0663714	-0.0834316	-0.109856	-0.142617	-0.180653	-0.220622	-0.258183	-0.2893	-0.308688	-0.309099	-0.288049	-0.240089	-0.160124	-0.0465503	0.0999654	0.27508	0.469472	0.671137	0.8643	
1.41155	1.41155	1.40228	1.3893	1.38258	1.37636	1.33646	1.23448	1.08215	0.900372	0.687008	0.448075	0.209333	-0.0135133	-0.210563	-0.372274	-0.497276	-0.583022	-0.630598	-0.645274	-0.630708	-0.593013	-0.541664	-0.483549	-0.422754	-0.36582	-0.315884	-0.275446	-0.247069	-0.231142	-0.228446	-0.239452	-0.262845	-0.298732	-0.345004	-0.399195	-0.458605	-0.519175	-0.573669	-0.618347	-0.643071	-0.640474	-0.606568	-0.536223	-0.427084	-0.279773	-0.0961258	0.117555	0.35137	0.593154	
1.73993	1.73993	1.67191	1.57666	1.48996	1.40023	1.27125	1.09877	0.900372	0.67011	0.407528	0.145663	-0.0971769	-0.319106	-0.505929	-0.652751	-0.75691	-0.814982	-0.833133	-0.816029	-0.772266	-0.711737	-0.643109	-0.570548	-0.500642	-0.438444	-0.38505	-0.344	-0.314947	-0.298857	-0.296673	-0.306635	-0.331473	-0.367057	-0.416441	-0.475102	-0.541582	-0.613459	-0.684882	-0.749258	-0.801707	-0.830127	-0.827152	-0.785257	-0.699892	-0.569806	-0.398582	-0.189337	0.0459435	0.300755	
2.02687	2.02687	1.91595	1.75131	1.57607	1.38414	1.16645	0.935969	0.687008	0.407528	0.127608	-0.128956	-0.36906	-0.574195	-0.72944	-0.838393	-0.894857	-0.907514	-0.883471	-0.832094	-0.764552	-0.687967	-0.609376	-0.533848	-0.46745	-0.410505	-0.364709	-0.330129	-0.3059	-0.293172	-0.291041	-0.298992	-0.319093	-0.348938	-0.390638	-0.443508	-0.507042	-0.577382	-0.656135	-0.7336	-0.806723	-0.865485	-0.901966	-0.904717	-0.866627	-0.779058	-0.642028	-0.456705	-0.227701	0.0219474	
2.25791	2.25791	2.12419	1.9038	1.63533	1.33859	1.04046	0.750148	0.448075	0.145663	-0.128956	-0.384052	-0.604655	-0.762274	-0.86978	-0.923292	-0.926438	-0.893579	-0.828587	-0.749618	-0.661079	-0.575938	-0.498228	-0.433342	-0.379851	-0.338331	-0.306486	-0.282687	-0.268209	-0.259802	-0.258226	-0.264485	-0.275158	-0.296658	-0.323403	-0.361393	-0.411051	-0.471529	-0.54318	-0.62579	-0.713925	-0.79873	-0.870209	-0.917918	-0.929131	-0.897911	-0.810902	-0.674784	-0.478857	-0.234036	
2.42947	2.42947	2.28719	2.02202	1.66655	1.27589	0.902543	0.549778	0.209333	-0.0971769	-0.36906	-0.604655	-0.770864	-0.879091	-0.935571	-0.928385	-0.882782	-0.800362	-0.703369	-0.604179	-0.512811	-0.439478	-0.381035	-0.338193	-0.307614	-0.285855	-0.270187	-0.260574	-0.255416	-0.251135	-0.251631	-0.253691	-0.257803	-0.266842	-0.279116	-0.298048	-0.323188	-0.363731	-0.414134	-0.481992	-0.564585	-0.663999	-0.762018	-0.853995	-0.914392	-0.939012	-0.909345	-0.819591	-0.680366	-0.471013	
2.54419	2.54419	2.39822	2.0971	1.67131	1.20422	0.760905	0.351136	-0.0135133	-0.319106	-0.574195	-0.762274	-0.879091	-0.940161	-0.927114	-0.865312	-0.771745	-0.656726	-0.552743	-0.457783	-0.391877	-0.341526	-0.312519	-0.293048	-0.284856	-0.276066	-0.274992	-0.273552	-0.270998	-0.272007	-0.271103	-0.271055	-0.273286	-0.272669	-0.276824	-0.281466	-0.288573	-0.303088	-0.32848	-0.370209	-0.427925	-0.511908	-0.613993	-0.725972	-0.8325	-0.905955	-0.944151	-0.911277	-0.81717	-0.662202	
2.60689	2.60689	2.45497	2.12603	1.65241	1.12858	0.623463	0.166866	-0.210563	-0.505929	-0.72944	-0.86978	-0.935571	-0.927114	-0.856391	-0.757047	-0.630838	-0.516891	-0.421193	-0.356202	-0.318918	-0.300199	-0.295253	-0.292811	-0.290825	-0.290842	-0.289812	-0.288108	-0.284962	-0.287043	-0.284227	-0.286033	-0.287845	-0.288002	-0.290576	-0.290505	-0.293501	-0.292437	-0.298422	-0.308897	-0.33975	-0.389521	-0.476642	-0.581824	-0.708723	-0.819677	-0.90399	-0.942307	-0.905663	-0.801541	
2.62249	2.62249	2.46001	2.11172	1.61301	1.05123	0.496818	0.0081971	-0.372274	-0.652751	-0.838393	-0.923292	-0.928385	-0.865312	-0.757047	-0.62429	-0.494699	-0.397985	-0.334143	-0.31194	-0.303432	-0.308116	-0.302778	-0.30131	-0.292988	-0.289976	-0.279676	-0.275577	-0.272232	-0.268182	-0.269354	-0.270114	-0.272991	-0.279737	-0.284377	-0.291765	-0.298622	-0.301603	-0.306664	-0.305095	-0.307873	-0.321095	-0.367224	-0.451996	-0.569358	-0.706447	-0.825454	-0.911682	-0.936608	-0.891737	
2.59576	2.59576	2.41996	2.06115	1.55624	0.973622	0.386954	-0.118633	-0.497276	-0.75691	-0.894857	-0.926438	-0.882782	-0.771745	-0.630838	-0.494699	-0.389331	-0.330097	-0.312092	-0.313799	-0.313975	-0.305302	-0.291747	-0.279478	-0.266181	-0.253168	-0.245618	-0.237572	-0.234705	-0.23027	-0.231373	-0.232849	-0.234857	-0.243004	-0.249009	-0.26135	-0.273719	-0.287876	-0.298514	-0.312735	-0.314678	-0.312909	-0.317922	-0.360528	-0.447153	-0.574731	-0.71697	-0.846151	-0.922262	-0.931241	
2.5319	2.5319	2.34387	1.98315	1.48542	0.89699	0.296586	-0.212361	-0.583022	-0.814982	-0.907514	-0.893579	-0.800362	-0.656726	-0.516891	-0.397985	-0.330097	-0.311898	-0.315719	-0.317187	-0.30011	-0.27814	-0.25817	-0.242798	-0.230206	-0.222559	-0.217515	-0.213461	-0.212153	-0.21121	-0.211217	-0.21194	-0.213508	-0.216237	-0.220462	-0.226299	-0.237418	-0.252411	-0.268689	-0.291194	-0.312335	-0.318625	-0.312053	-0.318245	-0.363867	-0.465588	-0.599705	-0.748101	-0.871681	-0.932216	
2.43734	2.43734	2.24155	1.88619	1.40351	0.822585	0.227477	-0.272415	-0.630598	-0.833133	-0.883471	-0.828587	-0.703369	-0.552743	-0.421193	-0.334143	-0.312092	-0.315719	-0.321395	-0.297215	-0.263408	-0.237899	-0.228889	-0.222728	-0.218633	-0.215587	-0.216959	-0.213773	-0.215503	-0.213408	-0.213416	-0.21479	-0.212797	-0.215579	-0.216883	-0.216418	-0.220073	-0.227334	-0.23221	-0.250932	-0.282947	-0.315563	-0.31946	-0.311962	-0.318711	-0.379159	-0.497129	-0.646387	-0.794857	-0.899199	
2.31965	2.31965	2.12196	1.7771	1.31425	0.753613	0.180044	-0.303331	-0.645274	-0.816029	-0.832094	-0.749618	-0.604179	-0.457783	-0.356202	-0.31194	-0.313799	-0.317187	-0.297215	-0.252356	-0.228977	-0.226672	-0.233877	-0.223005	-0.221592	-0.219644	-0.216577	-0.211473	-0.210408	-0.210004	-0.20724	-0.211215	-0.212002	-0.212443	-0.219656	-0.221379	-0.220964	-0.231389	-0.231162	-0.225758	-0.239522	-0.280079	-0.313538	-0.31697	-0.309784	-0.331999	-0.411753	-0.547103	-0.709174	-0.844934	
2.1868	2.1868	1.99262	1.662	1.22286	0.692577	0.150304	-0.311021	-0.630708	-0.772266	-0.764552	-0.661079	-0.512811	-0.391877	-0.318918	-0.303432	-0.313975	-0.30011	-0.263408	-0.228977	-0.231558	-0.239538	-0.229735	-0.21367	-0.212529	-0.206699	-0.194399	-0.196427	-0.190673	-0.190037	-0.190857	-0.188885	-0.195838	-0.194632	-0.201334	-0.211647	-0.211141	-0.222112	-0.238003	-0.236201	-0.225726	-0.246926	-0.28661	-0.31285	-0.307398	-0.30781	-0.358115	-0.465333	-0.622483	-0.778051	
2.04637	2.04637	1.86014	1.54663	1.13375	0.639379	0.134292	-0.298731	-0.593013	-0.711737	-0.687967	-0.575938	-0.439478	-0.341526	-0.300199	-0.308116	-0.305302	-0.27814	-0.237899	-0.226672	-0.239538	-0.232652	-0.206095	-0.196141	-0.196984	-0.188377	-0.180902	-0.189136	-0.179391	-0.18177	-0.185003	-0.176986	-0.187346	-0.18242	-0.183772	-0.195714	-0.196328	-0.19949	-0.221702	-0.241202	-0.23088	-0.229417	-0.260874	-0.297158	-0.31069	-0.300075	-0.32179	-0.400209	-0.544695	-0.709447	
1.90539	1.90539	1.73021	1.43552	1.04982	0.594097	0.130001	-0.271437	-0.541664	-0.643109	-0.609376	-0.498228	-0.381035	-0.312519	-0.295253	-0.302778	-0.291747	-0.25817	-0.228889	-0.233877	-0.229735	-0.206095	-0.182504	-0.198918	-0.194912	-0.186307	-0.188427	-0.190688	-0.182704	-0.185941	-0.18871	-0.181898	-0.189347	-0.189979	-0.187104	-0.188483	-0.202533	-0.185913	-0.194471	-0.220987	-0.236183	-0.227356	-0.245081	-0.278329	-0.304218	-0.297265	-0.305619	-0.356997	-0.47677	-0.642754	
1.76998	1.76998	1.60747	1.33212	0.973608	0.557036	0.134049	-0.236175	-0.483549	-0.570548	-0.533848	-0.433342	-0.338193	-0.293048	-0.292811	-0.30131	-0.279478	-0.242798	-0.222728	-0.223005	-0.21367	-0.196141	-0.198918	-0.205746	-0.189404	-0.180844	-0.189877	-0.174285	-0.17814	-0.177203	-0.172048	-0.180827	-0.172653	-0.183759	-0.187173	-0.181386	-0.202247	-0.201485	-0.197011	-0.203538	-0.223184	-0.219776	-0.233815	-0.262661	-0.297948	-0.29828	-0.293464	-0.327356	-0.425002	-0.583064	
1.64521	1.64521	1.49569	1.2393	0.90685	0.527257	0.142788	-0.197044	-0.422754	-0.500642	-0.46745	-0.379851	-0.307614	-0.284856	-0.290825	-0.292988	-0.266181	-0.230206	-0.218633	-0.221592	-0.212529	-0.196984	-0.194912	-0.189404	-0.176173	-0.174995	-0.177483	-0.165416	-0.171986	-0.169802	-0.164816	-0.174482	-0.16569	-0.173203	-0.176886	-0.173899	-0.184888	-0.192585	-0.196533	-0.204329	-0.221213	-0.21863	-0.223418	-0.250327	-0.286127	-0.296159	-0.290247	-0.309345	-0.386181	-0.531595	
1.53514	1.53514	1.3979	1.15906	0.850298	0.503942	0.154384	-0.157732	-0.36582	-0.438444	-0.410505	-0.338331	-0.285855	-0.276066	-0.290842	-0.289976	-0.253168	-0.222559	-0.215587	-0.219644	-0.206699	-0.188377	-0.186307	-0.180844	-0.174995	-0.175407	-0.175149	-0.169803	-0.173289	-0.171067	-0.168928	-0.173961	-0.169915	-0.17331	-0.175382	-0.174912	-0.178084	-0.184724	-0.186708	-0.19767	-0.217341	-0.217051	-0.217703	-0.237916	-0.278763	-0.296009	-0.287342	-0.295716	-0.357547	-0.492788	
1.44289	1.44289	1.31639	1.0928	0.804543	0.486549	0.166353	-0.122595	-0.315884	-0.38505	-0.364709	-0.306486	-0.270187	-0.274992	-0.289812	-0.279676	-0.245618	-0.217515	-0.216959	-0.216577	-0.194399	-0.180902	-0.188427	-0.189877	-0.177483	-0.175149	-0.176357	-0.165836	-0.169227	-0.167036	-0.163682	-0.170801	-0.16489	-0.173034	-0.177027	-0.174071	-0.185789	-0.190151	-0.183879	-0.184797	-0.210508	-0.21769	-0.215879	-0.231365	-0.268264	-0.292576	-0.287497	-0.290427	-0.33688	-0.460077	
1.37073	1.37073	1.25285	1.04157	0.769735	0.474026	0.176947	-0.0932685	-0.275446	-0.344	-0.330129	-0.282687	-0.260574	-0.273552	-0.288108	-0.275577	-0.237572	-0.213461	-0.213773	-0.211473	-0.196427	-0.189136	-0.190688	-0.174285	-0.165416	-0.169803	-0.165836	-0.160192	-0.164849	-0.163142	-0.158244	-0.166923	-0.160484	-0.16283	-0.168262	-0.168591	-0.167774	-0.185815	-0.19059	-0.191852	-0.205952	-0.214722	-0.211539	-0.225482	-0.261323	-0.29026	-0.287864	-0.285657	-0.32342	-0.43792	
1.32026	1.32026	1.20849	1.00597	0.745818	0.465899	0.185172	-0.072139	-0.247069	-0.314947	-0.3059	-0.268209	-0.255416	-0.270998	-0.284962	-0.272232	-0.234705	-0.212153	-0.215503	-0.210408	-0.190673	-0.179391	-0.182704	-0.17814	-0.171986	-0.173289	-0.169227	-0.164849	-0.167399	-0.164111	-0.163768	-0.167115	-0.164623	-0.16927	-0.170859	-0.173036	-0.173889	-0.182812	-0.179831	-0.183888	-0.203267	-0.215446	-0.212341	-0.222457	-0.258668	-0.287458	-0.285588	-0.284254	-0.315945	-0.42257	
1.29246	1.29246	1.18406	0.986399	0.7328	0.461675	0.189881	-0.0603895	-0.231142	-0.298857	-0.293172	-0.259802	-0.251135	-0.272007	-0.287043	-0.268182	-0.23027	-0.21121	-0.213408	-0.210004	-0.190037	-0.18177	-0.185941	-0.177203	-0.169802	-0.171067	-0.167036	-0.163142	-0.164111	-0.162539	-0.160325	-0.164401	-0.162798	-0.164311	-0.169843	-0.170996	-0.172849	-0.183611	-0.184311	-0.183903	-0.203132	-0.214007	-0.210903	-0.219965	-0.252952	-0.287264	-0.287852	-0.282722	-0.310454	-0.414523	
1.28786	1.28786	1.17997	0.983073	0.730563	0.46094	0.190768	-0.0581358	-0.228446	-0.296673	-0.291041	-0.258226	-0.251631	-0.271103	-0.284227	-0.269354	-0.231373	-0.211217	-0.213416	-0.20724	-0.190857	-0.185003	-0.18871	-0.172048	-0.164816	-0.168928	-0.163682	-0.158244	-0.163768	-0.160325	-0.157869	-0.164565	-0.159153	-0.162546	-0.166188	-0.167874	-0.165464	-0.184232	-0.186894	-0.186824	-0.199977	-0.213498	-0.210287	-0.221088	-0.254461	-0.286156	-0.286699	-0.28258	-0.311058	-0.413493	
1.30653	1.30653	1.19628	0.995994	0.739132	0.463879	0.187755	-0.0663714	-0.239452	-0.306635	-0.298992	-0.264485	-0.253691	-0.271055	-0.286033	-0.270114	-0.232849	-0.21194	-0.21479	-0.211215	-0.188885	-0.176986	-0.181898	-0.180827	-0.174482	-0.173961	-0.170801	-0.166923	-0.167115	-0.164401	-0.164565	-0.166158	-0.165924	-0.169556	-0.1724	-0.174538	-0.178083	-0.182645	-0.178766	-0.181161	-0.20398	-0.215158	-0.212482	-0.221089	-0.256083	-0.287362	-0.285925	-0.283699	-0.313239	-0.418065	
1.34813	1.34813	1.23275	1.02511	0.758536	0.470322	0.180992	-0.0834316	-0.262845	-0.331473	-0.319093	-0.275158	-0.257803	-0.273286	-0.287845	-0.272991	-0.234857	-0.213508	-0.212797	-0.212002	-0.195838	-0.187346	-0.189347	-0.172653	-0.16569	-0.169915	-0.16489	-0.160484	-0.164623	-0.162798	-0.159153	-0.165924	-0.161642	-0.162571	-0.16806	-0.168392	-0.166929	-0.183763	-0.189088	-0.190395	-0.205739	-0.214587	-0.210717	-0.224382	-0.257885	-0.289335	-0.289064	-0.284448	-0.319574	-0.431098	
1.41184	1.41184	1.28875	1.07008	0.788887	0.481039	0.171267	-0.109856	-0.298732	-0.367057	-0.348938	-0.296658	-0.266842	-0.272669	-0.288002	-0.279737	-0.243004	-0.216237	-0.215579	-0.212443	-0.194632	-0.18242	-0.189979	-0.183759	-0.173203	-0.17331	-0.173034	-0.16283	-0.16927	-0.164311	-0.162546	-0.169556	-0.162571	-0.170232	-0.173748	-0.172395	-0.178861	-0.18925	-0.185752	-0.186564	-0.207353	-0.21531	-0.215185	-0.229032	-0.267067	-0.29237	-0.285332	-0.287923	-0.331698	-0.449673	
1.49631	1.49631	1.36328	1.13042	0.830189	0.496254	0.159669	-0.142617	-0.345004	-0.416441	-0.390638	-0.323403	-0.279116	-0.276824	-0.290576	-0.284377	-0.249009	-0.220462	-0.216883	-0.219656	-0.201334	-0.183772	-0.187104	-0.187173	-0.176886	-0.175382	-0.177027	-0.168262	-0.170859	-0.169843	-0.166188	-0.1724	-0.16806	-0.173748	-0.176103	-0.175141	-0.183894	-0.187501	-0.184685	-0.191108	-0.215227	-0.218508	-0.2171	-0.234353	-0.272795	-0.294099	-0.288484	-0.293861	-0.347883	-0.478236	
1.59956	1.59956	1.45482	1.20528	0.882474	0.516996	0.147495	-0.180653	-0.399195	-0.475102	-0.443508	-0.361393	-0.298048	-0.281466	-0.290505	-0.291765	-0.26135	-0.226299	-0.216418	-0.221379	-0.211647	-0.195714	-0.188483	-0.181386	-0.173899	-0.174912	-0.174071	-0.168591	-0.173036	-0.170996	-0.167874	-0.174538	-0.168392	-0.172395	-0.175141	-0.174371	-0.177019	-0.185948	-0.192517	-0.204414	-0.219785	-0.218289	-0.219685	-0.245137	-0.284042	-0.295589	-0.289449	-0.303325	-0.372838	-0.514829	
1.71884	1.71884	1.56133	1.29335	0.945325	0.544075	0.137074	-0.220622	-0.458605	-0.541582	-0.507042	-0.411051	-0.323188	-0.288573	-0.293501	-0.298622	-0.273719	-0.237418	-0.220073	-0.220964	-0.211141	-0.196328	-0.202533	-0.202247	-0.184888	-0.178084	-0.185789	-0.167774	-0.173889	-0.172849	-0.165464	-0.178083	-0.166929	-0.178861	-0.183894	-0.177019	-0.19852	-0.202783	-0.199531	-0.201262	-0.221321	-0.218109	-0.228782	-0.257873	-0.292712	-0.299522	-0.291856	-0.31718	-0.407951	-0.562127	
1.8505	1.8505	1.68009	1.39288	1.018	0.578164	0.130853	-0.258183	-0.519175	-0.613459	-0.577382	-0.471529	-0.363731	-0.303088	-0.292437	-0.301603	-0.287876	-0.252411	-0.227334	-0.231389	-0.222112	-0.19949	-0.185913	-0.201485	-0.192585	-0.184724	-0.190151	-0.185815	-0.182812	-0.183611	-0.184232	-0.182645	-0.183763	-0.18925	-0.187501	-0.185948	-0.202783	-0.189707	-0.191664	-0.212584	-0.231839	-0.22538	-0.241228	-0.272257	-0.302779	-0.295408	-0.298642	-0.344795	-0.455126	-0.618221	
1.98989	1.98989	1.8076	1.50133	1.09926	0.620154	0.131194	-0.2893	-0.573669	-0.684882	-0.656135	-0.54318	-0.414134	-0.32848	-0.298422	-0.306664	-0.298514	-0.268689	-0.23221	-0.231162	-0.238003	-0.221702	-0.194471	-0.197011	-0.196533	-0.186708	-0.183879	-0.19059	-0.179831	-0.184311	-0.186894	-0.178766	-0.189088	-0.185752	-0.184685	-0.192517	-0.199531	-0.191664	-0.209962	-0.234895	-0.235225	-0.227627	-0.252597	-0.288775	-0.307788	-0.29957	-0.315098	-0.380442	-0.516089	-0.68212	
2.13134	2.13134	1.93961	1.6154	1.18671	0.670472	0.142325	-0.308688	-0.618347	-0.749258	-0.7336	-0.62579	-0.481992	-0.370209	-0.308897	-0.305095	-0.312735	-0.291194	-0.250932	-0.225758	-0.236201	-0.241202	-0.220987	-0.203538	-0.204329	-0.19767	-0.184797	-0.191852	-0.183888	-0.183903	-0.186824	-0.181161	-0.190395	-0.186564	-0.191108	-0.204414	-0.201262	-0.212584	-0.234895	-0.241949	-0.22575	-0.237685	-0.275497	-0.308109	-0.309896	-0.302252	-0.341206	-0.437787	-0.589728	-0.749558	
2.26814	2.26814	2.07092	1.73115	1.27758	0.728408	0.166422	-0.309099	-0.643071	-0.801707	-0.806723	-0.713925	-0.564585	-0.427925	-0.33975	-0.307873	-0.314678	-0.312335	-0.282947	-0.239522	-0.225726	-0.23088	-0.236183	-0.223184	-0.221213	-0.217341	-0.210508	-0.205952	-0.203267	-0.203132	-0.199977	-0.20398	-0.205739	-0.207353	-0.215227	-0.219785	-0.221321	-0.231839	-0.235225	-0.22575	-0.229701	-0.265213	-0.303704	-0.317066	-0.307797	-0.321296	-0.387885	-0.510754	-0.673466	-0.819637	
2.39286	2.39286	2.19527	1.84331	1.36822	0.794381	0.20631	-0.288049	-0.640474	-0.830127	-0.865485	-0.79873	-0.663999	-0.511908	-0.389521	-0.321095	-0.312909	-0.318625	-0.315563	-0.280079	-0.246926	-0.229417	-0.227356	-0.219776	-0.21863	-0.217051	-0.21769	-0.214722	-0.215446	-0.214007	-0.213498	-0.215158	-0.214587	-0.21531	-0.218508	-0.218289	-0.218109	-0.22538	-0.227627	-0.237685	-0.265213	-0.304557	-0.320811	-0.314446	-0.313132	-0.3547	-0.45865	-0.606195	-0.761554	-0.879277	
2.49761	2.49761	2.30554	1.94592	1.45352	0.866877	0.266621	-0.240089	-0.606568	-0.827152	-0.901966	-0.870209	-0.762018	-0.613993	-0.476642	-0.367224	-0.317922	-0.312053	-0.31946	-0.313538	-0.28661	-0.260874	-0.245081	-0.233815	-0.223418	-0.217703	-0.215879	-0.211539	-0.212341	-0.210903	-0.210287	-0.212482	-0.210717	-0.215185	-0.2171	-0.219685	-0.228782	-0.241228	-0.252597	-0.275497	-0.303704	-0.320811	-0.313821	-0.312178	-0.339775	-0.427439	-0.558041	-0.706641	-0.842715	-0.92317	
2.57454	2.57454	2.3933	2.03251	1.5292	0.942792	0.348456	-0.160124	-0.536223	-0.785257	-0.904717	-0.917918	-0.853995	-0.725972	-0.581824	-0.451996	-0.360528	-0.318245	-0.311962	-0.31697	-0.31285	-0.297158	-0.278329	-0.262661	-0.250327	-0.237916	-0.231365	-0.225482	-0.222457	-0.219965	-0.221088	-0.221089	-0.224382	-0.229032	-0.234353	-0.245137	-0.257873	-0.272257	-0.288775	-0.308109	-0.317066	-0.314446	-0.312178	-0.338286	-0.409527	-0.527911	-0.668488	-0.809848	-0.907109	-0.93578	
2.61678	2.61678	2.44893	2.09515	1.592	1.0202	0.450816	-0.0465503	-0.427084	-0.699892	-0.866627	-0.929131	-0.914392	-0.8325	-0.708723	-0.569358	-0.447153	-0.363867	-0.318711	-0.309784	-0.307398	-0.31069	-0.304218	-0.297948	-0.286127	-0.278763	-0.268264	-0.261323	-0.258668	-0.252952	-0.254461	-0.256083	-0.257885	-0.267067	-0.272795	-0.284042	-0.292712	-0.302779	-0.307788	-0.309896	-0.307797	-0.313132	-0.339775	-0.409527	-0.516381	-0.653424	-0.786437	-0.889853	-0.934801	-0.912907	
2.61869	2.61869	2.46289	2.12495	1.63872	1.09778	0.571341	0.0999654	-0.279773	-0.569806	-0.779058	-0.897911	-0.939012	-0.905955	-0.819677	-0.706447	-0.574731	-0.465588	-0.379159	-0.331999	-0.30781	-0.300075	-0.297265	-0.29828	-0.296159	-0.296009	-0.292576	-0.29026	-0.287458	-0.287264	-0.286156	-0.287362	-0.289335	-0.29237	-0.294099	-0.295589	-0.299522	-0.295408	-0.29957	-0.302252	-0.321296	-0.3547	-0.427439	-0.527911	-0.653424	-0.778281	-0.875766	-0.935026	-0.92545	-0.844087	
2.57541	2.57541	2.42741	2.11395	1.66616	1.17428	0.705226	0.27508	-0.0961258	-0.398582	-0.642028	-0.810902	-0.909345	-0.944151	-0.90399	-0.825454	-0.71697	-0.599705	-0.497129	-0.411753	-0.358115	-0.32179	-0.305619	-0.293464	-0.290247	-0.287342	-0.287497	-0.287864	-0.285588	-0.287852	-0.286699	-0.285925	-0.289064	-0.285332	-0.288484	-0.289449	-0.291856	-0.298642	-0.315098	-0.341206	-0.387885	-0.45865	-0.558041	-0.668488	-0.786437	-0.875766	-0.935559	-0.932797	-0.85859	-0.723032	
2.48209	2.48209	2.33815	2.05736	1.67117	1.24786	0.846117	0.469472	0.117555	-0.189337	-0.456705	-0.674784	-0.819591	-0.911277	-0.942307	-0.911682	-0.846151	-0.748101	-0.646387	-0.547103	-0.465333	-0.400209	-0.356997	-0.327356	-0.309345	-0.295716	-0.290427	-0.285657	-0.284254	-0.282722	-0.28258	-0.283699	-0.284448	-0.287923	-0.293861	-0.303325	-0.31718	-0.344795	-0.380442	-0.437787	-0.510754	-0.606195	-0.706641	-0.809848	-0.889853	-0.935026	-0.932797	-0.861868	-0.741415	-0.554513	
2.33372	2.33372	2.19539	1.95576	1.65084	1.31477	0.986399	0.671137	0.35137	0.0459435	-0.227701	-0.478857	-0.680366	-0.81717	-0.905663	-0.936608	-0.922262	-0.871681	-0.794857	-0.709174	-0.622483	-0.544695	-0.47677	-0.425002	-0.386181	-0.357547	-0.33688	-0.32342	-0.315945	-0.310454	-0.311058	-0.313239	-0.319574	-0.331698	-0.347883	-0.372838	-0.407951	-0.455126	-0.516089	-0.589728	-0.673466	-0.761554	-0.842715	-0.907109	-0.934801	-0.92545	-0.85859	-0.741415	-0.568374	-0.332458	
2.12643	2.12643	2.00422	1.81572	1.60298	1.36843	1.11789	0.8643	0.593154	0.300755	0.0219474	-0.234036	-0.471013	-0.662202	-0.801541	-0.891737	-0.931241	-0.932216	-0.899199	-0.844934	-0.778051	-0.709447	-0.642754	-0.583064	-0.531595	-0.492788	-0.460077	-0.43792	-0.42257	-0.414523	-0.413493	-0.418065	-0.431098	-0.449673	-0.478236	-0.514829	-0.562127	-0.618221	-0.68212	-0.749558	-0.819637	-0.879277	-0.92317	-0.93578	-0.912907	-0.844087	-0.723032	-0.554513	-0.332458	-0.0824134	
