0.00506126	-0.0664575	-0.106199	-0.129539	-0.151361	-0.166566	-0.16615	-0.156213	-0.168604	-0.203122	-0.236322	-0.261483	-0.269246	-0.262881	-0.256592	-0.25993	-0.270912	-0.269331	-0.248455	-0.215338	-0.151655	-0.0681202	0.0196132	0.106782	0.179981	0.237627	0.296523	0.36631	0.460472	0.565126	0.653942	0.713602	0.715348	0.656636	0.53514	0.355359	0.121549	-0.152926	-0.433748	-0.695553	-0.890166	-0.981986	-0.960514	-0.825222	-0.601117	-0.335856	-0.0771653	0.130583	0.241398	0.241398	
0.00506126	-0.0664575	-0.106199	-0.129539	-0.151361	-0.166566	-0.16615	-0.156213	-0.168604	-0.203122	-0.236322	-0.261483	-0.269246	-0.262881	-0.256592	-0.25993	-0.270912	-0.269331	-0.248455	-0.215338	-0.151655	-0.0681202	0.0196132	0.106782	0.179981	0.237627	0.296523	0.36631	0.460472	0.565126	0.653942	0.713602	0.715348	0.656636	0.53514	0.355359	0.121549	-0.152926	-0.433748	-0.695553	-0.890166	-0.981986	-0.960514	-0.825222	-0.601117	-0.335856	-0.0771653	0.130583	0.241398	0.241398	
-0.00672959	-0.0767928	-0.121427	-0.152632	-0.182656	-0.20327	-0.206265	-0.198279	-0.207969	-0.233698	-0.252862	-0.263078	-0.260617	-0.250826	-0.241269	-0.234351	-0.231805	-0.221153	-0.20025	-0.173213	-0.11596	-0.0329219	0.0603945	0.148927	0.214374	0.256295	0.29552	0.344346	0.417207	0.503892	0.576735	0.624101	0.619939	0.559871	0.44246	0.270333	0.0471566	-0.212369	-0.47421	-0.713957	-0.886131	-0.955818	-0.914004	-0.761453	-0.523384	-0.249116	0.0142122	0.22363	0.334321	0.334321	
-0.0126877	-0.088327	-0.148582	-0.20183	-0.248959	-0.27963	-0.285079	-0.272591	-0.270974	-0.278041	-0.276927	-0.27097	-0.259772	-0.241731	-0.219383	-0.195848	-0.171962	-0.143317	-0.115025	-0.0899271	-0.0374735	0.0420848	0.129347	0.20952	0.25959	0.27609	0.281943	0.296859	0.338281	0.391837	0.435971	0.458843	0.436108	0.368645	0.254205	0.0985592	-0.0941723	-0.314249	-0.533461	-0.730102	-0.860787	-0.893325	-0.817568	-0.635937	-0.376985	-0.0886359	0.181146	0.390798	0.501653	0.501653	
-0.0119161	-0.0987435	-0.178661	-0.252179	-0.318055	-0.358928	-0.364931	-0.344755	-0.327459	-0.318591	-0.304325	-0.285723	-0.259801	-0.227556	-0.188992	-0.144463	-0.102658	-0.0615499	-0.0232509	0.0104811	0.0613438	0.128885	0.2005	0.256857	0.279402	0.267491	0.241063	0.216704	0.214264	0.232653	0.247024	0.244582	0.20459	0.126082	0.0169181	-0.116523	-0.272822	-0.444284	-0.60902	-0.74874	-0.825633	-0.807894	-0.687985	-0.47092	-0.183329	0.125487	0.409974	0.630137	0.74557	0.74557	
-0.0205236	-0.112009	-0.194858	-0.274847	-0.347213	-0.397035	-0.409304	-0.388489	-0.364163	-0.344169	-0.321226	-0.293322	-0.254495	-0.200004	-0.138539	-0.0836205	-0.0372349	0.00897056	0.0543694	0.0947786	0.146034	0.201596	0.244831	0.269956	0.262547	0.21816	0.155183	0.095424	0.0593345	0.0401667	0.024895	0.00258781	-0.0451066	-0.115274	-0.209024	-0.320996	-0.448296	-0.583845	-0.704367	-0.789936	-0.80629	-0.730076	-0.556528	-0.292619	0.0333246	0.378094	0.694393	0.937372	1.06777	1.06777	
-0.0424815	-0.132361	-0.209604	-0.281283	-0.350864	-0.40113	-0.416393	-0.399579	-0.375032	-0.354271	-0.326861	-0.286552	-0.227945	-0.158051	-0.088274	-0.0270282	0.0214002	0.0660541	0.111491	0.154658	0.198506	0.236382	0.258007	0.249307	0.202809	0.125776	0.0367025	-0.0487178	-0.11498	-0.159665	-0.196802	-0.232169	-0.276442	-0.335956	-0.411142	-0.503271	-0.610781	-0.719257	-0.803774	-0.84105	-0.802515	-0.667315	-0.434035	-0.114328	0.264818	0.655549	1.00896	1.2794	1.4229	1.4229	
-0.0490128	-0.138949	-0.213119	-0.28149	-0.343927	-0.389185	-0.403134	-0.389584	-0.369561	-0.3473	-0.314615	-0.264563	-0.199253	-0.12397	-0.0518338	0.00632548	0.0541111	0.0997474	0.140737	0.172939	0.204183	0.227342	0.225222	0.190238	0.117011	0.0116727	-0.102188	-0.202408	-0.278491	-0.336995	-0.384444	-0.426909	-0.473594	-0.526023	-0.589624	-0.663447	-0.743502	-0.819529	-0.868936	-0.868943	-0.789489	-0.6085	-0.322047	0.0562938	0.489039	0.92556	1.31161	1.59815	1.75075	1.75075	
-0.0160962	-0.108825	-0.18873	-0.257452	-0.313632	-0.348178	-0.358702	-0.354002	-0.344823	-0.330824	-0.297157	-0.24088	-0.170353	-0.0998049	-0.0367664	0.017375	0.0623314	0.0966601	0.119599	0.134716	0.144385	0.147889	0.133828	0.0842678	-0.00583212	-0.123124	-0.247677	-0.358508	-0.440917	-0.492729	-0.52636	-0.55741	-0.595657	-0.646596	-0.704158	-0.762188	-0.817308	-0.861841	-0.882215	-0.853061	-0.744671	-0.531812	-0.208612	0.205604	0.673216	1.13825	1.54465	1.84592	2.00438	2.00438	
0.0703279	-0.0222711	-0.10521	-0.176345	-0.231684	-0.268874	-0.288056	-0.298494	-0.304746	-0.298926	-0.272912	-0.223524	-0.163132	-0.100115	-0.0426959	0.00247184	0.0342514	0.0517879	0.0537519	0.0445242	0.0316831	0.0139329	-0.0189372	-0.0764027	-0.165036	-0.282725	-0.410397	-0.517979	-0.589128	-0.622375	-0.631253	-0.638644	-0.656462	-0.686961	-0.724399	-0.763893	-0.801793	-0.83	-0.830942	-0.77915	-0.647699	-0.416707	-0.084019	0.333736	0.798366	1.26262	1.67351	1.97866	2.14306	2.14306	
0.207388	0.124618	0.0416379	-0.0374321	-0.105043	-0.156564	-0.194712	-0.22454	-0.242386	-0.249204	-0.239494	-0.212017	-0.171158	-0.124064	-0.0785409	-0.0438486	-0.0240444	-0.024673	-0.0433541	-0.0704458	-0.108517	-0.15201	-0.202994	-0.271916	-0.364426	-0.472518	-0.581695	-0.66663	-0.713449	-0.723003	-0.707204	-0.687959	-0.671106	-0.664603	-0.671236	-0.689441	-0.712375	-0.726444	-0.713535	-0.645137	-0.501772	-0.270544	0.0498034	0.441885	0.877454	1.3139	1.70114	1.9922	2.1481	2.1481	
0.369647	0.306851	0.232474	0.149106	0.0629633	-0.01575	-0.0762339	-0.120537	-0.14956	-0.169863	-0.186461	-0.190437	-0.179345	-0.153887	-0.126111	-0.108594	-0.107347	-0.126551	-0.163386	-0.211192	-0.267723	-0.329834	-0.397416	-0.47707	-0.570052	-0.665679	-0.748024	-0.794995	-0.808373	-0.791291	-0.751724	-0.704518	-0.653318	-0.611766	-0.58389	-0.574208	-0.577053	-0.5757	-0.551907	-0.481579	-0.346955	-0.134381	0.159867	0.52373	0.924353	1.32239	1.67261	1.92991	2.06829	2.06829	
0.50911	0.476065	0.422802	0.345212	0.253556	0.163486	0.085219	0.0210069	-0.024472	-0.0663059	-0.107953	-0.140265	-0.156905	-0.161666	-0.165973	-0.180444	-0.206515	-0.251768	-0.314203	-0.37971	-0.450099	-0.519045	-0.589941	-0.669136	-0.753395	-0.826142	-0.87647	-0.892143	-0.876164	-0.831573	-0.76029	-0.681481	-0.600616	-0.531171	-0.482859	-0.454127	-0.436095	-0.421356	-0.398368	-0.340732	-0.22622	-0.036021	0.235144	0.571478	0.942108	1.30675	1.62277	1.85427	1.97641	1.97641	
0.60063	0.599247	0.574337	0.51896	0.438181	0.349241	0.268048	0.192671	0.126764	0.0637792	0.000397008	-0.0558484	-0.104039	-0.148934	-0.200335	-0.258928	-0.323828	-0.402329	-0.487703	-0.567288	-0.640876	-0.709509	-0.772877	-0.834788	-0.892801	-0.933964	-0.955545	-0.94357	-0.900856	-0.824456	-0.721983	-0.618415	-0.522245	-0.446538	-0.386079	-0.343737	-0.31995	-0.306269	-0.290723	-0.24509	-0.144914	0.0261953	0.273553	0.58521	0.928623	1.26952	1.56992	1.79117	1.91016	1.91016	
0.646175	0.675719	0.679026	0.648363	0.593586	0.528341	0.454184	0.369244	0.288873	0.209261	0.127688	0.045598	-0.0390977	-0.132257	-0.237063	-0.3481	-0.456317	-0.56451	-0.666317	-0.748956	-0.820072	-0.880284	-0.928189	-0.961635	-0.982414	-0.987939	-0.977792	-0.937681	-0.865379	-0.76285	-0.641971	-0.530702	-0.432253	-0.351154	-0.293384	-0.260247	-0.244719	-0.240366	-0.231787	-0.193088	-0.10298	0.0539706	0.280256	0.56748	0.891351	1.21896	1.51257	1.73351	1.85166	1.85166	
0.63475	0.696318	0.731361	0.735761	0.715314	0.676888	0.618861	0.534294	0.441717	0.345724	0.243843	0.131756	0.00958154	-0.123413	-0.270657	-0.421726	-0.564393	-0.69777	-0.809863	-0.892395	-0.954282	-0.999156	-1.02097	-1.02277	-1.01547	-0.993479	-0.954958	-0.883603	-0.785362	-0.667804	-0.541388	-0.426359	-0.325784	-0.251767	-0.205176	-0.189015	-0.195985	-0.209023	-0.212644	-0.184133	-0.104638	0.0364704	0.246347	0.521608	0.835741	1.15648	1.44552	1.6627	1.77901	1.77901	
0.548637	0.64648	0.724496	0.776933	0.801844	0.796215	0.748971	0.660847	0.558663	0.447656	0.321514	0.179859	0.0309895	-0.124802	-0.292087	-0.461659	-0.618661	-0.759287	-0.873037	-0.951869	-1.00095	-1.02393	-1.02266	-1.0036	-0.977386	-0.936365	-0.874897	-0.785798	-0.679779	-0.56137	-0.435784	-0.320041	-0.221621	-0.154542	-0.127772	-0.139452	-0.172068	-0.209753	-0.233721	-0.222922	-0.156007	-0.0185801	0.18944	0.461521	0.769993	1.07948	1.35528	1.56158	1.66999	1.66999	
0.39277	0.526169	0.65486	0.761672	0.831281	0.853578	0.822034	0.739374	0.634224	0.509815	0.364193	0.199173	0.0324144	-0.129437	-0.293346	-0.45132	-0.593292	-0.720574	-0.824694	-0.893415	-0.927272	-0.934481	-0.92158	-0.895428	-0.863004	-0.811658	-0.741157	-0.651221	-0.551176	-0.441705	-0.323747	-0.217277	-0.136322	-0.093834	-0.0918599	-0.126066	-0.183663	-0.246546	-0.29315	-0.298647	-0.23741	-0.101031	0.107591	0.378586	0.680208	0.978289	1.24085	1.43645	1.53846	1.53846	
0.200824	0.361673	0.532452	0.687278	0.796885	0.848772	0.8378	0.771894	0.672787	0.547046	0.392092	0.216352	0.0461362	-0.109638	-0.256127	-0.385994	-0.49457	-0.591934	-0.670128	-0.71943	-0.739756	-0.744103	-0.736268	-0.712084	-0.674737	-0.618609	-0.552322	-0.477269	-0.395063	-0.302963	-0.20953	-0.134383	-0.0891171	-0.0809386	-0.108148	-0.168881	-0.248563	-0.327659	-0.383412	-0.393377	-0.334985	-0.200159	0.00408891	0.267757	0.561633	0.850927	1.10659	1.29819	1.39724	1.39724	
0.0136878	0.185632	0.380188	0.56163	0.698423	0.778327	0.796777	0.75574	0.677849	0.565148	0.421134	0.255501	0.0955677	-0.0435968	-0.163962	-0.260044	-0.334217	-0.394304	-0.439608	-0.464694	-0.475171	-0.483554	-0.484197	-0.463365	-0.426254	-0.379061	-0.328039	-0.273673	-0.217356	-0.161527	-0.113644	-0.0874297	-0.0885458	-0.117541	-0.177029	-0.26016	-0.351552	-0.433681	-0.485977	-0.494646	-0.438146	-0.311016	-0.119599	0.131797	0.41692	0.702448	0.958639	1.15299	1.25389	1.25389	
-0.143306	0.0242448	0.218864	0.408833	0.561761	0.666403	0.714536	0.706135	0.652817	0.568938	0.456545	0.319312	0.187314	0.0763066	-0.017259	-0.0891896	-0.135499	-0.166756	-0.180616	-0.183104	-0.184816	-0.193493	-0.195263	-0.176376	-0.149303	-0.117245	-0.0877924	-0.0626586	-0.0455479	-0.0418529	-0.0520392	-0.0763576	-0.120144	-0.187933	-0.273538	-0.37163	-0.469172	-0.548546	-0.595699	-0.597622	-0.539937	-0.419081	-0.237477	0.000624624	0.274125	0.549596	0.797422	0.986901	1.08462	1.08462	
-0.253261	-0.111396	0.0644794	0.248796	0.41307	0.540299	0.616216	0.635923	0.618709	0.572148	0.496743	0.399149	0.302724	0.221995	0.153388	0.101826	0.0707846	0.0627868	0.0694706	0.0802247	0.0887311	0.0898766	0.0922248	0.102908	0.113775	0.120071	0.12366	0.114762	0.0852312	0.0403389	-0.014297	-0.0797554	-0.159773	-0.252486	-0.358158	-0.469564	-0.573956	-0.654606	-0.695749	-0.693978	-0.633967	-0.511935	-0.3359	-0.108509	0.147712	0.40159	0.628295	0.799224	0.887374	0.887374	
-0.314753	-0.210285	-0.0658232	0.103568	0.270639	0.414768	0.51661	0.572054	0.589025	0.580999	0.545136	0.479521	0.411761	0.356785	0.308459	0.270985	0.258362	0.263812	0.279926	0.30033	0.318479	0.328452	0.329674	0.325774	0.313323	0.29744	0.271204	0.225775	0.16485	0.0917845	0.0130222	-0.0713535	-0.168756	-0.282352	-0.406078	-0.532302	-0.647518	-0.733285	-0.779223	-0.774146	-0.709435	-0.585958	-0.410773	-0.196621	0.0384147	0.265771	0.464637	0.616061	0.693333	0.693333	
-0.31974	-0.263159	-0.160167	-0.0155073	0.142591	0.287876	0.406081	0.492634	0.553276	0.585974	0.580754	0.544855	0.498308	0.456982	0.422574	0.40223	0.400335	0.415167	0.435875	0.459112	0.482422	0.492361	0.483889	0.464222	0.43819	0.400628	0.349024	0.279886	0.198855	0.117301	0.035435	-0.0543151	-0.157808	-0.27842	-0.413526	-0.552096	-0.678518	-0.771941	-0.82113	-0.820676	-0.759192	-0.638601	-0.472756	-0.272038	-0.0557567	0.153399	0.338452	0.476588	0.548981	0.548981	
-0.283725	-0.273017	-0.214869	-0.111518	0.0135	0.142496	0.26557	0.379325	0.477519	0.551977	0.587024	0.580249	0.553022	0.525604	0.503412	0.490421	0.494366	0.507639	0.524501	0.54865	0.56531	0.563421	0.544014	0.517479	0.486018	0.440677	0.374326	0.290848	0.203763	0.116827	0.0328292	-0.0526463	-0.149479	-0.26807	-0.402451	-0.537654	-0.66045	-0.755696	-0.812338	-0.814753	-0.762649	-0.660356	-0.512544	-0.329142	-0.120154	0.0877855	0.270932	0.408833	0.479934	0.479934	
-0.219432	-0.25889	-0.249974	-0.192968	-0.110303	-0.0154558	0.0976157	0.227531	0.36007	0.475612	0.549822	0.58022	0.577027	0.562707	0.549288	0.537909	0.532984	0.536946	0.546366	0.557818	0.555682	0.535668	0.507526	0.482082	0.456496	0.415079	0.353466	0.275956	0.186593	0.0954297	0.0120601	-0.0716451	-0.162451	-0.267866	-0.382287	-0.501264	-0.616932	-0.70411	-0.751802	-0.754158	-0.713166	-0.627579	-0.49436	-0.320229	-0.119844	0.0851227	0.270224	0.408345	0.483934	0.483934	
-0.144512	-0.23062	-0.269435	-0.265461	-0.233337	-0.172896	-0.0746558	0.0589747	0.213523	0.362095	0.471857	0.534659	0.557448	0.559943	0.552012	0.534557	0.518684	0.51061	0.505061	0.496985	0.466363	0.423592	0.387447	0.361109	0.343124	0.320585	0.281803	0.222871	0.145908	0.0630902	-0.0169422	-0.098854	-0.179033	-0.266872	-0.363208	-0.463076	-0.554035	-0.618928	-0.655978	-0.655523	-0.616771	-0.53107	-0.397393	-0.229882	-0.0377426	0.1601	0.341121	0.480529	0.558513	0.558513	
-0.0791962	-0.214065	-0.300103	-0.342206	-0.348619	-0.318695	-0.238158	-0.108464	0.0520298	0.212988	0.342419	0.431241	0.480448	0.505805	0.512692	0.495428	0.47112	0.44859	0.418429	0.378097	0.319179	0.261754	0.218308	0.190814	0.180444	0.174277	0.156092	0.122711	0.0721111	0.0113388	-0.0474702	-0.112006	-0.178126	-0.254617	-0.339901	-0.423417	-0.490906	-0.530917	-0.548225	-0.528435	-0.469789	-0.369993	-0.228764	-0.0603461	0.126243	0.318087	0.491145	0.619808	0.692805	0.692805	
-0.0388475	-0.217197	-0.346338	-0.426929	-0.46492	-0.459945	-0.401093	-0.291149	-0.141092	0.0194306	0.157214	0.270005	0.351717	0.403576	0.425719	0.419022	0.397505	0.363569	0.311932	0.247954	0.168924	0.0962446	0.0460049	0.0160285	0.0112168	0.0203307	0.0191589	0.00408671	-0.0264694	-0.0593559	-0.0895802	-0.129075	-0.173878	-0.239582	-0.315106	-0.381787	-0.426753	-0.442468	-0.429526	-0.371095	-0.27733	-0.156502	-0.00746221	0.164149	0.350613	0.537349	0.700265	0.815449	0.879686	0.879686	
-0.0250346	-0.237929	-0.39901	-0.511722	-0.579057	-0.603013	-0.573026	-0.48607	-0.347987	-0.192134	-0.0458653	0.084779	0.189283	0.264582	0.309437	0.319402	0.306092	0.268507	0.20116	0.122072	0.0323358	-0.0469552	-0.103656	-0.132235	-0.127711	-0.110416	-0.103804	-0.103915	-0.112036	-0.122898	-0.128645	-0.146453	-0.177116	-0.226003	-0.281567	-0.327886	-0.352153	-0.342493	-0.291038	-0.190931	-0.0677638	0.0722337	0.236996	0.415951	0.598903	0.777235	0.932142	1.04482	1.10966	1.10966	
-0.0256344	-0.258864	-0.445038	-0.582636	-0.677294	-0.730637	-0.727271	-0.661978	-0.540489	-0.390894	-0.241127	-0.0961593	0.0268998	0.118116	0.178452	0.206892	0.204462	0.163289	0.0939296	0.0146552	-0.0769129	-0.161456	-0.214644	-0.232349	-0.220292	-0.19418	-0.178209	-0.168485	-0.167985	-0.165051	-0.155054	-0.158207	-0.171863	-0.200627	-0.230796	-0.254027	-0.253381	-0.209184	-0.126343	-0.00893442	0.127952	0.285521	0.465634	0.650753	0.830091	1.00544	1.16084	1.27482	1.34285	1.34285	
-0.0300183	-0.274727	-0.473543	-0.630342	-0.746808	-0.820625	-0.838973	-0.795334	-0.685656	-0.544236	-0.3971	-0.251357	-0.12168	-0.0177201	0.0579192	0.0993375	0.103189	0.0700173	0.00963575	-0.0621477	-0.14868	-0.226157	-0.268047	-0.272071	-0.247626	-0.215811	-0.196236	-0.183565	-0.178555	-0.170234	-0.155806	-0.152614	-0.152517	-0.156851	-0.166317	-0.166606	-0.1321	-0.0592152	0.0393169	0.163431	0.308323	0.471586	0.648238	0.830272	1.01505	1.1985	1.3577	1.47154	1.53542	1.53542	
-0.0295939	-0.265649	-0.464645	-0.629103	-0.761654	-0.855179	-0.893392	-0.866402	-0.775107	-0.644268	-0.500673	-0.359458	-0.23168	-0.125328	-0.043806	0.00659872	0.0251712	0.00914506	-0.029966	-0.0855052	-0.15926	-0.223641	-0.250062	-0.239397	-0.209129	-0.17207	-0.147848	-0.136935	-0.13983	-0.144317	-0.140005	-0.133438	-0.122211	-0.112711	-0.0999479	-0.0708408	-0.0090575	0.0791936	0.183182	0.31334	0.461495	0.613629	0.775388	0.953847	1.14204	1.32836	1.49097	1.60886	1.67298	1.67298	
-0.0190751	-0.222788	-0.402821	-0.566887	-0.710213	-0.81846	-0.873936	-0.867376	-0.791236	-0.675862	-0.551368	-0.425399	-0.301312	-0.190424	-0.104348	-0.0432327	-0.00730026	0.00225427	-0.0120599	-0.0504531	-0.105684	-0.150425	-0.161326	-0.141946	-0.107752	-0.0725272	-0.0566554	-0.0616883	-0.0817274	-0.0991705	-0.103894	-0.101772	-0.0898113	-0.0694084	-0.036813	0.0171836	0.0950504	0.189742	0.299946	0.426517	0.561236	0.697729	0.849412	1.02397	1.20501	1.38443	1.54944	1.67676	1.74757	1.74757	
0.0142563	-0.147462	-0.300434	-0.448918	-0.586445	-0.69114	-0.752326	-0.763204	-0.719561	-0.640919	-0.548418	-0.449322	-0.336112	-0.221783	-0.124307	-0.0453774	0.0150456	0.045389	0.0436367	0.0193974	-0.0130021	-0.033387	-0.0278931	-0.00131538	0.0284992	0.0475488	0.0427383	0.016926	-0.0168764	-0.0423205	-0.0510547	-0.0464109	-0.035448	-0.0178852	0.0161683	0.0711052	0.149182	0.248867	0.367154	0.492321	0.614159	0.742153	0.887234	1.04549	1.21212	1.38223	1.54007	1.66458	1.73164	1.73164	
0.0790213	-0.0393219	-0.155572	-0.275263	-0.388068	-0.478669	-0.542146	-0.573934	-0.567399	-0.534005	-0.486221	-0.417182	-0.31949	-0.21057	-0.111311	-0.0197963	0.0592634	0.10669	0.119877	0.10998	0.0948813	0.0867032	0.0956173	0.124298	0.15177	0.160775	0.142389	0.102474	0.0587869	0.0275288	0.0173758	0.0165606	0.0170399	0.0268977	0.0496692	0.0899104	0.157689	0.259179	0.380962	0.503815	0.62963	0.758395	0.889935	1.02875	1.17719	1.33274	1.47347	1.57766	1.63325	1.63325	
0.16735	0.0973341	0.0215959	-0.0642184	-0.153478	-0.230324	-0.295181	-0.346309	-0.374583	-0.381745	-0.370868	-0.334729	-0.259404	-0.161023	-0.0609455	0.0416974	0.130731	0.181203	0.195194	0.192564	0.185925	0.182053	0.195655	0.225742	0.249141	0.249894	0.225041	0.180775	0.133835	0.0978247	0.0726875	0.054119	0.0410264	0.0373913	0.0494126	0.0827514	0.149384	0.249555	0.362692	0.482008	0.60865	0.731046	0.847655	0.9722	1.10833	1.24017	1.35896	1.45357	1.50042	1.50042	
0.26881	0.246365	0.20837	0.152442	0.0858599	0.0180894	-0.0511279	-0.118828	-0.180113	-0.222152	-0.24074	-0.228023	-0.173227	-0.0855982	0.0155322	0.118025	0.203778	0.252702	0.266205	0.261648	0.25275	0.249112	0.261527	0.294914	0.321723	0.320518	0.293332	0.24475	0.189294	0.134629	0.0899294	0.054506	0.024636	0.00964182	0.0162156	0.0518557	0.123282	0.223748	0.332626	0.443419	0.557194	0.664084	0.768288	0.885396	1.00832	1.12197	1.22924	1.3178	1.36238	1.36238	
0.372976	0.388298	0.382471	0.353953	0.301742	0.238128	0.167647	0.0860267	0.00518963	-0.0581929	-0.100947	-0.114564	-0.0850861	-0.0143792	0.0785244	0.178861	0.263551	0.312211	0.326903	0.320794	0.301384	0.285894	0.295222	0.323251	0.343627	0.345056	0.321362	0.270859	0.206582	0.14073	0.0793217	0.0255123	-0.0133986	-0.03845	-0.032883	0.0127538	0.0872588	0.186244	0.29255	0.39367	0.485336	0.569436	0.656277	0.757504	0.87427	0.994058	1.10931	1.202	1.2501	1.2501	
0.445683	0.492121	0.518797	0.514758	0.477559	0.422466	0.35127	0.264168	0.175579	0.100276	0.0384276	-0.002801	-0.00562618	0.0434222	0.127463	0.217314	0.299423	0.356598	0.37211	0.35671	0.324899	0.300201	0.294516	0.305526	0.31852	0.313988	0.285186	0.236041	0.172656	0.104215	0.0418311	-0.0135072	-0.0532922	-0.0748562	-0.0665857	-0.0208493	0.0519695	0.141458	0.237692	0.327548	0.396387	0.461534	0.536623	0.624798	0.737987	0.868953	0.998061	1.10037	1.15633	1.15633	
0.478761	0.546611	0.595142	0.60899	0.587725	0.541762	0.479343	0.3994	0.311233	0.226157	0.146315	0.0843995	0.0598296	0.0921476	0.163637	0.244112	0.322026	0.374659	0.383555	0.362415	0.325537	0.296149	0.283779	0.279428	0.271597	0.249129	0.203761	0.145564	0.0802713	0.018881	-0.026547	-0.0662738	-0.0949772	-0.108396	-0.0921841	-0.0463825	0.0205828	0.1046	0.185109	0.254639	0.310426	0.364181	0.431348	0.518092	0.628448	0.75904	0.891437	0.995474	1.05444	1.05444	
0.48035	0.550942	0.605034	0.628986	0.622811	0.588084	0.535801	0.466988	0.388617	0.30803	0.224976	0.153779	0.12253	0.144421	0.198496	0.260483	0.321846	0.360432	0.359093	0.334619	0.303285	0.280785	0.265429	0.248588	0.223864	0.18063	0.110612	0.0353492	-0.0331529	-0.0869344	-0.120989	-0.145667	-0.155261	-0.149704	-0.119363	-0.0718027	-0.00795154	0.0713897	0.139857	0.19456	0.241936	0.291981	0.352948	0.43787	0.550383	0.673172	0.791778	0.887257	0.941512	0.941512	
0.454786	0.513503	0.560052	0.588282	0.586688	0.557418	0.517534	0.46501	0.404075	0.340358	0.274761	0.218325	0.188385	0.19407	0.226336	0.265501	0.302756	0.322932	0.313985	0.293648	0.2754	0.259998	0.242799	0.21949	0.17955	0.115216	0.0286063	-0.0581541	-0.138197	-0.198784	-0.23382	-0.248589	-0.238364	-0.211536	-0.162149	-0.0972536	-0.0227785	0.0529414	0.113626	0.158347	0.195542	0.238278	0.29004	0.368998	0.477944	0.596395	0.707733	0.795831	0.850076	0.850076	
0.401195	0.434598	0.471889	0.496747	0.496004	0.477112	0.450825	0.415232	0.382059	0.340926	0.293275	0.25561	0.23285	0.229423	0.242403	0.259198	0.275963	0.279537	0.269433	0.262279	0.253955	0.242989	0.227443	0.197543	0.143729	0.0657011	-0.0368099	-0.140504	-0.233555	-0.300967	-0.336729	-0.35216	-0.333005	-0.286595	-0.222356	-0.135943	-0.0406044	0.0390264	0.102206	0.149039	0.176579	0.202544	0.245076	0.314183	0.406718	0.521187	0.638415	0.728789	0.781903	0.781903	
0.325131	0.335072	0.35672	0.378186	0.386816	0.381678	0.368141	0.347875	0.332697	0.309246	0.284818	0.26385	0.241372	0.230437	0.235435	0.243393	0.251046	0.251628	0.248966	0.252537	0.252473	0.243797	0.227701	0.189058	0.121322	0.0256304	-0.0943322	-0.207831	-0.31267	-0.390868	-0.431579	-0.445117	-0.419837	-0.363941	-0.28585	-0.18429	-0.0701084	0.0279935	0.101436	0.152892	0.173896	0.181616	0.211472	0.268455	0.347778	0.459031	0.581672	0.679153	0.731188	0.731188	
0.230154	0.22795	0.24336	0.267182	0.287928	0.291415	0.280829	0.270713	0.262248	0.250996	0.241228	0.229825	0.215425	0.20662	0.209979	0.220022	0.231439	0.242607	0.260211	0.276512	0.28067	0.272061	0.247626	0.196745	0.113317	0.000932829	-0.13226	-0.265472	-0.385394	-0.474709	-0.520989	-0.528092	-0.501055	-0.433755	-0.334944	-0.21719	-0.0887552	0.0221351	0.101154	0.146297	0.163204	0.166583	0.184353	0.233392	0.314424	0.423754	0.535966	0.630756	0.686835	0.686835	
0.142272	0.128365	0.140673	0.172697	0.200669	0.204658	0.19791	0.191254	0.183322	0.177882	0.173449	0.156391	0.14677	0.150985	0.166147	0.194387	0.220459	0.246025	0.282065	0.309059	0.325559	0.324603	0.29774	0.238281	0.131491	-0.00336915	-0.155622	-0.311036	-0.441536	-0.537809	-0.594774	-0.601587	-0.566557	-0.489378	-0.368756	-0.23084	-0.0992131	0.0149071	0.0946049	0.128017	0.139046	0.146017	0.16343	0.211729	0.29627	0.402814	0.503872	0.589327	0.642117	0.642117	
0.0664163	0.0429047	0.0510808	0.0837989	0.109967	0.126542	0.127637	0.120257	0.112849	0.104022	0.0911636	0.0713755	0.0702301	0.0858523	0.112251	0.149277	0.1882	0.235016	0.290337	0.335097	0.371749	0.384249	0.356111	0.290641	0.175606	0.0252235	-0.140555	-0.312056	-0.461896	-0.57106	-0.634505	-0.643703	-0.602798	-0.513866	-0.389469	-0.250644	-0.117128	-0.0097271	0.0637905	0.0929807	0.101085	0.116673	0.142242	0.195456	0.280598	0.381922	0.486193	0.570226	0.611593	0.611593	
-0.00593479	-0.0400399	-0.0342848	-0.00467391	0.0225152	0.0468406	0.0580694	0.0543395	0.0505619	0.0380598	0.0150306	-0.00417161	-0.00381546	0.0211578	0.0524279	0.0893852	0.137389	0.198332	0.268354	0.339308	0.40237	0.434194	0.420897	0.361549	0.249554	0.0948108	-0.0843822	-0.269615	-0.435041	-0.561611	-0.631999	-0.647483	-0.609075	-0.518952	-0.401427	-0.270266	-0.148007	-0.052288	0.00936914	0.0366178	0.0526194	0.0648234	0.0920393	0.159986	0.25596	0.364682	0.48242	0.581652	0.628814	0.628814	
-0.0827336	-0.118945	-0.118188	-0.0904262	-0.0519302	-0.0170754	-0.00064221	0.00135177	-0.00303799	-0.0191116	-0.0461143	-0.0648075	-0.0577474	-0.0325405	-0.00911533	0.0211985	0.0707116	0.136995	0.219541	0.315324	0.40744	0.468497	0.482249	0.444355	0.347553	0.19557	0.0080447	-0.190165	-0.371696	-0.510247	-0.589976	-0.613214	-0.580451	-0.50271	-0.401133	-0.292607	-0.192847	-0.109198	-0.0603562	-0.0389358	-0.0233587	-0.00937063	0.0279281	0.107593	0.227363	0.359947	0.493262	0.613507	0.670608	0.670608	
