-0.726726	-0.594318	-0.427635	-0.250221	-0.0782834	0.0974638	0.282318	0.446418	0.566015	0.650554	0.725238	0.794587	0.859154	0.902568	0.909089	0.86457	0.755892	0.605023	0.432994	0.251163	0.0598683	-0.110392	-0.242125	-0.326125	-0.362415	-0.353684	-0.296976	-0.234454	-0.177157	-0.138326	-0.145261	-0.209592	-0.320587	-0.461014	-0.606834	-0.743579	-0.881893	-1.01588	-1.12209	-1.1625	-1.13496	-1.0641	-0.961866	-0.825828	-0.657421	-0.476009	-0.300211	-0.153332	-0.0694513	-0.0694513	
-0.726726	-0.594318	-0.427635	-0.250221	-0.0782834	0.0974638	0.282318	0.446418	0.566015	0.650554	0.725238	0.794587	0.859154	0.902568	0.909089	0.86457	0.755892	0.605023	0.432994	0.251163	0.0598683	-0.110392	-0.242125	-0.326125	-0.362415	-0.353684	-0.296976	-0.234454	-0.177157	-0.138326	-0.145261	-0.209592	-0.320587	-0.461014	-0.606834	-0.743579	-0.881893	-1.01588	-1.12209	-1.1625	-1.13496	-1.0641	-0.961866	-0.825828	-0.657421	-0.476009	-0.300211	-0.153332	-0.0694513	-0.0694513	
-0.698542	-0.57813	-0.429234	-0.260938	-0.0861689	0.0978052	0.277395	0.429887	0.544384	0.631087	0.70879	0.776728	0.837786	0.876412	0.883768	0.833238	0.714138	0.549768	0.375815	0.196203	0.0103691	-0.163463	-0.290458	-0.370672	-0.403672	-0.390905	-0.343264	-0.279411	-0.225313	-0.195469	-0.203047	-0.252937	-0.350651	-0.475435	-0.614669	-0.750166	-0.871925	-0.986756	-1.07625	-1.1066	-1.07983	-1.00799	-0.898411	-0.761378	-0.598494	-0.429685	-0.266862	-0.131597	-0.0535105	-0.0535105	
-0.660893	-0.560281	-0.431098	-0.270509	-0.0940077	0.0936304	0.264346	0.395849	0.501066	0.586185	0.667384	0.737484	0.791939	0.82572	0.825655	0.762581	0.631017	0.453047	0.271379	0.0956892	-0.0791075	-0.252842	-0.376998	-0.444953	-0.475432	-0.464689	-0.423653	-0.365857	-0.316172	-0.295212	-0.299927	-0.328658	-0.397779	-0.498388	-0.625677	-0.746681	-0.846604	-0.928667	-0.985235	-1.00175	-0.968992	-0.894852	-0.781221	-0.643924	-0.494549	-0.345484	-0.204225	-0.0880184	-0.0214223	-0.0214223	
-0.619398	-0.539617	-0.427138	-0.279577	-0.111729	0.0678587	0.228271	0.344362	0.434604	0.511062	0.590147	0.662966	0.715199	0.745617	0.729867	0.651445	0.504338	0.314488	0.126931	-0.0452838	-0.208854	-0.369164	-0.483009	-0.53488	-0.562924	-0.559105	-0.522414	-0.475743	-0.429866	-0.410742	-0.409215	-0.417635	-0.454115	-0.525918	-0.626473	-0.718959	-0.788999	-0.834209	-0.855796	-0.850247	-0.805034	-0.726027	-0.613832	-0.484078	-0.355719	-0.232359	-0.122049	-0.0349177	0.0121841	0.0121841	
-0.566725	-0.513815	-0.42501	-0.298689	-0.147413	0.0117034	0.155613	0.260597	0.336625	0.40476	0.473376	0.541115	0.59565	0.614051	0.58376	0.491827	0.333483	0.138407	-0.052701	-0.215174	-0.367511	-0.501974	-0.593575	-0.635151	-0.650656	-0.652804	-0.624479	-0.581397	-0.541192	-0.52032	-0.509531	-0.503176	-0.511734	-0.549168	-0.607429	-0.660787	-0.696148	-0.708	-0.700006	-0.662769	-0.598706	-0.510497	-0.404633	-0.296026	-0.190681	-0.0987989	-0.0235158	0.0302471	0.0526179	0.0526179	
-0.49988	-0.480472	-0.419409	-0.319261	-0.193066	-0.0632231	0.0477674	0.134236	0.196367	0.260549	0.327979	0.38144	0.423391	0.426693	0.388636	0.288259	0.122678	-0.0718067	-0.253944	-0.406737	-0.54279	-0.64555	-0.702911	-0.728985	-0.734779	-0.739728	-0.722788	-0.682236	-0.645382	-0.615538	-0.598159	-0.582399	-0.570779	-0.56881	-0.572691	-0.578181	-0.567423	-0.54891	-0.514395	-0.444045	-0.359606	-0.262885	-0.168369	-0.0857033	-0.00819816	0.0506259	0.0909444	0.107944	0.108737	0.108737	
-0.412175	-0.428886	-0.400018	-0.330645	-0.241591	-0.151202	-0.0763171	-0.0208831	0.0306579	0.0866828	0.14487	0.178323	0.193805	0.186381	0.142954	0.0414745	-0.120513	-0.307432	-0.475898	-0.605814	-0.709117	-0.778269	-0.807147	-0.816756	-0.822693	-0.831001	-0.818033	-0.781031	-0.737574	-0.698435	-0.673573	-0.651145	-0.61931	-0.5772	-0.531061	-0.477074	-0.423631	-0.369101	-0.300847	-0.209464	-0.10031	-0.000159818	0.0780557	0.137499	0.181331	0.206895	0.213655	0.20171	0.188192	0.188192	
-0.300205	-0.350097	-0.357781	-0.329934	-0.290314	-0.245858	-0.206625	-0.177323	-0.144686	-0.106475	-0.0677545	-0.0522799	-0.064771	-0.0842857	-0.134158	-0.230096	-0.382585	-0.555181	-0.694788	-0.800012	-0.864958	-0.896721	-0.898281	-0.892629	-0.903674	-0.910099	-0.898399	-0.868785	-0.81777	-0.772843	-0.742165	-0.708268	-0.656608	-0.577618	-0.483316	-0.375702	-0.273071	-0.177448	-0.0802472	0.0282315	0.151117	0.250842	0.320783	0.362317	0.372846	0.362366	0.330805	0.293508	0.269958	0.269958	
-0.159113	-0.242397	-0.289718	-0.310311	-0.325398	-0.334567	-0.328684	-0.317279	-0.302069	-0.28694	-0.279777	-0.283523	-0.314828	-0.358669	-0.414848	-0.505592	-0.634824	-0.775374	-0.888581	-0.958791	-0.984491	-0.982376	-0.966309	-0.956018	-0.96175	-0.965359	-0.953566	-0.924873	-0.880167	-0.836681	-0.796489	-0.749663	-0.677552	-0.571406	-0.438678	-0.28479	-0.130777	0.0113512	0.136268	0.258552	0.376839	0.467312	0.525736	0.544526	0.528739	0.482645	0.420391	0.372505	0.344355	0.344355	
-0.00683693	-0.114526	-0.197007	-0.268369	-0.337226	-0.387883	-0.412064	-0.417229	-0.424761	-0.440195	-0.460376	-0.48771	-0.529091	-0.589937	-0.656233	-0.742502	-0.84378	-0.941762	-1.01371	-1.04666	-1.03924	-1.01313	-0.988758	-0.978317	-0.985353	-0.987521	-0.977356	-0.955438	-0.922597	-0.879452	-0.831014	-0.766852	-0.677867	-0.55437	-0.389624	-0.198093	0.00717494	0.186844	0.331777	0.457511	0.553686	0.625449	0.663371	0.65971	0.619254	0.541823	0.457648	0.397429	0.367375	0.367375	
0.136795	0.005439	-0.112575	-0.226017	-0.326389	-0.397953	-0.439842	-0.469776	-0.501905	-0.547505	-0.596829	-0.645361	-0.690816	-0.75444	-0.830193	-0.905817	-0.97562	-1.02671	-1.04924	-1.03157	-0.997996	-0.965	-0.945101	-0.942466	-0.952778	-0.961829	-0.960587	-0.9515	-0.932062	-0.894493	-0.832137	-0.748864	-0.644594	-0.509128	-0.329299	-0.110078	0.120409	0.32252	0.480352	0.595606	0.670774	0.7123	0.716607	0.685159	0.615398	0.515148	0.417399	0.346635	0.313319	0.313319	
0.240415	0.094397	-0.0543857	-0.192594	-0.305478	-0.384655	-0.436983	-0.480844	-0.536584	-0.600964	-0.665771	-0.725129	-0.776499	-0.8329	-0.902093	-0.961064	-1.00193	-1.011	-0.978804	-0.922571	-0.87309	-0.839711	-0.823688	-0.827561	-0.844462	-0.86956	-0.890635	-0.901982	-0.898679	-0.869575	-0.80419	-0.709671	-0.597681	-0.455358	-0.266242	-0.0341721	0.206171	0.414094	0.570495	0.668815	0.716684	0.718659	0.681125	0.612868	0.51246	0.398564	0.294024	0.214856	0.176437	0.176437	
0.278809	0.135301	-0.0212732	-0.1654	-0.276913	-0.354748	-0.406218	-0.454333	-0.521391	-0.596477	-0.67138	-0.735043	-0.789911	-0.83545	-0.878938	-0.914337	-0.920163	-0.885329	-0.81229	-0.718868	-0.65592	-0.632595	-0.630615	-0.64788	-0.677112	-0.726939	-0.775024	-0.807738	-0.828756	-0.813937	-0.754309	-0.661597	-0.541462	-0.393498	-0.204544	0.0222173	0.249854	0.44543	0.586077	0.662477	0.679196	0.641472	0.561959	0.453243	0.328755	0.209689	0.109153	0.0341498	-0.00616371	-0.00616371	
0.258441	0.13461	-0.00477634	-0.134971	-0.23362	-0.294543	-0.340699	-0.393425	-0.46529	-0.550233	-0.627429	-0.688515	-0.73656	-0.76654	-0.782069	-0.781505	-0.749591	-0.677791	-0.568673	-0.4584	-0.385098	-0.365	-0.381546	-0.417979	-0.478043	-0.556226	-0.636642	-0.703065	-0.744084	-0.746632	-0.702471	-0.611991	-0.486136	-0.332694	-0.149142	0.0553198	0.254043	0.420419	0.534142	0.582039	0.567532	0.499621	0.388006	0.249034	0.106977	-0.0156053	-0.108789	-0.173961	-0.210748	-0.210748	
0.207366	0.10384	-0.00445684	-0.103131	-0.169868	-0.210531	-0.248131	-0.303717	-0.375866	-0.4613	-0.5445	-0.605559	-0.643004	-0.652332	-0.636043	-0.595693	-0.533185	-0.436712	-0.311311	-0.194177	-0.110646	-0.0845853	-0.114194	-0.175455	-0.267	-0.375944	-0.490327	-0.589046	-0.651491	-0.672277	-0.640646	-0.558005	-0.433061	-0.280301	-0.113881	0.0563182	0.216739	0.350035	0.432283	0.452181	0.411712	0.319464	0.188774	0.0325521	-0.120503	-0.242375	-0.323925	-0.372234	-0.395402	-0.395402	
0.142642	0.0715145	0.00245432	-0.0491184	-0.0785092	-0.100841	-0.129977	-0.183631	-0.259876	-0.34506	-0.431812	-0.499717	-0.532822	-0.522643	-0.477189	-0.408857	-0.318855	-0.207597	-0.081953	0.0287637	0.115097	0.152675	0.123059	0.0456542	-0.0676327	-0.200238	-0.343012	-0.467294	-0.551087	-0.587985	-0.572682	-0.501343	-0.380666	-0.23335	-0.0840035	0.0513693	0.168409	0.257868	0.301756	0.288061	0.225362	0.122625	-0.0105656	-0.161546	-0.309944	-0.426833	-0.498327	-0.531331	-0.540517	-0.540517	
0.0900163	0.0666821	0.0493803	0.0455773	0.055443	0.0513598	0.0213432	-0.0382474	-0.121825	-0.213128	-0.308402	-0.391279	-0.430924	-0.411076	-0.346312	-0.258105	-0.147243	-0.0248063	0.0914245	0.196597	0.27631	0.315857	0.295111	0.214914	0.0899938	-0.05873	-0.219529	-0.358785	-0.455566	-0.50118	-0.492031	-0.428897	-0.310893	-0.169896	-0.0376858	0.0650394	0.13959	0.180595	0.181162	0.137825	0.053512	-0.0534304	-0.181322	-0.31704	-0.447451	-0.553725	-0.61421	-0.639121	-0.63766	-0.63766	
0.0668528	0.0952163	0.135481	0.176925	0.216566	0.225315	0.187712	0.115944	0.0198298	-0.0925656	-0.20276	-0.295741	-0.347872	-0.334844	-0.264446	-0.160764	-0.0418826	0.078415	0.182914	0.276507	0.352782	0.401571	0.397049	0.324999	0.196833	0.0380572	-0.126267	-0.260684	-0.347537	-0.390513	-0.381143	-0.319484	-0.211863	-0.081107	0.0343487	0.111354	0.147103	0.142647	0.104701	0.0315232	-0.0678532	-0.178231	-0.300228	-0.417782	-0.523028	-0.611922	-0.666322	-0.689199	-0.690731	-0.690731	
0.0800476	0.149854	0.238829	0.319143	0.377961	0.39001	0.345638	0.258417	0.139249	0.00708827	-0.121485	-0.223433	-0.286506	-0.288307	-0.225389	-0.122186	-0.0077064	0.101999	0.192591	0.277089	0.353897	0.411008	0.425632	0.374303	0.263227	0.115105	-0.0296331	-0.141617	-0.216551	-0.250623	-0.237002	-0.1763	-0.0768695	0.0405316	0.138453	0.190013	0.189886	0.143752	0.0687906	-0.0258208	-0.13209	-0.241488	-0.350897	-0.447199	-0.526981	-0.592519	-0.642033	-0.677329	-0.689286	-0.689286	
0.137117	0.237761	0.356682	0.463027	0.526718	0.534512	0.484165	0.380702	0.240999	0.088132	-0.0563033	-0.168373	-0.242645	-0.263903	-0.221431	-0.126771	-0.0137423	0.0824135	0.1612	0.238102	0.313429	0.375744	0.403154	0.375065	0.294317	0.182665	0.0754056	-0.00521515	-0.0653037	-0.0907281	-0.0691787	-0.00743441	0.0841098	0.185391	0.264315	0.294831	0.261664	0.182058	0.0812705	-0.0323026	-0.138068	-0.239211	-0.334985	-0.409254	-0.463381	-0.504521	-0.546299	-0.590879	-0.617256	-0.617256	
0.228792	0.352472	0.482574	0.591988	0.652943	0.648835	0.586306	0.474579	0.325203	0.154967	-0.00619705	-0.132369	-0.21363	-0.243817	-0.222939	-0.150314	-0.0528997	0.0343035	0.112524	0.186619	0.263235	0.328347	0.359984	0.353644	0.309513	0.253508	0.198164	0.151248	0.113967	0.101764	0.134255	0.192467	0.264937	0.339305	0.3918	0.399029	0.343454	0.244645	0.12782	0.0085987	-0.0969264	-0.185403	-0.262611	-0.317628	-0.346479	-0.364837	-0.389516	-0.434585	-0.465153	-0.465153	
0.343803	0.468534	0.596587	0.694096	0.745171	0.728805	0.658642	0.543279	0.388845	0.209376	0.041564	-0.0872966	-0.171995	-0.210901	-0.215444	-0.181459	-0.109723	-0.0257099	0.0576372	0.134698	0.213999	0.279167	0.314917	0.334736	0.342821	0.352243	0.355039	0.34593	0.331714	0.335226	0.373371	0.42031	0.459438	0.493862	0.50912	0.484754	0.407442	0.299188	0.180853	0.0659321	-0.0263745	-0.0950596	-0.146049	-0.178064	-0.186859	-0.186434	-0.194648	-0.224866	-0.250334	-0.250334	
0.475294	0.583189	0.693216	0.773858	0.813295	0.792781	0.720062	0.601123	0.449723	0.277877	0.110842	-0.0207766	-0.106861	-0.157344	-0.188701	-0.194251	-0.146665	-0.0627001	0.0260047	0.104645	0.179015	0.241615	0.288709	0.344916	0.4098	0.483545	0.537447	0.562818	0.573535	0.593208	0.628803	0.651428	0.648901	0.632346	0.601788	0.540752	0.445447	0.335342	0.227402	0.130123	0.0569571	0.0146808	-0.00503806	-0.00925756	-0.000735212	0.0130074	0.0212846	0.0102749	0.00133977	0.00133977	
0.626797	0.710075	0.792242	0.849835	0.874171	0.850772	0.78027	0.670976	0.531215	0.367036	0.202548	0.0675037	-0.0268771	-0.0916148	-0.142498	-0.168908	-0.144259	-0.0717991	0.011946	0.0902227	0.162379	0.22767	0.294683	0.388013	0.504197	0.627517	0.723463	0.786852	0.829928	0.862717	0.887751	0.875763	0.822665	0.751503	0.669749	0.571247	0.461623	0.356554	0.267868	0.194382	0.140848	0.124317	0.131678	0.153739	0.18372	0.208951	0.235655	0.251262	0.261936	0.261936	
0.790803	0.85045	0.900928	0.932958	0.939619	0.905924	0.838403	0.743461	0.618222	0.466744	0.311068	0.174624	0.0715179	-0.00596251	-0.0680485	-0.107575	-0.101225	-0.0475085	0.0199566	0.0928812	0.167351	0.24256	0.33357	0.461593	0.617961	0.774363	0.903524	1.00275	1.07711	1.11963	1.12557	1.07565	0.971491	0.846591	0.714632	0.582022	0.462828	0.370234	0.306317	0.259059	0.228372	0.22983	0.256196	0.29785	0.343141	0.381446	0.42354	0.459559	0.486942	0.486942	
0.949035	0.982697	1.00621	1.01582	1.00683	0.969013	0.903147	0.818406	0.708235	0.573273	0.428172	0.294272	0.183268	0.0967758	0.0307933	-0.00958854	-0.0129083	0.0163605	0.0620015	0.127864	0.205484	0.291475	0.404754	0.554224	0.731363	0.905004	1.05942	1.19066	1.2891	1.34037	1.32866	1.24406	1.09568	0.922784	0.743734	0.579899	0.452369	0.37061	0.331506	0.310316	0.307291	0.328427	0.368376	0.422176	0.475326	0.523418	0.571431	0.61225	0.64325	0.64325	
1.09539	1.10507	1.1012	1.0872	1.06326	1.02206	0.961371	0.885506	0.791088	0.667712	0.533406	0.40901	0.303881	0.221669	0.162553	0.123428	0.106081	0.106749	0.125571	0.175353	0.254286	0.358149	0.492092	0.655501	0.838612	1.0233	1.19419	1.34715	1.46038	1.5109	1.48651	1.37195	1.18954	0.980004	0.765618	0.579572	0.442995	0.367336	0.342272	0.341243	0.36325	0.404528	0.453708	0.50998	0.568999	0.625623	0.677451	0.714986	0.738764	0.738764	
1.21505	1.20131	1.17344	1.13878	1.09997	1.05651	1.00079	0.931717	0.842603	0.731591	0.616569	0.509072	0.418166	0.350904	0.300239	0.261855	0.232867	0.209875	0.204447	0.229567	0.303496	0.420688	0.572448	0.746116	0.929055	1.11707	1.30146	1.46233	1.57905	1.6287	1.59338	1.46203	1.25609	1.02299	0.788341	0.587373	0.443009	0.367206	0.346251	0.358472	0.39875	0.454459	0.504666	0.553059	0.613709	0.679211	0.740037	0.774657	0.79127	0.79127	
1.27615	1.24452	1.20353	1.15947	1.11789	1.07018	1.01439	0.937533	0.850713	0.759039	0.669941	0.584537	0.510212	0.453518	0.410991	0.375712	0.347069	0.315362	0.292148	0.298294	0.359749	0.479328	0.636497	0.810765	0.987441	1.17482	1.36441	1.53021	1.64338	1.68801	1.64764	1.50673	1.29173	1.0506	0.810737	0.601115	0.445497	0.360978	0.333819	0.351579	0.410223	0.476738	0.530853	0.575149	0.63086	0.703292	0.765096	0.794023	0.803365	0.803365	
1.27753	1.2374	1.19199	1.14878	1.10314	1.04863	0.981807	0.90283	0.824512	0.75149	0.688443	0.631226	0.578684	0.534397	0.496711	0.46583	0.435824	0.396889	0.365182	0.358937	0.410961	0.525281	0.680322	0.854114	1.02441	1.20689	1.39357	1.55156	1.65455	1.68713	1.63733	1.49446	1.28298	1.04687	0.812153	0.600889	0.435632	0.336915	0.304252	0.327626	0.394673	0.473982	0.532204	0.57579	0.634641	0.7055	0.765719	0.793528	0.798647	0.798647	
1.22863	1.19296	1.15536	1.10859	1.05454	0.988542	0.916438	0.840238	0.7678	0.709956	0.669979	0.638997	0.610283	0.581847	0.556912	0.532873	0.501423	0.46121	0.42382	0.420046	0.469025	0.570441	0.714634	0.882603	1.04732	1.21482	1.38331	1.52324	1.60536	1.61811	1.55875	1.41885	1.21921	0.997507	0.778785	0.572814	0.407002	0.304969	0.267338	0.294931	0.360891	0.436858	0.498063	0.548935	0.615178	0.688441	0.750312	0.781967	0.792833	0.792833	
1.14076	1.12085	1.09177	1.04901	0.989418	0.916625	0.835827	0.758618	0.691213	0.640676	0.613717	0.605501	0.603773	0.595007	0.580803	0.566934	0.546681	0.517105	0.496296	0.507296	0.553067	0.629663	0.745064	0.892723	1.04303	1.18852	1.33019	1.44029	1.4952	1.48554	1.41245	1.28351	1.10467	0.910179	0.718593	0.53293	0.376842	0.272689	0.234013	0.252147	0.305894	0.370099	0.431966	0.498416	0.574605	0.649008	0.703759	0.735704	0.748934	0.748934	
1.02145	1.01853	0.998257	0.961262	0.902943	0.823659	0.736079	0.656988	0.589235	0.545578	0.532592	0.548358	0.572536	0.585641	0.586803	0.582208	0.573456	0.570403	0.578127	0.612609	0.654062	0.699708	0.778781	0.893649	1.02256	1.14301	1.24966	1.32461	1.34398	1.3086	1.22962	1.10794	0.954511	0.792386	0.633447	0.478114	0.342567	0.243888	0.199853	0.204352	0.232775	0.27639	0.333849	0.41024	0.496259	0.569695	0.616595	0.642702	0.65431	0.65431	
0.867802	0.883864	0.874131	0.84476	0.78397	0.702918	0.614919	0.538211	0.472966	0.436675	0.441001	0.478761	0.529407	0.567581	0.584149	0.590348	0.601426	0.628565	0.669922	0.718759	0.755732	0.779848	0.823471	0.898528	0.993105	1.08064	1.1493	1.1834	1.17176	1.11806	1.03232	0.920799	0.786552	0.652512	0.529283	0.409834	0.298188	0.208117	0.156947	0.137838	0.13799	0.157059	0.200625	0.277781	0.369506	0.44426	0.488763	0.508715	0.513846	0.513846	
0.69283	0.727156	0.731045	0.708224	0.651883	0.571704	0.482909	0.404501	0.350321	0.335509	0.360885	0.418872	0.491068	0.553598	0.591532	0.614942	0.650193	0.709433	0.777871	0.835434	0.862683	0.864798	0.871843	0.899534	0.949615	0.99838	1.02828	1.02208	0.975451	0.903866	0.814912	0.71058	0.599986	0.503409	0.420857	0.340849	0.254379	0.167227	0.0993258	0.0541697	0.0302146	0.0261873	0.0546724	0.121509	0.204554	0.278679	0.317003	0.320277	0.313647	0.313647	
0.511954	0.55357	0.568385	0.553054	0.499857	0.417448	0.331483	0.265568	0.233498	0.241752	0.294346	0.380612	0.473046	0.555474	0.617763	0.669367	0.736188	0.822297	0.908734	0.96465	0.979187	0.962159	0.932791	0.911807	0.908552	0.912419	0.896972	0.849226	0.769685	0.676297	0.580718	0.483632	0.400812	0.342272	0.3021	0.260558	0.193923	0.107937	0.0256285	-0.0408653	-0.0815536	-0.101409	-0.0964016	-0.0559186	0.00990083	0.0760733	0.108974	0.102196	0.0816076	0.0816076	
0.337119	0.37444	0.388134	0.367748	0.31507	0.240314	0.170632	0.129912	0.126312	0.167251	0.25199	0.364219	0.479951	0.590386	0.685147	0.77061	0.862475	0.957829	1.04504	1.09702	1.10244	1.06954	1.0136	0.951712	0.894477	0.842235	0.775691	0.683995	0.571136	0.454992	0.348041	0.25673	0.198295	0.173655	0.1689	0.156026	0.107413	0.0254219	-0.0665388	-0.140713	-0.190098	-0.222771	-0.242332	-0.235806	-0.195946	-0.145396	-0.117956	-0.134031	-0.16118	-0.16118	
0.177055	0.192964	0.190458	0.163342	0.117473	0.0579431	0.0173923	0.00974466	0.0416491	0.117983	0.235311	0.376179	0.517508	0.651507	0.777576	0.899447	1.01144	1.10575	1.18735	1.23284	1.22843	1.18302	1.10345	1.0099	0.904083	0.792574	0.670702	0.536625	0.391795	0.250894	0.132062	0.0485644	0.0143888	0.0187435	0.0400895	0.0443114	0.00601905	-0.070991	-0.162678	-0.235965	-0.283718	-0.326746	-0.369561	-0.395916	-0.392312	-0.366838	-0.354403	-0.377727	-0.404973	-0.404973	
0.0239206	0.00261869	-0.0175963	-0.0457605	-0.0812542	-0.118204	-0.129426	-0.104802	-0.0346211	0.0819658	0.232348	0.402889	0.566915	0.72211	0.87485	1.02165	1.14225	1.2343	1.30851	1.34755	1.33344	1.27464	1.18379	1.07206	0.929069	0.766179	0.592797	0.418779	0.246469	0.0880743	-0.0369707	-0.11318	-0.127696	-0.104235	-0.0711528	-0.0586377	-0.0891701	-0.159595	-0.241812	-0.308678	-0.358275	-0.409122	-0.471802	-0.528322	-0.557495	-0.566366	-0.576632	-0.601477	-0.626535	-0.626535	
-0.120075	-0.173927	-0.21381	-0.25156	-0.278671	-0.288131	-0.272356	-0.217805	-0.114567	0.0399273	0.223528	0.4177	0.601786	0.777673	0.950365	1.10474	1.22142	1.307	1.36917	1.40036	1.38529	1.3266	1.23545	1.11482	0.948281	0.746718	0.534624	0.331667	0.145331	-0.0187185	-0.143871	-0.211481	-0.218827	-0.191013	-0.153759	-0.141268	-0.164189	-0.218608	-0.28786	-0.345872	-0.399122	-0.460675	-0.539688	-0.618343	-0.677602	-0.71962	-0.746753	-0.773351	-0.78756	-0.78756	
-0.238088	-0.318323	-0.385199	-0.437374	-0.458974	-0.454131	-0.419551	-0.338426	-0.202722	-0.0222268	0.184758	0.397661	0.602301	0.801161	0.984327	1.13336	1.24103	1.31844	1.37336	1.40181	1.3869	1.33029	1.24234	1.11764	0.938424	0.717798	0.48114	0.258169	0.0637632	-0.0981928	-0.214709	-0.275205	-0.282128	-0.251695	-0.215563	-0.198081	-0.203772	-0.237101	-0.283609	-0.332539	-0.386695	-0.456369	-0.545657	-0.640677	-0.727101	-0.795048	-0.841201	-0.867387	-0.875459	-0.875459	
-0.320189	-0.428469	-0.526846	-0.597931	-0.629135	-0.620653	-0.567877	-0.465251	-0.314304	-0.1163	0.107004	0.332611	0.55154	0.763496	0.946837	1.08681	1.18882	1.26539	1.31975	1.3502	1.33873	1.28325	1.19369	1.06401	0.885975	0.664266	0.421198	0.192229	-0.0033337	-0.158867	-0.263579	-0.318201	-0.324589	-0.29563	-0.259464	-0.227918	-0.212295	-0.217244	-0.23533	-0.270619	-0.320292	-0.387069	-0.482124	-0.589793	-0.693132	-0.781633	-0.838391	-0.86675	-0.873877	-0.873877	
-0.357535	-0.498109	-0.631758	-0.736931	-0.791573	-0.785909	-0.721252	-0.606455	-0.447253	-0.241967	-0.00982621	0.225487	0.455612	0.667271	0.841784	0.970154	1.06112	1.13474	1.19802	1.23792	1.23288	1.17781	1.08576	0.958929	0.792762	0.586017	0.353459	0.131187	-0.0598137	-0.207949	-0.301835	-0.348641	-0.356154	-0.329053	-0.285724	-0.235165	-0.187292	-0.154179	-0.142637	-0.15706	-0.195179	-0.259975	-0.359155	-0.477295	-0.594834	-0.690264	-0.747044	-0.779641	-0.785775	-0.785775	
-0.373973	-0.54127	-0.708899	-0.846726	-0.92591	-0.925962	-0.855467	-0.737958	-0.57542	-0.37828	-0.151759	0.0857173	0.312012	0.509328	0.668198	0.781824	0.864912	0.938998	1.01369	1.06685	1.07236	1.01791	0.92227	0.805561	0.657002	0.472276	0.2661	0.0651911	-0.110129	-0.244852	-0.322523	-0.353866	-0.355559	-0.326585	-0.2792	-0.207799	-0.132702	-0.0693222	-0.0261492	-0.0204269	-0.0425133	-0.100387	-0.201456	-0.326253	-0.447821	-0.540452	-0.593303	-0.623407	-0.632544	-0.632544	
-0.398461	-0.579136	-0.76143	-0.921226	-1.01267	-1.0196	-0.951118	-0.836663	-0.687899	-0.50786	-0.292653	-0.066198	0.135573	0.306602	0.445066	0.541076	0.615622	0.694028	0.775983	0.838818	0.84961	0.7986	0.714985	0.61622	0.491712	0.340067	0.168789	0.00200913	-0.146067	-0.259978	-0.314171	-0.324844	-0.313526	-0.282522	-0.230839	-0.14936	-0.058607	0.0240314	0.0831488	0.108995	0.0988434	0.0493763	-0.0436485	-0.164325	-0.276254	-0.35916	-0.403411	-0.430226	-0.439704	-0.439704	
-0.428161	-0.613288	-0.801106	-0.957591	-1.04595	-1.05605	-0.997771	-0.89504	-0.759579	-0.600238	-0.408149	-0.212972	-0.0412906	0.102579	0.210298	0.2854	0.355552	0.427152	0.505472	0.567307	0.586705	0.553653	0.488802	0.412883	0.315952	0.200678	0.0743345	-0.0458775	-0.155931	-0.242576	-0.274348	-0.26622	-0.246376	-0.213152	-0.160926	-0.0774226	0.016391	0.105538	0.174838	0.209781	0.208787	0.166885	0.0845088	-0.019275	-0.113508	-0.182565	-0.215692	-0.233857	-0.23927	-0.23927	
-0.466976	-0.648379	-0.823085	-0.960093	-1.03453	-1.04365	-0.987671	-0.895352	-0.778912	-0.643361	-0.486137	-0.329964	-0.190594	-0.0773189	-0.000904384	0.0560383	0.116612	0.182553	0.251427	0.306377	0.335938	0.329504	0.288385	0.230472	0.155033	0.0722694	-0.00891634	-0.081234	-0.146026	-0.194282	-0.202888	-0.186828	-0.163487	-0.133142	-0.0877747	-0.0115957	0.0740312	0.158008	0.226924	0.26536	0.269028	0.236215	0.174105	0.0963551	0.0218353	-0.0358723	-0.0659084	-0.0829366	-0.0839625	-0.0839625	
-0.512415	-0.676502	-0.823806	-0.932655	-0.987985	-0.988902	-0.937873	-0.854809	-0.750697	-0.635491	-0.513417	-0.392079	-0.284099	-0.207775	-0.160568	-0.119575	-0.06955	-0.014375	0.0395316	0.090652	0.137539	0.159998	0.140378	0.0936414	0.034171	-0.0210148	-0.0638912	-0.0931289	-0.113949	-0.124784	-0.116522	-0.0963709	-0.0745735	-0.0487298	-0.00708099	0.0514373	0.115889	0.18349	0.239015	0.27163	0.277409	0.256307	0.215383	0.162416	0.104403	0.0471755	0.00743892	-0.0147622	-0.020366	-0.020366	
-0.57232	-0.702724	-0.811916	-0.881944	-0.910666	-0.899334	-0.856423	-0.781546	-0.687493	-0.58839	-0.489973	-0.397485	-0.3202	-0.273558	-0.249107	-0.226663	-0.195127	-0.152884	-0.110883	-0.061339	0.00259948	0.0484913	0.0484395	0.0135827	-0.0321885	-0.0675259	-0.0793167	-0.0758001	-0.0583281	-0.0336324	-0.0118225	0.00850629	0.0226099	0.0465501	0.0826843	0.118316	0.158395	0.194746	0.220848	0.236903	0.23205	0.215621	0.191927	0.154763	0.107504	0.0482898	-0.00736635	-0.043431	-0.0588251	-0.0588251	
