-0.141946	-0.141946	-0.142784	-0.148153	-0.158438	-0.152808	-0.133627	-0.11178	-0.103693	-0.0977759	-0.0734614	-0.0260084	0.0473535	0.148453	0.281082	0.42321	0.546705	0.639172	0.697208	0.708527	0.660209	0.548811	0.381414	0.146093	-0.148051	-0.469182	-0.761757	-0.982969	-1.11486	-1.15671	-1.11974	-1.00127	-0.788485	-0.483492	-0.103145	0.329323	0.756349	1.12632	1.40578	1.60284	1.71398	1.72806	1.65539	1.50431	1.27563	1.00611	0.720943	0.440187	0.177846	-0.0493277	
-0.141946	-0.141946	-0.142784	-0.148153	-0.158438	-0.152808	-0.133627	-0.11178	-0.103693	-0.0977759	-0.0734614	-0.0260084	0.0473535	0.148453	0.281082	0.42321	0.546705	0.639172	0.697208	0.708527	0.660209	0.548811	0.381414	0.146093	-0.148051	-0.469182	-0.761757	-0.982969	-1.11486	-1.15671	-1.11974	-1.00127	-0.788485	-0.483492	-0.103145	0.329323	0.756349	1.12632	1.40578	1.60284	1.71398	1.72806	1.65539	1.50431	1.27563	1.00611	0.720943	0.440187	0.177846	-0.0493277	
-0.142784	-0.142784	-0.143555	-0.149845	-0.159335	-0.15476	-0.135555	-0.114669	-0.106518	-0.100206	-0.0754777	-0.0271019	0.0474451	0.149983	0.283758	0.427968	0.553223	0.649476	0.709636	0.724626	0.679402	0.570616	0.405448	0.170708	-0.122918	-0.444044	-0.738051	-0.961263	-1.09546	-1.14042	-1.10498	-0.988496	-0.777478	-0.475122	-0.0977266	0.328642	0.749366	1.11112	1.38242	1.57055	1.67528	1.6835	1.61032	1.46147	1.23935	0.97893	0.706593	0.437051	0.186112	-0.0308683	
-0.148153	-0.148153	-0.149845	-0.155264	-0.165364	-0.159567	-0.141652	-0.120733	-0.112216	-0.104736	-0.0785974	-0.0285435	0.0480832	0.152673	0.288341	0.433381	0.562795	0.660532	0.725216	0.742165	0.700305	0.595256	0.430503	0.19803	-0.0942898	-0.413599	-0.70528	-0.927744	-1.06173	-1.10545	-1.07063	-0.953821	-0.745847	-0.448695	-0.0811259	0.332412	0.734739	1.07715	1.32798	1.49646	1.58146	1.58104	1.50325	1.36021	1.15404	0.916335	0.666377	0.423646	0.195518	-0.00347059	
-0.158438	-0.158438	-0.159335	-0.165364	-0.17157	-0.165789	-0.145444	-0.12447	-0.113393	-0.103291	-0.0751503	-0.0232505	0.0546785	0.159852	0.293502	0.437779	0.564451	0.664053	0.726271	0.744879	0.704383	0.601374	0.439625	0.209271	-0.0781709	-0.390382	-0.676062	-0.891867	-1.01944	-1.05873	-1.01749	-0.898317	-0.691715	-0.403135	-0.0500496	0.337436	0.709801	1.01696	1.23406	1.36902	1.43035	1.4124	1.33354	1.19968	1.01583	0.807604	0.596924	0.389964	0.198175	0.0327073	
-0.152808	-0.152808	-0.15476	-0.159567	-0.165789	-0.158486	-0.140169	-0.119893	-0.109202	-0.0983666	-0.0706455	-0.0192129	0.0576704	0.160837	0.291338	0.429817	0.555952	0.651295	0.714228	0.730739	0.691861	0.592684	0.432308	0.207976	-0.0716274	-0.373133	-0.64551	-0.850373	-0.967518	-0.997106	-0.950567	-0.828257	-0.627975	-0.35337	-0.0244818	0.330419	0.662219	0.927974	1.10492	1.20448	1.23369	1.20216	1.11859	0.995557	0.837766	0.666382	0.493442	0.332724	0.185631	0.0615251	
-0.133627	-0.133627	-0.135555	-0.141652	-0.145444	-0.140169	-0.122671	-0.106066	-0.0957789	-0.0858579	-0.0596664	-0.0105772	0.0634057	0.163492	0.287039	0.421087	0.541287	0.637413	0.697589	0.716788	0.681735	0.588848	0.435819	0.219696	-0.0484564	-0.335052	-0.595273	-0.788595	-0.898234	-0.924343	-0.875737	-0.758449	-0.569898	-0.316674	-0.0166617	0.299725	0.590368	0.814707	0.95755	1.02547	1.03449	0.990326	0.907706	0.793774	0.657504	0.513762	0.380773	0.261401	0.16311	0.0919625	
-0.11178	-0.11178	-0.114669	-0.120733	-0.12447	-0.119893	-0.106066	-0.0922985	-0.0838227	-0.0736468	-0.0491272	-0.00120358	0.0715159	0.16971	0.290748	0.419942	0.541692	0.638001	0.703406	0.726314	0.69939	0.616413	0.471733	0.266546	0.0112083	-0.261962	-0.508929	-0.696512	-0.803582	-0.833603	-0.794013	-0.689847	-0.523621	-0.298895	-0.0316992	0.2467	0.501089	0.694594	0.814013	0.86552	0.860972	0.814003	0.732755	0.626584	0.506032	0.385762	0.2789	0.196385	0.141528	0.118211	
-0.103693	-0.103693	-0.106518	-0.112216	-0.113393	-0.109202	-0.0957789	-0.0838227	-0.072828	-0.0600239	-0.0332076	0.0166274	0.09064	0.19158	0.310661	0.440569	0.562835	0.665588	0.735895	0.766958	0.749153	0.677604	0.54287	0.348418	0.104559	-0.155638	-0.396081	-0.581194	-0.695722	-0.738247	-0.715805	-0.634463	-0.495598	-0.302273	-0.0691936	0.177549	0.403111	0.576188	0.687387	0.732976	0.726885	0.682667	0.606167	0.506041	0.399197	0.295447	0.213551	0.15903	0.13946	0.154634	
-0.0977759	-0.0977759	-0.100206	-0.104736	-0.103291	-0.0983666	-0.0858579	-0.0736468	-0.0600239	-0.0421749	-0.012124	0.0404541	0.117992	0.221295	0.34176	0.470974	0.596932	0.705228	0.78367	0.8223	0.815508	0.754982	0.630842	0.446403	0.213368	-0.0380631	-0.273749	-0.466165	-0.593047	-0.658226	-0.660678	-0.606334	-0.497479	-0.335271	-0.12782	0.0923347	0.300915	0.464886	0.575482	0.624357	0.623157	0.58468	0.516737	0.427366	0.334362	0.24885	0.186745	0.153651	0.156105	0.19176	
-0.0734614	-0.0734614	-0.0754777	-0.0785974	-0.0751503	-0.0706455	-0.0596664	-0.0491272	-0.0332076	-0.012124	0.0192228	0.0732409	0.150472	0.25608	0.374315	0.502693	0.630026	0.744138	0.830156	0.877471	0.880365	0.831599	0.71683	0.541558	0.316977	0.0722631	-0.165458	-0.366992	-0.515916	-0.606912	-0.638728	-0.613884	-0.533481	-0.395982	-0.211774	-0.00447111	0.19497	0.358976	0.479556	0.538795	0.544746	0.517451	0.459497	0.380979	0.305589	0.238968	0.19441	0.173627	0.184543	0.219956	
-0.0260084	-0.0260084	-0.0271019	-0.0285435	-0.0232505	-0.0192129	-0.0105772	-0.00120358	0.0166274	0.0404541	0.0732409	0.125595	0.202643	0.306642	0.421762	0.546336	0.672108	0.790444	0.882452	0.936596	0.949195	0.909609	0.804528	0.636931	0.418575	0.176361	-0.066663	-0.286759	-0.460293	-0.584108	-0.645953	-0.647103	-0.587392	-0.46686	-0.289667	-0.0888418	0.111638	0.28162	0.413436	0.483964	0.503701	0.488027	0.445426	0.384309	0.324329	0.269843	0.232164	0.208455	0.208723	0.228712	
0.0473535	0.0473535	0.0474451	0.0480832	0.0546785	0.0576704	0.0634057	0.0715159	0.09064	0.117992	0.150472	0.202643	0.277595	0.38171	0.494518	0.616007	0.742752	0.865453	0.965228	1.02636	1.04543	1.01203	0.910765	0.74363	0.524597	0.276599	0.0204041	-0.220339	-0.422826	-0.574733	-0.661	-0.679123	-0.629747	-0.513121	-0.338308	-0.133204	0.0719791	0.251175	0.397602	0.484619	0.516173	0.51488	0.485256	0.434296	0.383184	0.333665	0.290572	0.251071	0.23035	0.221837	
0.148453	0.148453	0.149983	0.152673	0.159852	0.160837	0.163492	0.16971	0.19158	0.221295	0.25608	0.306642	0.38171	0.486076	0.597563	0.718185	0.844766	0.973496	1.08021	1.1471	1.17066	1.1387	1.03661	0.865209	0.637602	0.377852	0.101976	-0.1651	-0.396713	-0.575606	-0.679482	-0.704235	-0.651971	-0.528213	-0.342998	-0.128558	0.0849166	0.273342	0.432427	0.531888	0.577531	0.587432	0.567643	0.523315	0.47114	0.411836	0.351981	0.289023	0.241728	0.209159	
0.281082	0.281082	0.283758	0.288341	0.293502	0.291338	0.287039	0.290748	0.310661	0.34176	0.374315	0.421762	0.494518	0.597563	0.709616	0.829227	0.959483	1.09537	1.21181	1.28563	1.31188	1.27787	1.17045	0.987353	0.746821	0.468112	0.17131	-0.121303	-0.377141	-0.57411	-0.68651	-0.708835	-0.647549	-0.513929	-0.319725	-0.0983026	0.121186	0.319589	0.491438	0.60816	0.666687	0.683589	0.664245	0.613332	0.546531	0.471303	0.391629	0.307275	0.241321	0.18942	
0.42321	0.42321	0.427968	0.433381	0.437779	0.429817	0.421087	0.419942	0.440569	0.470974	0.502693	0.546336	0.616007	0.718185	0.829227	0.948827	1.08039	1.22205	1.34524	1.42258	1.44674	1.406	1.28838	1.09279	0.836885	0.54339	0.227628	-0.0819974	-0.355369	-0.562897	-0.677828	-0.695536	-0.626071	-0.484075	-0.287487	-0.0629115	0.159344	0.363171	0.547206	0.678114	0.747039	0.767424	0.744226	0.681405	0.598457	0.504753	0.406262	0.306043	0.226101	0.165114	
0.546705	0.546705	0.553223	0.562795	0.564451	0.555952	0.541287	0.541692	0.562835	0.596932	0.630026	0.672108	0.742752	0.844766	0.959483	1.08039	1.21546	1.36204	1.48969	1.56617	1.58139	1.52545	1.39025	1.17528	0.902885	0.592475	0.265777	-0.0551672	-0.334545	-0.542704	-0.655265	-0.665677	-0.589642	-0.448069	-0.253535	-0.0343229	0.183992	0.393222	0.583892	0.726479	0.803659	0.822586	0.78968	0.716322	0.618174	0.512927	0.405016	0.297548	0.210871	0.141759	
0.639172	0.639172	0.649476	0.660532	0.664053	0.651295	0.637413	0.638001	0.665588	0.705228	0.744138	0.790444	0.865453	0.973496	1.09537	1.22205	1.36204	1.51199	1.63955	1.70831	1.7049	1.62357	1.46119	1.22138	0.927796	0.60385	0.266457	-0.0575565	-0.338367	-0.54459	-0.651762	-0.657301	-0.578365	-0.434698	-0.245342	-0.0298669	0.189009	0.398488	0.593659	0.741751	0.81824	0.830218	0.789476	0.705814	0.60203	0.49555	0.387017	0.281134	0.193593	0.126703	
0.697208	0.697208	0.709636	0.725216	0.726271	0.714228	0.697589	0.703406	0.735895	0.78367	0.830156	0.882452	0.965228	1.08021	1.21181	1.34524	1.48969	1.63955	1.76122	1.81507	1.78449	1.67062	1.47477	1.20768	0.8949	0.557345	0.215792	-0.110369	-0.391468	-0.594545	-0.701843	-0.704148	-0.621285	-0.476478	-0.284777	-0.067013	0.15203	0.366778	0.561077	0.708302	0.781604	0.786369	0.734706	0.646828	0.541185	0.436069	0.332054	0.235204	0.158388	0.102739	
0.708527	0.708527	0.724626	0.742165	0.744879	0.730739	0.716788	0.726314	0.766958	0.8223	0.877471	0.936596	1.02636	1.1471	1.28563	1.42258	1.56617	1.70831	1.81507	1.84499	1.78075	1.62916	1.39956	1.10941	0.782464	0.441745	0.101184	-0.220599	-0.497141	-0.698971	-0.803794	-0.80407	-0.718471	-0.567974	-0.373355	-0.155664	0.0666247	0.279858	0.472191	0.619405	0.691561	0.691851	0.636095	0.542673	0.434204	0.330564	0.232748	0.151553	0.0929493	0.0639543	
0.660209	0.660209	0.679402	0.700305	0.704383	0.691861	0.681735	0.69939	0.749153	0.815508	0.880365	0.949195	1.04543	1.17066	1.31188	1.44674	1.58139	1.7049	1.78449	1.78075	1.67511	1.48464	1.22425	0.918848	0.591213	0.258064	-0.0686263	-0.376322	-0.642791	-0.835516	-0.935264	-0.929962	-0.837097	-0.680913	-0.484305	-0.269084	-0.0538923	0.15279	0.337685	0.481693	0.555743	0.559082	0.50408	0.411391	0.306668	0.207655	0.120091	0.0568598	0.0226807	0.0192457	
0.548811	0.548811	0.570616	0.595256	0.601374	0.592684	0.588848	0.616413	0.677604	0.754982	0.831599	0.909609	1.01203	1.1387	1.27787	1.406	1.52545	1.62357	1.67062	1.62916	1.48464	1.26031	0.976945	0.667985	0.34787	0.0327533	-0.273167	-0.560257	-0.806554	-0.981239	-1.06395	-1.04188	-0.936241	-0.77214	-0.577815	-0.376095	-0.177695	0.0131936	0.186485	0.328129	0.407596	0.419255	0.368938	0.281311	0.185131	0.0982718	0.030084	-0.00514963	-0.0148479	0.00364295	
0.381414	0.381414	0.405448	0.430503	0.439625	0.432308	0.435819	0.471733	0.54287	0.630842	0.71683	0.804528	0.910765	1.03661	1.17045	1.28838	1.39025	1.46119	1.47477	1.39956	1.22425	0.976945	0.685517	0.384152	0.0854217	-0.202461	-0.478991	-0.736939	-0.954288	-1.10332	-1.16023	-1.11936	-1.00035	-0.832299	-0.644354	-0.460344	-0.27869	-0.103575	0.0608215	0.199215	0.282865	0.299343	0.256219	0.177434	0.0986794	0.0348615	-0.00601139	-0.016769	-0.00722489	0.0228571	
0.146093	0.146093	0.170708	0.19803	0.209271	0.207976	0.219696	0.266546	0.348418	0.446403	0.541558	0.636931	0.74363	0.865209	0.987353	1.09279	1.17528	1.22138	1.20768	1.10941	0.918848	0.667985	0.384152	0.106646	-0.160589	-0.412079	-0.65223	-0.872502	-1.05429	-1.16716	-1.19533	-1.13345	-1.00539	-0.839173	-0.66454	-0.498086	-0.33581	-0.171677	-0.0115681	0.127286	0.217645	0.246907	0.213811	0.146897	0.0867603	0.0390986	0.014294	0.0179343	0.0368456	0.06773	
-0.148051	-0.148051	-0.122918	-0.0942898	-0.0781709	-0.0716274	-0.0484564	0.0112083	0.104559	0.213368	0.316977	0.418575	0.524597	0.637602	0.746821	0.836885	0.902885	0.927796	0.8949	0.782464	0.591213	0.34787	0.0854217	-0.160589	-0.386656	-0.592566	-0.783842	-0.955482	-1.08622	-1.15787	-1.15269	-1.07494	-0.946451	-0.790879	-0.631193	-0.484642	-0.334388	-0.176351	-0.0160863	0.128039	0.230522	0.275581	0.259492	0.209282	0.160874	0.120802	0.0973497	0.0948415	0.103071	0.123394	
-0.469182	-0.469182	-0.444044	-0.413599	-0.390382	-0.373133	-0.335052	-0.261962	-0.155638	-0.0380631	0.0722631	0.176361	0.276599	0.377852	0.468112	0.54339	0.592475	0.60385	0.557345	0.441745	0.258064	0.0327533	-0.202461	-0.412079	-0.592566	-0.745469	-0.881092	-0.991614	-1.0671	-1.09046	-1.05285	-0.96194	-0.834263	-0.6886	-0.54311	-0.408399	-0.26977	-0.117962	0.0451674	0.195346	0.314762	0.384937	0.393244	0.356692	0.314304	0.265662	0.225168	0.199867	0.189178	0.18915	
-0.761757	-0.761757	-0.738051	-0.70528	-0.676062	-0.64551	-0.595273	-0.508929	-0.396081	-0.273749	-0.165458	-0.066663	0.0204041	0.101976	0.17131	0.227628	0.265777	0.266457	0.215792	0.101184	-0.0686263	-0.273167	-0.478991	-0.65223	-0.783842	-0.881092	-0.952361	-0.999564	-1.01531	-0.992183	-0.925947	-0.822264	-0.696684	-0.558479	-0.421084	-0.295194	-0.165399	-0.0147725	0.151842	0.316355	0.456296	0.552632	0.578992	0.549636	0.497564	0.432126	0.369251	0.320166	0.286529	0.259825	
-0.982969	-0.982969	-0.961263	-0.927744	-0.891867	-0.850373	-0.788595	-0.696512	-0.581194	-0.466165	-0.366992	-0.286759	-0.220339	-0.1651	-0.121303	-0.0819974	-0.0551672	-0.0575565	-0.110369	-0.220599	-0.376322	-0.560257	-0.736939	-0.872502	-0.955482	-0.991614	-0.999564	-0.982932	-0.944822	-0.882895	-0.792823	-0.68172	-0.557729	-0.426185	-0.295954	-0.176169	-0.0511048	0.100133	0.27951	0.460921	0.623097	0.739118	0.776055	0.743265	0.675105	0.589099	0.503249	0.430449	0.373111	0.325209	
-1.11486	-1.11486	-1.09546	-1.06173	-1.01944	-0.967518	-0.898234	-0.803582	-0.695722	-0.593047	-0.515916	-0.460293	-0.422826	-0.396713	-0.377141	-0.355369	-0.334545	-0.338367	-0.391468	-0.497141	-0.642791	-0.806554	-0.954288	-1.05429	-1.08622	-1.0671	-1.01531	-0.944822	-0.865116	-0.772668	-0.667921	-0.552357	-0.43362	-0.312812	-0.194252	-0.0826369	0.037214	0.194603	0.388069	0.591171	0.771319	0.899731	0.942091	0.901738	0.816701	0.713316	0.607653	0.513532	0.44154	0.374726	
-1.15671	-1.15671	-1.14042	-1.10545	-1.05873	-0.997106	-0.924343	-0.833603	-0.738247	-0.658226	-0.606912	-0.584108	-0.574733	-0.575606	-0.57411	-0.562897	-0.542704	-0.54459	-0.594545	-0.698971	-0.835516	-0.981239	-1.10332	-1.16716	-1.15787	-1.09046	-0.992183	-0.882895	-0.772668	-0.661496	-0.550372	-0.437989	-0.334759	-0.235146	-0.136932	-0.0373719	0.0786651	0.243304	0.450721	0.668742	0.857743	0.992725	1.03537	0.994642	0.901094	0.787457	0.667381	0.563101	0.476871	0.402011	
-1.11974	-1.11974	-1.10498	-1.07063	-1.01749	-0.950567	-0.875737	-0.794013	-0.715805	-0.660678	-0.638728	-0.645953	-0.661	-0.679482	-0.68651	-0.677828	-0.655265	-0.651762	-0.701843	-0.803794	-0.935264	-1.06395	-1.16023	-1.19533	-1.15269	-1.05285	-0.925947	-0.792823	-0.667921	-0.550372	-0.443053	-0.347829	-0.270699	-0.20311	-0.131648	-0.0479162	0.0639693	0.229275	0.440438	0.662522	0.854662	0.990475	1.04328	1.00927	0.916113	0.801511	0.678734	0.569685	0.484158	0.41096	
-1.00127	-1.00127	-0.988496	-0.953821	-0.898317	-0.828257	-0.758449	-0.689847	-0.634463	-0.606334	-0.613884	-0.647103	-0.679123	-0.704235	-0.708835	-0.695536	-0.665677	-0.657301	-0.704148	-0.80407	-0.929962	-1.04188	-1.11936	-1.13345	-1.07494	-0.96194	-0.822264	-0.68172	-0.552357	-0.437989	-0.347829	-0.279778	-0.24062	-0.21287	-0.173278	-0.109566	-0.00947906	0.146597	0.348582	0.565583	0.755349	0.896662	0.961346	0.940677	0.859983	0.75309	0.636643	0.53908	0.461065	0.391661	
-0.788485	-0.788485	-0.777478	-0.745847	-0.691715	-0.627975	-0.569898	-0.523621	-0.495598	-0.497479	-0.533481	-0.587392	-0.629747	-0.651971	-0.647549	-0.626071	-0.589642	-0.578365	-0.621285	-0.718471	-0.837097	-0.936241	-1.00035	-1.00539	-0.946451	-0.834263	-0.696684	-0.557729	-0.43362	-0.334759	-0.270699	-0.24062	-0.244029	-0.256184	-0.251229	-0.213211	-0.133699	2.87551e-05	0.182387	0.388335	0.575514	0.721977	0.800061	0.798769	0.736558	0.64749	0.549984	0.468517	0.400556	0.345397	
-0.483492	-0.483492	-0.475122	-0.448695	-0.403135	-0.35337	-0.316674	-0.298895	-0.302273	-0.335271	-0.395982	-0.46686	-0.513121	-0.528213	-0.513929	-0.484075	-0.448069	-0.434698	-0.476478	-0.567974	-0.680913	-0.77214	-0.832299	-0.839173	-0.790879	-0.6886	-0.558479	-0.426185	-0.312812	-0.235146	-0.20311	-0.21287	-0.256184	-0.309305	-0.339845	-0.33711	-0.287469	-0.182773	-0.0225911	0.169344	0.355134	0.50366	0.5948	0.612284	0.575454	0.506319	0.426587	0.359538	0.307179	0.27266	
-0.103145	-0.103145	-0.0977266	-0.0811259	-0.0500496	-0.0244818	-0.0166617	-0.0316992	-0.0691936	-0.12782	-0.211774	-0.289667	-0.338308	-0.342998	-0.319725	-0.287487	-0.253535	-0.245342	-0.284777	-0.373355	-0.484305	-0.577815	-0.644354	-0.66454	-0.631193	-0.54311	-0.421084	-0.295954	-0.194252	-0.136932	-0.131648	-0.173278	-0.251229	-0.339845	-0.413365	-0.452751	-0.439671	-0.365996	-0.228182	-0.046825	0.13406	0.287243	0.389863	0.425592	0.411381	0.356075	0.287598	0.23176	0.198211	0.191027	
0.329323	0.329323	0.328642	0.332412	0.337436	0.330419	0.299725	0.2467	0.177549	0.0923347	-0.00447111	-0.0888418	-0.133204	-0.128558	-0.0983026	-0.0629115	-0.0343229	-0.0298669	-0.067013	-0.155664	-0.269084	-0.376095	-0.460344	-0.498086	-0.484642	-0.408399	-0.295194	-0.176169	-0.0826369	-0.0373719	-0.0479162	-0.109566	-0.213211	-0.33711	-0.452751	-0.534765	-0.558214	-0.510458	-0.392339	-0.2275	-0.0518881	0.10465	0.214062	0.267839	0.269079	0.220795	0.157859	0.112325	0.0947001	0.115081	
0.756349	0.756349	0.749366	0.734739	0.709801	0.662219	0.590368	0.501089	0.403111	0.300915	0.19497	0.111638	0.0719791	0.0849166	0.121186	0.159344	0.183992	0.189009	0.15203	0.0666247	-0.0538923	-0.177695	-0.27869	-0.33581	-0.334388	-0.26977	-0.165399	-0.0511048	0.037214	0.0786651	0.0639693	-0.00947906	-0.133699	-0.287469	-0.439671	-0.558214	-0.609305	-0.583604	-0.484986	-0.334757	-0.165998	-0.0109496	0.103434	0.159614	0.163764	0.118494	0.062389	0.0233757	0.0225315	0.0552317	
1.12632	1.12632	1.11112	1.07715	1.01696	0.927974	0.814707	0.694594	0.576188	0.464886	0.358976	0.28162	0.251175	0.273342	0.319589	0.363171	0.393222	0.398488	0.366778	0.279858	0.15279	0.0131936	-0.103575	-0.171677	-0.176351	-0.117962	-0.0147725	0.100133	0.194603	0.243304	0.229275	0.146597	2.87551e-05	-0.182773	-0.365996	-0.510458	-0.583604	-0.572143	-0.48497	-0.345026	-0.184495	-0.0315025	0.0704566	0.117634	0.117417	0.0743793	0.0200219	-0.014168	-0.016391	0.012096	
1.40578	1.40578	1.38242	1.32798	1.23406	1.10492	0.95755	0.814013	0.687387	0.575482	0.479556	0.413436	0.397602	0.432427	0.491438	0.547206	0.583892	0.593659	0.561077	0.472191	0.337685	0.186485	0.0608215	-0.0115681	-0.0160863	0.0451674	0.151842	0.27951	0.388069	0.450721	0.440438	0.348582	0.182387	-0.0225911	-0.228182	-0.392339	-0.484986	-0.48497	-0.405367	-0.271666	-0.116121	0.0268864	0.11576	0.153798	0.147761	0.107847	0.0526746	0.00557854	-0.0121904	0.00496953	
1.60284	1.60284	1.57055	1.49646	1.36902	1.20448	1.02547	0.86552	0.732976	0.624357	0.538795	0.483964	0.484619	0.531888	0.60816	0.678114	0.726479	0.741751	0.708302	0.619405	0.481693	0.328129	0.199215	0.127286	0.128039	0.195346	0.316355	0.460921	0.591171	0.668742	0.662522	0.565583	0.388335	0.169344	-0.046825	-0.2275	-0.334757	-0.345026	-0.271666	-0.145856	-0.00422583	0.123112	0.20279	0.23662	0.233476	0.19993	0.134341	0.0682721	0.0300553	0.0268404	
1.71398	1.71398	1.67528	1.58146	1.43035	1.23369	1.03449	0.860972	0.726885	0.623157	0.544746	0.503701	0.516173	0.577531	0.666687	0.747039	0.803659	0.81824	0.781604	0.691561	0.555743	0.407596	0.282865	0.217645	0.230522	0.314762	0.456296	0.623097	0.771319	0.857743	0.854662	0.755349	0.575514	0.355134	0.13406	-0.0518881	-0.165998	-0.184495	-0.116121	-0.00422583	0.116915	0.227798	0.30192	0.333882	0.333443	0.299191	0.227822	0.151066	0.0974087	0.079248	
1.72806	1.72806	1.6835	1.58104	1.4124	1.20216	0.990326	0.814003	0.682667	0.58468	0.517451	0.488027	0.51488	0.587432	0.683589	0.767424	0.822586	0.830218	0.786369	0.691851	0.559082	0.419255	0.299343	0.246907	0.275581	0.384937	0.552632	0.739118	0.899731	0.992725	0.990475	0.896662	0.721977	0.50366	0.287243	0.10465	-0.0109496	-0.0315025	0.0268864	0.123112	0.227798	0.326764	0.397455	0.428191	0.422088	0.384166	0.310459	0.22938	0.166592	0.137973	
1.65539	1.65539	1.61032	1.50325	1.33354	1.11859	0.907706	0.732755	0.606167	0.516737	0.459497	0.445426	0.485256	0.567643	0.664245	0.744226	0.78968	0.789476	0.734706	0.636095	0.50408	0.368938	0.256219	0.213811	0.259492	0.393244	0.578992	0.776055	0.942091	1.03537	1.04328	0.961346	0.800061	0.5948	0.389863	0.214062	0.103434	0.0704566	0.11576	0.20279	0.30192	0.397455	0.471898	0.493995	0.480179	0.436929	0.366429	0.286224	0.221705	0.189886	
1.50431	1.50431	1.46147	1.36021	1.19968	0.995557	0.793774	0.626584	0.506041	0.427366	0.380979	0.384309	0.434296	0.523315	0.613332	0.681405	0.716322	0.705814	0.646828	0.542673	0.411391	0.281311	0.177434	0.146897	0.209282	0.356692	0.549636	0.743265	0.901738	0.994642	1.00927	0.940677	0.798769	0.612284	0.425592	0.267839	0.159614	0.117634	0.153798	0.23662	0.333882	0.428191	0.493995	0.510492	0.49856	0.459868	0.400882	0.328744	0.264229	0.22839	
1.27563	1.27563	1.23935	1.15404	1.01583	0.837766	0.657504	0.506032	0.399197	0.334362	0.305589	0.324329	0.383184	0.47114	0.546531	0.598457	0.618174	0.60203	0.541185	0.434204	0.306668	0.185131	0.0986794	0.0867603	0.160874	0.314304	0.497564	0.675105	0.816701	0.901094	0.916113	0.859983	0.736558	0.575454	0.411381	0.269079	0.163764	0.117417	0.147761	0.233476	0.333443	0.422088	0.480179	0.49856	0.490337	0.458321	0.415286	0.356732	0.30203	0.273781	
1.00611	1.00611	0.97893	0.916335	0.807604	0.666382	0.513762	0.385762	0.295447	0.24885	0.238968	0.269843	0.333665	0.411836	0.471303	0.504753	0.512927	0.49555	0.436069	0.330564	0.207655	0.0982718	0.0348615	0.0390986	0.120802	0.265662	0.432126	0.589099	0.713316	0.787457	0.801511	0.75309	0.64749	0.506319	0.356075	0.220795	0.118494	0.0743793	0.107847	0.19993	0.299191	0.384166	0.436929	0.459868	0.458321	0.441118	0.417509	0.381978	0.348999	0.330728	
0.720943	0.720943	0.706593	0.666377	0.596924	0.493442	0.380773	0.2789	0.213551	0.186745	0.19441	0.232164	0.290572	0.351981	0.391629	0.406262	0.405016	0.387017	0.332054	0.232748	0.120091	0.030084	-0.00601139	0.014294	0.0973497	0.225168	0.369251	0.503249	0.607653	0.667381	0.678734	0.636643	0.549984	0.426587	0.287598	0.157859	0.062389	0.0200219	0.0526746	0.134341	0.227822	0.310459	0.366429	0.400882	0.415286	0.417509	0.416775	0.408976	0.397994	0.399089	
0.440187	0.440187	0.437051	0.423646	0.389964	0.332724	0.261401	0.196385	0.15903	0.153651	0.173627	0.208455	0.251071	0.289023	0.307275	0.306043	0.297548	0.281134	0.235204	0.151553	0.0568598	-0.00514963	-0.016769	0.0179343	0.0948415	0.199867	0.320166	0.430449	0.513532	0.563101	0.569685	0.53908	0.468517	0.359538	0.23176	0.112325	0.0233757	-0.014168	0.00557854	0.0682721	0.151066	0.22938	0.286224	0.328744	0.356732	0.381978	0.408976	0.42959	0.452448	0.484292	
0.177846	0.177846	0.186112	0.195518	0.198175	0.185631	0.16311	0.141528	0.13946	0.156105	0.184543	0.208723	0.23035	0.241728	0.241321	0.226101	0.210871	0.193593	0.158388	0.0929493	0.0226807	-0.0148479	-0.00722489	0.0368456	0.103071	0.189178	0.286529	0.373111	0.44154	0.476871	0.484158	0.461065	0.400556	0.307179	0.198211	0.0947001	0.0225315	-0.016391	-0.0121904	0.0300553	0.0974087	0.166592	0.221705	0.264229	0.30203	0.348999	0.397994	0.452448	0.517437	0.587954	
-0.0493277	-0.0493277	-0.0308683	-0.00347059	0.0327073	0.0615251	0.0919625	0.118211	0.154634	0.19176	0.219956	0.228712	0.221837	0.209159	0.18942	0.165114	0.141759	0.126703	0.102739	0.0639543	0.0192457	0.00364295	0.0228571	0.06773	0.123394	0.18915	0.259825	0.325209	0.374726	0.402011	0.41096	0.391661	0.345397	0.27266	0.191027	0.115081	0.0552317	0.012096	0.00496953	0.0268404	0.079248	0.137973	0.189886	0.22839	0.273781	0.330728	0.399089	0.484292	0.587954	0.688008	
