-0.029911	-0.029911	-0.0284177	-0.030271	-0.027059	-0.0275313	-0.0238269	-0.0186041	-0.0104961	0.00675932	0.0319677	0.0753324	0.139487	0.232822	0.358133	0.517431	0.697979	0.887149	1.05016	1.15196	1.16399	1.05156	0.829405	0.515877	0.160065	-0.177769	-0.458743	-0.660898	-0.774336	-0.815017	-0.780512	-0.676764	-0.5259	-0.35488	-0.209965	-0.125216	-0.105737	-0.122355	-0.155369	-0.184272	-0.195817	-0.18902	-0.159953	-0.113791	-0.090059	-0.101838	-0.121709	-0.133572	-0.126007	-0.102719	
-0.029911	-0.029911	-0.0284177	-0.030271	-0.027059	-0.0275313	-0.0238269	-0.0186041	-0.0104961	0.00675932	0.0319677	0.0753324	0.139487	0.232822	0.358133	0.517431	0.697979	0.887149	1.05016	1.15196	1.16399	1.05156	0.829405	0.515877	0.160065	-0.177769	-0.458743	-0.660898	-0.774336	-0.815017	-0.780512	-0.676764	-0.5259	-0.35488	-0.209965	-0.125216	-0.105737	-0.122355	-0.155369	-0.184272	-0.195817	-0.18902	-0.159953	-0.113791	-0.090059	-0.101838	-0.121709	-0.133572	-0.126007	-0.102719	
-0.0284177	-0.0284177	-0.027395	-0.0291202	-0.0268576	-0.0274539	-0.0247408	-0.0194663	-0.0121043	0.00547066	0.0313758	0.0746211	0.140544	0.23409	0.359333	0.518827	0.698232	0.884757	1.04774	1.14822	1.15912	1.05051	0.829755	0.517543	0.165682	-0.172363	-0.453727	-0.656086	-0.768759	-0.809897	-0.775947	-0.67582	-0.524558	-0.355128	-0.212305	-0.128823	-0.105368	-0.12089	-0.154131	-0.183167	-0.19357	-0.186737	-0.158733	-0.114652	-0.0909863	-0.101745	-0.12071	-0.133228	-0.125123	-0.104062	
-0.030271	-0.030271	-0.0291202	-0.0299335	-0.0271713	-0.0266584	-0.0223763	-0.0172908	-0.00765794	0.00895543	0.0348356	0.0781759	0.141754	0.234302	0.359448	0.515882	0.69539	0.881876	1.04135	1.14211	1.15285	1.04269	0.824377	0.518323	0.168611	-0.164073	-0.443045	-0.644578	-0.762338	-0.804582	-0.772789	-0.671725	-0.526321	-0.36119	-0.219052	-0.132871	-0.11088	-0.12469	-0.153505	-0.17988	-0.19262	-0.186318	-0.158235	-0.116435	-0.0943732	-0.101789	-0.119894	-0.129928	-0.12363	-0.102763	
-0.027059	-0.027059	-0.0268576	-0.0271713	-0.0264255	-0.0258118	-0.0234804	-0.018469	-0.00979802	0.00698905	0.0343327	0.078159	0.144124	0.238479	0.362761	0.519275	0.696441	0.876463	1.03451	1.13208	1.1402	1.03768	0.824221	0.523651	0.183447	-0.147697	-0.426249	-0.629004	-0.747541	-0.789735	-0.75942	-0.666368	-0.523051	-0.362295	-0.226103	-0.141419	-0.111203	-0.121014	-0.149976	-0.175607	-0.18638	-0.179661	-0.154324	-0.11822	-0.0964636	-0.101355	-0.11671	-0.127679	-0.120644	-0.104967	
-0.0275313	-0.0275313	-0.0274539	-0.0266584	-0.0258118	-0.0238463	-0.0203197	-0.0147571	-0.00416756	0.0123793	0.0406462	0.0834419	0.149464	0.240638	0.365273	0.51768	0.692772	0.871067	1.02433	1.12088	1.12803	1.02741	0.818032	0.526942	0.194099	-0.12931	-0.404747	-0.605692	-0.728029	-0.774708	-0.749186	-0.658458	-0.521486	-0.369583	-0.235164	-0.149629	-0.117813	-0.125042	-0.145966	-0.168722	-0.181194	-0.175704	-0.151234	-0.1198	-0.100734	-0.100637	-0.114171	-0.121337	-0.116526	-0.103302	
-0.0238269	-0.0238269	-0.0247408	-0.0223763	-0.0234804	-0.0203197	-0.0175223	-0.0127459	-0.000835364	0.0145688	0.0440484	0.0888353	0.153715	0.248823	0.371174	0.522854	0.695318	0.86716	1.01545	1.10813	1.11295	1.01739	0.81612	0.536984	0.215978	-0.101221	-0.372098	-0.575352	-0.704407	-0.750267	-0.726507	-0.642936	-0.514779	-0.370572	-0.244864	-0.158096	-0.119355	-0.119769	-0.138991	-0.158927	-0.170176	-0.164193	-0.143013	-0.119639	-0.101422	-0.0986605	-0.10782	-0.114107	-0.109887	-0.102165	
-0.0186041	-0.0186041	-0.0194663	-0.0172908	-0.018469	-0.0147571	-0.0127459	-0.00582732	0.00532866	0.0225738	0.0541335	0.097379	0.166586	0.25817	0.381005	0.529393	0.697235	0.863456	1.00713	1.09632	1.09912	1.01069	0.816665	0.548285	0.24049	-0.0674154	-0.335594	-0.537258	-0.66485	-0.717149	-0.701423	-0.626202	-0.503344	-0.370281	-0.248809	-0.165333	-0.121303	-0.116921	-0.126952	-0.144457	-0.155404	-0.15037	-0.132405	-0.115566	-0.100757	-0.0940534	-0.100062	-0.102642	-0.10007	-0.0978941	
-0.0104961	-0.0104961	-0.0121043	-0.00765794	-0.00979802	-0.00416756	-0.000835364	0.00532866	0.0197031	0.035781	0.068026	0.113458	0.179811	0.273954	0.394556	0.541064	0.70524	0.867324	1.00333	1.08792	1.08951	1.00286	0.818	0.566643	0.273487	-0.023282	-0.282074	-0.485052	-0.62266	-0.677746	-0.664229	-0.593831	-0.484092	-0.363885	-0.252321	-0.167267	-0.11797	-0.106065	-0.11069	-0.124344	-0.133892	-0.129284	-0.114759	-0.106431	-0.0941112	-0.0858662	-0.0868893	-0.0858127	-0.0853623	-0.0880447	
0.00675932	0.00675932	0.00547066	0.00895543	0.00698905	0.0123793	0.0145688	0.0225738	0.035781	0.054344	0.0886239	0.135191	0.205326	0.300056	0.41992	0.564602	0.723025	0.876893	1.00667	1.08561	1.08536	1.00614	0.83315	0.59544	0.318672	0.0340114	-0.219917	-0.422307	-0.557838	-0.617261	-0.613349	-0.5546	-0.454285	-0.344778	-0.241654	-0.160982	-0.107325	-0.0869963	-0.0837204	-0.0934392	-0.101194	-0.0969989	-0.0875493	-0.0869152	-0.0784534	-0.0699025	-0.0662157	-0.0621739	-0.0632181	-0.072334	
0.0319677	0.0319677	0.0313758	0.0348356	0.0343327	0.0406462	0.0440484	0.0541335	0.068026	0.0886239	0.123468	0.170464	0.24144	0.334285	0.454051	0.595161	0.749483	0.898161	1.02119	1.09375	1.09256	1.015	0.852598	0.631872	0.373553	0.105334	-0.138329	-0.339629	-0.480028	-0.547507	-0.549246	-0.496454	-0.408513	-0.315231	-0.222782	-0.145136	-0.0873086	-0.058801	-0.0473678	-0.0523863	-0.0585157	-0.0544745	-0.0501785	-0.0556934	-0.0534523	-0.0447978	-0.0370858	-0.0281043	-0.031443	-0.045146	
0.0753324	0.0753324	0.0746211	0.0781759	0.078159	0.0834419	0.0888353	0.097379	0.113458	0.135191	0.170464	0.222256	0.292441	0.389275	0.507155	0.646795	0.79445	0.936609	1.04962	1.11571	1.11284	1.03938	0.889512	0.686813	0.44723	0.19362	-0.0394902	-0.237647	-0.381495	-0.4535	-0.462211	-0.419724	-0.347314	-0.266152	-0.186313	-0.112693	-0.0522735	-0.0147633	0.00362392	0.00435087	0.00290373	0.00520759	0.00526734	-0.00840403	-0.0105383	-0.00560863	0.00719653	0.018604	0.0136062	-0.00446244	
0.139487	0.139487	0.140544	0.141754	0.144124	0.149464	0.153715	0.166586	0.179811	0.205326	0.24144	0.292441	0.366329	0.460164	0.578583	0.713337	0.857296	0.989307	1.09666	1.15327	1.14888	1.07626	0.940758	0.752816	0.533062	0.300983	0.0771393	-0.119185	-0.260494	-0.338912	-0.358637	-0.326865	-0.267033	-0.199992	-0.13248	-0.065863	-0.0059934	0.0415283	0.0682342	0.0775413	0.0766181	0.0808386	0.0741909	0.0580717	0.0460934	0.0496613	0.0647563	0.0797372	0.0739074	0.0523744	
0.232822	0.232822	0.23409	0.234302	0.238479	0.240638	0.248823	0.25817	0.273954	0.300056	0.334285	0.389275	0.460164	0.554459	0.670998	0.800977	0.937694	1.0636	1.15865	1.20862	1.1996	1.12906	1.00219	0.832127	0.63348	0.419148	0.209213	0.0232078	-0.124213	-0.212814	-0.237321	-0.213493	-0.169821	-0.118357	-0.0661557	-0.00709689	0.0558749	0.110688	0.144782	0.160617	0.167675	0.17026	0.161497	0.139177	0.12127	0.120433	0.138409	0.155663	0.14953	0.127325	
0.358133	0.358133	0.359333	0.359448	0.362761	0.365273	0.371174	0.381005	0.394556	0.41992	0.454051	0.507155	0.578583	0.670998	0.784774	0.909529	1.03909	1.15221	1.23721	1.27414	1.26011	1.18814	1.07387	0.9187	0.739807	0.546411	0.348481	0.165287	0.0211059	-0.0687662	-0.104088	-0.0961378	-0.0670811	-0.0285882	0.0105922	0.0619831	0.121116	0.182392	0.225713	0.254457	0.265383	0.269777	0.258057	0.234936	0.208739	0.205495	0.224468	0.243233	0.239479	0.217061	
0.517431	0.517431	0.518827	0.515882	0.519275	0.51768	0.522854	0.529393	0.541064	0.564602	0.595161	0.646795	0.713337	0.800977	0.909529	1.0241	1.14516	1.24647	1.31787	1.34528	1.3224	1.24782	1.13979	0.996692	0.83672	0.664802	0.481325	0.311882	0.1654	0.0648804	0.0206717	0.0202416	0.034982	0.058812	0.0814381	0.121221	0.178804	0.248465	0.300302	0.338445	0.356679	0.364985	0.353961	0.32921	0.296995	0.292204	0.311379	0.332368	0.332364	0.313981	
0.697979	0.697979	0.698232	0.69539	0.696441	0.692772	0.695318	0.697235	0.70524	0.723025	0.749483	0.79445	0.857296	0.937694	1.03909	1.14516	1.25233	1.33925	1.39359	1.40512	1.36834	1.29202	1.18565	1.05555	0.914983	0.759728	0.590198	0.429501	0.284643	0.181449	0.130123	0.112419	0.114042	0.120683	0.130506	0.160509	0.21814	0.286226	0.348404	0.399575	0.431082	0.441665	0.434429	0.40981	0.376006	0.370899	0.389879	0.412991	0.41989	0.406664	
0.887149	0.887149	0.884757	0.881876	0.876463	0.871067	0.86716	0.863456	0.867324	0.876893	0.898161	0.936609	0.989307	1.0636	1.15221	1.24647	1.33925	1.40974	1.44593	1.44121	1.39166	1.30468	1.19996	1.07764	0.950766	0.813886	0.663475	0.512279	0.368109	0.261207	0.198705	0.16862	0.155253	0.14863	0.144052	0.162516	0.209994	0.283536	0.357164	0.421652	0.460523	0.479539	0.479349	0.456635	0.423296	0.418588	0.438424	0.463632	0.479866	0.474935	
1.05016	1.05016	1.04774	1.04135	1.03451	1.02433	1.01545	1.00713	1.00333	1.00667	1.02119	1.04962	1.09666	1.15865	1.23721	1.31787	1.39359	1.44593	1.46172	1.43859	1.37056	1.2768	1.16759	1.05085	0.93721	0.816111	0.677666	0.539778	0.401636	0.290859	0.216973	0.172974	0.146725	0.122592	0.10281	0.108292	0.153793	0.225384	0.305409	0.380593	0.436218	0.465059	0.471356	0.45196	0.423097	0.422406	0.44091	0.470786	0.496257	0.502332	
1.15196	1.15196	1.14822	1.14211	1.13208	1.12088	1.10813	1.09632	1.08792	1.08561	1.09375	1.11571	1.15327	1.20862	1.27414	1.34528	1.40512	1.44121	1.43859	1.39547	1.30934	1.20323	1.08596	0.97371	0.871351	0.763286	0.645877	0.516947	0.380396	0.267448	0.186014	0.127494	0.0849485	0.0437166	0.0106224	0.00416182	0.0373399	0.104274	0.192626	0.281049	0.348481	0.386382	0.402872	0.388187	0.3677	0.367553	0.388399	0.419981	0.456483	0.472352	
1.16399	1.16399	1.15912	1.15285	1.1402	1.12803	1.11295	1.09912	1.08951	1.08536	1.09256	1.11284	1.14888	1.1996	1.26011	1.3224	1.36834	1.39166	1.37056	1.30934	1.21206	1.09212	0.972066	0.8628	0.765949	0.670714	0.567702	0.449314	0.324669	0.211902	0.116749	0.0450175	-0.01556	-0.0738063	-0.122665	-0.144369	-0.125216	-0.0621932	0.0277044	0.122463	0.201004	0.252569	0.27589	0.26678	0.252308	0.255804	0.274905	0.309611	0.351216	0.378258	
1.05156	1.05156	1.05051	1.04269	1.03768	1.02741	1.01739	1.01069	1.00286	1.00614	1.015	1.03938	1.07626	1.12906	1.18814	1.24782	1.29202	1.30468	1.2768	1.20323	1.09212	0.961924	0.836629	0.725938	0.637938	0.55929	0.472386	0.368274	0.25095	0.136106	0.032514	-0.0523895	-0.132469	-0.206969	-0.275958	-0.314855	-0.310657	-0.256319	-0.173837	-0.0729021	0.016163	0.0789553	0.106142	0.103903	0.0966623	0.100517	0.119491	0.152957	0.197364	0.232031	
0.829405	0.829405	0.829755	0.824377	0.824221	0.818032	0.81612	0.816665	0.818	0.83315	0.852598	0.889512	0.940758	1.00219	1.07387	1.13979	1.18565	1.19996	1.16759	1.08596	0.972066	0.836629	0.709903	0.606388	0.526771	0.460409	0.389109	0.29966	0.195654	0.0819995	-0.0270873	-0.125311	-0.225609	-0.323954	-0.410144	-0.466396	-0.482326	-0.446463	-0.37021	-0.2688	-0.175365	-0.10649	-0.0745828	-0.0703376	-0.0759292	-0.0728466	-0.0572307	-0.0278521	0.0112548	0.049366	
0.515877	0.515877	0.517543	0.518323	0.523651	0.526942	0.536984	0.548285	0.566643	0.59544	0.631872	0.686813	0.752816	0.832127	0.9187	0.996692	1.05555	1.07764	1.05085	0.97371	0.8628	0.725938	0.606388	0.506591	0.437323	0.388427	0.336795	0.265565	0.177383	0.0692791	-0.0414803	-0.156439	-0.277732	-0.392817	-0.499788	-0.582225	-0.618943	-0.598164	-0.538306	-0.446557	-0.350625	-0.274705	-0.241117	-0.233693	-0.239105	-0.237115	-0.225108	-0.204199	-0.174529	-0.136635	
0.160065	0.160065	0.165682	0.168611	0.183447	0.194099	0.215978	0.24049	0.273487	0.318672	0.373553	0.44723	0.533062	0.63348	0.739807	0.83672	0.914983	0.950766	0.93721	0.871351	0.765949	0.637938	0.526771	0.437323	0.383471	0.357542	0.324256	0.279824	0.209827	0.111986	-0.000256484	-0.122956	-0.259461	-0.396127	-0.528697	-0.630656	-0.688735	-0.694837	-0.655363	-0.571837	-0.477416	-0.404133	-0.368829	-0.357359	-0.364565	-0.365352	-0.358673	-0.347961	-0.332778	-0.29881	
-0.177769	-0.177769	-0.172363	-0.164073	-0.147697	-0.12931	-0.101221	-0.0674154	-0.023282	0.0340114	0.105334	0.19362	0.300983	0.419148	0.546411	0.664802	0.759728	0.813886	0.816111	0.763286	0.670714	0.55929	0.460409	0.388427	0.357542	0.350992	0.344283	0.328401	0.281899	0.202278	0.104174	-0.0248293	-0.174874	-0.333528	-0.484776	-0.610472	-0.69182	-0.723138	-0.703861	-0.639672	-0.554499	-0.483214	-0.444169	-0.433573	-0.444405	-0.447433	-0.444322	-0.44814	-0.445791	-0.422698	
-0.458743	-0.458743	-0.453727	-0.443045	-0.426249	-0.404747	-0.372098	-0.335594	-0.282074	-0.219917	-0.138329	-0.0394902	0.0771393	0.209213	0.348481	0.481325	0.590198	0.663475	0.677666	0.645877	0.567702	0.472386	0.389109	0.336795	0.324256	0.344283	0.371201	0.390896	0.376555	0.328232	0.243969	0.115463	-0.0402505	-0.210791	-0.378476	-0.525466	-0.629566	-0.688302	-0.692952	-0.65026	-0.5746	-0.511305	-0.471405	-0.463139	-0.474958	-0.479028	-0.482736	-0.49703	-0.508578	-0.496214	
-0.660898	-0.660898	-0.656086	-0.644578	-0.629004	-0.605692	-0.575352	-0.537258	-0.485052	-0.422307	-0.339629	-0.237647	-0.119185	0.0232078	0.165287	0.311882	0.429501	0.512279	0.539778	0.516947	0.449314	0.368274	0.29966	0.265565	0.279824	0.328401	0.390896	0.446169	0.469425	0.4577	0.396366	0.287887	0.139315	-0.0381995	-0.225148	-0.386123	-0.509725	-0.588509	-0.619453	-0.598311	-0.541288	-0.486736	-0.446379	-0.441713	-0.453843	-0.462541	-0.469903	-0.496152	-0.51798	-0.522891	
-0.774336	-0.774336	-0.768759	-0.762338	-0.747541	-0.728029	-0.704407	-0.66485	-0.62266	-0.557838	-0.480028	-0.381495	-0.260494	-0.124213	0.0211059	0.1654	0.284643	0.368109	0.401636	0.380396	0.324669	0.25095	0.195654	0.177383	0.209827	0.281899	0.376555	0.469425	0.539866	0.572188	0.548661	0.469821	0.328766	0.150018	-0.0365234	-0.201862	-0.34393	-0.44068	-0.495443	-0.49501	-0.460464	-0.412378	-0.379352	-0.377297	-0.392038	-0.402096	-0.417072	-0.45168	-0.48355	-0.50731	
-0.815017	-0.815017	-0.809897	-0.804582	-0.789735	-0.774708	-0.750267	-0.717149	-0.677746	-0.617261	-0.547507	-0.4535	-0.338912	-0.212814	-0.0687662	0.0648804	0.181449	0.261207	0.290859	0.267448	0.211902	0.136106	0.0819995	0.0692791	0.111986	0.202278	0.328232	0.4577	0.572188	0.647216	0.667549	0.620205	0.505759	0.345826	0.166733	-0.00714213	-0.153684	-0.259839	-0.330064	-0.349785	-0.332331	-0.29522	-0.270892	-0.268658	-0.283285	-0.296512	-0.320095	-0.358386	-0.40104	-0.444276	
-0.780512	-0.780512	-0.775947	-0.772789	-0.75942	-0.749186	-0.726507	-0.701423	-0.664229	-0.613349	-0.549246	-0.462211	-0.358637	-0.237321	-0.104088	0.0206717	0.130123	0.198705	0.216973	0.186014	0.116749	0.032514	-0.0270873	-0.0414803	-0.000256484	0.104174	0.243969	0.396366	0.548661	0.667549	0.732722	0.729685	0.650576	0.510225	0.34258	0.176421	0.0370002	-0.0723552	-0.147833	-0.182692	-0.178634	-0.152538	-0.130903	-0.127779	-0.141762	-0.158327	-0.185599	-0.22498	-0.280984	-0.339215	
-0.676764	-0.676764	-0.67582	-0.671725	-0.666368	-0.658458	-0.642936	-0.626202	-0.593831	-0.5546	-0.496454	-0.419724	-0.326865	-0.213493	-0.0961378	0.0202416	0.112419	0.16862	0.172974	0.127494	0.0450175	-0.0523895	-0.125311	-0.156439	-0.122956	-0.0248293	0.115463	0.287887	0.469821	0.620205	0.729685	0.768931	0.721213	0.609056	0.463889	0.315014	0.186881	0.0842995	0.00874386	-0.0303116	-0.0285526	-0.00733904	0.0120706	0.0186754	0.0127688	-0.00259863	-0.026963	-0.0689899	-0.132711	-0.201095	
-0.5259	-0.5259	-0.524558	-0.526321	-0.523051	-0.521486	-0.514779	-0.503344	-0.484092	-0.454285	-0.408513	-0.347314	-0.267033	-0.169821	-0.0670811	0.034982	0.114042	0.155253	0.146725	0.0849485	-0.01556	-0.132469	-0.225609	-0.277732	-0.259461	-0.174874	-0.0402505	0.139315	0.328766	0.505759	0.650576	0.721213	0.707323	0.631111	0.508112	0.375349	0.2592	0.170195	0.106226	0.0774255	0.0792428	0.0984923	0.122476	0.145385	0.149343	0.143111	0.126947	0.0892648	0.0236971	-0.0475601	
-0.35488	-0.35488	-0.355128	-0.36119	-0.362295	-0.369583	-0.370572	-0.370281	-0.363885	-0.344778	-0.315231	-0.266152	-0.199992	-0.118357	-0.0285882	0.058812	0.120683	0.14863	0.122592	0.0437166	-0.0738063	-0.206969	-0.323954	-0.392817	-0.396127	-0.333528	-0.210791	-0.0381995	0.150018	0.345826	0.510225	0.609056	0.631111	0.578566	0.468751	0.352347	0.253596	0.180323	0.130463	0.109707	0.118798	0.145484	0.185545	0.221332	0.240663	0.25371	0.256214	0.224986	0.165049	0.0965909	
-0.209965	-0.209965	-0.212305	-0.219052	-0.226103	-0.235164	-0.244864	-0.248809	-0.252321	-0.241654	-0.222782	-0.186313	-0.13248	-0.0661557	0.0105922	0.0814381	0.130506	0.144052	0.10281	0.0106224	-0.122665	-0.275958	-0.410144	-0.499788	-0.528697	-0.484776	-0.378476	-0.225148	-0.0365234	0.166733	0.34258	0.463889	0.508112	0.468751	0.377744	0.275672	0.183247	0.115924	0.0747431	0.066664	0.0876688	0.125148	0.176342	0.226919	0.271367	0.313675	0.337771	0.319018	0.277176	0.216761	
-0.125216	-0.125216	-0.128823	-0.132871	-0.141419	-0.149629	-0.158096	-0.165333	-0.167267	-0.160982	-0.145136	-0.112693	-0.065863	-0.00709689	0.0619831	0.121221	0.160509	0.162516	0.108292	0.00416182	-0.144369	-0.314855	-0.466396	-0.582225	-0.630656	-0.610472	-0.525466	-0.386123	-0.201862	-0.00714213	0.176421	0.315014	0.375349	0.352347	0.275672	0.17384	0.0777985	0.0103935	-0.0248405	-0.0246555	0.000432424	0.0433377	0.105952	0.174986	0.246022	0.318245	0.367502	0.375671	0.358652	0.310384	
-0.105737	-0.105737	-0.105368	-0.11088	-0.111203	-0.117813	-0.119355	-0.121303	-0.11797	-0.107325	-0.0873086	-0.0522735	-0.0059934	0.0558749	0.121116	0.178804	0.21814	0.209994	0.153793	0.0373399	-0.125216	-0.310657	-0.482326	-0.618943	-0.688735	-0.69182	-0.629566	-0.509725	-0.34393	-0.153684	0.0370002	0.186881	0.2592	0.253596	0.183247	0.0777985	-0.0247069	-0.0951068	-0.137012	-0.144006	-0.124367	-0.0735814	-0.0061021	0.0736528	0.163958	0.268212	0.348966	0.394355	0.404412	0.376564	
-0.122355	-0.122355	-0.12089	-0.12469	-0.121014	-0.125042	-0.119769	-0.116921	-0.106065	-0.0869963	-0.058801	-0.0147633	0.0415283	0.110688	0.182392	0.248465	0.286226	0.283536	0.225384	0.104274	-0.0621932	-0.256319	-0.446463	-0.598164	-0.694837	-0.723138	-0.688302	-0.588509	-0.44068	-0.259839	-0.0723552	0.0842995	0.170195	0.180323	0.115924	0.0103935	-0.0951068	-0.181007	-0.242699	-0.264951	-0.246855	-0.203949	-0.146181	-0.0664716	0.0419054	0.169458	0.282071	0.366883	0.408864	0.412122	
-0.155369	-0.155369	-0.154131	-0.153505	-0.149976	-0.145966	-0.138991	-0.126952	-0.11069	-0.0837204	-0.0473678	0.00362392	0.0682342	0.144782	0.225713	0.300302	0.348404	0.357164	0.305409	0.192626	0.0277044	-0.173837	-0.37021	-0.538306	-0.655363	-0.703861	-0.692952	-0.619453	-0.495443	-0.330064	-0.147833	0.00874386	0.106226	0.130463	0.0747431	-0.0248405	-0.137012	-0.242699	-0.323502	-0.358163	-0.358556	-0.338969	-0.294904	-0.218279	-0.109734	0.0249	0.169227	0.290982	0.370354	0.409965	
-0.184272	-0.184272	-0.183167	-0.17988	-0.175607	-0.168722	-0.158927	-0.144457	-0.124344	-0.0934392	-0.0523863	0.00435087	0.0775413	0.160617	0.254457	0.338445	0.399575	0.421652	0.380593	0.281049	0.122463	-0.0729021	-0.2688	-0.446557	-0.571837	-0.639672	-0.65026	-0.598311	-0.49501	-0.349785	-0.182692	-0.0303116	0.0774255	0.109707	0.066664	-0.0246555	-0.144006	-0.264951	-0.358163	-0.415683	-0.443794	-0.445533	-0.41596	-0.360814	-0.273131	-0.137883	0.0267401	0.173662	0.284531	0.363766	
-0.195817	-0.195817	-0.19357	-0.19262	-0.18638	-0.181194	-0.170176	-0.155404	-0.133892	-0.101194	-0.0585157	0.00290373	0.0766181	0.167675	0.265383	0.356679	0.431082	0.460523	0.436218	0.348481	0.201004	0.016163	-0.175365	-0.350625	-0.477416	-0.554499	-0.5746	-0.541288	-0.460464	-0.332331	-0.178634	-0.0285526	0.0792428	0.118798	0.0876688	0.000432424	-0.124367	-0.246855	-0.358556	-0.443794	-0.496602	-0.515087	-0.512599	-0.489293	-0.426487	-0.300571	-0.13769	0.0187503	0.158429	0.273986	
-0.18902	-0.18902	-0.186737	-0.186318	-0.179661	-0.175704	-0.164193	-0.15037	-0.129284	-0.0969989	-0.0544745	0.00520759	0.0808386	0.17026	0.269777	0.364985	0.441665	0.479539	0.465059	0.386382	0.252569	0.0789553	-0.10649	-0.274705	-0.404133	-0.483214	-0.511305	-0.486736	-0.412378	-0.29522	-0.152538	-0.00733904	0.0984923	0.145484	0.125148	0.0433377	-0.0735814	-0.203949	-0.338969	-0.445533	-0.515087	-0.558767	-0.585075	-0.588644	-0.552408	-0.450469	-0.307612	-0.147595	0.0112579	0.150669	
-0.159953	-0.159953	-0.158733	-0.158235	-0.154324	-0.151234	-0.143013	-0.132405	-0.114759	-0.0875493	-0.0501785	0.00526734	0.0741909	0.161497	0.258057	0.353961	0.434429	0.479349	0.471356	0.402872	0.27589	0.106142	-0.0745828	-0.241117	-0.368829	-0.444169	-0.471405	-0.446379	-0.379352	-0.270892	-0.130903	0.0120706	0.122476	0.185545	0.176342	0.105952	-0.0061021	-0.146181	-0.294904	-0.41596	-0.512599	-0.585075	-0.633875	-0.664307	-0.657779	-0.589859	-0.471019	-0.318603	-0.154117	-0.00549058	
-0.113791	-0.113791	-0.114652	-0.116435	-0.11822	-0.1198	-0.119639	-0.115566	-0.106431	-0.0869152	-0.0556934	-0.00840403	0.0580717	0.139177	0.234936	0.32921	0.40981	0.456635	0.45196	0.388187	0.26678	0.103903	-0.0703376	-0.233693	-0.357359	-0.433573	-0.463139	-0.441713	-0.377297	-0.268658	-0.127779	0.0186754	0.145385	0.221332	0.226919	0.174986	0.0736528	-0.0664716	-0.218279	-0.360814	-0.489293	-0.588644	-0.664307	-0.723352	-0.74888	-0.716825	-0.629974	-0.493909	-0.337637	-0.189522	
-0.090059	-0.090059	-0.0909863	-0.0943732	-0.0964636	-0.100734	-0.101422	-0.100757	-0.0941112	-0.0784534	-0.0534523	-0.0105383	0.0460934	0.12127	0.208739	0.296995	0.376006	0.423296	0.423097	0.3677	0.252308	0.0966623	-0.0759292	-0.239105	-0.364565	-0.444405	-0.474958	-0.453843	-0.392038	-0.283285	-0.141762	0.0127688	0.149343	0.240663	0.271367	0.246022	0.163958	0.0419054	-0.109734	-0.273131	-0.426487	-0.552408	-0.657779	-0.74888	-0.810675	-0.820877	-0.766144	-0.655993	-0.520764	-0.378736	
-0.101838	-0.101838	-0.101745	-0.101789	-0.101355	-0.100637	-0.0986605	-0.0940534	-0.0858662	-0.0699025	-0.0447978	-0.00560863	0.0496613	0.120433	0.205495	0.292204	0.370899	0.418588	0.422406	0.367553	0.255804	0.100517	-0.0728466	-0.237115	-0.365352	-0.447433	-0.479028	-0.462541	-0.402096	-0.296512	-0.158327	-0.00259863	0.143111	0.25371	0.313675	0.318245	0.268212	0.169458	0.0249	-0.137883	-0.300571	-0.450469	-0.589859	-0.716825	-0.820877	-0.868457	-0.852676	-0.785553	-0.682132	-0.551652	
-0.121709	-0.121709	-0.12071	-0.119894	-0.11671	-0.114171	-0.10782	-0.100062	-0.0868893	-0.0662157	-0.0370858	0.00719653	0.0647563	0.138409	0.224468	0.311379	0.389879	0.438424	0.44091	0.388399	0.274905	0.119491	-0.0572307	-0.225108	-0.358673	-0.444322	-0.482736	-0.469903	-0.417072	-0.320095	-0.185599	-0.026963	0.126947	0.256214	0.337771	0.367502	0.348966	0.282071	0.169227	0.0267401	-0.13769	-0.307612	-0.471019	-0.629974	-0.766144	-0.852676	-0.889938	-0.874446	-0.803129	-0.691492	
-0.133572	-0.133572	-0.133228	-0.129928	-0.127679	-0.121337	-0.114107	-0.102642	-0.0858127	-0.0621739	-0.0281043	0.018604	0.0797372	0.155663	0.243233	0.332368	0.412991	0.463632	0.470786	0.419981	0.309611	0.152957	-0.0278521	-0.204199	-0.347961	-0.44814	-0.49703	-0.496152	-0.45168	-0.358386	-0.22498	-0.0689899	0.0892648	0.224986	0.319018	0.375671	0.394355	0.366883	0.290982	0.173662	0.0187503	-0.147595	-0.318603	-0.493909	-0.655993	-0.785553	-0.874446	-0.901083	-0.865178	-0.795557	
-0.126007	-0.126007	-0.125123	-0.12363	-0.120644	-0.116526	-0.109887	-0.10007	-0.0853623	-0.0632181	-0.031443	0.0136062	0.0739074	0.14953	0.239479	0.332364	0.41989	0.479866	0.496257	0.456483	0.351216	0.197364	0.0112548	-0.174529	-0.332778	-0.445791	-0.508578	-0.51798	-0.48355	-0.40104	-0.280984	-0.132711	0.0236971	0.165049	0.277176	0.358652	0.404412	0.408864	0.370354	0.284531	0.158429	0.0112579	-0.154117	-0.337637	-0.520764	-0.682132	-0.803129	-0.865178	-0.884096	-0.867357	
-0.102719	-0.102719	-0.104062	-0.102763	-0.104967	-0.103302	-0.102165	-0.0978941	-0.0880447	-0.072334	-0.045146	-0.00446244	0.0523744	0.127325	0.217061	0.313981	0.406664	0.474935	0.502332	0.472352	0.378258	0.232031	0.049366	-0.136635	-0.29881	-0.422698	-0.496214	-0.522891	-0.50731	-0.444276	-0.339215	-0.201095	-0.0475601	0.0965909	0.216761	0.310384	0.376564	0.412122	0.409965	0.363766	0.273986	0.150669	-0.00549058	-0.189522	-0.378736	-0.551652	-0.691492	-0.795557	-0.867357	-0.895791	
