-0.443714	-0.443714	-0.446378	-0.431804	-0.386849	-0.334571	-0.296822	-0.277143	-0.26674	-0.273354	-0.305609	-0.377037	-0.48115	-0.590612	-0.683043	-0.746202	-0.771578	-0.753525	-0.682546	-0.544821	-0.336473	-0.0751539	0.208449	0.481358	0.744435	0.987001	1.16792	1.26127	1.26724	1.20975	1.11862	1.01697	0.891236	0.744359	0.582393	0.421115	0.281781	0.168381	0.0694175	-0.0183857	-0.0890191	-0.14244	-0.193773	-0.234085	-0.250817	-0.232508	-0.187991	-0.133128	-0.101944	-0.119885	
-0.443714	-0.443714	-0.446378	-0.431804	-0.386849	-0.334571	-0.296822	-0.277143	-0.26674	-0.273354	-0.305609	-0.377037	-0.48115	-0.590612	-0.683043	-0.746202	-0.771578	-0.753525	-0.682546	-0.544821	-0.336473	-0.0751539	0.208449	0.481358	0.744435	0.987001	1.16792	1.26127	1.26724	1.20975	1.11862	1.01697	0.891236	0.744359	0.582393	0.421115	0.281781	0.168381	0.0694175	-0.0183857	-0.0890191	-0.14244	-0.193773	-0.234085	-0.250817	-0.232508	-0.187991	-0.133128	-0.101944	-0.119885	
-0.446378	-0.446378	-0.44612	-0.427265	-0.383844	-0.340927	-0.315048	-0.298515	-0.287465	-0.297604	-0.338369	-0.408125	-0.495422	-0.583268	-0.662713	-0.722085	-0.744017	-0.719641	-0.642241	-0.502842	-0.298812	-0.0464185	0.225172	0.486322	0.735685	0.961334	1.12313	1.20371	1.20923	1.16136	1.08009	0.98457	0.86478	0.728933	0.579691	0.427947	0.292348	0.181059	0.0845575	0.000917541	-0.0662097	-0.116743	-0.16899	-0.213759	-0.23676	-0.226755	-0.195453	-0.159009	-0.141755	-0.157172	
-0.431804	-0.431804	-0.427265	-0.406896	-0.370618	-0.345703	-0.335311	-0.327473	-0.319335	-0.339172	-0.389031	-0.455636	-0.519746	-0.57732	-0.633188	-0.677353	-0.686962	-0.648607	-0.561489	-0.421557	-0.228112	0.00446467	0.252522	0.488318	0.712062	0.908597	1.04463	1.11045	1.11925	1.08578	1.01951	0.932551	0.822785	0.702612	0.574628	0.439985	0.314461	0.207661	0.117	0.0388766	-0.0223259	-0.071446	-0.124834	-0.176411	-0.210593	-0.215212	-0.204574	-0.193131	-0.192588	-0.203245	
-0.386849	-0.386849	-0.383844	-0.370618	-0.350846	-0.341966	-0.348593	-0.355059	-0.363667	-0.391669	-0.443477	-0.502257	-0.551435	-0.583331	-0.605605	-0.617032	-0.599962	-0.544101	-0.447416	-0.309943	-0.133446	0.069949	0.279487	0.47611	0.660116	0.823942	0.938484	0.999236	1.01484	0.994885	0.941427	0.866357	0.7689	0.666502	0.559676	0.448165	0.340206	0.246083	0.163341	0.0943434	0.038294	-0.00964998	-0.0694885	-0.13087	-0.178375	-0.204838	-0.220499	-0.228671	-0.231952	-0.233496	
-0.334571	-0.334571	-0.340927	-0.345703	-0.341966	-0.346664	-0.36582	-0.396933	-0.425132	-0.457942	-0.495641	-0.541322	-0.577791	-0.587201	-0.569739	-0.534728	-0.482135	-0.404512	-0.300158	-0.168682	-0.015552	0.146642	0.304847	0.445487	0.579582	0.705494	0.804548	0.865457	0.889694	0.880321	0.843318	0.78706	0.709936	0.623488	0.535484	0.447023	0.365212	0.291738	0.225774	0.165626	0.114217	0.0615866	-0.00491164	-0.0781561	-0.145084	-0.195999	-0.234293	-0.255008	-0.260173	-0.259508	
-0.296822	-0.296822	-0.315048	-0.335311	-0.348593	-0.36582	-0.404353	-0.454036	-0.49919	-0.529784	-0.553563	-0.574938	-0.586307	-0.566792	-0.513857	-0.439207	-0.348874	-0.246018	-0.132275	-0.0110638	0.11213	0.228468	0.327567	0.407431	0.483708	0.56878	0.647178	0.70507	0.733306	0.735807	0.719888	0.692781	0.641962	0.574175	0.500169	0.433831	0.381344	0.338925	0.293341	0.244617	0.193326	0.137445	0.0625835	-0.0236241	-0.108251	-0.182087	-0.237986	-0.266361	-0.273789	-0.278952	
-0.277143	-0.277143	-0.298515	-0.327473	-0.355059	-0.396933	-0.454036	-0.515596	-0.561632	-0.593604	-0.604526	-0.595415	-0.563589	-0.509018	-0.430911	-0.329584	-0.210114	-0.0846402	0.0326291	0.138807	0.232418	0.304839	0.348187	0.365295	0.385566	0.427323	0.482147	0.529463	0.559142	0.573176	0.582409	0.587007	0.570291	0.528221	0.473705	0.424516	0.393256	0.372506	0.347384	0.3076	0.259619	0.201953	0.126558	0.0334987	-0.0649933	-0.147523	-0.204538	-0.23595	-0.256591	-0.279231	
-0.26674	-0.26674	-0.287465	-0.319335	-0.363667	-0.425132	-0.49919	-0.561632	-0.606693	-0.63063	-0.626655	-0.584216	-0.513518	-0.42583	-0.323766	-0.202974	-0.0677506	0.0623313	0.172051	0.260488	0.327817	0.362649	0.354065	0.317488	0.289573	0.295172	0.322958	0.35476	0.38077	0.405824	0.436423	0.470875	0.491006	0.486935	0.461561	0.429972	0.407899	0.397364	0.381388	0.350449	0.305324	0.249979	0.174894	0.0795378	-0.0172072	-0.0944251	-0.142502	-0.171785	-0.20132	-0.241703	
-0.273354	-0.273354	-0.297604	-0.339172	-0.391669	-0.457942	-0.529784	-0.593604	-0.63063	-0.635388	-0.601795	-0.534373	-0.43835	-0.322044	-0.191766	-0.055504	0.07804	0.19706	0.290949	0.356592	0.390182	0.38149	0.329261	0.256744	0.200192	0.174564	0.171664	0.180404	0.202639	0.241017	0.295505	0.35612	0.409365	0.443858	0.454215	0.444314	0.428322	0.415258	0.401776	0.375357	0.334665	0.277759	0.202996	0.1159	0.0341701	-0.0233016	-0.0589459	-0.0899273	-0.132563	-0.189616	
-0.305609	-0.305609	-0.338369	-0.389031	-0.443477	-0.495641	-0.553563	-0.604526	-0.626655	-0.601795	-0.541701	-0.454735	-0.340557	-0.198894	-0.0484415	0.0904904	0.211488	0.313314	0.38704	0.419797	0.406223	0.350796	0.268231	0.183333	0.113486	0.0627951	0.0289013	0.0177848	0.0387032	0.0929435	0.169078	0.249314	0.325198	0.386788	0.426358	0.437763	0.428642	0.412958	0.396507	0.376825	0.345471	0.295253	0.227514	0.153148	0.0941628	0.0530271	0.0218681	-0.0139542	-0.062861	-0.131692	
-0.377037	-0.377037	-0.408125	-0.455636	-0.502257	-0.541322	-0.574938	-0.595415	-0.584216	-0.534373	-0.454735	-0.348909	-0.212284	-0.0552377	0.100053	0.232974	0.338636	0.415187	0.45579	0.447251	0.388934	0.297765	0.196201	0.102731	0.0210639	-0.0477205	-0.0950582	-0.110518	-0.084933	-0.0213402	0.0673406	0.160787	0.249986	0.325686	0.379358	0.404272	0.400627	0.380837	0.364467	0.356295	0.344577	0.312107	0.260476	0.206844	0.166036	0.136047	0.106694	0.0676778	0.012834	-0.0651523	
-0.48115	-0.48115	-0.495422	-0.519746	-0.551435	-0.577791	-0.586307	-0.563589	-0.513518	-0.43835	-0.340557	-0.212284	-0.061199	0.0964862	0.245867	0.372565	0.457285	0.492754	0.484705	0.434839	0.348438	0.239193	0.123548	0.0144658	-0.0821116	-0.157363	-0.1989	-0.201818	-0.168298	-0.102148	-0.00935119	0.0903189	0.186986	0.262219	0.31496	0.343923	0.350115	0.339387	0.327458	0.324831	0.325344	0.31405	0.291598	0.262552	0.239405	0.217896	0.194928	0.159077	0.101476	0.0133035	
-0.590612	-0.590612	-0.583268	-0.57732	-0.583331	-0.587201	-0.566792	-0.509018	-0.42583	-0.322044	-0.198894	-0.0552377	0.0964862	0.242541	0.379676	0.489097	0.543105	0.530808	0.471796	0.381691	0.273034	0.15476	0.0301025	-0.0898862	-0.194106	-0.267031	-0.294934	-0.28095	-0.235873	-0.164586	-0.0685234	0.0341078	0.127291	0.193795	0.237014	0.26834	0.288597	0.292594	0.28638	0.280005	0.277627	0.279334	0.286932	0.294944	0.297551	0.290993	0.279006	0.247639	0.184475	0.0883096	
-0.683043	-0.683043	-0.662713	-0.633188	-0.605605	-0.569739	-0.513857	-0.430911	-0.323766	-0.191766	-0.0484415	0.100053	0.245867	0.379676	0.490865	0.566158	0.584549	0.536438	0.437169	0.308807	0.176877	0.0493569	-0.0768331	-0.196446	-0.296419	-0.360902	-0.376937	-0.350804	-0.297718	-0.221893	-0.123096	-0.0232587	0.068234	0.130788	0.170259	0.199847	0.227356	0.242959	0.240838	0.227425	0.219221	0.229567	0.262954	0.297946	0.32239	0.333802	0.33716	0.314761	0.25576	0.163525	
-0.746202	-0.746202	-0.722085	-0.677353	-0.617032	-0.534728	-0.439207	-0.329584	-0.202974	-0.055504	0.0904904	0.232974	0.372565	0.489097	0.566158	0.601324	0.589602	0.516351	0.393466	0.244585	0.0970486	-0.0394228	-0.16825	-0.281804	-0.369665	-0.420055	-0.426619	-0.399515	-0.349751	-0.275948	-0.180988	-0.0845659	0.00873464	0.0807122	0.125527	0.153657	0.176774	0.191126	0.194051	0.189561	0.18628	0.198589	0.234796	0.279222	0.316627	0.339537	0.354302	0.344773	0.304517	0.236947	
-0.771578	-0.771578	-0.744017	-0.686962	-0.599962	-0.482135	-0.348874	-0.210114	-0.0677506	0.07804	0.211488	0.338636	0.457285	0.543105	0.584549	0.589602	0.551323	0.46004	0.336051	0.192642	0.0421654	-0.105187	-0.236451	-0.340903	-0.412038	-0.449416	-0.455545	-0.436975	-0.394648	-0.325293	-0.236224	-0.147499	-0.0527671	0.0288606	0.0850867	0.117211	0.137	0.147304	0.153437	0.158969	0.164999	0.176294	0.201426	0.235905	0.272701	0.304858	0.332106	0.341536	0.332174	0.30447	
-0.753525	-0.753525	-0.719641	-0.648607	-0.544101	-0.404512	-0.246018	-0.0846402	0.0623313	0.19706	0.313314	0.415187	0.492754	0.530808	0.536438	0.516351	0.46004	0.368542	0.2659	0.142887	-0.00598446	-0.157182	-0.283019	-0.371803	-0.42885	-0.464339	-0.481111	-0.473706	-0.438099	-0.374912	-0.295823	-0.217108	-0.127476	-0.0392839	0.0326882	0.0792954	0.10356	0.111074	0.117963	0.13318	0.145367	0.146688	0.151274	0.169176	0.200116	0.233251	0.274718	0.313396	0.342788	0.354267	
-0.682546	-0.682546	-0.642241	-0.561489	-0.447416	-0.300158	-0.132275	0.0326291	0.172051	0.290949	0.38704	0.45579	0.484705	0.471796	0.437169	0.393466	0.336051	0.2659	0.194533	0.0949001	-0.038611	-0.177369	-0.288141	-0.364635	-0.417888	-0.462609	-0.493754	-0.500963	-0.484204	-0.443295	-0.38128	-0.309805	-0.217818	-0.11673	-0.0260685	0.0393865	0.079296	0.0958593	0.10769	0.127035	0.137657	0.126529	0.107483	0.103012	0.116645	0.147528	0.203879	0.271493	0.332948	0.374283	
-0.544821	-0.544821	-0.502842	-0.421557	-0.309943	-0.168682	-0.0110638	0.138807	0.260488	0.356592	0.419797	0.447251	0.434839	0.381691	0.308807	0.244585	0.192642	0.142887	0.0949001	0.0276619	-0.0671713	-0.171689	-0.261818	-0.330605	-0.388847	-0.443035	-0.486341	-0.513673	-0.529553	-0.521751	-0.480713	-0.414854	-0.314728	-0.198956	-0.0918474	-0.00556659	0.0589555	0.0963683	0.118854	0.137357	0.136228	0.106638	0.072854	0.0540915	0.0527367	0.0708455	0.125986	0.203217	0.27872	0.338252	
-0.336473	-0.336473	-0.298812	-0.228112	-0.133446	-0.015552	0.11213	0.232418	0.327817	0.390182	0.406223	0.388934	0.348438	0.273034	0.176877	0.0970486	0.0421654	-0.00598446	-0.038611	-0.0671713	-0.107432	-0.162085	-0.218329	-0.279422	-0.346468	-0.414362	-0.47176	-0.520307	-0.560475	-0.575473	-0.55548	-0.500788	-0.402681	-0.281708	-0.162466	-0.0524062	0.0441127	0.106958	0.137562	0.144435	0.121767	0.0793171	0.0384786	0.0152796	0.0045647	0.0117166	0.0554596	0.122695	0.195464	0.269528	
-0.0751539	-0.0751539	-0.0464185	0.00446467	0.069949	0.146642	0.228468	0.304839	0.362649	0.38149	0.350796	0.297765	0.239193	0.15476	0.0493569	-0.0394228	-0.105187	-0.157182	-0.177369	-0.171689	-0.162085	-0.157432	-0.168549	-0.213788	-0.29032	-0.373114	-0.448203	-0.50883	-0.555626	-0.582308	-0.582944	-0.55215	-0.47423	-0.363601	-0.23919	-0.108748	0.0150898	0.105595	0.1481	0.146242	0.110849	0.0595216	0.0149032	-0.0130839	-0.0296017	-0.0296776	0.00152401	0.0528513	0.114325	0.190789	
0.208449	0.208449	0.225172	0.252522	0.279487	0.304847	0.327567	0.348187	0.354065	0.329261	0.268231	0.196201	0.123548	0.0301025	-0.0768331	-0.16825	-0.236451	-0.283019	-0.288141	-0.261818	-0.218329	-0.168549	-0.138311	-0.164393	-0.236354	-0.326643	-0.41003	-0.475903	-0.526414	-0.562705	-0.58293	-0.579181	-0.532238	-0.440436	-0.318654	-0.182452	-0.040446	0.0730111	0.131447	0.13737	0.105278	0.056244	0.00889962	-0.0235356	-0.0461968	-0.0547275	-0.0358265	-0.00213469	0.0423234	0.107661	
0.481358	0.481358	0.486322	0.488318	0.47611	0.445487	0.407431	0.365295	0.317488	0.256744	0.183333	0.102731	0.0144658	-0.0898862	-0.196446	-0.281804	-0.340903	-0.371803	-0.364635	-0.330605	-0.279422	-0.213788	-0.164393	-0.16604	-0.219426	-0.295552	-0.373049	-0.439278	-0.496031	-0.540562	-0.573848	-0.593956	-0.572051	-0.495547	-0.386949	-0.257464	-0.114759	0.00632424	0.0757361	0.0986343	0.0891642	0.0574371	0.0192303	-0.0138544	-0.0455609	-0.0675273	-0.069752	-0.0552503	-0.0281158	0.0154924	
0.744435	0.744435	0.735685	0.712062	0.660116	0.579582	0.483708	0.385566	0.289573	0.200192	0.113486	0.0210639	-0.0821116	-0.194106	-0.296419	-0.369665	-0.412038	-0.42885	-0.417888	-0.388847	-0.346468	-0.29032	-0.236354	-0.219426	-0.243543	-0.293693	-0.353096	-0.416207	-0.475418	-0.523752	-0.568309	-0.602014	-0.58982	-0.526033	-0.433361	-0.322802	-0.197132	-0.0859295	-0.0046189	0.0476786	0.0676989	0.060915	0.0399009	0.0111759	-0.0280935	-0.0717531	-0.0978814	-0.101653	-0.0936207	-0.0763094	
0.987001	0.987001	0.961334	0.908597	0.823942	0.705494	0.56878	0.427323	0.295172	0.174564	0.0627951	-0.0477205	-0.157363	-0.267031	-0.360902	-0.420055	-0.449416	-0.464339	-0.462609	-0.443035	-0.414362	-0.373114	-0.326643	-0.295552	-0.293693	-0.313966	-0.352637	-0.403232	-0.455364	-0.506151	-0.556536	-0.588912	-0.579375	-0.530634	-0.46321	-0.378761	-0.280861	-0.178398	-0.079581	0.00287102	0.0563246	0.074255	0.0646046	0.0421263	0.00134215	-0.0567696	-0.108257	-0.137418	-0.157011	-0.167846	
1.16792	1.16792	1.12313	1.04463	0.938484	0.804548	0.647178	0.482147	0.322958	0.171664	0.0289013	-0.0950582	-0.1989	-0.294934	-0.376937	-0.426619	-0.455545	-0.481111	-0.493754	-0.486341	-0.47176	-0.448203	-0.41003	-0.373049	-0.353096	-0.352637	-0.368089	-0.396552	-0.434886	-0.481437	-0.525525	-0.551538	-0.548325	-0.519707	-0.47487	-0.420434	-0.346357	-0.246255	-0.1326	-0.028181	0.0473087	0.0817327	0.0878282	0.0765427	0.0357378	-0.0363461	-0.10936	-0.170532	-0.223654	-0.256846	
1.26127	1.26127	1.20371	1.11045	0.999236	0.865457	0.70507	0.529463	0.35476	0.180404	0.0177848	-0.110518	-0.201818	-0.28095	-0.350804	-0.399515	-0.436975	-0.473706	-0.500963	-0.513673	-0.520307	-0.50883	-0.475903	-0.439278	-0.416207	-0.403232	-0.396552	-0.402116	-0.422712	-0.45498	-0.488805	-0.517173	-0.528327	-0.515973	-0.490986	-0.453702	-0.387604	-0.291014	-0.178711	-0.0654747	0.0288829	0.0824718	0.106019	0.104413	0.0627822	-0.0161341	-0.110414	-0.204822	-0.286661	-0.337705	
1.26724	1.26724	1.20923	1.11925	1.01484	0.889694	0.733306	0.559142	0.38077	0.202639	0.0387032	-0.084933	-0.168298	-0.235873	-0.297718	-0.349751	-0.394648	-0.438099	-0.484204	-0.529553	-0.560475	-0.555626	-0.526414	-0.496031	-0.475418	-0.455364	-0.434886	-0.422712	-0.420822	-0.434087	-0.464978	-0.506529	-0.532836	-0.537806	-0.529008	-0.497643	-0.432354	-0.340236	-0.23195	-0.11681	-0.0119427	0.069214	0.124378	0.133691	0.0920869	0.00872405	-0.10307	-0.226233	-0.336141	-0.408704	
1.20975	1.20975	1.16136	1.08578	0.994885	0.880321	0.735807	0.573176	0.405824	0.241017	0.0929435	-0.0213402	-0.102148	-0.164586	-0.221893	-0.275948	-0.325293	-0.374912	-0.443295	-0.521751	-0.575473	-0.582308	-0.562705	-0.540562	-0.523752	-0.506151	-0.481437	-0.45498	-0.434087	-0.437788	-0.471008	-0.520486	-0.558723	-0.582852	-0.585042	-0.552661	-0.487382	-0.398764	-0.292799	-0.179283	-0.0609365	0.0508625	0.133088	0.156903	0.124981	0.0398751	-0.0858987	-0.227848	-0.359574	-0.453576	
1.11862	1.11862	1.08009	1.01951	0.941427	0.843318	0.719888	0.582409	0.436423	0.295505	0.169078	0.0673406	-0.00935119	-0.0685234	-0.123096	-0.180988	-0.236224	-0.295823	-0.38128	-0.480713	-0.55548	-0.582944	-0.58293	-0.573848	-0.568309	-0.556536	-0.525525	-0.488805	-0.464978	-0.471008	-0.502953	-0.549538	-0.592746	-0.624089	-0.631656	-0.606825	-0.549766	-0.461321	-0.356913	-0.245971	-0.114924	0.0221647	0.126398	0.167291	0.145993	0.0615549	-0.0660912	-0.212672	-0.351605	-0.455579	
1.01697	1.01697	0.98457	0.932551	0.866357	0.78706	0.692781	0.587007	0.470875	0.35612	0.249314	0.160787	0.0903189	0.0341078	-0.0232587	-0.0845659	-0.147499	-0.217108	-0.309805	-0.414854	-0.500788	-0.55215	-0.579181	-0.593956	-0.602014	-0.588912	-0.551538	-0.517173	-0.506529	-0.520486	-0.549538	-0.591152	-0.625418	-0.650703	-0.66184	-0.653908	-0.612187	-0.532827	-0.432116	-0.313812	-0.169993	-0.0271675	0.0873358	0.145501	0.136552	0.0622576	-0.0531378	-0.189965	-0.319325	-0.421055	
0.891236	0.891236	0.86478	0.822785	0.7689	0.709936	0.641962	0.570291	0.491006	0.409365	0.325198	0.249986	0.186986	0.127291	0.068234	0.00873464	-0.0527671	-0.127476	-0.217818	-0.314728	-0.402681	-0.47423	-0.532238	-0.572051	-0.58982	-0.579375	-0.548325	-0.528327	-0.532836	-0.558723	-0.592746	-0.625418	-0.640385	-0.653323	-0.670844	-0.680497	-0.657568	-0.596948	-0.503419	-0.379256	-0.236362	-0.0974354	0.0230339	0.0941539	0.101409	0.0466973	-0.045486	-0.155423	-0.257919	-0.348613	
0.744359	0.744359	0.728933	0.702612	0.666502	0.623488	0.574175	0.528221	0.486935	0.443858	0.386788	0.325686	0.262219	0.193795	0.130788	0.0807122	0.0288606	-0.0392839	-0.11673	-0.198956	-0.281708	-0.363601	-0.440436	-0.495547	-0.526033	-0.530634	-0.519707	-0.515973	-0.537806	-0.582852	-0.624089	-0.650703	-0.653323	-0.66081	-0.678569	-0.693195	-0.69071	-0.653901	-0.572836	-0.455316	-0.325296	-0.194627	-0.0709954	0.0101617	0.0336058	0.0046475	-0.055074	-0.126748	-0.19532	-0.262593	
0.582393	0.582393	0.579691	0.574628	0.559676	0.535484	0.500169	0.473705	0.461561	0.454215	0.426358	0.379358	0.31496	0.237014	0.170259	0.125527	0.0850867	0.0326882	-0.0260685	-0.0918474	-0.162466	-0.23919	-0.318654	-0.386949	-0.433361	-0.46321	-0.47487	-0.490986	-0.529008	-0.585042	-0.631656	-0.66184	-0.670844	-0.678569	-0.688631	-0.701233	-0.711372	-0.700725	-0.647604	-0.556925	-0.447362	-0.325652	-0.203232	-0.113217	-0.0695671	-0.0730281	-0.0949688	-0.119018	-0.146649	-0.184411	
0.421115	0.421115	0.427947	0.439985	0.448165	0.447023	0.433831	0.424516	0.429972	0.444314	0.437763	0.404272	0.343923	0.26834	0.199847	0.153657	0.117211	0.0792954	0.0393865	-0.00556659	-0.0524062	-0.108748	-0.182452	-0.257464	-0.322802	-0.378761	-0.420434	-0.453702	-0.497643	-0.552661	-0.606825	-0.653908	-0.680497	-0.693195	-0.701233	-0.711916	-0.729637	-0.739947	-0.720129	-0.66707	-0.584851	-0.47899	-0.364524	-0.266661	-0.203142	-0.173516	-0.154859	-0.140189	-0.127844	-0.122433	
0.281781	0.281781	0.292348	0.314461	0.340206	0.365212	0.381344	0.393256	0.407899	0.428322	0.428642	0.400627	0.350115	0.288597	0.227356	0.176774	0.137	0.10356	0.079296	0.0589555	0.0441127	0.0150898	-0.040446	-0.114759	-0.197132	-0.280861	-0.346357	-0.387604	-0.432354	-0.487382	-0.549766	-0.612187	-0.657568	-0.69071	-0.711372	-0.729637	-0.750676	-0.775985	-0.787065	-0.767393	-0.716044	-0.634414	-0.531663	-0.425368	-0.339899	-0.278348	-0.219612	-0.167226	-0.1153	-0.0653493	
0.168381	0.168381	0.181059	0.207661	0.246083	0.291738	0.338925	0.372506	0.397364	0.415258	0.412958	0.380837	0.339387	0.292594	0.242959	0.191126	0.147304	0.111074	0.0958593	0.0963683	0.106958	0.105595	0.0730111	0.00632424	-0.0859295	-0.178398	-0.246255	-0.291014	-0.340236	-0.398764	-0.461321	-0.532827	-0.596948	-0.653901	-0.700725	-0.739947	-0.775985	-0.817384	-0.855259	-0.866613	-0.842106	-0.780423	-0.686912	-0.574876	-0.46776	-0.37014	-0.278862	-0.196196	-0.102714	-0.00397279	
0.0694175	0.0694175	0.0845575	0.117	0.163341	0.225774	0.293341	0.347384	0.381388	0.401776	0.396507	0.364467	0.327458	0.28638	0.240838	0.194051	0.153437	0.117963	0.10769	0.118854	0.137562	0.1481	0.131447	0.0757361	-0.0046189	-0.079581	-0.1326	-0.178711	-0.23195	-0.292799	-0.356913	-0.432116	-0.503419	-0.572836	-0.647604	-0.720129	-0.787065	-0.855259	-0.919166	-0.952275	-0.945918	-0.897373	-0.809825	-0.697085	-0.57835	-0.458498	-0.338525	-0.216681	-0.0818987	0.0523118	
-0.0183857	-0.0183857	0.000917541	0.0388766	0.0943434	0.165626	0.244617	0.3076	0.350449	0.375357	0.376825	0.356295	0.324831	0.280005	0.227425	0.189561	0.158969	0.13318	0.127035	0.137357	0.144435	0.146242	0.13737	0.0986343	0.0476786	0.00287102	-0.028181	-0.0654747	-0.11681	-0.179283	-0.245971	-0.313812	-0.379256	-0.455316	-0.556925	-0.66707	-0.767393	-0.866613	-0.952275	-1.00237	-1.0033	-0.961949	-0.88628	-0.782353	-0.663794	-0.535197	-0.392012	-0.226843	-0.0516947	0.107593	
-0.0890191	-0.0890191	-0.0662097	-0.0223259	0.038294	0.114217	0.193326	0.259619	0.305324	0.334665	0.345471	0.344577	0.325344	0.277627	0.219221	0.18628	0.164999	0.145367	0.137657	0.136228	0.121767	0.110849	0.105278	0.0891642	0.0676989	0.0563246	0.0473087	0.0288829	-0.0119427	-0.0609365	-0.114924	-0.169993	-0.236362	-0.325296	-0.447362	-0.584851	-0.716044	-0.842106	-0.945918	-1.0033	-1.00992	-0.977237	-0.915222	-0.827735	-0.72094	-0.593098	-0.42288	-0.219965	-0.0219129	0.148625	
-0.14244	-0.14244	-0.116743	-0.071446	-0.00964998	0.0615866	0.137445	0.201953	0.249979	0.277759	0.295253	0.312107	0.31405	0.279334	0.229567	0.198589	0.176294	0.146688	0.126529	0.106638	0.0793171	0.0595216	0.056244	0.0574371	0.060915	0.074255	0.0817327	0.0824718	0.069214	0.0508625	0.0221647	-0.0271675	-0.0974354	-0.194627	-0.325652	-0.47899	-0.634414	-0.780423	-0.897373	-0.961949	-0.977237	-0.959036	-0.914893	-0.841102	-0.746936	-0.617475	-0.431602	-0.20815	-0.000546248	0.172115	
-0.193773	-0.193773	-0.16899	-0.124834	-0.0694885	-0.00491164	0.0625835	0.126558	0.174894	0.202996	0.227514	0.260476	0.291598	0.286932	0.262954	0.234796	0.201426	0.151274	0.107483	0.072854	0.0384786	0.0149032	0.00889962	0.0192303	0.0399009	0.0646046	0.0878282	0.106019	0.124378	0.133088	0.126398	0.0873358	0.0230339	-0.0709954	-0.203232	-0.364524	-0.531663	-0.686912	-0.809825	-0.88628	-0.915222	-0.914893	-0.880906	-0.814978	-0.723132	-0.597408	-0.4152	-0.198108	0.00366742	0.166355	
-0.234085	-0.234085	-0.213759	-0.176411	-0.13087	-0.0781561	-0.0236241	0.0334987	0.0795378	0.1159	0.153148	0.206844	0.262552	0.294944	0.297946	0.279222	0.235905	0.169176	0.103012	0.0540915	0.0152796	-0.0130839	-0.0235356	-0.0138544	0.0111759	0.0421263	0.0765427	0.104413	0.133691	0.156903	0.167291	0.145501	0.0941539	0.0101617	-0.113217	-0.266661	-0.425368	-0.574876	-0.697085	-0.782353	-0.827735	-0.841102	-0.814978	-0.749063	-0.659897	-0.541917	-0.36918	-0.170502	0.0146615	0.162836	
-0.250817	-0.250817	-0.23676	-0.210593	-0.178375	-0.145084	-0.108251	-0.0649933	-0.0172072	0.0341701	0.0941628	0.166036	0.239405	0.297551	0.32239	0.316627	0.272701	0.200116	0.116645	0.0527367	0.0045647	-0.0296017	-0.0461968	-0.0455609	-0.0280935	0.00134215	0.0357378	0.0627822	0.0920869	0.124981	0.145993	0.136552	0.101409	0.0336058	-0.0695671	-0.203142	-0.339899	-0.46776	-0.57835	-0.663794	-0.72094	-0.746936	-0.723132	-0.659897	-0.566387	-0.446981	-0.284127	-0.100906	0.0644137	0.186442	
-0.232508	-0.232508	-0.226755	-0.215212	-0.204838	-0.195999	-0.182087	-0.147523	-0.0944251	-0.0233016	0.0530271	0.136047	0.217896	0.290993	0.333802	0.339537	0.304858	0.233251	0.147528	0.0708455	0.0117166	-0.0296776	-0.0547275	-0.0675273	-0.0717531	-0.0567696	-0.0363461	-0.0161341	0.00872405	0.0398751	0.0615549	0.0622576	0.0466973	0.0046475	-0.0730281	-0.173516	-0.278348	-0.37014	-0.458498	-0.535197	-0.593098	-0.617475	-0.597408	-0.541917	-0.446981	-0.319126	-0.164585	0.00328872	0.14901	0.246928	
-0.187991	-0.187991	-0.195453	-0.204574	-0.220499	-0.234293	-0.237986	-0.204538	-0.142502	-0.0589459	0.0218681	0.106694	0.194928	0.279006	0.33716	0.354302	0.332106	0.274718	0.203879	0.125986	0.0554596	0.00152401	-0.0358265	-0.069752	-0.0978814	-0.108257	-0.10936	-0.110414	-0.10307	-0.0858987	-0.0660912	-0.0531378	-0.045486	-0.055074	-0.0949688	-0.154859	-0.219612	-0.278862	-0.338525	-0.392012	-0.42288	-0.431602	-0.4152	-0.36918	-0.284127	-0.164585	-0.0215502	0.133161	0.263525	0.335563	
-0.133128	-0.133128	-0.159009	-0.193131	-0.228671	-0.255008	-0.266361	-0.23595	-0.171785	-0.0899273	-0.0139542	0.0676778	0.159077	0.247639	0.314761	0.344773	0.341536	0.313396	0.271493	0.203217	0.122695	0.0528513	-0.00213469	-0.0552503	-0.101653	-0.137418	-0.170532	-0.204822	-0.226233	-0.227848	-0.212672	-0.189965	-0.155423	-0.126748	-0.119018	-0.140189	-0.167226	-0.196196	-0.216681	-0.226843	-0.219965	-0.20815	-0.198108	-0.170502	-0.100906	0.00328872	0.133161	0.261539	0.373129	0.433163	
-0.101944	-0.101944	-0.141755	-0.192588	-0.231952	-0.260173	-0.273789	-0.256591	-0.20132	-0.132563	-0.062861	0.012834	0.101476	0.184475	0.25576	0.304517	0.332174	0.342788	0.332948	0.27872	0.195464	0.114325	0.0423234	-0.0281158	-0.0936207	-0.157011	-0.223654	-0.286661	-0.336141	-0.359574	-0.351605	-0.319325	-0.257919	-0.19532	-0.146649	-0.127844	-0.1153	-0.102714	-0.0818987	-0.0516947	-0.0219129	-0.000546248	0.00366742	0.0146615	0.0644137	0.14901	0.263525	0.373129	0.462582	0.511456	
-0.119885	-0.119885	-0.157172	-0.203245	-0.233496	-0.259508	-0.278952	-0.279231	-0.241703	-0.189616	-0.131692	-0.0651523	0.0133035	0.0883096	0.163525	0.236947	0.30447	0.354267	0.374283	0.338252	0.269528	0.190789	0.107661	0.0154924	-0.0763094	-0.167846	-0.256846	-0.337705	-0.408704	-0.453576	-0.455579	-0.421055	-0.348613	-0.262593	-0.184411	-0.122433	-0.0653493	-0.00397279	0.0523118	0.107593	0.148625	0.172115	0.166355	0.162836	0.186442	0.246928	0.335563	0.433163	0.511456	0.558141	
