0.483528	0.476673	0.407913	0.295714	0.173288	0.0543819	-0.0517558	-0.139874	-0.184986	-0.176764	-0.141638	-0.100262	-0.0800115	-0.098302	-0.163513	-0.279822	-0.427784	-0.572589	-0.683858	-0.735221	-0.719908	-0.639342	-0.504038	-0.339083	-0.167226	-0.011591	0.102744	0.164712	0.183419	0.192381	0.205906	0.238362	0.288506	0.337157	0.389452	0.438341	0.467044	0.460232	0.415849	0.338977	0.256606	0.189324	0.145644	0.141146	0.16657	0.218986	0.291332	0.357871	0.396562	0.396562	
0.476673	0.47541	0.419063	0.328746	0.215999	0.0987717	-0.0155402	-0.109843	-0.156832	-0.148582	-0.112675	-0.0724369	-0.0536239	-0.0760125	-0.149677	-0.290152	-0.468752	-0.648758	-0.788781	-0.8548	-0.84477	-0.763554	-0.629692	-0.465348	-0.284804	-0.109667	0.0278813	0.117733	0.164348	0.194924	0.236229	0.28959	0.350879	0.40989	0.463302	0.513825	0.537406	0.521719	0.4703	0.38011	0.286762	0.20979	0.157357	0.148843	0.180865	0.244282	0.324298	0.398672	0.438613	0.438613	
0.407913	0.419063	0.388351	0.330165	0.241301	0.134502	0.030312	-0.0602403	-0.102679	-0.10123	-0.0711191	-0.0307722	-0.00766136	-0.024106	-0.100296	-0.255866	-0.456144	-0.6559	-0.816702	-0.896486	-0.893072	-0.816149	-0.682751	-0.516173	-0.324687	-0.138367	0.0132363	0.12081	0.182466	0.233014	0.294047	0.361242	0.430086	0.49053	0.536956	0.57626	0.588189	0.559518	0.494337	0.388199	0.278212	0.188229	0.129545	0.118221	0.153548	0.223792	0.305895	0.382621	0.425835	0.425835	
0.295714	0.328746	0.330165	0.302872	0.239536	0.159995	0.082095	0.0162467	-0.0139117	-0.0128349	0.0106503	0.0497078	0.0766085	0.0627112	-0.00960626	-0.162782	-0.361451	-0.564599	-0.73396	-0.830404	-0.838311	-0.766689	-0.641459	-0.476412	-0.287929	-0.10945	0.0441329	0.159993	0.231072	0.297171	0.369957	0.437186	0.50132	0.553314	0.585835	0.612435	0.61217	0.564236	0.475459	0.352259	0.228601	0.126277	0.0663032	0.0557138	0.0887314	0.157963	0.239395	0.317411	0.360109	0.360109	
0.173288	0.215999	0.241301	0.239536	0.218514	0.178392	0.138218	0.108535	0.0977387	0.113646	0.149316	0.190232	0.218589	0.207489	0.137446	-0.0017216	-0.187295	-0.383613	-0.555322	-0.662081	-0.680255	-0.619596	-0.506058	-0.352449	-0.181111	-0.0171392	0.126999	0.234782	0.305917	0.371009	0.438246	0.499128	0.549966	0.58446	0.602743	0.606572	0.583872	0.51983	0.416658	0.290512	0.160019	0.0486305	-0.0192923	-0.0425147	-0.0137159	0.0547737	0.132311	0.203297	0.237628	0.237628	
0.0543819	0.0987717	0.134502	0.159995	0.178392	0.181811	0.181147	0.191039	0.221758	0.271127	0.330173	0.382406	0.41425	0.406546	0.344586	0.217514	0.0429831	-0.143833	-0.3136	-0.421164	-0.445088	-0.39263	-0.289419	-0.150207	0.0032427	0.143807	0.265526	0.351601	0.404977	0.454585	0.502533	0.540583	0.566542	0.576485	0.571473	0.552371	0.511641	0.435565	0.326431	0.195759	0.0624082	-0.0485198	-0.124198	-0.154244	-0.136372	-0.0813858	-0.0124169	0.048497	0.0889519	0.0889519	
-0.0517558	-0.0155402	0.030312	0.082095	0.138218	0.181147	0.218766	0.276936	0.354768	0.451	0.538784	0.609276	0.652237	0.6516	0.590385	0.47094	0.305747	0.127662	-0.0290395	-0.133892	-0.161259	-0.117289	-0.0213494	0.105771	0.242005	0.357801	0.447299	0.501605	0.525167	0.54873	0.564483	0.569116	0.563243	0.540322	0.509237	0.468292	0.410501	0.319411	0.200767	0.0725188	-0.0596824	-0.173912	-0.253765	-0.288408	-0.276336	-0.22734	-0.161612	-0.107007	-0.0736245	-0.0736245	
-0.139874	-0.109843	-0.0602403	0.0162467	0.108535	0.191039	0.276936	0.385033	0.505709	0.636006	0.75076	0.843123	0.904794	0.911506	0.855581	0.742564	0.587009	0.421256	0.275299	0.174017	0.141528	0.18026	0.270989	0.390725	0.508189	0.596327	0.6449	0.657246	0.647487	0.635387	0.617227	0.588238	0.54693	0.491056	0.436769	0.371503	0.289923	0.190079	0.0686877	-0.0590166	-0.187204	-0.297892	-0.379653	-0.420005	-0.413556	-0.371694	-0.312357	-0.265917	-0.240046	-0.240046	
-0.184986	-0.156832	-0.102679	-0.0139117	0.0977387	0.221758	0.354768	0.505709	0.667462	0.82573	0.967243	1.08198	1.15106	1.15839	1.10381	0.994663	0.852641	0.701073	0.567251	0.472199	0.431448	0.460055	0.543977	0.651524	0.755395	0.823924	0.838987	0.818898	0.776612	0.7233	0.665598	0.594807	0.513976	0.434279	0.35732	0.276134	0.185188	0.0757813	-0.0451633	-0.168509	-0.287829	-0.393418	-0.479299	-0.526098	-0.530125	-0.502513	-0.458517	-0.41908	-0.392569	-0.392569	
-0.176764	-0.148582	-0.10123	-0.0128349	0.113646	0.271127	0.451	0.636006	0.82573	1.00943	1.17012	1.29623	1.36828	1.37377	1.31715	1.20908	1.07145	0.928353	0.802545	0.710539	0.664208	0.685268	0.764367	0.86599	0.965251	1.021	1.0164	0.971197	0.899586	0.812471	0.713822	0.603604	0.485637	0.377282	0.280311	0.190936	0.0952947	-0.0121137	-0.12084	-0.232858	-0.339382	-0.442936	-0.530124	-0.587503	-0.607938	-0.591809	-0.56355	-0.533791	-0.521106	-0.521106	
-0.141638	-0.112675	-0.0711191	0.0106503	0.149316	0.330173	0.538784	0.75076	0.967243	1.17012	1.34374	1.47255	1.53942	1.53551	1.46919	1.3518	1.21383	1.07666	0.96073	0.874974	0.829744	0.846644	0.91827	1.01712	1.11462	1.1711	1.16075	1.10709	1.01782	0.901047	0.767137	0.616401	0.460209	0.3253	0.213235	0.112992	0.0192487	-0.0742152	-0.162716	-0.249243	-0.333342	-0.424075	-0.509416	-0.574486	-0.609377	-0.612614	-0.602569	-0.584865	-0.581394	-0.581394	
-0.100262	-0.0724369	-0.0307722	0.0497078	0.190232	0.382406	0.609276	0.843123	1.08198	1.29623	1.47255	1.59537	1.65093	1.63062	1.54703	1.41627	1.27069	1.1369	1.02911	0.955807	0.920057	0.937732	1.00428	1.10151	1.20113	1.25967	1.25628	1.20348	1.10851	0.97797	0.818164	0.635442	0.446836	0.285914	0.154358	0.05018	-0.0323973	-0.10609	-0.163953	-0.21606	-0.269128	-0.335399	-0.406758	-0.47145	-0.51481	-0.532706	-0.544784	-0.544171	-0.544899	-0.544899	
-0.0800115	-0.0536239	-0.00766136	0.0766085	0.218589	0.41425	0.652237	0.904794	1.15106	1.36828	1.53942	1.65093	1.68968	1.65403	1.55255	1.40511	1.24931	1.11227	1.01071	0.952551	0.931007	0.954761	1.02681	1.12663	1.22921	1.29094	1.29574	1.24964	1.15686	1.02443	0.851726	0.649832	0.442017	0.262769	0.120941	0.0201035	-0.0502369	-0.0962937	-0.116112	-0.12609	-0.136664	-0.170214	-0.219137	-0.27496	-0.323539	-0.353684	-0.379542	-0.394406	-0.407602	-0.407602	
-0.098302	-0.0760125	-0.024106	0.0627112	0.207489	0.406546	0.6516	0.911506	1.15839	1.37377	1.53551	1.63062	1.65403	1.6002	1.48205	1.32034	1.15102	1.0124	0.917808	0.868396	0.865718	0.906741	0.990869	1.10244	1.21024	1.2786	1.29829	1.26492	1.17679	1.04691	0.866775	0.654663	0.442417	0.257213	0.118845	0.0241601	-0.0275974	-0.0397821	-0.0186813	0.0238621	0.0580716	0.0647317	0.0439283	0.00220069	-0.0457822	-0.088015	-0.121959	-0.149801	-0.166617	-0.166617	
-0.163513	-0.149677	-0.100296	-0.00960626	0.137446	0.344586	0.590385	0.855581	1.10381	1.31715	1.46919	1.54703	1.55255	1.48205	1.34896	1.1748	1.00099	0.859036	0.763617	0.72246	0.739978	0.806392	0.910485	1.03612	1.15625	1.24225	1.28413	1.26801	1.19022	1.06194	0.880043	0.665169	0.454585	0.272091	0.139196	0.0614421	0.0355748	0.0602251	0.123806	0.210637	0.288931	0.336953	0.344822	0.323482	0.290575	0.251613	0.212544	0.175497	0.161936	0.161936	
-0.279822	-0.290152	-0.255866	-0.162782	-0.0017216	0.217514	0.47094	0.742564	0.994663	1.20908	1.3518	1.41627	1.40511	1.32034	1.1748	0.998677	0.825659	0.681687	0.585553	0.55743	0.596623	0.683666	0.808536	0.949466	1.09043	1.20182	1.26872	1.27165	1.20782	1.08554	0.905592	0.692627	0.481332	0.297585	0.167564	0.104364	0.103524	0.169422	0.28214	0.418889	0.543554	0.629575	0.675153	0.680265	0.658138	0.622501	0.584911	0.544927	0.51985	0.51985	
-0.427784	-0.468752	-0.456144	-0.361451	-0.187295	0.0429831	0.305747	0.587009	0.852641	1.07145	1.21383	1.27069	1.24931	1.15102	1.00099	0.825659	0.65088	0.504224	0.414541	0.396358	0.449367	0.555523	0.699538	0.865268	1.02942	1.16632	1.2578	1.28592	1.24104	1.12735	0.950011	0.734437	0.517024	0.327894	0.199734	0.143	0.164529	0.264809	0.420792	0.608928	0.785178	0.920978	1.00135	1.03133	1.02277	0.987611	0.946901	0.903303	0.883358	0.883358	
-0.572589	-0.648758	-0.6559	-0.564599	-0.383613	-0.143833	0.127662	0.421256	0.701073	0.928353	1.07666	1.1369	1.11227	1.0124	0.859036	0.681687	0.504224	0.358402	0.274687	0.257959	0.3153	0.438485	0.606037	0.792243	0.975824	1.13785	1.25598	1.31016	1.28519	1.17605	1.00004	0.784331	0.560645	0.367372	0.231156	0.169912	0.201526	0.325747	0.520292	0.756173	0.984039	1.16573	1.28379	1.33674	1.34196	1.313	1.26549	1.21783	1.19143	1.19143	
-0.683858	-0.788781	-0.816702	-0.73396	-0.555322	-0.3136	-0.0290395	0.275299	0.567251	0.802545	0.96073	1.02911	1.01071	0.917808	0.763617	0.585553	0.414541	0.274687	0.186984	0.168361	0.225654	0.359177	0.540078	0.732603	0.930162	1.11839	1.26079	1.3328	1.32379	1.21801	1.04462	0.832977	0.603149	0.399804	0.249007	0.177589	0.208254	0.347826	0.573027	0.842653	1.1086	1.32525	1.48138	1.5641	1.5812	1.55483	1.503	1.45319	1.41694	1.41694	
-0.735221	-0.8548	-0.896486	-0.830404	-0.662081	-0.421164	-0.133892	0.174017	0.472199	0.710539	0.874974	0.955807	0.952551	0.868396	0.72246	0.55743	0.396358	0.257959	0.168361	0.141289	0.197825	0.329016	0.500043	0.696092	0.906729	1.11025	1.26387	1.34774	1.34578	1.24539	1.07672	0.864527	0.627649	0.414576	0.252116	0.165422	0.19236	0.329508	0.558223	0.843735	1.1331	1.38036	1.55915	1.66296	1.70018	1.68646	1.64093	1.59343	1.56356	1.56356	
-0.719908	-0.84477	-0.893072	-0.838311	-0.680255	-0.445088	-0.161259	0.141528	0.431448	0.664208	0.829744	0.920057	0.931007	0.865718	0.739978	0.596623	0.449367	0.3153	0.225654	0.197825	0.240799	0.347932	0.504303	0.696633	0.90535	1.1061	1.26034	1.34587	1.34883	1.25147	1.0818	0.868708	0.631218	0.412637	0.238903	0.135	0.137181	0.2548	0.471966	0.755711	1.05221	1.31269	1.51279	1.6353	1.68997	1.69361	1.66358	1.63237	1.60984	1.60984	
-0.639342	-0.763554	-0.816149	-0.766689	-0.619596	-0.39263	-0.117289	0.18026	0.460055	0.685268	0.846644	0.937732	0.954761	0.906741	0.806392	0.683666	0.555523	0.438485	0.359177	0.329016	0.347932	0.424656	0.559041	0.72886	0.915482	1.10317	1.25546	1.34111	1.34375	1.24357	1.07023	0.852703	0.611857	0.384667	0.192409	0.0655975	0.0360563	0.124209	0.320277	0.587322	0.876023	1.13805	1.34745	1.48915	1.56383	1.58756	1.57986	1.55851	1.53885	1.53885	
-0.504038	-0.629692	-0.682751	-0.641459	-0.506058	-0.289419	-0.0213494	0.270989	0.543977	0.764367	0.91827	1.00428	1.02681	0.990869	0.910485	0.808536	0.699538	0.606037	0.540078	0.500043	0.504303	0.559041	0.659262	0.796936	0.956047	1.12412	1.26649	1.34178	1.33234	1.2312	1.052	0.821587	0.57011	0.321097	0.105037	-0.0495029	-0.107745	-0.0502208	0.111708	0.354295	0.625033	0.884112	1.09533	1.24747	1.34285	1.3827	1.38943	1.37745	1.37282	1.37282	
-0.339083	-0.465348	-0.516173	-0.476412	-0.352449	-0.150207	0.105771	0.390725	0.651524	0.86599	1.01712	1.10151	1.12663	1.10244	1.03612	0.949466	0.865268	0.792243	0.732603	0.696092	0.696633	0.72886	0.796936	0.903881	1.03785	1.17907	1.29323	1.34502	1.32227	1.21391	1.02168	0.774826	0.507692	0.238017	0.0016631	-0.178427	-0.276499	-0.259143	-0.134102	0.0775463	0.328642	0.578498	0.78869	0.9444	1.04432	1.09501	1.12266	1.12699	1.12923	1.12923	
-0.167226	-0.284804	-0.324687	-0.287929	-0.181111	0.0032427	0.242005	0.508189	0.755395	0.965251	1.11462	1.20113	1.22921	1.21024	1.15625	1.09043	1.02942	0.975824	0.930162	0.906729	0.90535	0.915482	0.956047	1.03785	1.13975	1.23799	1.31742	1.34651	1.30769	1.18595	0.979814	0.716943	0.437433	0.158493	-0.095474	-0.298325	-0.429983	-0.456493	-0.373797	-0.201963	0.0161395	0.240261	0.436553	0.59264	0.703669	0.773275	0.818855	0.836181	0.84416	0.84416	
-0.011591	-0.109667	-0.138367	-0.10945	-0.0171392	0.143807	0.357801	0.596327	0.823924	1.021	1.1711	1.25967	1.29094	1.2786	1.24225	1.20182	1.16632	1.13785	1.11839	1.11025	1.1061	1.10317	1.12412	1.17907	1.23799	1.2927	1.33763	1.3415	1.28128	1.14625	0.930713	0.659274	0.372095	0.0838418	-0.179954	-0.401569	-0.554818	-0.614274	-0.57648	-0.452484	-0.280025	-0.0884724	0.0884642	0.240233	0.36085	0.445617	0.505018	0.538819	0.563043	0.563043	
0.102744	0.0278813	0.0132363	0.0441329	0.126999	0.265526	0.447299	0.6449	0.838987	1.0164	1.16075	1.25628	1.29574	1.29829	1.28413	1.26872	1.2578	1.25598	1.26079	1.26387	1.26034	1.25546	1.26649	1.29323	1.31742	1.33763	1.34561	1.31678	1.23724	1.0955	0.87937	0.609852	0.321472	0.0331461	-0.234716	-0.465166	-0.641027	-0.737696	-0.741916	-0.667785	-0.538515	-0.382282	-0.224167	-0.0801255	0.043993	0.15144	0.238734	0.300563	0.329195	0.329195	
0.164712	0.117733	0.12081	0.159993	0.234782	0.351601	0.501605	0.657246	0.818898	0.971197	1.10709	1.20348	1.24964	1.26492	1.26801	1.27165	1.28592	1.31016	1.3328	1.34774	1.34587	1.34111	1.34178	1.34502	1.34651	1.3415	1.31678	1.26764	1.18641	1.04422	0.832812	0.569759	0.283734	0.00189614	-0.265518	-0.500373	-0.692924	-0.822713	-0.86501	-0.836524	-0.746137	-0.620729	-0.48135	-0.335416	-0.192704	-0.059406	0.0521274	0.142619	0.18815	0.18815	
0.183419	0.164348	0.182466	0.231072	0.305917	0.404977	0.525167	0.647487	0.776612	0.899586	1.01782	1.10851	1.15686	1.17679	1.19022	1.20782	1.24104	1.28519	1.32379	1.34578	1.34883	1.34375	1.33234	1.32227	1.30769	1.28128	1.23724	1.18641	1.1098	0.973236	0.776787	0.530029	0.254719	-0.0167005	-0.277901	-0.519369	-0.719639	-0.862302	-0.931937	-0.938443	-0.880516	-0.777738	-0.648629	-0.496237	-0.333476	-0.173986	-0.0346446	0.0790021	0.136912	0.136912	
0.192381	0.194924	0.233014	0.297171	0.371009	0.454585	0.54873	0.635387	0.7233	0.812471	0.901047	0.97797	1.02443	1.04691	1.06194	1.08554	1.12735	1.17605	1.21801	1.24539	1.25147	1.24357	1.2312	1.21391	1.18595	1.14625	1.0955	1.04422	0.973236	0.857432	0.692936	0.481789	0.241531	-0.0067726	-0.255335	-0.486833	-0.686031	-0.839881	-0.932027	-0.964514	-0.93566	-0.857297	-0.732346	-0.572836	-0.392754	-0.203148	-0.0303458	0.109898	0.178779	0.178779	
0.205906	0.236229	0.294047	0.369957	0.438246	0.502533	0.564483	0.617227	0.665598	0.713822	0.767137	0.818164	0.851726	0.866775	0.880043	0.905592	0.950011	1.00004	1.04462	1.07672	1.0818	1.07023	1.052	1.02168	0.979814	0.930713	0.87937	0.832812	0.776787	0.692936	0.572426	0.412996	0.225006	0.0209363	-0.191233	-0.393496	-0.578549	-0.738411	-0.847474	-0.906211	-0.906374	-0.844881	-0.731305	-0.569781	-0.378376	-0.170614	0.0269846	0.184016	0.275069	0.275069	
0.238362	0.28959	0.361242	0.437186	0.499128	0.540583	0.569116	0.588238	0.594807	0.603604	0.616401	0.635442	0.649832	0.654663	0.665169	0.692627	0.734437	0.784331	0.832977	0.864527	0.868708	0.852703	0.821587	0.774826	0.716943	0.659274	0.609852	0.569759	0.530029	0.481789	0.412996	0.318413	0.20083	0.058903	-0.0956906	-0.259643	-0.42243	-0.56596	-0.681695	-0.761717	-0.791021	-0.755354	-0.661485	-0.510053	-0.311913	-0.0956659	0.112617	0.279509	0.375222	0.375222	
0.288506	0.350879	0.430086	0.50132	0.549966	0.566542	0.563243	0.54693	0.513976	0.485637	0.460209	0.446836	0.442017	0.442417	0.454585	0.481332	0.517024	0.560645	0.603149	0.627649	0.631218	0.611857	0.57011	0.507692	0.437433	0.372095	0.321472	0.283734	0.254719	0.241531	0.225006	0.20083	0.163635	0.0935486	0.00122063	-0.112829	-0.23637	-0.357668	-0.474526	-0.567958	-0.621583	-0.614173	-0.54116	-0.403275	-0.215348	-0.00403588	0.210242	0.381598	0.474192	0.474192	
0.337157	0.40989	0.49053	0.553314	0.58446	0.576485	0.540322	0.491056	0.434279	0.377282	0.3253	0.285914	0.262769	0.257213	0.272091	0.297585	0.327894	0.367372	0.399804	0.414576	0.412637	0.384667	0.321097	0.238017	0.158493	0.0838418	0.0331461	0.00189614	-0.0167005	-0.0067726	0.0209363	0.058903	0.0935486	0.101882	0.0741416	0.0184609	-0.0543802	-0.151314	-0.262348	-0.361396	-0.427397	-0.43803	-0.382171	-0.262198	-0.0970879	0.0982323	0.299887	0.464944	0.565486	0.565486	
0.389452	0.463302	0.536956	0.585835	0.602743	0.571473	0.509237	0.436769	0.35732	0.280311	0.213235	0.154358	0.120941	0.118845	0.139196	0.167564	0.199734	0.231156	0.249007	0.252116	0.238903	0.192409	0.105037	0.0016631	-0.095474	-0.179954	-0.234716	-0.265518	-0.277901	-0.255335	-0.191233	-0.0956906	0.00122063	0.0741416	0.111192	0.113326	0.084667	0.02129	-0.0694235	-0.158156	-0.229105	-0.255774	-0.211687	-0.116886	0.0259052	0.206819	0.38363	0.530992	0.620666	0.620666	
0.438341	0.513825	0.57626	0.612435	0.606572	0.552371	0.468292	0.371503	0.276134	0.190936	0.112992	0.05018	0.0201035	0.0241601	0.0614421	0.104364	0.143	0.169912	0.177589	0.165422	0.135	0.0655975	-0.0495029	-0.178427	-0.298325	-0.401569	-0.465166	-0.500373	-0.519369	-0.486833	-0.393496	-0.259643	-0.112829	0.0184609	0.113326	0.170746	0.184002	0.153507	0.0872026	0.00427789	-0.0657703	-0.0959961	-0.0623348	0.016139	0.135388	0.290047	0.445169	0.578285	0.654511	0.654511	
0.467044	0.537406	0.588189	0.61217	0.583872	0.511641	0.410501	0.289923	0.185188	0.0952947	0.0192487	-0.0323973	-0.0502369	-0.0275974	0.0355748	0.103524	0.164529	0.201526	0.208254	0.19236	0.137181	0.0360563	-0.107745	-0.276499	-0.429983	-0.554818	-0.641027	-0.692924	-0.719639	-0.686031	-0.578549	-0.42243	-0.23637	-0.0543802	0.084667	0.184002	0.234052	0.233428	0.186697	0.109331	0.0501667	0.0284996	0.050378	0.117437	0.220161	0.340712	0.469488	0.589585	0.658168	0.658168	
0.460232	0.521719	0.559518	0.564236	0.51983	0.435565	0.319411	0.190079	0.0757813	-0.0121137	-0.0742152	-0.10609	-0.0962937	-0.0397821	0.0602251	0.169422	0.264809	0.325747	0.347826	0.329508	0.2548	0.124209	-0.0502208	-0.259143	-0.456493	-0.614274	-0.737696	-0.822713	-0.862302	-0.839881	-0.738411	-0.56596	-0.357668	-0.151314	0.02129	0.153507	0.233428	0.251914	0.221271	0.162406	0.113714	0.0976882	0.114977	0.171638	0.25833	0.357077	0.466581	0.562673	0.613367	0.613367	
0.415849	0.4703	0.494337	0.475459	0.416658	0.326431	0.200767	0.0686877	-0.0451633	-0.12084	-0.162716	-0.163953	-0.116112	-0.0186813	0.123806	0.28214	0.420792	0.520292	0.573027	0.558223	0.471966	0.320277	0.111708	-0.134102	-0.373797	-0.57648	-0.741916	-0.86501	-0.931937	-0.932027	-0.847474	-0.681695	-0.474526	-0.262348	-0.0694235	0.0872026	0.186697	0.221271	0.204537	0.162311	0.123471	0.109644	0.132572	0.18381	0.248475	0.326585	0.412905	0.486107	0.530561	0.530561	
0.338977	0.38011	0.388199	0.352259	0.290512	0.195759	0.0725188	-0.0590166	-0.168509	-0.232858	-0.249243	-0.21606	-0.12609	0.0238621	0.210637	0.418889	0.608928	0.756173	0.842653	0.843735	0.755711	0.587322	0.354295	0.0775463	-0.201963	-0.452484	-0.667785	-0.836524	-0.938443	-0.964514	-0.906211	-0.761717	-0.567958	-0.361396	-0.158156	0.00427789	0.109331	0.162406	0.162311	0.132693	0.104786	0.0996698	0.120802	0.1537	0.192877	0.244604	0.297188	0.340662	0.375826	0.375826	
0.256606	0.286762	0.278212	0.228601	0.160019	0.0624082	-0.0596824	-0.187204	-0.287829	-0.339382	-0.333342	-0.269128	-0.136664	0.0580716	0.288931	0.543554	0.785178	0.984039	1.1086	1.1331	1.05221	0.876023	0.625033	0.328642	0.0161395	-0.280025	-0.538515	-0.746137	-0.880516	-0.93566	-0.906374	-0.791021	-0.621583	-0.427397	-0.229105	-0.0657703	0.0501667	0.113714	0.123471	0.104786	0.085326	0.0773443	0.076353	0.0830071	0.0921129	0.102575	0.114687	0.125366	0.137444	0.137444	
0.189324	0.20979	0.188229	0.126277	0.0486305	-0.0485198	-0.173912	-0.297892	-0.393418	-0.442936	-0.424075	-0.335399	-0.170214	0.0647317	0.336953	0.629575	0.920978	1.16573	1.32525	1.38036	1.31269	1.13805	0.884112	0.578498	0.240261	-0.0884724	-0.382282	-0.620729	-0.777738	-0.857297	-0.844881	-0.755354	-0.614173	-0.43803	-0.255774	-0.0959961	0.0284996	0.0976882	0.109644	0.0996698	0.0773443	0.047832	0.0189454	-0.0124376	-0.0522144	-0.0996179	-0.137026	-0.161855	-0.181257	-0.181257	
0.145644	0.157357	0.129545	0.0663032	-0.0192923	-0.124198	-0.253765	-0.379653	-0.479299	-0.530124	-0.509416	-0.406758	-0.219137	0.0439283	0.344822	0.675153	1.00135	1.28379	1.48138	1.55915	1.51279	1.34745	1.09533	0.78869	0.436553	0.0884642	-0.224167	-0.48135	-0.648629	-0.732346	-0.731305	-0.661485	-0.54116	-0.382171	-0.211687	-0.0623348	0.050378	0.114977	0.132572	0.120802	0.076353	0.0189454	-0.0488132	-0.139234	-0.238411	-0.343123	-0.439604	-0.5113	-0.553331	-0.553331	
0.141146	0.148843	0.118221	0.0557138	-0.0425147	-0.154244	-0.288408	-0.420005	-0.526098	-0.587503	-0.574486	-0.47145	-0.27496	0.00220069	0.323482	0.680265	1.03133	1.33674	1.5641	1.66296	1.6353	1.48915	1.24747	0.9444	0.59264	0.240233	-0.0801255	-0.335416	-0.496237	-0.572836	-0.569781	-0.510053	-0.403275	-0.262198	-0.116886	0.016139	0.117437	0.171638	0.18381	0.1537	0.0830071	-0.0124376	-0.139234	-0.289243	-0.448141	-0.614262	-0.769836	-0.891958	-0.956626	-0.956626	
0.16657	0.180865	0.153548	0.0887314	-0.0137159	-0.136372	-0.276336	-0.413556	-0.530125	-0.607938	-0.609377	-0.51481	-0.323539	-0.0457822	0.290575	0.658138	1.02277	1.34196	1.5812	1.70018	1.68997	1.56383	1.34285	1.04432	0.703669	0.36085	0.043993	-0.192704	-0.333476	-0.392754	-0.378376	-0.311913	-0.215348	-0.0970879	0.0259052	0.135388	0.220161	0.25833	0.248475	0.192877	0.0921129	-0.0522144	-0.238411	-0.448141	-0.675087	-0.903619	-1.11075	-1.27739	-1.36985	-1.36985	
0.218986	0.244282	0.223792	0.157963	0.0547737	-0.0813858	-0.22734	-0.371694	-0.502513	-0.591809	-0.612614	-0.532706	-0.353684	-0.088015	0.251613	0.622501	0.987611	1.313	1.55483	1.68646	1.69361	1.58756	1.3827	1.09501	0.773275	0.445617	0.15144	-0.059406	-0.173986	-0.203148	-0.170614	-0.0956659	-0.00403588	0.0982323	0.206819	0.290047	0.340712	0.357077	0.326585	0.244604	0.102575	-0.0996179	-0.343123	-0.614262	-0.903619	-1.18837	-1.4477	-1.65341	-1.76556	-1.76556	
0.291332	0.324298	0.305895	0.239395	0.132311	-0.0124169	-0.161612	-0.312357	-0.458517	-0.56355	-0.602569	-0.544784	-0.379542	-0.121959	0.212544	0.584911	0.946901	1.26549	1.503	1.64093	1.66358	1.57986	1.38943	1.12266	0.818855	0.505018	0.238734	0.0521274	-0.0346446	-0.0303458	0.0269846	0.112617	0.210242	0.299887	0.38363	0.445169	0.469488	0.466581	0.412905	0.297188	0.114687	-0.137026	-0.439604	-0.769836	-1.11075	-1.4477	-1.75261	-1.99445	-2.12898	-2.12898	
0.357871	0.398672	0.382621	0.317411	0.203297	0.048497	-0.107007	-0.265917	-0.41908	-0.533791	-0.584865	-0.544171	-0.394406	-0.149801	0.175497	0.544927	0.903303	1.21783	1.45319	1.59343	1.63237	1.55851	1.37745	1.12699	0.836181	0.538819	0.300563	0.142619	0.0790021	0.109898	0.184016	0.279509	0.381598	0.464944	0.530992	0.578285	0.589585	0.562673	0.486107	0.340662	0.125366	-0.161855	-0.5113	-0.891958	-1.27739	-1.65341	-1.99445	-2.26003	-2.4082	-2.4082	
0.396562	0.438613	0.425835	0.360109	0.237628	0.0889519	-0.0736245	-0.240046	-0.392569	-0.521106	-0.581394	-0.544899	-0.407602	-0.166617	0.161936	0.51985	0.883358	1.19143	1.41694	1.56356	1.60984	1.53885	1.37282	1.12923	0.84416	0.563043	0.329195	0.18815	0.136912	0.178779	0.275069	0.375222	0.474192	0.565486	0.620666	0.654511	0.658168	0.613367	0.530561	0.375826	0.137444	-0.181257	-0.553331	-0.956626	-1.36985	-1.76556	-2.12898	-2.4082	-2.56709	-2.56709	
0.396562	0.438613	0.425835	0.360109	0.237628	0.0889519	-0.0736245	-0.240046	-0.392569	-0.521106	-0.581394	-0.544899	-0.407602	-0.166617	0.161936	0.51985	0.883358	1.19143	1.41694	1.56356	1.60984	1.53885	1.37282	1.12923	0.84416	0.563043	0.329195	0.18815	0.136912	0.178779	0.275069	0.375222	0.474192	0.565486	0.620666	0.654511	0.658168	0.613367	0.530561	0.375826	0.137444	-0.181257	-0.553331	-0.956626	-1.36985	-1.76556	-2.12898	-2.4082	-2.56709	-2.56709	
