0.413867	0.398502	0.437736	0.555486	0.759197	1.03242	1.34452	1.67952	1.98154	2.1917	2.2945	2.3084	2.23665	2.07564	1.83085	1.55508	1.28179	1.03316	0.822358	0.648365	0.534176	0.487845	0.499686	0.554488	0.626261	0.701302	0.76849	0.811694	0.842907	0.86375	0.875932	0.871193	0.855804	0.839874	0.817598	0.802768	0.81194	0.844347	0.899461	0.949959	0.968955	0.950784	0.917041	0.913929	0.931212	0.950319	0.96062	0.967001	0.976772	0.976772	
0.413867	0.398502	0.437736	0.555486	0.759197	1.03242	1.34452	1.67952	1.98154	2.1917	2.2945	2.3084	2.23665	2.07564	1.83085	1.55508	1.28179	1.03316	0.822358	0.648365	0.534176	0.487845	0.499686	0.554488	0.626261	0.701302	0.76849	0.811694	0.842907	0.86375	0.875932	0.871193	0.855804	0.839874	0.817598	0.802768	0.81194	0.844347	0.899461	0.949959	0.968955	0.950784	0.917041	0.913929	0.931212	0.950319	0.96062	0.967001	0.976772	0.976772	
0.392075	0.37495	0.406386	0.506471	0.693033	0.954582	1.26889	1.60059	1.88996	2.09915	2.21484	2.23967	2.17634	2.02078	1.80136	1.54417	1.28569	1.04761	0.83555	0.663638	0.547183	0.494288	0.501217	0.54441	0.60195	0.665636	0.723293	0.762403	0.787577	0.808904	0.81751	0.812073	0.801301	0.788275	0.775866	0.763073	0.770236	0.800827	0.849774	0.895274	0.909107	0.897069	0.878939	0.879602	0.889207	0.898172	0.905431	0.91279	0.919661	0.919661	
0.353589	0.322027	0.33582	0.419168	0.581758	0.827245	1.13071	1.44379	1.72214	1.93567	2.06564	2.11121	2.06568	1.92888	1.73724	1.51285	1.28111	1.05881	0.860622	0.693184	0.575723	0.51122	0.502278	0.523486	0.555517	0.599583	0.643479	0.6795	0.703988	0.719419	0.721848	0.713108	0.703289	0.698922	0.69484	0.6918	0.700585	0.723129	0.761007	0.790606	0.795215	0.790197	0.79018	0.79633	0.793773	0.790034	0.795017	0.804257	0.808411	0.808411	
0.287554	0.237808	0.230441	0.295455	0.437085	0.662145	0.944143	1.23758	1.50858	1.72986	1.87064	1.93508	1.91245	1.80736	1.64781	1.46213	1.26446	1.06705	0.886935	0.727106	0.608193	0.529707	0.503445	0.503734	0.511749	0.530207	0.55627	0.586429	0.61049	0.615614	0.608526	0.600188	0.590625	0.59151	0.590285	0.594039	0.601396	0.606143	0.621896	0.629973	0.63144	0.635179	0.651881	0.664772	0.650359	0.637792	0.637668	0.645588	0.646251	0.646251	
0.196605	0.129982	0.103332	0.144512	0.269785	0.473613	0.733145	1.01198	1.27467	1.4942	1.6455	1.72586	1.73119	1.66138	1.54197	1.39256	1.22837	1.06204	0.900797	0.758162	0.638236	0.549875	0.506823	0.49115	0.477226	0.469925	0.478646	0.501077	0.519163	0.515425	0.498155	0.484878	0.476884	0.469847	0.468926	0.4735	0.47489	0.45692	0.440067	0.432356	0.42998	0.446754	0.472886	0.48807	0.473931	0.453751	0.449618	0.45093	0.447226	0.447226	
0.105202	0.0218401	-0.0119526	0.0109552	0.113371	0.294663	0.533899	0.790253	1.03119	1.24136	1.40284	1.50365	1.5377	1.50252	1.41853	1.30347	1.17177	1.03963	0.91147	0.78834	0.670288	0.573464	0.510598	0.474471	0.441033	0.412806	0.405139	0.414266	0.420943	0.40964	0.387821	0.368096	0.355874	0.342413	0.340301	0.34484	0.334027	0.296544	0.251594	0.227484	0.225161	0.244	0.269173	0.284708	0.273218	0.253793	0.247238	0.239176	0.234224	0.234224	
0.0351126	-0.0593423	-0.102763	-0.0868424	-0.00434285	0.151	0.356524	0.585995	0.807197	0.99609	1.15427	1.27094	1.32851	1.32972	1.27816	1.20129	1.10804	1.00827	0.919839	0.815065	0.702778	0.600491	0.516379	0.456332	0.400074	0.355885	0.329927	0.316509	0.310811	0.29604	0.279763	0.255539	0.235393	0.224571	0.218695	0.21526	0.189456	0.133282	0.0740773	0.0376937	0.0296065	0.0461896	0.065563	0.0800644	0.07654	0.0619363	0.0513762	0.0381845	0.0305689	0.0305689	
0.0048704	-0.0969161	-0.158677	-0.154457	-0.0823464	0.0470784	0.21397	0.411405	0.600089	0.766043	0.913533	1.03956	1.12098	1.15257	1.13175	1.08222	1.02278	0.9608	0.897764	0.814798	0.713434	0.606557	0.510945	0.428747	0.359101	0.302258	0.259173	0.223325	0.201701	0.190426	0.176677	0.154287	0.131499	0.124809	0.119262	0.0992286	0.0590926	-0.00234971	-0.0625411	-0.10793	-0.123998	-0.12233	-0.112408	-0.101096	-0.103599	-0.110254	-0.128166	-0.141153	-0.150327	-0.150327	
-0.0109608	-0.109699	-0.178577	-0.185764	-0.120874	-0.011701	0.117249	0.268202	0.419855	0.556414	0.684183	0.807365	0.908628	0.959255	0.965991	0.942205	0.911478	0.884686	0.844957	0.785875	0.69827	0.592867	0.487743	0.388865	0.304054	0.232515	0.17555	0.129505	0.100938	0.0977509	0.0905465	0.076015	0.0652938	0.0619263	0.0541926	0.0177903	-0.0319242	-0.0895475	-0.14565	-0.19321	-0.22676	-0.240794	-0.245168	-0.241875	-0.240602	-0.249205	-0.268214	-0.282178	-0.289494	-0.289494	
-0.0373761	-0.122611	-0.181815	-0.19741	-0.152538	-0.0655081	0.036822	0.141386	0.250009	0.362824	0.471717	0.584181	0.689198	0.751773	0.777548	0.776773	0.770975	0.769623	0.752347	0.707549	0.635579	0.538252	0.437074	0.333913	0.239785	0.156441	0.0893993	0.0429235	0.0160948	0.015563	0.0185771	0.0229491	0.0280974	0.031844	0.0165482	-0.0259237	-0.0767823	-0.124106	-0.170477	-0.217471	-0.260894	-0.296272	-0.317383	-0.322792	-0.322176	-0.330036	-0.343471	-0.354626	-0.354178	-0.354178	
-0.0833251	-0.162687	-0.219908	-0.235174	-0.207006	-0.146259	-0.0687859	0.00662142	0.0856395	0.170794	0.262839	0.362187	0.459109	0.530824	0.569153	0.586965	0.600898	0.612625	0.612289	0.580593	0.52554	0.4487	0.358567	0.261616	0.158409	0.0706347	0.00301206	-0.0407221	-0.056313	-0.0574995	-0.0419834	-0.0198857	-0.00255258	0.00789575	-0.00929814	-0.0442834	-0.0818545	-0.117811	-0.149202	-0.183668	-0.230593	-0.276309	-0.31041	-0.324265	-0.321416	-0.327037	-0.334371	-0.336464	-0.33236	-0.33236	
-0.158918	-0.236687	-0.294374	-0.310498	-0.297005	-0.260496	-0.206039	-0.150108	-0.0921609	-0.023747	0.0529978	0.141718	0.230204	0.303975	0.352374	0.385487	0.414621	0.438022	0.441208	0.422418	0.38472	0.329476	0.256136	0.165946	0.0630969	-0.0274812	-0.0957733	-0.137896	-0.147377	-0.137996	-0.108276	-0.0722018	-0.0404399	-0.0251081	-0.0290782	-0.0441856	-0.0661558	-0.0829607	-0.0930084	-0.107864	-0.139486	-0.186421	-0.22471	-0.239354	-0.240961	-0.237714	-0.235388	-0.228881	-0.22135	-0.22135	
-0.267157	-0.340545	-0.395209	-0.422577	-0.426737	-0.41315	-0.380785	-0.332807	-0.27186	-0.213131	-0.14863	-0.0699833	0.012985	0.0863731	0.14314	0.191907	0.22877	0.251677	0.257937	0.248715	0.226123	0.192716	0.132019	0.0515965	-0.0436083	-0.131784	-0.20061	-0.237877	-0.239755	-0.21538	-0.173857	-0.133434	-0.0934737	-0.0676428	-0.0485371	-0.037738	-0.037732	-0.0330349	-0.0186629	-0.0106719	-0.025019	-0.0586759	-0.089591	-0.100779	-0.100484	-0.0863483	-0.0655169	-0.048412	-0.0384581	-0.0384581	
-0.381444	-0.454549	-0.513025	-0.557584	-0.582775	-0.587136	-0.566676	-0.517752	-0.45255	-0.386275	-0.321718	-0.249643	-0.17313	-0.100491	-0.0409863	0.00928809	0.049346	0.0665314	0.0714508	0.0669342	0.0514335	0.0269735	-0.0152388	-0.0799496	-0.154784	-0.231603	-0.294236	-0.319385	-0.313429	-0.277344	-0.231293	-0.187389	-0.142673	-0.0994303	-0.0568297	-0.021282	0.00371968	0.0309072	0.0668527	0.0927155	0.0948747	0.0791708	0.0649403	0.0558604	0.0576276	0.0798427	0.114175	0.141971	0.151166	0.151166	
-0.492311	-0.567928	-0.632964	-0.689394	-0.732105	-0.748721	-0.731152	-0.676858	-0.604453	-0.534197	-0.464533	-0.394472	-0.324385	-0.252831	-0.193446	-0.149218	-0.117049	-0.104933	-0.103452	-0.108694	-0.123597	-0.142039	-0.168697	-0.21266	-0.268493	-0.329333	-0.371081	-0.380767	-0.359359	-0.317465	-0.266819	-0.212069	-0.158597	-0.0996804	-0.0411866	0.0103053	0.0544801	0.0992214	0.143924	0.179686	0.193771	0.197773	0.201908	0.1959	0.198227	0.218128	0.253245	0.282792	0.289696	0.289696	
-0.581421	-0.662552	-0.740246	-0.80918	-0.864341	-0.882997	-0.86254	-0.804369	-0.728706	-0.646923	-0.563851	-0.488028	-0.41906	-0.358276	-0.305719	-0.271808	-0.254268	-0.244679	-0.25263	-0.263796	-0.279538	-0.296777	-0.308236	-0.33303	-0.365863	-0.402332	-0.414771	-0.406089	-0.37835	-0.335489	-0.285521	-0.22174	-0.156057	-0.0894936	-0.0211457	0.0447302	0.104862	0.164636	0.211805	0.246297	0.267041	0.279036	0.287285	0.285726	0.284454	0.295514	0.323686	0.345049	0.355717	0.355717	
-0.647622	-0.742212	-0.837155	-0.916925	-0.972743	-0.990347	-0.961568	-0.896874	-0.814868	-0.722607	-0.620959	-0.536665	-0.466796	-0.415921	-0.372338	-0.342261	-0.334456	-0.33009	-0.339382	-0.357062	-0.377018	-0.394015	-0.407378	-0.41834	-0.427979	-0.435212	-0.424936	-0.404682	-0.381379	-0.348488	-0.302929	-0.236931	-0.163065	-0.0863073	-0.0110141	0.0643035	0.139347	0.202245	0.248715	0.278588	0.301437	0.314853	0.320183	0.321145	0.315978	0.312613	0.315251	0.321828	0.329425	0.329425	
-0.701668	-0.813424	-0.927033	-1.01361	-1.06252	-1.0722	-1.0322	-0.960762	-0.868344	-0.757938	-0.641602	-0.546583	-0.472419	-0.42044	-0.379398	-0.350547	-0.3391	-0.340097	-0.348303	-0.364761	-0.389535	-0.414214	-0.432226	-0.436658	-0.430997	-0.418663	-0.404973	-0.38881	-0.377186	-0.357195	-0.320668	-0.262507	-0.185625	-0.104507	-0.0278351	0.0519075	0.131088	0.195436	0.240309	0.268925	0.291911	0.301769	0.300472	0.295684	0.287668	0.266288	0.239482	0.227112	0.224919	0.224919	
-0.759737	-0.887488	-1.00788	-1.0999	-1.14183	-1.13623	-1.07903	-0.992009	-0.876868	-0.749196	-0.621077	-0.508425	-0.423255	-0.36046	-0.317687	-0.29214	-0.277528	-0.274924	-0.277306	-0.289995	-0.318198	-0.352333	-0.377373	-0.380832	-0.369842	-0.352214	-0.344795	-0.342442	-0.344575	-0.34635	-0.329661	-0.290512	-0.226434	-0.151094	-0.0776159	-0.00088688	0.0739185	0.139796	0.177651	0.204908	0.226604	0.22925	0.224242	0.210844	0.197299	0.164779	0.11878	0.0864936	0.0725803	0.0725803	
-0.809774	-0.958837	-1.08015	-1.1698	-1.20352	-1.17434	-1.09298	-0.978592	-0.835601	-0.685634	-0.545085	-0.419925	-0.321441	-0.252956	-0.20806	-0.181455	-0.161025	-0.149145	-0.152443	-0.167005	-0.201165	-0.240381	-0.263355	-0.267651	-0.255691	-0.242945	-0.244116	-0.25862	-0.282853	-0.308115	-0.317979	-0.303182	-0.263714	-0.208787	-0.14894	-0.0839195	-0.0209479	0.0341179	0.0642359	0.0848159	0.10179	0.106246	0.099836	0.0805444	0.0594941	0.0197034	-0.0326357	-0.0792811	-0.105821	-0.105821	
-0.828994	-0.995729	-1.12096	-1.20277	-1.22802	-1.17343	-1.05761	-0.908693	-0.738285	-0.568769	-0.415557	-0.284402	-0.181506	-0.110848	-0.066575	-0.0389714	-0.0201045	-0.00909595	-0.0192403	-0.0417463	-0.0762922	-0.107776	-0.127593	-0.132369	-0.122837	-0.119057	-0.128765	-0.157021	-0.204615	-0.252285	-0.283767	-0.298505	-0.293714	-0.272108	-0.236054	-0.186509	-0.139547	-0.100224	-0.0764974	-0.0657248	-0.0520615	-0.04507	-0.0508933	-0.0722176	-0.107653	-0.150391	-0.200884	-0.251229	-0.283481	-0.283481	
-0.804925	-0.984656	-1.11722	-1.1841	-1.18882	-1.113	-0.968731	-0.787552	-0.591025	-0.401884	-0.236773	-0.108091	-0.0127728	0.0498495	0.0885402	0.110083	0.118531	0.115177	0.0950229	0.0688736	0.0383018	0.0134531	-0.00102157	-0.00964753	-0.00654613	-0.0102089	-0.031522	-0.0732467	-0.135844	-0.200793	-0.254094	-0.29993	-0.336214	-0.353169	-0.343108	-0.30983	-0.278498	-0.250313	-0.230405	-0.221425	-0.209482	-0.198462	-0.198851	-0.219431	-0.261609	-0.309069	-0.350958	-0.393747	-0.421501	-0.421501	
-0.727927	-0.914979	-1.05173	-1.10768	-1.09279	-0.999859	-0.832776	-0.62378	-0.406181	-0.203468	-0.033148	0.0853041	0.164744	0.213529	0.241431	0.245735	0.232692	0.209448	0.176713	0.14463	0.115254	0.0929421	0.0817529	0.0741749	0.0745965	0.0587902	0.0209415	-0.0341019	-0.108306	-0.185991	-0.262623	-0.33662	-0.407856	-0.453165	-0.46499	-0.451184	-0.429203	-0.406664	-0.384183	-0.363194	-0.344251	-0.327864	-0.316156	-0.330311	-0.369074	-0.414732	-0.450522	-0.475192	-0.492551	-0.492551	
-0.601466	-0.797435	-0.935677	-0.986597	-0.953776	-0.842023	-0.658027	-0.432885	-0.206645	-0.00427555	0.159573	0.263401	0.326518	0.358725	0.367682	0.349701	0.311306	0.266593	0.219451	0.178828	0.144242	0.120539	0.10863	0.100269	0.0911742	0.0575393	0.00624611	-0.0591841	-0.134498	-0.217563	-0.315973	-0.411503	-0.50131	-0.564244	-0.593678	-0.594245	-0.578544	-0.553623	-0.519873	-0.480525	-0.444821	-0.419744	-0.397815	-0.395883	-0.415863	-0.4472	-0.469404	-0.472261	-0.475631	-0.475631	
-0.471374	-0.670875	-0.805493	-0.84957	-0.799963	-0.665414	-0.470037	-0.245804	-0.0253569	0.169498	0.324349	0.416269	0.464083	0.474576	0.4572	0.41325	0.354558	0.292751	0.231159	0.17959	0.136445	0.104066	0.0837882	0.0632182	0.0382138	-0.00894152	-0.0687875	-0.132479	-0.204809	-0.289632	-0.397215	-0.505381	-0.599663	-0.673122	-0.719255	-0.733107	-0.72386	-0.693674	-0.647303	-0.58426	-0.52168	-0.48085	-0.445014	-0.413988	-0.399031	-0.39681	-0.388741	-0.372941	-0.359332	-0.359332	
-0.367321	-0.573825	-0.698286	-0.727245	-0.662411	-0.515891	-0.312016	-0.0928476	0.120477	0.309502	0.455381	0.53767	0.570853	0.557094	0.513379	0.446284	0.364774	0.28271	0.203169	0.138856	0.0879577	0.0481934	0.0164776	-0.0190085	-0.0580735	-0.108462	-0.166793	-0.224836	-0.292314	-0.377317	-0.481455	-0.589075	-0.685851	-0.766035	-0.830112	-0.858928	-0.856129	-0.828574	-0.770387	-0.682538	-0.590126	-0.520961	-0.459352	-0.39078	-0.326194	-0.276929	-0.232236	-0.194327	-0.171789	-0.171789	
-0.296783	-0.505741	-0.623479	-0.637008	-0.563256	-0.407345	-0.192877	0.0245828	0.230974	0.410837	0.544502	0.62151	0.644423	0.613587	0.548322	0.458308	0.354362	0.250997	0.156	0.0808676	0.0254026	-0.0224882	-0.0680631	-0.115418	-0.167784	-0.217371	-0.268853	-0.322984	-0.387169	-0.468154	-0.559569	-0.656248	-0.751254	-0.837332	-0.911468	-0.950558	-0.954959	-0.931818	-0.867378	-0.763564	-0.647784	-0.549903	-0.455328	-0.345618	-0.23316	-0.133867	-0.0503033	0.0113276	0.0403066	0.0403066	
-0.262273	-0.468804	-0.581365	-0.587841	-0.504361	-0.341443	-0.117618	0.108778	0.308417	0.474767	0.596454	0.671931	0.686704	0.642077	0.559707	0.451637	0.330964	0.214911	0.110905	0.0304343	-0.0288629	-0.0824163	-0.134315	-0.193039	-0.255907	-0.308708	-0.356018	-0.40528	-0.46582	-0.53985	-0.613033	-0.693243	-0.781212	-0.87027	-0.94764	-0.992928	-1.00924	-0.992279	-0.933988	-0.829473	-0.704689	-0.584895	-0.454563	-0.306296	-0.155248	-0.0165586	0.102551	0.184626	0.221822	0.221822	
-0.240841	-0.447087	-0.558888	-0.567625	-0.480056	-0.307909	-0.0789222	0.157179	0.35829	0.514948	0.635232	0.708393	0.713845	0.652687	0.554267	0.433489	0.304218	0.178828	0.0681552	-0.016709	-0.0782503	-0.126085	-0.173194	-0.234876	-0.303322	-0.362731	-0.407958	-0.44806	-0.503584	-0.567663	-0.62405	-0.686231	-0.765165	-0.851765	-0.930436	-0.982912	-1.00825	-1.00526	-0.959688	-0.870434	-0.754123	-0.623277	-0.471304	-0.298368	-0.127989	0.0294563	0.167206	0.262036	0.305232	0.305232	
-0.22239	-0.429325	-0.538569	-0.543979	-0.452307	-0.274788	-0.0464016	0.187775	0.384529	0.540312	0.660649	0.73034	0.723605	0.651714	0.543985	0.419099	0.284653	0.151189	0.0314235	-0.0571471	-0.113776	-0.150682	-0.186598	-0.243543	-0.313422	-0.379047	-0.418994	-0.449138	-0.493813	-0.542825	-0.582902	-0.626541	-0.687122	-0.765191	-0.844505	-0.903757	-0.945991	-0.965636	-0.948797	-0.892753	-0.79935	-0.677759	-0.525177	-0.347662	-0.175356	-0.0171289	0.119072	0.21501	0.259407	0.259407	
-0.199855	-0.404159	-0.505711	-0.500564	-0.409764	-0.237208	-0.0190749	0.197498	0.387032	0.544191	0.661459	0.719616	0.707622	0.634874	0.533141	0.415348	0.280165	0.137308	0.0115641	-0.0787927	-0.130563	-0.158203	-0.182691	-0.229146	-0.292677	-0.352477	-0.3873	-0.406208	-0.430982	-0.46186	-0.486094	-0.507715	-0.549115	-0.613441	-0.690272	-0.762402	-0.823263	-0.872974	-0.899396	-0.886816	-0.832485	-0.746158	-0.622572	-0.466294	-0.308781	-0.164334	-0.0433862	0.0427214	0.0861354	0.0861354	
-0.175373	-0.371811	-0.464301	-0.458742	-0.379628	-0.222629	-0.0220165	0.176006	0.356108	0.516059	0.629065	0.677804	0.666897	0.604051	0.518064	0.410175	0.277824	0.136813	0.0103338	-0.0765513	-0.126391	-0.154939	-0.171285	-0.201733	-0.242685	-0.284926	-0.306117	-0.308415	-0.314189	-0.324262	-0.335456	-0.343994	-0.366934	-0.418009	-0.496278	-0.580242	-0.659822	-0.742628	-0.81169	-0.843997	-0.839272	-0.803219	-0.732248	-0.623012	-0.499612	-0.392293	-0.305994	-0.241192	-0.206487	-0.206487	
-0.173132	-0.358124	-0.442572	-0.443832	-0.377277	-0.239333	-0.0636048	0.112717	0.284386	0.439195	0.555426	0.607549	0.605467	0.561329	0.489224	0.393854	0.272223	0.142581	0.0323203	-0.04676	-0.0988886	-0.129726	-0.145728	-0.155945	-0.170446	-0.186548	-0.188071	-0.17682	-0.163002	-0.158597	-0.160049	-0.15687	-0.16797	-0.210007	-0.290113	-0.384563	-0.480864	-0.589826	-0.692775	-0.768658	-0.811776	-0.83424	-0.825313	-0.774492	-0.710499	-0.657066	-0.617678	-0.58153	-0.55767	-0.55767	
-0.196282	-0.371107	-0.456881	-0.465628	-0.405897	-0.289167	-0.142822	0.012192	0.164379	0.313001	0.43261	0.497426	0.512249	0.485367	0.431629	0.353312	0.254336	0.151125	0.0632549	-0.00238563	-0.054051	-0.0907569	-0.103906	-0.102752	-0.0935475	-0.0845588	-0.0671486	-0.0416082	-0.0199838	-0.00395836	0.00527613	0.0178121	0.0202651	-0.0164143	-0.0919223	-0.184826	-0.289987	-0.410665	-0.538242	-0.649756	-0.74331	-0.823895	-0.876005	-0.893858	-0.90161	-0.915739	-0.921148	-0.913447	-0.899803	-0.899803	
-0.244063	-0.411479	-0.50076	-0.516813	-0.469749	-0.381838	-0.260521	-0.12527	0.0134077	0.1488	0.269242	0.345342	0.371934	0.360972	0.328101	0.279088	0.214554	0.150224	0.094337	0.0404875	-0.00937291	-0.0480324	-0.0693233	-0.0618122	-0.0397149	-0.00725062	0.0316522	0.0673457	0.0945708	0.113154	0.133678	0.158328	0.167652	0.142197	0.0821257	0.00118917	-0.096855	-0.219859	-0.357906	-0.493079	-0.628712	-0.758211	-0.861961	-0.947997	-1.0324	-1.11254	-1.16399	-1.18092	-1.18349	-1.18349	
-0.306971	-0.460356	-0.553237	-0.577718	-0.551112	-0.49363	-0.397573	-0.280393	-0.156087	-0.0279132	0.0883134	0.171289	0.205734	0.20653	0.189528	0.168665	0.146424	0.123229	0.0962208	0.0580596	0.014245	-0.0284134	-0.0536075	-0.050106	-0.0270691	0.0235314	0.0812509	0.127249	0.161051	0.184842	0.215684	0.248358	0.26375	0.250444	0.212673	0.156588	0.0737722	-0.0391367	-0.170909	-0.314001	-0.474056	-0.636941	-0.78329	-0.925337	-1.07288	-1.20712	-1.29467	-1.33835	-1.35964	-1.35964	
-0.356795	-0.489157	-0.573781	-0.610598	-0.612072	-0.584925	-0.516914	-0.421561	-0.313526	-0.198579	-0.0920026	-0.00642619	0.0370651	0.0451227	0.0392299	0.0392071	0.0461956	0.0533249	0.0462511	0.0187121	-0.0183387	-0.0538527	-0.0800476	-0.0847238	-0.063092	-0.00697	0.0603562	0.120086	0.162788	0.195638	0.240943	0.280887	0.306773	0.315305	0.307544	0.283318	0.226898	0.134818	0.0207257	-0.114479	-0.282746	-0.468393	-0.649577	-0.831587	-1.02168	-1.19113	-1.30721	-1.38044	-1.41988	-1.41988	
-0.375751	-0.484633	-0.558384	-0.606266	-0.634434	-0.630576	-0.593192	-0.525864	-0.43711	-0.341519	-0.25136	-0.173006	-0.125935	-0.114921	-0.113575	-0.100122	-0.0741647	-0.0523452	-0.0574704	-0.08227	-0.114161	-0.140852	-0.158679	-0.163468	-0.142541	-0.0877813	-0.0138322	0.0547985	0.107495	0.15732	0.213038	0.264555	0.310984	0.347642	0.375093	0.389199	0.36589	0.300955	0.210839	0.0875139	-0.0781025	-0.275812	-0.482628	-0.684836	-0.892538	-1.08123	-1.22157	-1.32137	-1.3759	-1.3759	
-0.378356	-0.454655	-0.513019	-0.56749	-0.612284	-0.629789	-0.619276	-0.575787	-0.50684	-0.432953	-0.361651	-0.294718	-0.255065	-0.24278	-0.240451	-0.224266	-0.194544	-0.175307	-0.187876	-0.218008	-0.248126	-0.26709	-0.273463	-0.268991	-0.243265	-0.188883	-0.111786	-0.0391371	0.0259262	0.0892843	0.153176	0.217344	0.281674	0.34412	0.405855	0.456899	0.471555	0.443997	0.3748	0.269284	0.114497	-0.0889854	-0.302745	-0.510934	-0.716072	-0.907902	-1.0653	-1.17694	-1.23634	-1.23634	
-0.376043	-0.417166	-0.45946	-0.505407	-0.550397	-0.582057	-0.589152	-0.564077	-0.515275	-0.464644	-0.413751	-0.364365	-0.332517	-0.322618	-0.320065	-0.30856	-0.287065	-0.28439	-0.307028	-0.341933	-0.374774	-0.388462	-0.381488	-0.368245	-0.337616	-0.284966	-0.216126	-0.139018	-0.0638939	0.0127021	0.0880403	0.162105	0.236686	0.316171	0.400469	0.478315	0.527354	0.530019	0.482889	0.398743	0.261972	0.0731726	-0.128888	-0.327983	-0.517429	-0.705038	-0.869523	-0.979889	-1.03583	-1.03583	
-0.375565	-0.383169	-0.403605	-0.432273	-0.47037	-0.505792	-0.517828	-0.504771	-0.479632	-0.454598	-0.418621	-0.383548	-0.356181	-0.34433	-0.3426	-0.339789	-0.33866	-0.353794	-0.387732	-0.430659	-0.467497	-0.476778	-0.460793	-0.432578	-0.394251	-0.348917	-0.288227	-0.21397	-0.13767	-0.0536851	0.0287485	0.106849	0.186588	0.275574	0.37148	0.465066	0.531163	0.551664	0.527698	0.463281	0.352964	0.193752	0.0135726	-0.164922	-0.337815	-0.513687	-0.670641	-0.772467	-0.818691	-0.818691	
-0.40006	-0.375063	-0.363088	-0.361514	-0.38096	-0.403692	-0.415516	-0.415812	-0.41198	-0.405179	-0.38349	-0.357244	-0.330079	-0.318745	-0.316462	-0.319288	-0.336055	-0.3639	-0.407082	-0.456069	-0.497206	-0.506169	-0.483492	-0.446838	-0.405997	-0.368274	-0.314046	-0.245028	-0.171754	-0.090523	-0.0123111	0.0625886	0.139166	0.227447	0.324336	0.413972	0.474208	0.500425	0.493496	0.448707	0.368349	0.244898	0.0964308	-0.0532589	-0.203771	-0.353177	-0.484577	-0.57124	-0.605867	-0.605867	
-0.436591	-0.377842	-0.328976	-0.295733	-0.285944	-0.283589	-0.285738	-0.292781	-0.304243	-0.31238	-0.299193	-0.277086	-0.25044	-0.240759	-0.237816	-0.250614	-0.279243	-0.313501	-0.365346	-0.416185	-0.456351	-0.467776	-0.444072	-0.409353	-0.374951	-0.346998	-0.298838	-0.235362	-0.168675	-0.0975259	-0.0320473	0.0346274	0.0987976	0.173314	0.251307	0.312131	0.348114	0.370944	0.376573	0.356914	0.308697	0.22471	0.117378	-0.00139054	-0.119946	-0.233234	-0.330266	-0.396964	-0.424333	-0.424333	
-0.457572	-0.369187	-0.288341	-0.224861	-0.179667	-0.150575	-0.137787	-0.145663	-0.15939	-0.17322	-0.16675	-0.147554	-0.126738	-0.11803	-0.123138	-0.142727	-0.173528	-0.217578	-0.272088	-0.320931	-0.358723	-0.370097	-0.350219	-0.32363	-0.304276	-0.286799	-0.25051	-0.196737	-0.138872	-0.0854703	-0.0340822	0.0183916	0.0654411	0.115205	0.154025	0.172532	0.175485	0.185073	0.19593	0.19842	0.179179	0.137623	0.0768928	-0.00632806	-0.0842611	-0.160824	-0.22634	-0.273571	-0.299247	-0.299247	
-0.447524	-0.335563	-0.228158	-0.138792	-0.0638931	-0.0136473	0.0158702	0.0159635	0.00344684	-0.0083598	-0.00663494	0.00728314	0.0232978	0.0246745	0.012896	-0.00579571	-0.0332746	-0.0788868	-0.128488	-0.175104	-0.212084	-0.223375	-0.211685	-0.19832	-0.194869	-0.194641	-0.180544	-0.141507	-0.100346	-0.0650047	-0.0310115	0.0041506	0.0318331	0.0488194	0.045435	0.0242176	-0.0009679	-0.00823216	-0.00240296	0.00500337	0.00717993	-0.00493875	-0.0272643	-0.0682495	-0.109815	-0.147903	-0.184275	-0.21296	-0.231514	-0.231514	
-0.400316	-0.282576	-0.166261	-0.0567178	0.0407569	0.114243	0.16179	0.179844	0.174497	0.162533	0.158316	0.163094	0.170009	0.162059	0.152021	0.139008	0.114712	0.0795393	0.0352688	-0.00688868	-0.0392375	-0.0513535	-0.0475322	-0.046924	-0.0627101	-0.0866765	-0.0965632	-0.0769111	-0.0522822	-0.0306882	-0.0152339	-0.00439431	0.00127582	-0.0182365	-0.06018	-0.110031	-0.155141	-0.183066	-0.190736	-0.189728	-0.182627	-0.174169	-0.17121	-0.172645	-0.178649	-0.187154	-0.197203	-0.207574	-0.215184	-0.215184	
-0.324501	-0.22035	-0.114172	0.00073686	0.10756	0.203241	0.282187	0.32606	0.335489	0.330623	0.325856	0.317193	0.306246	0.293966	0.279656	0.268257	0.250091	0.227604	0.194367	0.159135	0.132733	0.119652	0.116352	0.106342	0.0722041	0.0296862	0.000913267	-0.00432537	0.00941457	0.0104188	0.00279958	-0.010891	-0.038072	-0.0864202	-0.157142	-0.228031	-0.287779	-0.332159	-0.355141	-0.363343	-0.354289	-0.338831	-0.315934	-0.282609	-0.260105	-0.240722	-0.2288	-0.221598	-0.216265	-0.216265	
-0.241173	-0.153728	-0.0665719	0.03554	0.140491	0.249508	0.352512	0.425449	0.458534	0.474564	0.470126	0.451106	0.429968	0.408793	0.390668	0.373872	0.361287	0.352156	0.336649	0.315212	0.298006	0.283172	0.273144	0.245233	0.19872	0.144251	0.0990868	0.0740606	0.0646018	0.0423657	0.00833947	-0.0349773	-0.090236	-0.15712	-0.24417	-0.326584	-0.396043	-0.450857	-0.483448	-0.496156	-0.493653	-0.473158	-0.433931	-0.374476	-0.315666	-0.269161	-0.227138	-0.197394	-0.180002	-0.180002	
-0.162702	-0.0947853	-0.0281952	0.0518993	0.149639	0.265611	0.379438	0.463783	0.517678	0.550463	0.554079	0.540911	0.525373	0.50294	0.479927	0.455547	0.448426	0.459748	0.468046	0.467906	0.462452	0.445259	0.418523	0.372211	0.314063	0.249499	0.188894	0.139602	0.0946627	0.0461594	-0.0129673	-0.0814354	-0.152822	-0.22794	-0.316969	-0.404008	-0.475178	-0.528766	-0.560392	-0.573407	-0.571642	-0.547343	-0.493346	-0.410254	-0.32298	-0.2428	-0.168091	-0.114155	-0.0851302	-0.0851302	
