-0.285719	-0.285719	-0.295999	-0.325011	-0.372215	-0.413643	-0.418525	-0.378662	-0.306584	-0.229231	-0.165473	-0.119727	-0.0924986	-0.0914158	-0.113288	-0.146762	-0.183948	-0.216772	-0.250158	-0.273608	-0.273571	-0.232954	-0.149021	-0.0309591	0.0781098	0.157619	0.223365	0.276796	0.31291	0.321465	0.301452	0.269935	0.260678	0.279698	0.314921	0.349217	0.363163	0.361138	0.359303	0.36258	0.364293	0.35396	0.336047	0.296584	0.231239	0.148705	0.0659769	-0.00277248	-0.0485089	-0.0696345	
-0.285719	-0.285719	-0.295999	-0.325011	-0.372215	-0.413643	-0.418525	-0.378662	-0.306584	-0.229231	-0.165473	-0.119727	-0.0924986	-0.0914158	-0.113288	-0.146762	-0.183948	-0.216772	-0.250158	-0.273608	-0.273571	-0.232954	-0.149021	-0.0309591	0.0781098	0.157619	0.223365	0.276796	0.31291	0.321465	0.301452	0.269935	0.260678	0.279698	0.314921	0.349217	0.363163	0.361138	0.359303	0.36258	0.364293	0.35396	0.336047	0.296584	0.231239	0.148705	0.0659769	-0.00277248	-0.0485089	-0.0696345	
-0.295999	-0.295999	-0.303375	-0.329507	-0.369568	-0.392698	-0.378409	-0.335462	-0.27881	-0.216221	-0.158647	-0.11924	-0.108846	-0.124956	-0.150949	-0.175334	-0.200878	-0.225937	-0.25109	-0.264673	-0.256831	-0.217105	-0.143759	-0.0404982	0.059166	0.14407	0.228197	0.303292	0.352796	0.366498	0.349729	0.321654	0.308344	0.311161	0.32241	0.336952	0.34153	0.339495	0.340542	0.34606	0.346691	0.335298	0.317176	0.280462	0.21684	0.13553	0.0586925	0.00372956	-0.027884	-0.0452475	
-0.325011	-0.325011	-0.329507	-0.344924	-0.360622	-0.352225	-0.314991	-0.274033	-0.237619	-0.199049	-0.157122	-0.132799	-0.139674	-0.171334	-0.201366	-0.219001	-0.234694	-0.249341	-0.262123	-0.25998	-0.241189	-0.202336	-0.143006	-0.0601392	0.0283879	0.120355	0.22889	0.331253	0.400286	0.424949	0.418395	0.398671	0.382027	0.361221	0.337098	0.319204	0.307147	0.301567	0.305602	0.311961	0.310925	0.294852	0.27646	0.241705	0.181041	0.103117	0.0374644	0.00197011	-0.0134151	-0.0276887	
-0.372215	-0.372215	-0.369568	-0.360622	-0.339116	-0.298169	-0.250023	-0.215027	-0.199705	-0.189058	-0.176897	-0.167659	-0.176817	-0.205945	-0.238884	-0.261144	-0.275077	-0.282217	-0.282218	-0.268301	-0.239612	-0.197978	-0.14468	-0.0727084	0.0084721	0.105291	0.226307	0.346347	0.43304	0.476017	0.485683	0.476692	0.456997	0.418268	0.363371	0.314192	0.279576	0.264213	0.262471	0.263343	0.254304	0.235842	0.215141	0.182226	0.127506	0.0634347	0.0137351	-0.0110347	-0.0201064	-0.0258363	
-0.413643	-0.413643	-0.392698	-0.352225	-0.298169	-0.241147	-0.191705	-0.167682	-0.171601	-0.194953	-0.213246	-0.216176	-0.213571	-0.229535	-0.262295	-0.293783	-0.314148	-0.319225	-0.314809	-0.294053	-0.256711	-0.203979	-0.141152	-0.0649648	0.0195885	0.11703	0.238312	0.36175	0.462212	0.524062	0.549112	0.544536	0.521595	0.473644	0.40479	0.332671	0.272511	0.232396	0.212183	0.198466	0.182789	0.160136	0.141673	0.113546	0.0716598	0.0263832	-0.00484461	-0.0198735	-0.0266251	-0.026839	
-0.418525	-0.418525	-0.378409	-0.314991	-0.250023	-0.191705	-0.150974	-0.139787	-0.16611	-0.210518	-0.24831	-0.258438	-0.253118	-0.256394	-0.279203	-0.310934	-0.338031	-0.351287	-0.347336	-0.322384	-0.274454	-0.207943	-0.129014	-0.0376658	0.0558128	0.15397	0.265788	0.384007	0.490008	0.566248	0.600853	0.598394	0.574156	0.530481	0.462965	0.379077	0.289866	0.214429	0.161022	0.126738	0.099434	0.0771957	0.0600554	0.0423545	0.0205164	0.00118332	-0.0112827	-0.0190159	-0.0189926	-0.00526449	
-0.378662	-0.378662	-0.335462	-0.274033	-0.215027	-0.167682	-0.139787	-0.148307	-0.185533	-0.232765	-0.269319	-0.290702	-0.295419	-0.294998	-0.30117	-0.320736	-0.348794	-0.366181	-0.362261	-0.331487	-0.278461	-0.203869	-0.10961	-0.00163625	0.101666	0.193892	0.290311	0.39481	0.499507	0.582766	0.626853	0.630327	0.612035	0.576628	0.518621	0.432556	0.323667	0.211888	0.122285	0.0615224	0.0236581	-0.0040927	-0.016412	-0.0200863	-0.0214405	-0.0248241	-0.0272617	-0.0232906	-0.00985157	0.0116027	
-0.306584	-0.306584	-0.27881	-0.237619	-0.199705	-0.171601	-0.16611	-0.185533	-0.222372	-0.257437	-0.290436	-0.31752	-0.334924	-0.338095	-0.335663	-0.338953	-0.349355	-0.354657	-0.341572	-0.309209	-0.257261	-0.180889	-0.0771724	0.038421	0.137099	0.213412	0.287608	0.375767	0.472068	0.557819	0.612273	0.632554	0.628848	0.605921	0.55696	0.474064	0.355743	0.221391	0.100487	0.0148995	-0.0394526	-0.068196	-0.075534	-0.066208	-0.0547931	-0.0518393	-0.0521988	-0.0426059	-0.0155978	0.0180569	
-0.229231	-0.229231	-0.216221	-0.199049	-0.189058	-0.194953	-0.210518	-0.232765	-0.257437	-0.287781	-0.318212	-0.346197	-0.367693	-0.381006	-0.379665	-0.363702	-0.342413	-0.320044	-0.293729	-0.256352	-0.201848	-0.122482	-0.0220847	0.0773661	0.153126	0.208174	0.266196	0.339446	0.421494	0.497647	0.558951	0.601897	0.623648	0.61636	0.57354	0.492732	0.374898	0.233629	0.0986249	-0.00526695	-0.069182	-0.100502	-0.103803	-0.0925911	-0.0849474	-0.0856033	-0.0819944	-0.0587327	-0.020186	0.0149913	
-0.165473	-0.165473	-0.158647	-0.157122	-0.176897	-0.213246	-0.24831	-0.269319	-0.290436	-0.318212	-0.349116	-0.375138	-0.400876	-0.418954	-0.412504	-0.37401	-0.318479	-0.266038	-0.21846	-0.166825	-0.100336	-0.0224081	0.0552601	0.114994	0.155474	0.190792	0.236429	0.294733	0.355044	0.414456	0.47599	0.54035	0.589897	0.603767	0.57208	0.497704	0.391257	0.264962	0.135182	0.0232928	-0.057591	-0.0985006	-0.10982	-0.109592	-0.112592	-0.114263	-0.0989487	-0.0632367	-0.0172397	0.0215204	
-0.119727	-0.119727	-0.11924	-0.132799	-0.167659	-0.216176	-0.258438	-0.290702	-0.31752	-0.346197	-0.375138	-0.406723	-0.435465	-0.446976	-0.426003	-0.368725	-0.286115	-0.200272	-0.123892	-0.0535618	0.0173004	0.0813533	0.125288	0.144048	0.15144	0.165987	0.193572	0.23111	0.271367	0.316987	0.376115	0.449376	0.514569	0.548987	0.537663	0.486399	0.408663	0.312584	0.201661	0.0871338	-0.00916524	-0.0708416	-0.103893	-0.122766	-0.137971	-0.137337	-0.112778	-0.0689822	-0.0225026	0.0140082	
-0.0924986	-0.0924986	-0.108846	-0.139674	-0.176817	-0.213571	-0.253118	-0.295419	-0.334924	-0.367693	-0.400876	-0.435465	-0.458666	-0.454299	-0.419334	-0.348902	-0.24269	-0.122842	-0.0163394	0.0656788	0.126986	0.163459	0.175114	0.162161	0.143879	0.133786	0.134392	0.146546	0.170022	0.208338	0.261735	0.330439	0.400206	0.454374	0.476294	0.458685	0.414167	0.3508	0.2674	0.167101	0.0647884	-0.0172653	-0.0776916	-0.121062	-0.148109	-0.151524	-0.130008	-0.0917237	-0.0466023	-0.00629525	
-0.0914158	-0.0914158	-0.124956	-0.171334	-0.205945	-0.229535	-0.256394	-0.294998	-0.338095	-0.381006	-0.418954	-0.446976	-0.454299	-0.433284	-0.382198	-0.29654	-0.173544	-0.0342309	0.092731	0.184516	0.232768	0.239876	0.218984	0.180377	0.139219	0.10541	0.0764913	0.0610956	0.0665709	0.0936501	0.135814	0.196458	0.2661	0.338925	0.392636	0.412967	0.401265	0.368215	0.317524	0.249751	0.167436	0.0799368	-0.00959311	-0.0817973	-0.128442	-0.145924	-0.142892	-0.118993	-0.078614	-0.0361818	
-0.113288	-0.113288	-0.150949	-0.201366	-0.238884	-0.262295	-0.279203	-0.30117	-0.335663	-0.379665	-0.412504	-0.426003	-0.419334	-0.382198	-0.309897	-0.208638	-0.0860894	0.0504528	0.183106	0.280322	0.319816	0.3026	0.256037	0.194109	0.133366	0.075039	0.0183642	-0.0209662	-0.0321807	-0.0190129	0.0105718	0.0612316	0.127372	0.207852	0.289025	0.344929	0.368731	0.368451	0.353295	0.321327	0.264501	0.182997	0.0843671	-0.00563468	-0.0720031	-0.114049	-0.137532	-0.134787	-0.104518	-0.0627639	
-0.146762	-0.146762	-0.175334	-0.219001	-0.261144	-0.293783	-0.310934	-0.320736	-0.338953	-0.363702	-0.37401	-0.368725	-0.348902	-0.29654	-0.208638	-0.106307	0.00447697	0.125649	0.243668	0.326729	0.353297	0.325627	0.266836	0.192003	0.111346	0.0289081	-0.0500028	-0.103415	-0.126889	-0.127964	-0.111833	-0.0691923	-0.0109459	0.0718952	0.170491	0.261924	0.325565	0.359712	0.369845	0.359949	0.323548	0.258599	0.165311	0.0727166	-0.00539278	-0.0647973	-0.107815	-0.121734	-0.105987	-0.0755619	
-0.183948	-0.183948	-0.200878	-0.234694	-0.275077	-0.314148	-0.338031	-0.348794	-0.349355	-0.342413	-0.318479	-0.286115	-0.24269	-0.173544	-0.0860894	0.00447697	0.101063	0.200691	0.281697	0.33014	0.342571	0.314156	0.255983	0.172978	0.078136	-0.0195279	-0.107948	-0.172395	-0.213997	-0.236481	-0.234576	-0.197149	-0.136343	-0.047785	0.0648971	0.179462	0.275548	0.342502	0.377888	0.38047	0.352973	0.302273	0.228217	0.143783	0.0601771	-0.00761423	-0.0571797	-0.0802662	-0.0810519	-0.0693874	
-0.216772	-0.216772	-0.225937	-0.249341	-0.282217	-0.319225	-0.351287	-0.366181	-0.354657	-0.320044	-0.266038	-0.200272	-0.122842	-0.0342309	0.0504528	0.125649	0.200691	0.264008	0.298693	0.313461	0.314336	0.288297	0.230945	0.144878	0.0457841	-0.0507044	-0.142277	-0.223453	-0.291756	-0.338422	-0.35124	-0.313386	-0.244479	-0.146755	-0.0263085	0.103136	0.222047	0.316052	0.371887	0.38573	0.367201	0.332668	0.275748	0.202514	0.125092	0.0588638	0.00455862	-0.0315508	-0.0496207	-0.053876	
-0.250158	-0.250158	-0.25109	-0.262123	-0.282218	-0.314809	-0.347336	-0.362261	-0.341572	-0.293729	-0.21846	-0.123892	-0.0163394	0.092731	0.183106	0.243668	0.281697	0.298693	0.293664	0.282165	0.270894	0.243783	0.190553	0.107933	0.0149745	-0.0775367	-0.174785	-0.270984	-0.352545	-0.410282	-0.431735	-0.399008	-0.331992	-0.233949	-0.108792	0.0281361	0.157833	0.267153	0.338755	0.362109	0.355442	0.340085	0.304889	0.248596	0.181192	0.120722	0.0613789	0.0114294	-0.0208405	-0.031914	
-0.273608	-0.273608	-0.264673	-0.25998	-0.268301	-0.294053	-0.322384	-0.331487	-0.309209	-0.256352	-0.166825	-0.0535618	0.0656788	0.184516	0.280322	0.326729	0.33014	0.313461	0.282165	0.24833	0.221488	0.192366	0.144723	0.0718473	-0.0149043	-0.110443	-0.21773	-0.318337	-0.398168	-0.454337	-0.479663	-0.458962	-0.407961	-0.320338	-0.195797	-0.0562818	0.0767974	0.194006	0.278008	0.321196	0.338368	0.341582	0.318842	0.271685	0.217463	0.165781	0.107378	0.0533407	0.0186875	0.00483518	
-0.273571	-0.273571	-0.256831	-0.241189	-0.239612	-0.256711	-0.274454	-0.278461	-0.257261	-0.201848	-0.100336	0.0173004	0.126986	0.232768	0.319816	0.353297	0.342571	0.314336	0.270894	0.221488	0.180856	0.141633	0.0925447	0.0290456	-0.0479393	-0.143797	-0.252385	-0.352785	-0.43086	-0.485274	-0.512603	-0.504038	-0.472146	-0.400328	-0.288357	-0.156368	-0.0239325	0.100585	0.205608	0.280252	0.326652	0.347865	0.332736	0.29166	0.241928	0.195019	0.139258	0.0887479	0.0558028	0.0383104	
-0.232954	-0.232954	-0.217105	-0.202336	-0.197978	-0.203979	-0.207943	-0.203869	-0.180889	-0.122482	-0.0224081	0.0813533	0.163459	0.239876	0.3026	0.325627	0.314156	0.288297	0.243783	0.192366	0.141633	0.084654	0.0246751	-0.0308464	-0.0930197	-0.174181	-0.273665	-0.371551	-0.451663	-0.50732	-0.538165	-0.540198	-0.520687	-0.468361	-0.375575	-0.255246	-0.128462	0.000278883	0.125884	0.232346	0.306626	0.343699	0.340825	0.305586	0.25864	0.207289	0.148033	0.101177	0.0744652	0.0581216	
-0.149021	-0.149021	-0.143759	-0.143006	-0.14468	-0.141152	-0.129014	-0.10961	-0.0771724	-0.0220847	0.0552601	0.125288	0.175114	0.218984	0.256037	0.266836	0.255983	0.230945	0.190553	0.144723	0.0925447	0.0246751	-0.0422707	-0.0926667	-0.136882	-0.198123	-0.280253	-0.368142	-0.441477	-0.498644	-0.538595	-0.549113	-0.54406	-0.514917	-0.445243	-0.341489	-0.225966	-0.0982795	0.0437944	0.174416	0.269696	0.323881	0.332735	0.308975	0.266717	0.212581	0.151711	0.106862	0.0838973	0.0739281	
-0.0309591	-0.0309591	-0.0404982	-0.0601392	-0.0727084	-0.0649648	-0.0376658	-0.00163625	0.038421	0.0773661	0.114994	0.144048	0.162161	0.180377	0.194109	0.192003	0.172978	0.144878	0.107933	0.0718473	0.0290456	-0.0308464	-0.0926667	-0.132819	-0.162461	-0.205124	-0.269871	-0.336843	-0.39683	-0.455055	-0.50194	-0.527395	-0.547212	-0.551033	-0.511038	-0.431555	-0.330034	-0.196546	-0.0389479	0.108265	0.220174	0.28626	0.309252	0.297975	0.267251	0.224396	0.171099	0.124768	0.0982043	0.0896505	
0.0781098	0.0781098	0.059166	0.0283879	0.0084721	0.0195885	0.0558128	0.101666	0.137099	0.153126	0.155474	0.15144	0.143879	0.139219	0.133366	0.111346	0.078136	0.0457841	0.0149745	-0.0149043	-0.0479393	-0.0930197	-0.136882	-0.162461	-0.177204	-0.206605	-0.249977	-0.294977	-0.339906	-0.390018	-0.437778	-0.48244	-0.536748	-0.576785	-0.570543	-0.518099	-0.424964	-0.292253	-0.132958	0.02266	0.146421	0.227265	0.267385	0.275194	0.264676	0.242005	0.201867	0.152499	0.116921	0.101364	
0.157619	0.157619	0.14407	0.120355	0.105291	0.11703	0.15397	0.193892	0.213412	0.208174	0.190792	0.165987	0.133786	0.10541	0.075039	0.0289081	-0.0195279	-0.0507044	-0.0775367	-0.110443	-0.143797	-0.174181	-0.198123	-0.205124	-0.206605	-0.217565	-0.24117	-0.267746	-0.296139	-0.331129	-0.378297	-0.444245	-0.523232	-0.587873	-0.609305	-0.575841	-0.496304	-0.379763	-0.238582	-0.0931168	0.0372889	0.142664	0.21325	0.242142	0.251708	0.252934	0.227204	0.18024	0.137608	0.106212	
0.223365	0.223365	0.228197	0.22889	0.226307	0.238312	0.265788	0.290311	0.287608	0.266196	0.236429	0.193572	0.134392	0.0764913	0.0183642	-0.0500028	-0.107948	-0.142277	-0.174785	-0.21773	-0.252385	-0.273665	-0.280253	-0.269871	-0.249977	-0.24117	-0.247384	-0.259498	-0.271694	-0.295915	-0.345634	-0.419188	-0.504656	-0.5815	-0.615551	-0.597174	-0.541737	-0.459221	-0.347731	-0.219561	-0.0874949	0.041034	0.141429	0.201629	0.241588	0.261417	0.248988	0.207797	0.155075	0.099423	
0.276796	0.276796	0.303292	0.331253	0.346347	0.36175	0.384007	0.39481	0.375767	0.339446	0.294733	0.23111	0.146546	0.0610956	-0.0209662	-0.103415	-0.172395	-0.223453	-0.270984	-0.318337	-0.352785	-0.371551	-0.368142	-0.336843	-0.294977	-0.267746	-0.259498	-0.257141	-0.260985	-0.283734	-0.3283	-0.389657	-0.465526	-0.538665	-0.578149	-0.580475	-0.558467	-0.509008	-0.431152	-0.330673	-0.203664	-0.0619064	0.0628905	0.158987	0.231508	0.271792	0.270703	0.230869	0.165602	0.0845561	
0.31291	0.31291	0.352796	0.400286	0.43304	0.462212	0.490008	0.499507	0.472068	0.421494	0.355044	0.271367	0.170022	0.0665709	-0.0321807	-0.126889	-0.213997	-0.291756	-0.352545	-0.398168	-0.43086	-0.451663	-0.441477	-0.39683	-0.339906	-0.296139	-0.271694	-0.260985	-0.267703	-0.289584	-0.31914	-0.359692	-0.414852	-0.470293	-0.508046	-0.533968	-0.544974	-0.530301	-0.484757	-0.403478	-0.290254	-0.158443	-0.02195	0.107393	0.207885	0.263155	0.270769	0.230261	0.157179	0.0632259	
0.321465	0.321465	0.366498	0.424949	0.476017	0.524062	0.566248	0.582766	0.557819	0.497647	0.414456	0.316987	0.208338	0.0936501	-0.0190129	-0.127964	-0.236481	-0.338422	-0.410282	-0.454337	-0.485274	-0.50732	-0.498644	-0.455055	-0.390018	-0.331129	-0.295915	-0.283734	-0.289584	-0.303233	-0.319528	-0.342567	-0.371997	-0.405754	-0.442891	-0.485427	-0.520152	-0.537218	-0.518734	-0.453938	-0.35873	-0.24226	-0.1037	0.040998	0.16015	0.231504	0.24492	0.204305	0.129267	0.0302344	
0.301452	0.301452	0.349729	0.418395	0.485683	0.549112	0.600853	0.626853	0.612273	0.558951	0.47599	0.376115	0.261735	0.135814	0.0105718	-0.111833	-0.234576	-0.35124	-0.431735	-0.479663	-0.512603	-0.538165	-0.538595	-0.50194	-0.437778	-0.378297	-0.345634	-0.3283	-0.31914	-0.319528	-0.328938	-0.342326	-0.359446	-0.383372	-0.417309	-0.459955	-0.508076	-0.544197	-0.538023	-0.486102	-0.41257	-0.309394	-0.17383	-0.0239459	0.10524	0.184963	0.201334	0.161892	0.0848352	-0.0110879	
0.269935	0.269935	0.321654	0.398671	0.476692	0.544536	0.598394	0.630327	0.632554	0.601897	0.54035	0.449376	0.330439	0.196458	0.0612316	-0.0691923	-0.197149	-0.313386	-0.399008	-0.458962	-0.504038	-0.540198	-0.549113	-0.527395	-0.48244	-0.444245	-0.419188	-0.389657	-0.359692	-0.342567	-0.342326	-0.354393	-0.378254	-0.407144	-0.432344	-0.463462	-0.505052	-0.540694	-0.542385	-0.508532	-0.446543	-0.348523	-0.220923	-0.0771333	0.0521058	0.13333	0.154506	0.12167	0.0479664	-0.0432327	
0.260678	0.260678	0.308344	0.382027	0.456997	0.521595	0.574156	0.612035	0.628848	0.623648	0.589897	0.514569	0.400206	0.2661	0.127372	-0.0109459	-0.136343	-0.244479	-0.331992	-0.407961	-0.472146	-0.520687	-0.54406	-0.547212	-0.536748	-0.523232	-0.504656	-0.465526	-0.414852	-0.371997	-0.359446	-0.378254	-0.42112	-0.455429	-0.474664	-0.494324	-0.519836	-0.542215	-0.547343	-0.526577	-0.471017	-0.376373	-0.260587	-0.128045	-0.00787826	0.0719448	0.0982675	0.0709825	0.00833671	-0.0670897	
0.279698	0.279698	0.311161	0.361221	0.418268	0.473644	0.530481	0.576628	0.605921	0.61636	0.603767	0.548987	0.454374	0.338925	0.207852	0.0718952	-0.047785	-0.146755	-0.233949	-0.320338	-0.400328	-0.468361	-0.514917	-0.551033	-0.576785	-0.587873	-0.5815	-0.538665	-0.470293	-0.405754	-0.383372	-0.407144	-0.455429	-0.494743	-0.514714	-0.528753	-0.537992	-0.546827	-0.552345	-0.535875	-0.485124	-0.403319	-0.303833	-0.187771	-0.0793579	0.00177254	0.036375	0.0199863	-0.0252302	-0.079037	
0.314921	0.314921	0.32241	0.337098	0.363371	0.40479	0.462965	0.518621	0.55696	0.57354	0.57208	0.537663	0.476294	0.392636	0.289025	0.170491	0.0648971	-0.0263085	-0.108792	-0.195797	-0.288357	-0.375575	-0.445243	-0.511038	-0.570543	-0.609305	-0.615551	-0.578149	-0.508046	-0.442891	-0.417309	-0.432344	-0.474664	-0.514714	-0.542849	-0.559027	-0.559578	-0.555847	-0.553637	-0.537534	-0.497945	-0.432822	-0.352974	-0.254926	-0.153215	-0.0693799	-0.0310851	-0.0349961	-0.0554183	-0.0776241	
0.349217	0.349217	0.336952	0.319204	0.314192	0.332671	0.379077	0.432556	0.474064	0.492732	0.497704	0.486399	0.458685	0.412967	0.344929	0.261924	0.179462	0.103136	0.0281361	-0.0562818	-0.156368	-0.255246	-0.341489	-0.431555	-0.518099	-0.575841	-0.597174	-0.580475	-0.533968	-0.485427	-0.459955	-0.463462	-0.494324	-0.528753	-0.559027	-0.57726	-0.580653	-0.574426	-0.56777	-0.556554	-0.531187	-0.484272	-0.419056	-0.335299	-0.24156	-0.156115	-0.109726	-0.0932107	-0.0879133	-0.0799958	
0.363163	0.363163	0.34153	0.307147	0.279576	0.272511	0.289866	0.323667	0.355743	0.374898	0.391257	0.408663	0.414167	0.401265	0.368731	0.325565	0.275548	0.222047	0.157833	0.0767974	-0.0239325	-0.128462	-0.225966	-0.330034	-0.424964	-0.496304	-0.541737	-0.558467	-0.544974	-0.520152	-0.508076	-0.505052	-0.519836	-0.537992	-0.559578	-0.580653	-0.592861	-0.599782	-0.603991	-0.607765	-0.598654	-0.565793	-0.514338	-0.44002	-0.350472	-0.270272	-0.216305	-0.171359	-0.132027	-0.0919049	
0.361138	0.361138	0.339495	0.301567	0.264213	0.232396	0.214429	0.211888	0.221391	0.233629	0.264962	0.312584	0.3508	0.368215	0.368451	0.359712	0.342502	0.316052	0.267153	0.194006	0.100585	0.000278883	-0.0982795	-0.196546	-0.292253	-0.379763	-0.459221	-0.509008	-0.530301	-0.537218	-0.544197	-0.540694	-0.542215	-0.546827	-0.555847	-0.574426	-0.599782	-0.625745	-0.649042	-0.673539	-0.684071	-0.667088	-0.625922	-0.56118	-0.482686	-0.404976	-0.332557	-0.259689	-0.190563	-0.113359	
0.359303	0.359303	0.340542	0.305602	0.262471	0.212183	0.161022	0.122285	0.100487	0.0986249	0.135182	0.201661	0.2674	0.317524	0.353295	0.369845	0.377888	0.371887	0.338755	0.278008	0.205608	0.125884	0.0437944	-0.0389479	-0.132958	-0.238582	-0.347731	-0.431152	-0.484757	-0.518734	-0.538023	-0.542385	-0.547343	-0.552345	-0.553637	-0.56777	-0.603991	-0.649042	-0.696767	-0.741972	-0.774358	-0.776981	-0.747869	-0.689637	-0.616022	-0.533628	-0.441827	-0.342775	-0.241309	-0.126002	
0.36258	0.36258	0.34606	0.311961	0.263343	0.198466	0.126738	0.0615224	0.0148995	-0.00526695	0.0232928	0.0871338	0.167101	0.249751	0.321327	0.359949	0.38047	0.38573	0.362109	0.321196	0.280252	0.232346	0.174416	0.108265	0.02266	-0.0931168	-0.219561	-0.330673	-0.403478	-0.453938	-0.486102	-0.508532	-0.526577	-0.535875	-0.537534	-0.556554	-0.607765	-0.673539	-0.741972	-0.812595	-0.867593	-0.889807	-0.869454	-0.817514	-0.738967	-0.637618	-0.529854	-0.416219	-0.284757	-0.133595	
0.364293	0.364293	0.346691	0.310925	0.254304	0.182789	0.099434	0.0236581	-0.0394526	-0.069182	-0.057591	-0.00916524	0.0647884	0.167436	0.264501	0.323548	0.352973	0.367201	0.355442	0.338368	0.326652	0.306626	0.269696	0.220174	0.146421	0.0372889	-0.0874949	-0.203664	-0.290254	-0.35873	-0.41257	-0.446543	-0.471017	-0.485124	-0.497945	-0.531187	-0.598654	-0.684071	-0.774358	-0.867593	-0.946321	-0.985451	-0.974834	-0.924388	-0.83698	-0.726982	-0.610714	-0.481691	-0.319209	-0.132768	
0.35396	0.35396	0.335298	0.294852	0.235842	0.160136	0.0771957	-0.0040927	-0.068196	-0.100502	-0.0985006	-0.0708416	-0.0172653	0.0799368	0.182997	0.258599	0.302273	0.332668	0.340085	0.341582	0.347865	0.343699	0.323881	0.28626	0.227265	0.142664	0.041034	-0.0619064	-0.158443	-0.24226	-0.309394	-0.348523	-0.376373	-0.403319	-0.432822	-0.484272	-0.565793	-0.667088	-0.776981	-0.889807	-0.985451	-1.03648	-1.03577	-0.99281	-0.908026	-0.797224	-0.678837	-0.533914	-0.341804	-0.119831	
0.336047	0.336047	0.317176	0.27646	0.215141	0.141673	0.0600554	-0.016412	-0.075534	-0.103803	-0.10982	-0.103893	-0.0776916	-0.00959311	0.0843671	0.165311	0.228217	0.275748	0.304889	0.318842	0.332736	0.340825	0.332735	0.309252	0.267385	0.21325	0.141429	0.0628905	-0.02195	-0.1037	-0.17383	-0.220923	-0.260587	-0.303833	-0.352974	-0.419056	-0.514338	-0.625922	-0.747869	-0.869454	-0.974834	-1.03577	-1.05066	-1.02904	-0.959428	-0.854102	-0.730898	-0.568106	-0.350777	-0.105095	
0.296584	0.296584	0.280462	0.241705	0.182226	0.113546	0.0423545	-0.0200863	-0.066208	-0.0925911	-0.109592	-0.122766	-0.121062	-0.0817973	-0.00563468	0.0727166	0.143783	0.202514	0.248596	0.271685	0.29166	0.305586	0.308975	0.297975	0.275194	0.242142	0.201629	0.158987	0.107393	0.040998	-0.0239459	-0.0771333	-0.128045	-0.187771	-0.254926	-0.335299	-0.44002	-0.56118	-0.689637	-0.817514	-0.924388	-0.99281	-1.02904	-1.02714	-0.978626	-0.8852	-0.761685	-0.589284	-0.359357	-0.106386	
0.231239	0.231239	0.21684	0.181041	0.127506	0.0716598	0.0205164	-0.0214405	-0.0547931	-0.0849474	-0.112592	-0.137971	-0.148109	-0.128442	-0.0720031	-0.00539278	0.0601771	0.125092	0.181192	0.217463	0.241928	0.25864	0.266717	0.267251	0.264676	0.251708	0.241588	0.231508	0.207885	0.16015	0.10524	0.0521058	-0.00787826	-0.0793579	-0.153215	-0.24156	-0.350472	-0.482686	-0.616022	-0.738967	-0.83698	-0.908026	-0.959428	-0.978626	-0.952749	-0.884254	-0.769381	-0.604892	-0.379843	-0.127354	
0.148705	0.148705	0.13553	0.103117	0.0634347	0.0263832	0.00118332	-0.0248241	-0.0518393	-0.0856033	-0.114263	-0.137337	-0.151524	-0.145924	-0.114049	-0.0647973	-0.00761423	0.0588638	0.120722	0.165781	0.195019	0.207289	0.212581	0.224396	0.242005	0.252934	0.261417	0.271792	0.263155	0.231504	0.184963	0.13333	0.0719448	0.00177254	-0.0693799	-0.156115	-0.270272	-0.404976	-0.533628	-0.637618	-0.726982	-0.797224	-0.854102	-0.8852	-0.884254	-0.836654	-0.733345	-0.583704	-0.38271	-0.146166	
0.0659769	0.0659769	0.0586925	0.0374644	0.0137351	-0.00484461	-0.0112827	-0.0272617	-0.0521988	-0.0819944	-0.0989487	-0.112778	-0.130008	-0.142892	-0.137532	-0.107815	-0.0571797	0.00455862	0.0613789	0.107378	0.139258	0.148033	0.151711	0.171099	0.201867	0.227204	0.248988	0.270703	0.270769	0.24492	0.201334	0.154506	0.0982675	0.036375	-0.0310851	-0.109726	-0.216305	-0.332557	-0.441827	-0.529854	-0.610714	-0.678837	-0.730898	-0.761685	-0.769381	-0.733345	-0.652928	-0.518771	-0.343747	-0.143314	
-0.00277248	-0.00277248	0.00372956	0.00197011	-0.0110347	-0.0198735	-0.0190159	-0.0232906	-0.0426059	-0.0587327	-0.0632367	-0.0689822	-0.0917237	-0.118993	-0.134787	-0.121734	-0.0802662	-0.0315508	0.0114294	0.0533407	0.0887479	0.101177	0.106862	0.124768	0.152499	0.18024	0.207797	0.230869	0.230261	0.204305	0.161892	0.12167	0.0709825	0.0199863	-0.0349961	-0.0932107	-0.171359	-0.259689	-0.342775	-0.416219	-0.481691	-0.533914	-0.568106	-0.589284	-0.604892	-0.583704	-0.518771	-0.40572	-0.257913	-0.0945651	
-0.0485089	-0.0485089	-0.027884	-0.0134151	-0.0201064	-0.0266251	-0.0189926	-0.00985157	-0.0155978	-0.020186	-0.0172397	-0.0225026	-0.0466023	-0.078614	-0.104518	-0.105987	-0.0810519	-0.0496207	-0.0208405	0.0186875	0.0558028	0.0744652	0.0838973	0.0982043	0.116921	0.137608	0.155075	0.165602	0.157179	0.129267	0.0848352	0.0479664	0.00833671	-0.0252302	-0.0554183	-0.0879133	-0.132027	-0.190563	-0.241309	-0.284757	-0.319209	-0.341804	-0.350777	-0.359357	-0.379843	-0.38271	-0.343747	-0.257913	-0.135385	-0.00590254	
-0.0696345	-0.0696345	-0.0452475	-0.0276887	-0.0258363	-0.026839	-0.00526449	0.0116027	0.0180569	0.0149913	0.0215204	0.0140082	-0.00629525	-0.0361818	-0.0627639	-0.0755619	-0.0693874	-0.053876	-0.031914	0.00483518	0.0383104	0.0581216	0.0739281	0.0896505	0.101364	0.106212	0.099423	0.0845561	0.0632259	0.0302344	-0.0110879	-0.0432327	-0.0670897	-0.079037	-0.0776241	-0.0799958	-0.0919049	-0.113359	-0.126002	-0.133595	-0.132768	-0.119831	-0.105095	-0.106386	-0.127354	-0.146166	-0.143314	-0.0945651	-0.00590254	0.0993932	
