1.34448	1.34448	1.27044	1.1191	0.905216	0.652016	0.379905	0.122949	-0.101676	-0.284955	-0.418202	-0.513036	-0.590263	-0.636469	-0.63289	-0.589553	-0.528042	-0.468849	-0.415081	-0.357213	-0.308272	-0.276858	-0.265569	-0.280334	-0.311651	-0.319782	-0.303936	-0.294359	-0.302759	-0.331915	-0.379259	-0.441151	-0.497194	-0.553113	-0.608381	-0.638885	-0.626315	-0.593887	-0.557083	-0.491525	-0.367703	-0.180479	0.0572431	0.309317	0.53253	0.691939	0.783189	0.790805	0.708119	0.533143	
1.34448	1.34448	1.27044	1.1191	0.905216	0.652016	0.379905	0.122949	-0.101676	-0.284955	-0.418202	-0.513036	-0.590263	-0.636469	-0.63289	-0.589553	-0.528042	-0.468849	-0.415081	-0.357213	-0.308272	-0.276858	-0.265569	-0.280334	-0.311651	-0.319782	-0.303936	-0.294359	-0.302759	-0.331915	-0.379259	-0.441151	-0.497194	-0.553113	-0.608381	-0.638885	-0.626315	-0.593887	-0.557083	-0.491525	-0.367703	-0.180479	0.0572431	0.309317	0.53253	0.691939	0.783189	0.790805	0.708119	0.533143	
1.27044	1.27044	1.20536	1.06795	0.87039	0.636772	0.389293	0.158209	-0.0485812	-0.229987	-0.374415	-0.478218	-0.555233	-0.600309	-0.605696	-0.576139	-0.524802	-0.471436	-0.422295	-0.37016	-0.329767	-0.310768	-0.305166	-0.310054	-0.321869	-0.318092	-0.305266	-0.304915	-0.318005	-0.342894	-0.381495	-0.434847	-0.484604	-0.536817	-0.594953	-0.639133	-0.646092	-0.623764	-0.579756	-0.496953	-0.359221	-0.165606	0.0705652	0.314968	0.526535	0.678761	0.769208	0.781809	0.709081	0.549618	
1.1191	1.1191	1.06795	0.954252	0.790692	0.60391	0.407016	0.215578	0.0313759	-0.143086	-0.29046	-0.400805	-0.481657	-0.534392	-0.553535	-0.540534	-0.502521	-0.460762	-0.424533	-0.386401	-0.36212	-0.355998	-0.352663	-0.342686	-0.332606	-0.316501	-0.305201	-0.311057	-0.323359	-0.340856	-0.371201	-0.420357	-0.469705	-0.522901	-0.584726	-0.640028	-0.663004	-0.649549	-0.59612	-0.493341	-0.339782	-0.142896	0.0891238	0.323807	0.525204	0.6694	0.759919	0.779463	0.72251	0.588287	
0.905216	0.905216	0.87039	0.790692	0.68045	0.560043	0.427452	0.282684	0.125023	-0.035338	-0.177668	-0.288256	-0.375652	-0.437725	-0.471975	-0.478903	-0.464802	-0.444541	-0.425664	-0.40699	-0.399698	-0.402678	-0.394919	-0.373184	-0.348646	-0.321443	-0.304823	-0.306929	-0.315245	-0.3268	-0.354437	-0.405544	-0.46117	-0.521014	-0.588817	-0.64869	-0.673227	-0.654586	-0.592282	-0.478792	-0.316946	-0.117461	0.104831	0.328006	0.523591	0.672591	0.769087	0.799746	0.761604	0.651269	
0.652016	0.652016	0.636772	0.60391	0.560043	0.508122	0.438224	0.347502	0.228905	0.0873034	-0.0476128	-0.156084	-0.241414	-0.308397	-0.358176	-0.397875	-0.424361	-0.437345	-0.44235	-0.443456	-0.451434	-0.454975	-0.439937	-0.40977	-0.378372	-0.34348	-0.317164	-0.312409	-0.317455	-0.32856	-0.3537	-0.401759	-0.459317	-0.528109	-0.604591	-0.663424	-0.675361	-0.643154	-0.572157	-0.456072	-0.294555	-0.103022	0.108522	0.322618	0.520665	0.676942	0.784925	0.829277	0.80817	0.716059	
0.379905	0.379905	0.389293	0.407016	0.427452	0.438224	0.428046	0.394067	0.320183	0.209669	0.0949108	0.00252635	-0.0769865	-0.149757	-0.222634	-0.298027	-0.367538	-0.423012	-0.463734	-0.490683	-0.504065	-0.49917	-0.471596	-0.437663	-0.409041	-0.377552	-0.350685	-0.341888	-0.345753	-0.353677	-0.372181	-0.41059	-0.463055	-0.531586	-0.608109	-0.658482	-0.653468	-0.604006	-0.530168	-0.424416	-0.276577	-0.0919386	0.111421	0.320313	0.516613	0.6823	0.802614	0.863192	0.857166	0.774802	
0.122949	0.122949	0.158209	0.215578	0.282684	0.347502	0.394067	0.408107	0.379647	0.317603	0.2498	0.183231	0.106203	0.013032	-0.0884395	-0.193491	-0.296918	-0.396214	-0.480319	-0.527952	-0.53867	-0.519089	-0.482485	-0.44751	-0.426198	-0.406173	-0.386852	-0.381327	-0.386423	-0.395994	-0.410533	-0.437993	-0.477319	-0.534419	-0.597264	-0.631201	-0.611544	-0.554311	-0.477794	-0.378487	-0.244388	-0.0747803	0.125776	0.333961	0.5273	0.689307	0.820731	0.901844	0.911089	0.835304	
-0.101676	-0.101676	-0.0485812	0.0313759	0.125023	0.228905	0.320183	0.379647	0.405279	0.41098	0.399315	0.361956	0.282992	0.169418	0.0403988	-0.088425	-0.219501	-0.353997	-0.465175	-0.524046	-0.533148	-0.515187	-0.482991	-0.453266	-0.435077	-0.422388	-0.41615	-0.423664	-0.441374	-0.458905	-0.473937	-0.488867	-0.507768	-0.537255	-0.570956	-0.582937	-0.554721	-0.493197	-0.412779	-0.314057	-0.190828	-0.0333879	0.153366	0.351311	0.533926	0.696995	0.841531	0.946085	0.974439	0.901378	
-0.284955	-0.284955	-0.229987	-0.143086	-0.035338	0.0873034	0.209669	0.317603	0.41098	0.481899	0.518342	0.503317	0.430042	0.307973	0.164603	0.0165823	-0.13624	-0.285822	-0.405022	-0.471776	-0.496936	-0.496808	-0.481841	-0.460371	-0.444305	-0.43999	-0.452152	-0.4806	-0.515676	-0.546704	-0.564487	-0.567296	-0.559643	-0.551575	-0.542798	-0.521131	-0.476449	-0.410075	-0.325011	-0.223871	-0.107847	0.0278558	0.192326	0.370923	0.543098	0.701028	0.847585	0.960896	0.999861	0.936482	
-0.418202	-0.418202	-0.374415	-0.29046	-0.177668	-0.0476128	0.0949108	0.2498	0.399315	0.518342	0.584884	0.588993	0.527498	0.417319	0.27956	0.126253	-0.0339789	-0.183697	-0.303865	-0.388222	-0.437656	-0.461026	-0.46545	-0.461305	-0.459543	-0.473721	-0.507466	-0.555209	-0.605903	-0.645404	-0.665055	-0.658768	-0.627363	-0.575379	-0.514682	-0.449283	-0.378364	-0.301003	-0.215545	-0.118287	-0.00808359	0.117435	0.254809	0.403438	0.555941	0.705972	0.839232	0.937957	0.976301	0.925587	
-0.513036	-0.513036	-0.478218	-0.400805	-0.288256	-0.156084	0.00252635	0.183231	0.361956	0.503317	0.588993	0.607815	0.568756	0.488031	0.37512	0.235177	0.0838857	-0.0572195	-0.180279	-0.280344	-0.352623	-0.398339	-0.429054	-0.454655	-0.484307	-0.524585	-0.5766	-0.636297	-0.694101	-0.735791	-0.753978	-0.739788	-0.685765	-0.596835	-0.492958	-0.385719	-0.281611	-0.183276	-0.091318	0.002663	0.107184	0.22013	0.336366	0.455426	0.581261	0.707931	0.815119	0.889362	0.914058	0.873765	
-0.590263	-0.590263	-0.555233	-0.481657	-0.375652	-0.241414	-0.0769865	0.106203	0.282992	0.430042	0.527498	0.568756	0.564477	0.523031	0.444154	0.335912	0.214145	0.0918184	-0.0243441	-0.131022	-0.222384	-0.298481	-0.367001	-0.438528	-0.510327	-0.580862	-0.649192	-0.716401	-0.772915	-0.807098	-0.816925	-0.791771	-0.724046	-0.613095	-0.476648	-0.330675	-0.188135	-0.058421	0.0514415	0.145422	0.238439	0.336618	0.430467	0.521449	0.615225	0.709877	0.78627	0.832913	0.839242	0.792573	
-0.636469	-0.636469	-0.600309	-0.534392	-0.437725	-0.308397	-0.149757	0.013032	0.169418	0.307973	0.417319	0.488031	0.523031	0.517752	0.476224	0.415103	0.338962	0.250285	0.153275	0.0485274	-0.0627297	-0.174881	-0.292964	-0.416766	-0.532986	-0.63413	-0.72028	-0.78707	-0.834615	-0.861534	-0.863089	-0.825138	-0.745769	-0.622518	-0.464965	-0.285008	-0.104872	0.0609693	0.194925	0.296367	0.379308	0.456907	0.532705	0.603234	0.662237	0.712572	0.746342	0.76275	0.74477	0.684095	
-0.63289	-0.63289	-0.605696	-0.553535	-0.471975	-0.358176	-0.222634	-0.0884395	0.0403988	0.164603	0.27956	0.37512	0.444154	0.476224	0.479913	0.470461	0.443751	0.394736	0.32177	0.220131	0.0913088	-0.0590964	-0.228674	-0.400901	-0.551309	-0.680422	-0.779418	-0.843175	-0.884715	-0.908368	-0.897834	-0.840212	-0.745855	-0.610176	-0.433855	-0.230937	-0.0278749	0.15707	0.311855	0.427867	0.509561	0.572991	0.6291	0.674028	0.69931	0.707403	0.698651	0.678916	0.635031	0.555862	
-0.589553	-0.589553	-0.576139	-0.540534	-0.478903	-0.397875	-0.298027	-0.193491	-0.088425	0.0165823	0.126253	0.235177	0.335912	0.415103	0.470461	0.509561	0.527243	0.514854	0.461411	0.360653	0.215543	0.0333672	-0.17343	-0.372313	-0.545394	-0.695195	-0.80792	-0.874283	-0.916695	-0.934949	-0.908384	-0.826826	-0.70957	-0.558145	-0.373843	-0.160383	0.0506471	0.24337	0.405967	0.52991	0.613088	0.669376	0.708176	0.72736	0.720822	0.69627	0.650025	0.593501	0.517839	0.42232	
-0.528042	-0.528042	-0.524802	-0.502521	-0.464802	-0.424361	-0.367538	-0.296918	-0.219501	-0.13624	-0.0339789	0.0838857	0.214145	0.338962	0.443751	0.527243	0.584097	0.601293	0.560471	0.456512	0.297283	0.101041	-0.111979	-0.316253	-0.49718	-0.659118	-0.785648	-0.867249	-0.91073	-0.915332	-0.870876	-0.773588	-0.642761	-0.481814	-0.288593	-0.0739651	0.129481	0.312771	0.472936	0.595406	0.680629	0.738685	0.769013	0.765799	0.73463	0.684976	0.611305	0.522112	0.416432	0.301611	
-0.468849	-0.468849	-0.471436	-0.460762	-0.444541	-0.437345	-0.423012	-0.396214	-0.353997	-0.285822	-0.183697	-0.0572195	0.0918184	0.250285	0.394736	0.514854	0.601293	0.63923	0.60843	0.502492	0.339899	0.152359	-0.0484177	-0.245768	-0.422161	-0.580741	-0.718876	-0.812035	-0.851125	-0.84117	-0.785659	-0.680689	-0.544956	-0.378326	-0.185665	0.0162374	0.197543	0.364147	0.508905	0.621521	0.707118	0.769603	0.796898	0.782965	0.734227	0.667578	0.576082	0.468045	0.344372	0.211511	
-0.415081	-0.415081	-0.422295	-0.424533	-0.425664	-0.44235	-0.463734	-0.480319	-0.465175	-0.405022	-0.303865	-0.180279	-0.0243441	0.153275	0.32177	0.461411	0.560471	0.60843	0.586829	0.493371	0.350906	0.187485	0.00289049	-0.183688	-0.343076	-0.48916	-0.623098	-0.712317	-0.740957	-0.718532	-0.650226	-0.543116	-0.4133	-0.251739	-0.0700194	0.102782	0.250346	0.389365	0.515788	0.616436	0.693303	0.746844	0.770973	0.756458	0.7095	0.642045	0.543126	0.426088	0.292714	0.143517	
-0.357213	-0.357213	-0.37016	-0.386401	-0.40699	-0.443456	-0.490683	-0.527952	-0.524046	-0.471776	-0.388222	-0.280344	-0.131022	0.0485274	0.220131	0.360653	0.456512	0.502492	0.493371	0.433378	0.334096	0.206251	0.0460132	-0.118899	-0.261648	-0.392484	-0.504841	-0.568994	-0.581634	-0.546277	-0.468078	-0.361648	-0.242831	-0.103058	0.0414746	0.174873	0.289389	0.398908	0.500745	0.583201	0.640169	0.676723	0.694171	0.688985	0.6637	0.61335	0.518815	0.395799	0.252564	0.0907355	
-0.308272	-0.308272	-0.329767	-0.36212	-0.399698	-0.451434	-0.504065	-0.53867	-0.533148	-0.496936	-0.437656	-0.352623	-0.222384	-0.0627297	0.0913088	0.215543	0.297283	0.339899	0.350906	0.334096	0.285266	0.204852	0.088682	-0.0433167	-0.166979	-0.274927	-0.350225	-0.37959	-0.368825	-0.321504	-0.240239	-0.138028	-0.0341572	0.0664297	0.157905	0.243875	0.31583	0.388698	0.465541	0.525172	0.559325	0.578434	0.590736	0.597807	0.598093	0.57439	0.496613	0.376309	0.223241	0.0539503	
-0.276858	-0.276858	-0.310768	-0.355998	-0.402678	-0.454975	-0.49917	-0.519089	-0.515187	-0.496808	-0.461026	-0.398339	-0.298481	-0.174881	-0.0590964	0.0333672	0.101041	0.152359	0.187485	0.206251	0.204852	0.182443	0.123237	0.0356293	-0.0521303	-0.120974	-0.155922	-0.14762	-0.110277	-0.0572844	0.0164015	0.110801	0.192608	0.24411	0.28062	0.314127	0.336956	0.368853	0.412907	0.446422	0.46318	0.472877	0.483434	0.498519	0.514449	0.509919	0.457881	0.352246	0.204615	0.0381076	
-0.265569	-0.265569	-0.305166	-0.352663	-0.394919	-0.439937	-0.471596	-0.482485	-0.482991	-0.481841	-0.46545	-0.429054	-0.367001	-0.292964	-0.228674	-0.17343	-0.111979	-0.0484177	0.00289049	0.0460132	0.088682	0.123237	0.123617	0.0982449	0.0730506	0.0561977	0.0624949	0.109707	0.177015	0.234946	0.297027	0.365547	0.403133	0.405835	0.394432	0.376619	0.346067	0.331464	0.336742	0.345641	0.353513	0.362821	0.379909	0.401349	0.417204	0.423621	0.391986	0.310278	0.185145	0.0327198	
-0.280334	-0.280334	-0.310054	-0.342686	-0.373184	-0.40977	-0.437663	-0.44751	-0.453266	-0.460371	-0.461305	-0.454655	-0.438528	-0.416766	-0.400901	-0.372313	-0.316253	-0.245768	-0.183688	-0.118899	-0.0433167	0.0356293	0.0982449	0.151156	0.202367	0.24457	0.294736	0.377531	0.468359	0.536447	0.58437	0.606099	0.587178	0.544559	0.493346	0.426339	0.346421	0.283833	0.252518	0.245981	0.251711	0.266273	0.290691	0.309279	0.323544	0.331807	0.312804	0.255363	0.158084	0.0228242	
-0.311651	-0.311651	-0.321869	-0.332606	-0.348646	-0.378372	-0.409041	-0.426198	-0.435077	-0.444305	-0.459543	-0.484307	-0.510327	-0.532986	-0.551309	-0.545394	-0.49718	-0.422161	-0.343076	-0.261648	-0.166979	-0.0521303	0.0730506	0.202367	0.329026	0.438814	0.539115	0.645668	0.746862	0.817704	0.844552	0.821481	0.758137	0.679321	0.584393	0.470737	0.344538	0.238839	0.181497	0.164865	0.171498	0.193665	0.220033	0.237797	0.251268	0.260656	0.244908	0.198944	0.118968	-0.000818823	
-0.319782	-0.319782	-0.318092	-0.316501	-0.321443	-0.34348	-0.377552	-0.406173	-0.422388	-0.43999	-0.473721	-0.524585	-0.580862	-0.63413	-0.680422	-0.695195	-0.659118	-0.580741	-0.48916	-0.392484	-0.274927	-0.120974	0.0561977	0.24457	0.438814	0.621252	0.771611	0.894592	0.990252	1.0472	1.04869	0.996532	0.912077	0.804322	0.67076	0.50964	0.34021	0.205109	0.128642	0.0979219	0.0989027	0.124652	0.156306	0.181899	0.206042	0.214637	0.195443	0.148614	0.0724614	-0.0366064	
-0.303936	-0.303936	-0.305266	-0.305201	-0.304823	-0.317164	-0.350685	-0.386852	-0.41615	-0.452152	-0.507466	-0.5766	-0.649192	-0.72028	-0.779418	-0.80792	-0.785648	-0.718876	-0.623098	-0.504841	-0.350225	-0.155922	0.0624949	0.294736	0.539115	0.771611	0.961586	1.09761	1.18322	1.21418	1.1925	1.12855	1.03265	0.903393	0.739557	0.548815	0.356958	0.206193	0.111008	0.0574498	0.04122	0.0586715	0.0923435	0.134225	0.171317	0.18427	0.16305	0.110182	0.0347306	-0.0705516	
-0.294359	-0.294359	-0.304915	-0.311057	-0.306929	-0.312409	-0.341888	-0.381327	-0.423664	-0.4806	-0.555209	-0.636297	-0.716401	-0.78707	-0.843175	-0.874283	-0.867249	-0.812035	-0.712317	-0.568994	-0.37959	-0.14762	0.109707	0.377531	0.645668	0.894592	1.09761	1.23849	1.31393	1.32564	1.28542	1.20631	1.09701	0.958067	0.787184	0.592101	0.402026	0.25366	0.144947	0.0678175	0.0266458	0.0212459	0.0481128	0.0968878	0.144342	0.163077	0.142808	0.0892087	0.00863385	-0.101104	
-0.302759	-0.302759	-0.318005	-0.323359	-0.315245	-0.317455	-0.345753	-0.386423	-0.441374	-0.515676	-0.605903	-0.694101	-0.772915	-0.834615	-0.884715	-0.916695	-0.91073	-0.851125	-0.740957	-0.581634	-0.368825	-0.110277	0.177015	0.468359	0.746862	0.990252	1.18322	1.31393	1.37736	1.37599	1.32033	1.22684	1.10278	0.961477	0.804102	0.633485	0.466243	0.318776	0.200325	0.111411	0.0528794	0.0259695	0.0384721	0.0823723	0.128258	0.151149	0.133974	0.0750922	-0.0119004	-0.126759	
-0.331915	-0.331915	-0.342894	-0.340856	-0.3268	-0.32856	-0.353677	-0.395994	-0.458905	-0.546704	-0.645404	-0.735791	-0.807098	-0.861534	-0.908368	-0.934949	-0.915332	-0.84117	-0.718532	-0.546277	-0.321504	-0.0572844	0.234946	0.536447	0.817704	1.0472	1.21418	1.32564	1.37599	1.36609	1.29812	1.19162	1.0634	0.93238	0.799935	0.661055	0.519424	0.379564	0.260624	0.170708	0.10394	0.0663352	0.0676594	0.0992329	0.136688	0.157754	0.136781	0.0707443	-0.0267368	-0.147572	
-0.379259	-0.379259	-0.381495	-0.371201	-0.354437	-0.3537	-0.372181	-0.410533	-0.473937	-0.564487	-0.665055	-0.753978	-0.816925	-0.863089	-0.897834	-0.908384	-0.870876	-0.785659	-0.650226	-0.468078	-0.240239	0.0164015	0.297027	0.58437	0.844552	1.04869	1.1925	1.28542	1.32033	1.29812	1.22469	1.1172	0.996735	0.878645	0.770969	0.665355	0.551918	0.434772	0.334735	0.254995	0.185417	0.144927	0.136565	0.152948	0.178726	0.188695	0.154442	0.0783971	-0.0293293	-0.158119	
-0.441151	-0.441151	-0.434847	-0.420357	-0.405544	-0.401759	-0.41059	-0.437993	-0.488867	-0.567296	-0.658768	-0.739788	-0.791771	-0.825138	-0.840212	-0.826826	-0.773588	-0.680689	-0.543116	-0.361648	-0.138028	0.110801	0.365547	0.606099	0.821481	0.996532	1.12855	1.20631	1.22684	1.19162	1.1172	1.0235	0.927028	0.830779	0.736585	0.647847	0.563484	0.489595	0.424851	0.356719	0.288972	0.243816	0.227488	0.236611	0.252494	0.243895	0.194853	0.111057	-0.00817187	-0.145632	
-0.497194	-0.497194	-0.484604	-0.469705	-0.46117	-0.459317	-0.463055	-0.477319	-0.507768	-0.559643	-0.627363	-0.685765	-0.724046	-0.745769	-0.745855	-0.70957	-0.642761	-0.544956	-0.4133	-0.242831	-0.0341572	0.192608	0.403133	0.587178	0.758137	0.912077	1.03265	1.09701	1.10278	1.0634	0.996735	0.927028	0.857184	0.786604	0.704109	0.624578	0.560731	0.523073	0.489928	0.438863	0.38279	0.340617	0.323709	0.332742	0.338437	0.317051	0.256968	0.164741	0.0432283	-0.0970399	
-0.553113	-0.553113	-0.536817	-0.522901	-0.521014	-0.528109	-0.531586	-0.534419	-0.537255	-0.551575	-0.575379	-0.596835	-0.613095	-0.622518	-0.610176	-0.558145	-0.481814	-0.378326	-0.251739	-0.103058	0.0664297	0.24411	0.405835	0.544559	0.679321	0.804322	0.903393	0.958067	0.961477	0.93238	0.878645	0.830779	0.786604	0.740932	0.6771	0.606032	0.556482	0.534581	0.52066	0.492552	0.456182	0.426779	0.418187	0.428114	0.428061	0.402901	0.339681	0.245993	0.129033	-0.0115081	
-0.608381	-0.608381	-0.594953	-0.584726	-0.588817	-0.604591	-0.608109	-0.597264	-0.570956	-0.542798	-0.514682	-0.492958	-0.476648	-0.464965	-0.433855	-0.373843	-0.288593	-0.185665	-0.0700194	0.0414746	0.157905	0.28062	0.394432	0.493346	0.584393	0.67076	0.739557	0.787184	0.804102	0.799935	0.770969	0.736585	0.704109	0.6771	0.636468	0.586015	0.547348	0.536313	0.534601	0.52978	0.518437	0.508292	0.504922	0.511977	0.512796	0.494344	0.434623	0.350503	0.239021	0.0932508	
-0.638885	-0.638885	-0.639133	-0.640028	-0.64869	-0.663424	-0.658482	-0.631201	-0.582937	-0.521131	-0.449283	-0.385719	-0.330675	-0.285008	-0.230937	-0.160383	-0.0739651	0.0162374	0.102782	0.174873	0.243875	0.314127	0.376619	0.426339	0.470737	0.50964	0.548815	0.592101	0.633485	0.661055	0.665355	0.647847	0.624578	0.606032	0.586015	0.561014	0.542744	0.543449	0.553185	0.562773	0.566136	0.566019	0.574357	0.587473	0.595346	0.585259	0.538018	0.467133	0.359096	0.209251	
-0.626315	-0.626315	-0.646092	-0.663004	-0.673227	-0.675361	-0.653468	-0.611544	-0.554721	-0.476449	-0.378364	-0.281611	-0.188135	-0.104872	-0.0278749	0.0506471	0.129481	0.197543	0.250346	0.289389	0.31583	0.336956	0.346067	0.346421	0.344538	0.34021	0.356958	0.402026	0.466243	0.519424	0.551918	0.563484	0.560731	0.556482	0.547348	0.542744	0.543313	0.551839	0.569265	0.583895	0.593911	0.602467	0.622522	0.649306	0.668729	0.671704	0.639629	0.576964	0.475337	0.325688	
-0.593887	-0.593887	-0.623764	-0.649549	-0.654586	-0.643154	-0.604006	-0.554311	-0.493197	-0.410075	-0.301003	-0.183276	-0.058421	0.0609693	0.15707	0.24337	0.312771	0.364147	0.389365	0.398908	0.388698	0.368853	0.331464	0.283833	0.238839	0.205109	0.206193	0.25366	0.318776	0.379564	0.434772	0.489595	0.523073	0.534581	0.536313	0.543449	0.551839	0.571103	0.599892	0.616966	0.61907	0.631701	0.662675	0.700089	0.733459	0.749947	0.730686	0.675983	0.578894	0.43912	
-0.557083	-0.557083	-0.579756	-0.59612	-0.592282	-0.572157	-0.530168	-0.477794	-0.412779	-0.325011	-0.215545	-0.091318	0.0514415	0.194925	0.311855	0.405967	0.472936	0.508905	0.515788	0.500745	0.465541	0.412907	0.336742	0.252518	0.181497	0.128642	0.111008	0.144947	0.200325	0.260624	0.334735	0.424851	0.489928	0.52066	0.534601	0.553185	0.569265	0.599892	0.634103	0.652576	0.653507	0.663334	0.692222	0.73753	0.784832	0.814053	0.806671	0.760411	0.668653	0.545229	
-0.491525	-0.491525	-0.496953	-0.493341	-0.478792	-0.456072	-0.424416	-0.378487	-0.314057	-0.223871	-0.118287	0.002663	0.145422	0.296367	0.427867	0.52991	0.595406	0.621521	0.616436	0.583201	0.525172	0.446422	0.345641	0.245981	0.164865	0.0979219	0.0574498	0.0678175	0.111411	0.170708	0.254995	0.356719	0.438863	0.492552	0.52978	0.562773	0.583895	0.616966	0.652576	0.670154	0.677311	0.689365	0.725204	0.771462	0.81685	0.850491	0.852764	0.820504	0.752104	0.651011	
-0.367703	-0.367703	-0.359221	-0.339782	-0.316946	-0.294555	-0.276577	-0.244388	-0.190828	-0.107847	-0.00808359	0.107184	0.238439	0.379308	0.509561	0.613088	0.680629	0.707118	0.693303	0.640169	0.559325	0.46318	0.353513	0.251711	0.171498	0.0989027	0.04122	0.0266458	0.0528794	0.10394	0.185417	0.288972	0.38279	0.456182	0.518437	0.566136	0.593911	0.61907	0.653507	0.677311	0.698022	0.724193	0.766415	0.809071	0.842662	0.869436	0.876072	0.858027	0.821698	0.743747	
-0.180479	-0.180479	-0.165606	-0.142896	-0.117461	-0.103022	-0.0919386	-0.0747803	-0.0333879	0.0278558	0.117435	0.22013	0.336618	0.456907	0.572991	0.669376	0.738685	0.769603	0.746844	0.676723	0.578434	0.472877	0.362821	0.266273	0.193665	0.124652	0.0586715	0.0212459	0.0259695	0.0663352	0.144927	0.243816	0.340617	0.426779	0.508292	0.566019	0.602467	0.631701	0.663334	0.689365	0.724193	0.774026	0.824711	0.858171	0.875861	0.886984	0.891423	0.887245	0.869029	0.812871	
0.0572431	0.0572431	0.0705652	0.0891238	0.104831	0.108522	0.111421	0.125776	0.153366	0.192326	0.254809	0.336366	0.430467	0.532705	0.6291	0.708176	0.769013	0.796898	0.770973	0.694171	0.590736	0.483434	0.379909	0.290691	0.220033	0.156306	0.0923435	0.0481128	0.0384721	0.0676594	0.136565	0.227488	0.323709	0.418187	0.504922	0.574357	0.622522	0.662675	0.692222	0.725204	0.766415	0.824711	0.874258	0.900327	0.907229	0.909271	0.909019	0.905969	0.892775	0.857932	
0.309317	0.309317	0.314968	0.323807	0.328006	0.322618	0.320313	0.333961	0.351311	0.370923	0.403438	0.455426	0.521449	0.603234	0.674028	0.72736	0.765799	0.782965	0.756458	0.688985	0.597807	0.498519	0.401349	0.309279	0.237797	0.181899	0.134225	0.0968878	0.0823723	0.0992329	0.152948	0.236611	0.332742	0.428114	0.511977	0.587473	0.649306	0.700089	0.73753	0.771462	0.809071	0.858171	0.900327	0.920066	0.925737	0.926507	0.921103	0.913768	0.901971	0.881085	
0.53253	0.53253	0.526535	0.525204	0.523591	0.520665	0.516613	0.5273	0.533926	0.543098	0.555941	0.581261	0.615225	0.662237	0.69931	0.720822	0.73463	0.734227	0.7095	0.6637	0.598093	0.514449	0.417204	0.323544	0.251268	0.206042	0.171317	0.144342	0.128258	0.136688	0.178726	0.252494	0.338437	0.428061	0.512796	0.595346	0.668729	0.733459	0.784832	0.81685	0.842662	0.875861	0.907229	0.925737	0.934518	0.925513	0.910554	0.897827	0.894542	0.887846	
0.691939	0.691939	0.678761	0.6694	0.672591	0.676942	0.6823	0.689307	0.696995	0.701028	0.705972	0.707931	0.709877	0.712572	0.707403	0.69627	0.684976	0.667578	0.642045	0.61335	0.57439	0.509919	0.423621	0.331807	0.260656	0.214637	0.18427	0.163077	0.151149	0.157754	0.188695	0.243895	0.317051	0.402901	0.494344	0.585259	0.671704	0.749947	0.814053	0.850491	0.869436	0.886984	0.909271	0.926507	0.925513	0.907227	0.885784	0.875527	0.873966	0.874439	
0.783189	0.783189	0.769208	0.759919	0.769087	0.784925	0.802614	0.820731	0.841531	0.847585	0.839232	0.815119	0.78627	0.746342	0.698651	0.650025	0.611305	0.576082	0.543126	0.518815	0.496613	0.457881	0.391986	0.312804	0.244908	0.195443	0.16305	0.142808	0.133974	0.136781	0.154442	0.194853	0.256968	0.339681	0.434623	0.538018	0.639629	0.730686	0.806671	0.852764	0.876072	0.891423	0.909019	0.921103	0.910554	0.885784	0.856426	0.83888	0.831021	0.824751	
0.790805	0.790805	0.781809	0.779463	0.799746	0.829277	0.863192	0.901844	0.946085	0.960896	0.937957	0.889362	0.832913	0.76275	0.678916	0.593501	0.522112	0.468045	0.426088	0.395799	0.376309	0.352246	0.310278	0.255363	0.198944	0.148614	0.110182	0.0892087	0.0750922	0.0707443	0.0783971	0.111057	0.164741	0.245993	0.350503	0.467133	0.576964	0.675983	0.760411	0.820504	0.858027	0.887245	0.905969	0.913768	0.897827	0.875527	0.83888	0.80241	0.7762	0.75419	
0.708119	0.708119	0.709081	0.72251	0.761604	0.80817	0.857166	0.911089	0.974439	0.999861	0.976301	0.914058	0.839242	0.74477	0.635031	0.517839	0.416432	0.344372	0.292714	0.252564	0.223241	0.204615	0.185145	0.158084	0.118968	0.0724614	0.0347306	0.00863385	-0.0119004	-0.0267368	-0.0293293	-0.00817187	0.0432283	0.129033	0.239021	0.359096	0.475337	0.578894	0.668653	0.752104	0.821698	0.869029	0.892775	0.901971	0.894542	0.873966	0.831021	0.7762	0.722231	0.674134	
0.533143	0.533143	0.549618	0.588287	0.651269	0.716059	0.774802	0.835304	0.901378	0.936482	0.925587	0.873765	0.792573	0.684095	0.555862	0.42232	0.301611	0.211511	0.143517	0.0907355	0.0539503	0.0381076	0.0327198	0.0228242	-0.000818823	-0.0366064	-0.0705516	-0.101104	-0.126759	-0.147572	-0.158119	-0.145632	-0.0970399	-0.0115081	0.0932508	0.209251	0.325688	0.43912	0.545229	0.651011	0.743747	0.812871	0.857932	0.881085	0.887846	0.874439	0.824751	0.75419	0.674134	0.590467	
