1.18725	1.18725	1.20504	1.22318	1.22896	1.20958	1.13974	0.985328	0.746289	0.438956	0.0996061	-0.231929	-0.507478	-0.696395	-0.78738	-0.789634	-0.723853	-0.605243	-0.454008	-0.313515	-0.21299	-0.154659	-0.159926	-0.219261	-0.334908	-0.514168	-0.734235	-0.956281	-1.15343	-1.29743	-1.36053	-1.33655	-1.23818	-1.09705	-0.950993	-0.843778	-0.794632	-0.803399	-0.862974	-0.950797	-1.02404	-1.0559	-1.04626	-0.975615	-0.836451	-0.609327	-0.294927	0.0829808	0.500027	0.917438	
1.18725	1.18725	1.20504	1.22318	1.22896	1.20958	1.13974	0.985328	0.746289	0.438956	0.0996061	-0.231929	-0.507478	-0.696395	-0.78738	-0.789634	-0.723853	-0.605243	-0.454008	-0.313515	-0.21299	-0.154659	-0.159926	-0.219261	-0.334908	-0.514168	-0.734235	-0.956281	-1.15343	-1.29743	-1.36053	-1.33655	-1.23818	-1.09705	-0.950993	-0.843778	-0.794632	-0.803399	-0.862974	-0.950797	-1.02404	-1.0559	-1.04626	-0.975615	-0.836451	-0.609327	-0.294927	0.0829808	0.500027	0.917438	
1.20504	1.20504	1.21128	1.22546	1.22754	1.19502	1.11155	0.951946	0.71467	0.407469	0.0691487	-0.25696	-0.531923	-0.72589	-0.818042	-0.823141	-0.758104	-0.639344	-0.487369	-0.342593	-0.228999	-0.163627	-0.155517	-0.200379	-0.303006	-0.469202	-0.670478	-0.876862	-1.05948	-1.19098	-1.24595	-1.22317	-1.13429	-1.00459	-0.874611	-0.782885	-0.753355	-0.788621	-0.863959	-0.963711	-1.05294	-1.09843	-1.09103	-1.02331	-0.879472	-0.650186	-0.339748	0.0346705	0.448939	0.859651	
1.22318	1.22318	1.22546	1.23436	1.2252	1.17898	1.07652	0.893869	0.638512	0.33334	0.0072998	-0.305845	-0.574193	-0.768187	-0.86973	-0.882228	-0.822621	-0.706765	-0.548659	-0.39053	-0.262873	-0.176084	-0.139846	-0.160911	-0.245836	-0.3825	-0.545015	-0.720703	-0.878484	-0.982169	-1.02425	-1.00612	-0.930779	-0.823119	-0.724474	-0.666725	-0.671218	-0.739606	-0.849697	-0.974097	-1.08744	-1.15669	-1.16237	-1.09735	-0.948121	-0.711993	-0.405572	-0.0391492	0.362018	0.755871	
1.22896	1.22896	1.22754	1.2252	1.19509	1.12868	1.00668	0.798295	0.526944	0.226663	-0.0860737	-0.385477	-0.639179	-0.827605	-0.93559	-0.952019	-0.889839	-0.774709	-0.613945	-0.443191	-0.2999	-0.188663	-0.118336	-0.109811	-0.162816	-0.254884	-0.373619	-0.506261	-0.621207	-0.698404	-0.729102	-0.715276	-0.666563	-0.59636	-0.533076	-0.516476	-0.563432	-0.670249	-0.818254	-0.97187	-1.1099	-1.20372	-1.2249	-1.15975	-1.00881	-0.776334	-0.475453	-0.118872	0.257827	0.624233	
1.20958	1.20958	1.19502	1.17898	1.12868	1.03207	0.880897	0.651154	0.374261	0.0852227	-0.205842	-0.478289	-0.709285	-0.885631	-0.988242	-1.00646	-0.945133	-0.826548	-0.661778	-0.482668	-0.318817	-0.185358	-0.0877398	-0.0476355	-0.0591287	-0.105145	-0.174225	-0.252478	-0.320612	-0.377127	-0.402638	-0.394152	-0.379047	-0.356956	-0.339578	-0.364517	-0.452501	-0.595382	-0.770171	-0.948338	-1.10494	-1.21939	-1.25346	-1.19223	-1.03985	-0.81635	-0.529913	-0.191957	0.155592	0.482934	
1.13974	1.13974	1.11155	1.07652	1.00668	0.880897	0.69989	0.455392	0.176757	-0.0943782	-0.341759	-0.567057	-0.763004	-0.911675	-0.997735	-1.01708	-0.964835	-0.845183	-0.679368	-0.499072	-0.320461	-0.157985	-0.0375569	0.0315925	0.0546646	0.0482546	0.029414	0.00134455	-0.0342042	-0.0696655	-0.0906835	-0.102536	-0.116646	-0.136715	-0.168243	-0.233291	-0.347138	-0.5101	-0.701306	-0.898729	-1.07708	-1.19813	-1.24072	-1.19008	-1.04415	-0.827268	-0.561419	-0.252842	0.0608633	0.340484	
0.985328	0.985328	0.951946	0.893869	0.798295	0.651154	0.455392	0.210748	-0.0495169	-0.282486	-0.474187	-0.640363	-0.780863	-0.8911	-0.959732	-0.972265	-0.920385	-0.804384	-0.643726	-0.462933	-0.277563	-0.102271	0.0329537	0.131	0.181199	0.199341	0.215317	0.224674	0.210572	0.188822	0.164039	0.131426	0.0902017	0.0341299	-0.0343863	-0.118975	-0.244912	-0.418328	-0.618038	-0.822699	-1.00951	-1.13687	-1.18535	-1.14353	-1.019	-0.820018	-0.57083	-0.294481	-0.0256018	0.200788	
0.746289	0.746289	0.71467	0.638512	0.526944	0.374261	0.176757	-0.0495169	-0.262566	-0.441779	-0.572824	-0.670504	-0.744196	-0.808123	-0.848675	-0.851581	-0.804181	-0.704152	-0.551451	-0.371405	-0.18782	-0.0121715	0.133895	0.235752	0.296845	0.336181	0.370332	0.394311	0.39462	0.373257	0.344041	0.301948	0.244591	0.170608	0.082593	-0.0211187	-0.149979	-0.317241	-0.510275	-0.717895	-0.904842	-1.0328	-1.08615	-1.05322	-0.946915	-0.774075	-0.550586	-0.316861	-0.102525	0.0705542	
0.438956	0.438956	0.407469	0.33334	0.226663	0.0852227	-0.0943782	-0.282486	-0.441779	-0.555023	-0.614651	-0.633289	-0.638628	-0.651485	-0.659737	-0.648944	-0.612533	-0.534673	-0.401063	-0.240808	-0.0751966	0.0916034	0.235036	0.332515	0.393111	0.436909	0.474537	0.49989	0.503794	0.485341	0.448932	0.40143	0.337309	0.258631	0.169606	0.0653763	-0.0568265	-0.20737	-0.394155	-0.600137	-0.777205	-0.897944	-0.947447	-0.92007	-0.827424	-0.678062	-0.488689	-0.30211	-0.145439	-0.036352	
0.0996061	0.0996061	0.0691487	0.0072998	-0.0860737	-0.205842	-0.341759	-0.474187	-0.572824	-0.614651	-0.595619	-0.537978	-0.478844	-0.435647	-0.406602	-0.386144	-0.362228	-0.307397	-0.211204	-0.0886049	0.0475174	0.189653	0.308401	0.395445	0.45525	0.49553	0.527704	0.551282	0.558228	0.543395	0.507585	0.453475	0.386181	0.309727	0.22633	0.129486	0.0136414	-0.126321	-0.299253	-0.485691	-0.647474	-0.746257	-0.779704	-0.749269	-0.663545	-0.533999	-0.385389	-0.250897	-0.155111	-0.111506	
-0.231929	-0.231929	-0.25696	-0.305845	-0.385477	-0.478289	-0.567057	-0.640363	-0.670504	-0.633289	-0.537978	-0.411583	-0.289349	-0.190557	-0.129877	-0.107033	-0.0942366	-0.0655238	-0.0116374	0.0664273	0.166341	0.261311	0.340202	0.409653	0.466827	0.50279	0.536427	0.565654	0.577396	0.567724	0.535845	0.482957	0.415974	0.341705	0.258684	0.166591	0.0541935	-0.0833202	-0.234236	-0.388331	-0.518188	-0.594756	-0.605694	-0.564535	-0.476021	-0.360473	-0.251364	-0.172563	-0.139121	-0.156851	
-0.507478	-0.507478	-0.531923	-0.574193	-0.639179	-0.709285	-0.763004	-0.780863	-0.744196	-0.638628	-0.478844	-0.289349	-0.108829	0.0349637	0.120005	0.154224	0.157067	0.149829	0.154595	0.184082	0.236319	0.290334	0.338231	0.385441	0.43182	0.468495	0.504696	0.537818	0.561429	0.568236	0.550019	0.498281	0.430594	0.362	0.284655	0.192092	0.081913	-0.0473926	-0.183327	-0.311929	-0.411723	-0.458004	-0.444099	-0.385023	-0.29074	-0.190809	-0.11622	-0.0820651	-0.0999579	-0.168299	
-0.696395	-0.696395	-0.72589	-0.768187	-0.827605	-0.885631	-0.911675	-0.8911	-0.808123	-0.651485	-0.435647	-0.190557	0.0349637	0.204911	0.307109	0.349428	0.338956	0.299758	0.266925	0.25995	0.26422	0.275223	0.29835	0.335499	0.375028	0.414132	0.449484	0.488173	0.528105	0.553103	0.546316	0.505243	0.439708	0.372087	0.305544	0.220384	0.107292	-0.0187113	-0.146141	-0.246802	-0.311336	-0.336925	-0.308842	-0.233086	-0.136565	-0.0461921	0.0077042	0.0143845	-0.0377952	-0.141743	
-0.78738	-0.78738	-0.818042	-0.86973	-0.93559	-0.988242	-0.997735	-0.959732	-0.848675	-0.659737	-0.406602	-0.129877	0.120005	0.307109	0.423186	0.458205	0.42752	0.365861	0.307808	0.266976	0.233644	0.221174	0.23546	0.260776	0.299599	0.350822	0.388916	0.425293	0.469891	0.499782	0.503328	0.478807	0.431388	0.37859	0.321023	0.236573	0.123171	0.00235716	-0.110126	-0.194756	-0.239502	-0.242998	-0.205031	-0.126041	-0.0284255	0.0591219	0.103094	0.0939793	0.0258308	-0.0864061	
-0.789634	-0.789634	-0.823141	-0.882228	-0.952019	-1.00646	-1.01708	-0.972265	-0.851581	-0.648944	-0.386144	-0.107033	0.154224	0.349428	0.458205	0.479218	0.43818	0.358672	0.276077	0.203209	0.151848	0.13132	0.145639	0.181314	0.231401	0.286336	0.324581	0.356392	0.394991	0.427892	0.434971	0.422597	0.396596	0.363852	0.3221	0.250696	0.149274	0.0279565	-0.0811733	-0.160111	-0.199042	-0.194877	-0.148455	-0.0698891	0.0228326	0.105938	0.153863	0.144897	0.0790136	-0.0198668	
-0.723853	-0.723853	-0.758104	-0.822621	-0.889839	-0.945133	-0.964835	-0.920385	-0.804181	-0.612533	-0.362228	-0.0942366	0.157067	0.338956	0.42752	0.43818	0.384134	0.291532	0.193182	0.106011	0.0464593	0.0225232	0.0392643	0.0937333	0.158031	0.213588	0.259313	0.293423	0.324432	0.352535	0.363749	0.362487	0.358515	0.347691	0.315944	0.258677	0.169177	0.0524395	-0.06111	-0.142627	-0.186498	-0.185333	-0.146407	-0.0756401	0.012664	0.0924773	0.14804	0.154089	0.113953	0.0479957	
-0.605243	-0.605243	-0.639344	-0.706765	-0.774709	-0.826548	-0.845183	-0.804384	-0.704152	-0.534673	-0.307397	-0.0655238	0.149829	0.299758	0.365861	0.358672	0.291532	0.196794	0.0973752	0.00527791	-0.0622729	-0.0951769	-0.0787234	-0.0148636	0.0636284	0.128229	0.184304	0.228088	0.25397	0.270703	0.288069	0.304135	0.322688	0.328893	0.307949	0.258427	0.170371	0.0544581	-0.0581343	-0.149825	-0.205104	-0.215738	-0.190667	-0.134846	-0.0521221	0.0346741	0.107323	0.14469	0.147742	0.124352	
-0.454008	-0.454008	-0.487369	-0.548659	-0.613945	-0.661778	-0.679368	-0.643726	-0.551451	-0.401063	-0.211204	-0.0116374	0.154595	0.266925	0.307808	0.276077	0.193182	0.0973752	-0.00383643	-0.10112	-0.175066	-0.208813	-0.188061	-0.124981	-0.0458011	0.0241277	0.090135	0.14332	0.171487	0.188493	0.21647	0.249328	0.283789	0.300621	0.287818	0.240481	0.15205	0.0363582	-0.0831291	-0.190315	-0.260223	-0.284582	-0.267935	-0.217762	-0.134455	-0.0394555	0.0571894	0.136782	0.191575	0.220768	
-0.313515	-0.313515	-0.342593	-0.39053	-0.443191	-0.482668	-0.499072	-0.462933	-0.371405	-0.240808	-0.0886049	0.0664273	0.184082	0.25995	0.266976	0.203209	0.106011	0.00527791	-0.10112	-0.196215	-0.269935	-0.301782	-0.280909	-0.222115	-0.14829	-0.0729371	-0.00299052	0.049504	0.0815576	0.106667	0.141395	0.186895	0.232015	0.256061	0.249008	0.198216	0.107636	-0.00993513	-0.141881	-0.252931	-0.328072	-0.369726	-0.360724	-0.30556	-0.214297	-0.0989859	0.027847	0.147496	0.250637	0.327542	
-0.21299	-0.21299	-0.228999	-0.262873	-0.2999	-0.318817	-0.320461	-0.277563	-0.18782	-0.0751966	0.0475174	0.166341	0.236319	0.26422	0.233644	0.151848	0.0464593	-0.0622729	-0.175066	-0.269935	-0.337182	-0.362887	-0.345196	-0.297257	-0.228912	-0.152484	-0.0865106	-0.0422622	-0.0121852	0.0113303	0.0489866	0.109577	0.167542	0.201345	0.195565	0.140055	0.0454438	-0.073275	-0.207057	-0.322637	-0.400201	-0.442739	-0.434319	-0.376235	-0.278646	-0.143672	0.0100131	0.169069	0.319235	0.427302	
-0.154659	-0.154659	-0.163627	-0.176084	-0.188663	-0.185358	-0.157985	-0.102271	-0.0121715	0.0916034	0.189653	0.261311	0.290334	0.275223	0.221174	0.13132	0.0225232	-0.0951769	-0.208813	-0.301782	-0.362887	-0.391112	-0.383801	-0.344117	-0.28646	-0.221555	-0.174406	-0.141342	-0.115679	-0.0917377	-0.0485692	0.0185644	0.0849574	0.12976	0.133292	0.0866107	-0.00709109	-0.132194	-0.263658	-0.378327	-0.460675	-0.500168	-0.491647	-0.432459	-0.330231	-0.181256	-0.00785369	0.177165	0.360319	0.498897	
-0.159926	-0.159926	-0.155517	-0.139846	-0.118336	-0.0877398	-0.0375569	0.0329537	0.133895	0.235036	0.308401	0.340202	0.338231	0.29835	0.23546	0.145639	0.0392643	-0.0787234	-0.188061	-0.280909	-0.345196	-0.383801	-0.383993	-0.366029	-0.337575	-0.297037	-0.261599	-0.242006	-0.228187	-0.206471	-0.1595	-0.0889075	-0.0133496	0.0431378	0.0575037	0.0258229	-0.0554074	-0.174244	-0.304598	-0.423196	-0.508205	-0.553234	-0.54585	-0.488758	-0.379976	-0.226265	-0.039574	0.163124	0.363994	0.52833	
-0.219261	-0.219261	-0.200379	-0.160911	-0.109811	-0.0476355	0.0315925	0.131	0.235752	0.332515	0.395445	0.409653	0.385441	0.335499	0.260776	0.181314	0.0937333	-0.0148636	-0.124981	-0.222115	-0.297257	-0.344117	-0.366029	-0.384821	-0.382814	-0.366217	-0.352315	-0.354308	-0.353804	-0.330271	-0.279086	-0.211957	-0.129806	-0.0584148	-0.0211111	-0.0341335	-0.102337	-0.206229	-0.328454	-0.45064	-0.544626	-0.597668	-0.592167	-0.538361	-0.433056	-0.285345	-0.0912107	0.125583	0.336891	0.50954	
-0.334908	-0.334908	-0.303006	-0.245836	-0.162816	-0.0591287	0.0546646	0.181199	0.296845	0.393111	0.45525	0.466827	0.43182	0.375028	0.299599	0.231401	0.158031	0.0636284	-0.0458011	-0.14829	-0.228912	-0.28646	-0.337575	-0.382814	-0.409767	-0.427543	-0.443813	-0.463413	-0.469204	-0.445464	-0.394554	-0.324762	-0.235146	-0.150784	-0.0898144	-0.077656	-0.120464	-0.205674	-0.320216	-0.442971	-0.547812	-0.607733	-0.609016	-0.562065	-0.468134	-0.329546	-0.139252	0.0767116	0.287042	0.453074	
-0.514168	-0.514168	-0.469202	-0.3825	-0.254884	-0.105145	0.0482546	0.199341	0.336181	0.436909	0.49553	0.50279	0.468495	0.414132	0.350822	0.286336	0.213588	0.128229	0.0241277	-0.0729371	-0.152484	-0.221555	-0.297037	-0.366217	-0.427543	-0.472959	-0.516715	-0.55201	-0.557233	-0.530093	-0.475803	-0.398473	-0.300559	-0.199669	-0.12237	-0.0909272	-0.106516	-0.162504	-0.262055	-0.379246	-0.495841	-0.566071	-0.579619	-0.54089	-0.459244	-0.329823	-0.154278	0.0436441	0.235025	0.389583	
-0.734235	-0.734235	-0.670478	-0.545015	-0.373619	-0.174225	0.029414	0.215317	0.370332	0.474537	0.527704	0.536427	0.504696	0.449484	0.388916	0.324581	0.259313	0.184304	0.090135	-0.00299052	-0.0865106	-0.174406	-0.261599	-0.352315	-0.443813	-0.516715	-0.576533	-0.611204	-0.603776	-0.569702	-0.505379	-0.414581	-0.31338	-0.209832	-0.121742	-0.0725011	-0.0623695	-0.0949373	-0.175122	-0.285858	-0.396939	-0.475853	-0.498073	-0.470324	-0.403335	-0.292426	-0.134622	0.0460164	0.218168	0.355513	
-0.956281	-0.956281	-0.876862	-0.720703	-0.506261	-0.252478	0.00134455	0.224674	0.394311	0.49989	0.551282	0.565654	0.537818	0.488173	0.425293	0.356392	0.293423	0.228088	0.14332	0.049504	-0.0422622	-0.141342	-0.242006	-0.354308	-0.463413	-0.55201	-0.611204	-0.636672	-0.617055	-0.567139	-0.486499	-0.388657	-0.283333	-0.180868	-0.0940354	-0.0351865	-0.0113326	-0.0301715	-0.0942575	-0.19516	-0.291347	-0.366724	-0.393336	-0.377712	-0.318687	-0.215878	-0.0763408	0.0753572	0.229507	0.353258	
-1.15343	-1.15343	-1.05948	-0.878484	-0.621207	-0.320612	-0.0342042	0.210572	0.39462	0.503794	0.558228	0.577396	0.561429	0.528105	0.469891	0.394991	0.324432	0.25397	0.171487	0.0815576	-0.0121852	-0.115679	-0.228187	-0.353804	-0.469204	-0.557233	-0.603776	-0.617055	-0.587523	-0.524433	-0.434541	-0.333594	-0.223249	-0.123594	-0.0445682	0.013274	0.0435005	0.0308677	-0.0247168	-0.11329	-0.199721	-0.268853	-0.295706	-0.280133	-0.214744	-0.110239	0.0107065	0.131362	0.257715	0.365232	
-1.29743	-1.29743	-1.19098	-0.982169	-0.698404	-0.377127	-0.0696655	0.188822	0.373257	0.485341	0.543395	0.567724	0.568236	0.553103	0.499782	0.427892	0.352535	0.270703	0.188493	0.106667	0.0113303	-0.0917377	-0.206471	-0.330271	-0.445464	-0.530093	-0.569702	-0.567139	-0.524433	-0.449053	-0.359394	-0.261209	-0.15577	-0.0640023	0.010696	0.0723615	0.106886	0.100451	0.0451168	-0.0346929	-0.112284	-0.17012	-0.195751	-0.171341	-0.0994366	-0.000915216	0.105689	0.202753	0.297325	0.379148	
-1.36053	-1.36053	-1.24595	-1.02425	-0.729102	-0.402638	-0.0906835	0.164039	0.344041	0.448932	0.507585	0.535845	0.550019	0.546316	0.503328	0.434971	0.363749	0.288069	0.21647	0.141395	0.0489866	-0.0485692	-0.1595	-0.279086	-0.394554	-0.475803	-0.505379	-0.486499	-0.434541	-0.359394	-0.27349	-0.178058	-0.0803154	-0.000445669	0.0688723	0.131987	0.170699	0.172307	0.124247	0.054685	-0.0137021	-0.0611028	-0.0810301	-0.0551572	0.013158	0.109722	0.209058	0.288647	0.351179	0.398557	
-1.33655	-1.33655	-1.22317	-1.00612	-0.715276	-0.394152	-0.102536	0.131426	0.301948	0.40143	0.453475	0.482957	0.498281	0.505243	0.478807	0.422597	0.362487	0.304135	0.249328	0.186895	0.109577	0.0185644	-0.0889075	-0.211957	-0.324762	-0.398473	-0.414581	-0.388657	-0.333594	-0.261209	-0.178058	-0.0924954	-0.00903225	0.0606008	0.118936	0.173518	0.214512	0.224825	0.197034	0.142533	0.0866775	0.0414392	0.0263219	0.0481676	0.110838	0.205632	0.297594	0.36135	0.402206	0.420342	
-1.23818	-1.23818	-1.13429	-0.930779	-0.666563	-0.379047	-0.116646	0.0902017	0.244591	0.337309	0.386181	0.415974	0.430594	0.439708	0.431388	0.396596	0.358515	0.322688	0.283789	0.232015	0.167542	0.0849574	-0.0133496	-0.129806	-0.235146	-0.300559	-0.31338	-0.283333	-0.223249	-0.15577	-0.0803154	-0.00903225	0.0502529	0.102136	0.148898	0.192458	0.227854	0.239901	0.222695	0.18038	0.138483	0.102958	0.0958155	0.117037	0.171883	0.258805	0.345049	0.405116	0.437359	0.440305	
-1.09705	-1.09705	-1.00459	-0.823119	-0.59636	-0.356956	-0.136715	0.0341299	0.170608	0.258631	0.309727	0.341705	0.362	0.372087	0.37859	0.363852	0.347691	0.328893	0.300621	0.256061	0.201345	0.12976	0.0431378	-0.0584148	-0.150784	-0.199669	-0.209832	-0.180868	-0.123594	-0.0640023	-0.000445669	0.0606008	0.102136	0.13466	0.164718	0.182627	0.193652	0.195111	0.175302	0.138918	0.105918	0.0845754	0.0924437	0.125733	0.180444	0.260059	0.342734	0.408623	0.444959	0.445523	
-0.950993	-0.950993	-0.874611	-0.724474	-0.533076	-0.339578	-0.168243	-0.0343863	0.082593	0.169606	0.22633	0.258684	0.284655	0.305544	0.321023	0.3221	0.315944	0.307949	0.287818	0.249008	0.195565	0.133292	0.0575037	-0.0211111	-0.0898144	-0.12237	-0.121742	-0.0940354	-0.0445682	0.010696	0.0688723	0.118936	0.148898	0.164718	0.166876	0.147499	0.117048	0.0855634	0.0481656	0.0150076	-0.0163404	-0.0233567	0.00342982	0.0598866	0.133349	0.219475	0.304432	0.379298	0.428728	0.443076	
-0.843778	-0.843778	-0.782885	-0.666725	-0.516476	-0.364517	-0.233291	-0.118975	-0.0211187	0.0653763	0.129486	0.166591	0.192092	0.220384	0.236573	0.250696	0.258677	0.258427	0.240481	0.198216	0.140055	0.0866107	0.0258229	-0.0341335	-0.077656	-0.0909272	-0.0725011	-0.0351865	0.013274	0.0723615	0.131987	0.173518	0.192458	0.182627	0.147499	0.0849643	0.00901369	-0.0648046	-0.12784	-0.175617	-0.206411	-0.195747	-0.142654	-0.0600199	0.0356296	0.136149	0.240376	0.333203	0.405237	0.437849	
-0.794632	-0.794632	-0.753355	-0.671218	-0.563432	-0.452501	-0.347138	-0.244912	-0.149979	-0.0568265	0.0136414	0.0541935	0.081913	0.107292	0.123171	0.149274	0.169177	0.170371	0.15205	0.107636	0.0454438	-0.00709109	-0.0554074	-0.102337	-0.120464	-0.106516	-0.0623695	-0.0113326	0.0435005	0.106886	0.170699	0.214512	0.227854	0.193652	0.117048	0.00901369	-0.116691	-0.230042	-0.320802	-0.389301	-0.419776	-0.396122	-0.320585	-0.215101	-0.0940468	0.027393	0.156956	0.278198	0.372264	0.425026	
-0.803399	-0.803399	-0.788621	-0.739606	-0.670249	-0.595382	-0.5101	-0.418328	-0.317241	-0.20737	-0.126321	-0.0833202	-0.0473926	-0.0187113	0.00235716	0.0279565	0.0524395	0.0544581	0.0363582	-0.00993513	-0.073275	-0.132194	-0.174244	-0.206229	-0.205674	-0.162504	-0.0949373	-0.0301715	0.0308677	0.100451	0.172307	0.224825	0.239901	0.195111	0.0855634	-0.0648046	-0.230042	-0.386459	-0.509978	-0.595516	-0.624912	-0.5934	-0.508223	-0.38867	-0.24651	-0.0974736	0.0566273	0.198205	0.312234	0.389971	
-0.862974	-0.862974	-0.863959	-0.849697	-0.818254	-0.770171	-0.701306	-0.618038	-0.510275	-0.394155	-0.299253	-0.234236	-0.183327	-0.146141	-0.110126	-0.0811733	-0.06111	-0.0581343	-0.0831291	-0.141881	-0.207057	-0.263658	-0.304598	-0.328454	-0.320216	-0.262055	-0.175122	-0.0942575	-0.0247168	0.0451168	0.124247	0.197034	0.222695	0.175302	0.0481656	-0.12784	-0.320802	-0.509978	-0.665622	-0.775507	-0.815856	-0.78028	-0.690113	-0.564328	-0.412608	-0.244357	-0.0754954	0.0845497	0.226809	0.324142	
-0.950797	-0.950797	-0.963711	-0.974097	-0.97187	-0.948338	-0.898729	-0.822699	-0.717895	-0.600137	-0.485691	-0.388331	-0.311929	-0.246802	-0.194756	-0.160111	-0.142627	-0.149825	-0.190315	-0.252931	-0.322637	-0.378327	-0.423196	-0.45064	-0.442971	-0.379246	-0.285858	-0.19516	-0.11329	-0.0346929	0.054685	0.142533	0.18038	0.138918	0.0150076	-0.175617	-0.389301	-0.595516	-0.775507	-0.904155	-0.96133	-0.939471	-0.855414	-0.72552	-0.573225	-0.399931	-0.222034	-0.0436458	0.118289	0.229428	
-1.02404	-1.02404	-1.05294	-1.08744	-1.1099	-1.10494	-1.07708	-1.00951	-0.904842	-0.777205	-0.647474	-0.518188	-0.411723	-0.311336	-0.239502	-0.199042	-0.186498	-0.205104	-0.260223	-0.328072	-0.400201	-0.460675	-0.508205	-0.544626	-0.547812	-0.495841	-0.396939	-0.291347	-0.199721	-0.112284	-0.0137021	0.0866775	0.138483	0.105918	-0.0163404	-0.206411	-0.419776	-0.624912	-0.815856	-0.96133	-1.0361	-1.03749	-0.966226	-0.845855	-0.698663	-0.53057	-0.346392	-0.160913	0.00261666	0.123906	
-1.0559	-1.0559	-1.09843	-1.15669	-1.20372	-1.21939	-1.19813	-1.13687	-1.0328	-0.897944	-0.746257	-0.594756	-0.458004	-0.336925	-0.242998	-0.194877	-0.185333	-0.215738	-0.284582	-0.369726	-0.442739	-0.500168	-0.553234	-0.597668	-0.607733	-0.566071	-0.475853	-0.366724	-0.268853	-0.17012	-0.0611028	0.0414392	0.102958	0.0845754	-0.0233567	-0.195747	-0.396122	-0.5934	-0.78028	-0.939471	-1.03749	-1.0555	-0.996674	-0.89269	-0.75855	-0.598198	-0.421557	-0.242597	-0.0893334	0.028721	
-1.04626	-1.04626	-1.09103	-1.16237	-1.2249	-1.25346	-1.24072	-1.18535	-1.08615	-0.947447	-0.779704	-0.605694	-0.444099	-0.308842	-0.205031	-0.148455	-0.146407	-0.190667	-0.267935	-0.360724	-0.434319	-0.491647	-0.54585	-0.592167	-0.609016	-0.579619	-0.498073	-0.393336	-0.295706	-0.195751	-0.0810301	0.0263219	0.0958155	0.0924437	0.00342982	-0.142654	-0.320585	-0.508223	-0.690113	-0.855414	-0.966226	-0.996674	-0.955472	-0.862868	-0.73497	-0.586756	-0.428855	-0.274028	-0.145152	-0.0516068	
-0.975615	-0.975615	-1.02331	-1.09735	-1.15975	-1.19223	-1.19008	-1.14353	-1.05322	-0.92007	-0.749269	-0.564535	-0.385023	-0.233086	-0.126041	-0.0698891	-0.0756401	-0.134846	-0.217762	-0.30556	-0.376235	-0.432459	-0.488758	-0.538361	-0.562065	-0.54089	-0.470324	-0.377712	-0.280133	-0.171341	-0.0551572	0.0481676	0.117037	0.125733	0.0598866	-0.0600199	-0.215101	-0.38867	-0.564328	-0.72552	-0.845855	-0.89269	-0.862868	-0.773482	-0.650202	-0.516469	-0.384712	-0.271882	-0.181078	-0.118439	
-0.836451	-0.836451	-0.879472	-0.948121	-1.00881	-1.03985	-1.04415	-1.019	-0.946915	-0.827424	-0.663545	-0.476021	-0.29074	-0.136565	-0.0284255	0.0228326	0.012664	-0.0521221	-0.134455	-0.214297	-0.278646	-0.330231	-0.379976	-0.433056	-0.468134	-0.459244	-0.403335	-0.318687	-0.214744	-0.0994366	0.013158	0.110838	0.171883	0.180444	0.133349	0.0356296	-0.0940468	-0.24651	-0.412608	-0.573225	-0.698663	-0.75855	-0.73497	-0.650202	-0.537607	-0.425311	-0.324065	-0.244674	-0.190161	-0.163732	
-0.609327	-0.609327	-0.650186	-0.711993	-0.776334	-0.81635	-0.827268	-0.820018	-0.774075	-0.678062	-0.533999	-0.360473	-0.190809	-0.0461921	0.0591219	0.105938	0.0924773	0.0346741	-0.0394555	-0.0989859	-0.143672	-0.181256	-0.226265	-0.285345	-0.329546	-0.329823	-0.292426	-0.215878	-0.110239	-0.000915216	0.109722	0.205632	0.258805	0.260059	0.219475	0.136149	0.027393	-0.0974736	-0.244357	-0.399931	-0.53057	-0.598198	-0.586756	-0.516469	-0.425311	-0.336594	-0.264544	-0.214273	-0.188442	-0.192671	
-0.294927	-0.294927	-0.339748	-0.405572	-0.475453	-0.529913	-0.561419	-0.57083	-0.550586	-0.488689	-0.385389	-0.251364	-0.11622	0.0077042	0.103094	0.153863	0.14804	0.107323	0.0571894	0.027847	0.0100131	-0.00785369	-0.039574	-0.0912107	-0.139252	-0.154278	-0.134622	-0.0763408	0.0107065	0.105689	0.209058	0.297594	0.345049	0.342734	0.304432	0.240376	0.156956	0.0566273	-0.0754954	-0.222034	-0.346392	-0.421557	-0.428855	-0.384712	-0.324065	-0.264544	-0.215694	-0.186954	-0.18048	-0.20312	
0.0829808	0.0829808	0.0346705	-0.0391492	-0.118872	-0.191957	-0.252842	-0.294481	-0.316861	-0.30211	-0.250897	-0.172563	-0.0820651	0.0143845	0.0939793	0.144897	0.154089	0.14469	0.136782	0.147496	0.169069	0.177165	0.163124	0.125583	0.0767116	0.0436441	0.0460164	0.0753572	0.131362	0.202753	0.288647	0.36135	0.405116	0.408623	0.379298	0.333203	0.278198	0.198205	0.0845497	-0.0436458	-0.160913	-0.242597	-0.274028	-0.271882	-0.244674	-0.214273	-0.186954	-0.174089	-0.176383	-0.196946	
0.500027	0.500027	0.448939	0.362018	0.257827	0.155592	0.0608633	-0.0256018	-0.102525	-0.145439	-0.155111	-0.139121	-0.0999579	-0.0377952	0.0258308	0.0790136	0.113953	0.147742	0.191575	0.250637	0.319235	0.360319	0.363994	0.336891	0.287042	0.235025	0.218168	0.229507	0.257715	0.297325	0.351179	0.402206	0.437359	0.444959	0.428728	0.405237	0.372264	0.312234	0.226809	0.118289	0.00261666	-0.0893334	-0.145152	-0.181078	-0.190161	-0.188442	-0.18048	-0.176383	-0.174001	-0.175151	
0.917438	0.917438	0.859651	0.755871	0.624233	0.482934	0.340484	0.200788	0.0705542	-0.036352	-0.111506	-0.156851	-0.168299	-0.141743	-0.0864061	-0.0198668	0.0479957	0.124352	0.220768	0.327542	0.427302	0.498897	0.52833	0.50954	0.453074	0.389583	0.355513	0.353258	0.365232	0.379148	0.398557	0.420342	0.440305	0.445523	0.443076	0.437849	0.425026	0.389971	0.324142	0.229428	0.123906	0.028721	-0.0516068	-0.118439	-0.163732	-0.192671	-0.20312	-0.196946	-0.175151	-0.152067	
