1.33733	1.33733	1.31545	1.29424	1.25772	1.21118	1.16113	1.10678	1.04552	0.980173	0.922676	0.866428	0.805824	0.754799	0.711528	0.664127	0.621853	0.586161	0.556665	0.527067	0.488654	0.465746	0.449625	0.429889	0.402502	0.380161	0.367205	0.364791	0.362789	0.34456	0.317617	0.304854	0.312595	0.331781	0.3521	0.357006	0.327947	0.259681	0.176955	0.103805	0.0561876	0.0505621	0.102967	0.231268	0.418338	0.643295	0.880745	1.1166	1.33956	1.52079	
1.04149	1.04149	1.03214	1.02895	1.01373	0.992559	0.973828	0.949971	0.923744	0.900982	0.879037	0.854712	0.825571	0.805323	0.7869	0.75943	0.73601	0.717548	0.700314	0.678247	0.650562	0.63674	0.62804	0.607252	0.585844	0.566219	0.560516	0.558951	0.554788	0.531801	0.505623	0.499018	0.508277	0.528538	0.540306	0.535457	0.488213	0.409292	0.320742	0.247338	0.204193	0.20426	0.267856	0.403886	0.58986	0.808332	1.02865	1.24541	1.44134	1.5866	
0.739722	0.739722	0.739775	0.746862	0.746794	0.747157	0.755483	0.763006	0.762574	0.769825	0.776557	0.775218	0.779528	0.782279	0.784739	0.777426	0.773069	0.773283	0.768609	0.75548	0.743172	0.739396	0.73896	0.720008	0.70621	0.693479	0.694122	0.694895	0.68691	0.661228	0.638325	0.636991	0.648191	0.66478	0.667215	0.647321	0.580964	0.491437	0.395346	0.323445	0.281179	0.287938	0.360861	0.499641	0.683308	0.889455	1.09072	1.28875	1.45331	1.56458	
0.480742	0.480742	0.477608	0.489265	0.502741	0.517947	0.54058	0.561758	0.578226	0.604457	0.632376	0.645038	0.668555	0.690553	0.703547	0.716091	0.727294	0.74135	0.748726	0.745213	0.748171	0.756634	0.759871	0.748556	0.740531	0.738917	0.743485	0.746946	0.733966	0.707991	0.690352	0.693721	0.705905	0.715224	0.70761	0.6676	0.585508	0.483197	0.384835	0.312974	0.274441	0.290146	0.371935	0.514593	0.695726	0.887689	1.07654	1.2538	1.39199	1.47495	
0.27093	0.27093	0.280649	0.289045	0.30519	0.325112	0.34612	0.373969	0.402749	0.434225	0.465775	0.489035	0.521434	0.551657	0.571967	0.59269	0.615462	0.636747	0.650166	0.65596	0.670225	0.687094	0.692838	0.686915	0.688093	0.693666	0.703542	0.705462	0.689039	0.66456	0.653615	0.661986	0.671756	0.674405	0.6521	0.594556	0.496233	0.38747	0.289424	0.221826	0.192269	0.221128	0.315786	0.466739	0.645256	0.831475	1.01003	1.17138	1.29095	1.34529	
0.125868	0.125868	0.138747	0.14622	0.157432	0.177864	0.201331	0.22228	0.246837	0.277666	0.306318	0.33021	0.366403	0.395198	0.416119	0.444021	0.46941	0.494148	0.50869	0.519472	0.542791	0.560216	0.565438	0.564503	0.570814	0.583489	0.592332	0.592467	0.571139	0.551276	0.548138	0.559044	0.567082	0.559471	0.52478	0.44898	0.341475	0.231184	0.139812	0.0822825	0.0682548	0.115271	0.229037	0.387402	0.569506	0.750763	0.921975	1.0733	1.17234	1.20492	
0.0418652	0.0418652	0.0448604	0.0440353	0.0584979	0.07629	0.0909759	0.107845	0.132945	0.156229	0.175209	0.197177	0.225611	0.249508	0.264566	0.292766	0.317847	0.336063	0.351569	0.365997	0.391036	0.408504	0.407672	0.415056	0.422961	0.440026	0.446062	0.440318	0.418454	0.402701	0.409805	0.418831	0.425538	0.404149	0.358847	0.264639	0.155879	0.0467787	-0.0308573	-0.0749204	-0.0682674	0.00255438	0.135337	0.304539	0.492707	0.66963	0.843528	0.981385	1.06821	1.08148	
-0.0175979	-0.0175979	-0.00819696	-0.00953264	0.000944905	0.0107997	0.0149864	0.0282751	0.0493412	0.060864	0.0735967	0.100319	0.116565	0.131736	0.147761	0.168004	0.187918	0.199562	0.20836	0.227581	0.244963	0.257455	0.252309	0.262222	0.273331	0.286945	0.28956	0.276313	0.255168	0.248256	0.259675	0.270111	0.267245	0.237865	0.175608	0.0732511	-0.0356345	-0.133646	-0.194399	-0.218244	-0.185235	-0.0856075	0.0658309	0.25189	0.440366	0.622498	0.791992	0.916801	0.989669	0.975987	
-0.0495719	-0.0495719	-0.0423963	-0.0389248	-0.0361787	-0.030278	-0.0220267	-0.0181135	-0.00782368	0.00240924	0.00507276	0.0250797	0.0338913	0.0409281	0.0575481	0.0725072	0.0844205	0.0932305	0.0988732	0.117919	0.131193	0.131642	0.129805	0.13786	0.15142	0.158125	0.154511	0.135663	0.117133	0.12051	0.132888	0.14241	0.127407	0.0897453	0.0100595	-0.0939996	-0.199658	-0.280138	-0.322173	-0.322569	-0.259245	-0.13529	0.0362827	0.230423	0.41874	0.603286	0.760405	0.874787	0.925117	0.888717	
-0.0534523	-0.0534523	-0.0635099	-0.0615891	-0.0587566	-0.0580201	-0.0513946	-0.0430548	-0.0399517	-0.0341056	-0.0320317	-0.0202268	-0.0153219	-0.0164283	-0.0030643	0.00485044	0.00938433	0.0110766	0.0191141	0.0324531	0.0406562	0.0314675	0.034678	0.042487	0.0550367	0.054274	0.0448903	0.0221368	0.0124515	0.0216508	0.0360021	0.0365355	0.0122533	-0.0400733	-0.131809	-0.236156	-0.333005	-0.393255	-0.416439	-0.388834	-0.296889	-0.149305	0.0400644	0.236755	0.429139	0.610044	0.757132	0.857425	0.881728	0.82428	
-0.0670824	-0.0670824	-0.0775757	-0.0647896	-0.0614015	-0.0668733	-0.0674585	-0.0612207	-0.0641313	-0.0645396	-0.0517756	-0.0496404	-0.0502358	-0.0481741	-0.0371345	-0.034913	-0.0364117	-0.0366956	-0.0279942	-0.0204188	-0.0229547	-0.0339802	-0.0290341	-0.0203679	-0.0152621	-0.0218667	-0.0390026	-0.0593981	-0.060545	-0.0464598	-0.0354502	-0.0460705	-0.0809245	-0.14952	-0.247591	-0.349281	-0.429688	-0.469165	-0.469552	-0.410753	-0.29232	-0.120262	0.0788104	0.277342	0.469517	0.640352	0.773299	0.849906	0.842509	0.764366	
-0.0782061	-0.0782061	-0.0748325	-0.0686459	-0.0740193	-0.0744181	-0.0721081	-0.0705268	-0.0705089	-0.0734755	-0.0654113	-0.0708827	-0.0746824	-0.0657267	-0.0626008	-0.0649594	-0.0671667	-0.065438	-0.0568666	-0.0549279	-0.0655813	-0.0712938	-0.0648036	-0.0566769	-0.0601678	-0.0719007	-0.0936137	-0.107157	-0.0998892	-0.084477	-0.0818631	-0.104674	-0.152972	-0.236062	-0.336611	-0.430891	-0.490473	-0.510757	-0.483861	-0.397626	-0.253214	-0.064268	0.137526	0.334986	0.520223	0.67711	0.792531	0.838344	0.804309	0.7071	
-0.0773314	-0.0773314	-0.0693631	-0.080278	-0.0867812	-0.0779251	-0.0741313	-0.0767009	-0.0779359	-0.0776803	-0.0742857	-0.0793148	-0.0812045	-0.0747118	-0.0770412	-0.0834001	-0.0842714	-0.0814588	-0.0765828	-0.0813266	-0.0952416	-0.094115	-0.085967	-0.0838549	-0.0928008	-0.110783	-0.130039	-0.135187	-0.120453	-0.109283	-0.118631	-0.154229	-0.218428	-0.311055	-0.411414	-0.490005	-0.529903	-0.526835	-0.473125	-0.358928	-0.191513	0.00805803	0.209815	0.404258	0.578526	0.722005	0.812397	0.827	0.768065	0.648369	
-0.0791471	-0.0791471	-0.0792808	-0.0832859	-0.0795066	-0.0752833	-0.0787673	-0.0872687	-0.0858679	-0.0781166	-0.0807424	-0.088386	-0.0834792	-0.0801758	-0.0868453	-0.0913406	-0.0922903	-0.0864099	-0.0886497	-0.0995662	-0.109899	-0.103305	-0.0970954	-0.102911	-0.117735	-0.137316	-0.152219	-0.145639	-0.130785	-0.127223	-0.152201	-0.200789	-0.28022	-0.377916	-0.470721	-0.529628	-0.547462	-0.51909	-0.437328	-0.295666	-0.110195	0.0945057	0.293601	0.480131	0.641434	0.765156	0.823675	0.808104	0.71988	0.584301	
-0.0831562	-0.0831562	-0.0846424	-0.0814359	-0.074631	-0.0820633	-0.087768	-0.0872065	-0.0814612	-0.0811149	-0.0930594	-0.0922621	-0.0840462	-0.086513	-0.0973705	-0.0955062	-0.0939819	-0.0907105	-0.0986945	-0.112664	-0.113428	-0.104603	-0.105527	-0.117444	-0.137034	-0.153534	-0.160515	-0.145297	-0.135427	-0.145516	-0.185156	-0.248928	-0.33875	-0.437044	-0.513435	-0.551704	-0.543552	-0.490804	-0.377949	-0.214551	-0.0151684	0.187529	0.381413	0.555217	0.701286	0.796568	0.824085	0.774657	0.663136	0.517728	
-0.0846168	-0.0846168	-0.0833084	-0.0843788	-0.0830606	-0.0896628	-0.0879815	-0.0785191	-0.0830046	-0.0908829	-0.0956279	-0.0871278	-0.0885411	-0.0986959	-0.102452	-0.0989438	-0.0953892	-0.10043	-0.110562	-0.119954	-0.11191	-0.106409	-0.115282	-0.132242	-0.150292	-0.162788	-0.156688	-0.141932	-0.140224	-0.168899	-0.221345	-0.300021	-0.395438	-0.485638	-0.542109	-0.555353	-0.523354	-0.441875	-0.302343	-0.12008	0.0845837	0.28175	0.466154	0.625658	0.750161	0.815143	0.809088	0.728354	0.60128	0.448633	
-0.0815122	-0.0815122	-0.0854488	-0.0872161	-0.0934803	-0.0910744	-0.0855733	-0.085486	-0.0923295	-0.093714	-0.0886848	-0.0865758	-0.0936997	-0.102966	-0.0990559	-0.0993377	-0.100056	-0.110754	-0.12162	-0.121643	-0.112274	-0.115564	-0.130782	-0.149918	-0.163096	-0.167746	-0.152447	-0.144152	-0.157789	-0.203303	-0.269556	-0.358692	-0.453731	-0.527272	-0.560548	-0.546935	-0.490669	-0.37775	-0.216386	-0.0181542	0.183486	0.375186	0.546588	0.6908	0.788752	0.822667	0.780467	0.676685	0.534317	0.382924	
-0.0896339	-0.0896339	-0.0904366	-0.0859895	-0.0897699	-0.0842865	-0.0866959	-0.0984648	-0.0978423	-0.0969014	-0.0926116	-0.0946055	-0.101392	-0.103484	-0.0973917	-0.0978524	-0.104916	-0.115619	-0.122211	-0.114307	-0.111497	-0.124754	-0.144252	-0.160598	-0.168917	-0.162396	-0.148346	-0.151673	-0.185931	-0.244917	-0.324448	-0.417969	-0.503381	-0.55447	-0.559776	-0.521006	-0.434651	-0.294321	-0.111565	0.0927067	0.288881	0.470763	0.626884	0.749769	0.816468	0.813269	0.737474	0.611929	0.459079	0.315407	
-0.0974492	-0.0974492	-0.0926457	-0.0901351	-0.0865439	-0.087223	-0.0938913	-0.0970001	-0.0932985	-0.0934816	-0.0948567	-0.104092	-0.112077	-0.105641	-0.102409	-0.10732	-0.118301	-0.124001	-0.120597	-0.111575	-0.118626	-0.137484	-0.155238	-0.164636	-0.164729	-0.150662	-0.145695	-0.166959	-0.219597	-0.290579	-0.379097	-0.469571	-0.536748	-0.560899	-0.538582	-0.473989	-0.357484	-0.194338	0.00315493	0.202932	0.390639	0.556277	0.694272	0.788607	0.820144	0.779098	0.676272	0.534258	0.384364	0.251164	
-0.0882505	-0.0882505	-0.0905117	-0.0979202	-0.0978731	-0.103826	-0.103006	-0.0928375	-0.0915674	-0.0921731	-0.0996413	-0.109337	-0.105252	-0.0975862	-0.106779	-0.119171	-0.127261	-0.127211	-0.119675	-0.120572	-0.137939	-0.157678	-0.169039	-0.171035	-0.162113	-0.150616	-0.16137	-0.203751	-0.269929	-0.351118	-0.441861	-0.52016	-0.562169	-0.556812	-0.508607	-0.414922	-0.271747	-0.0879636	0.11367	0.306381	0.481846	0.63131	0.748278	0.811411	0.807215	0.73375	0.609696	0.461225	0.31902	0.197076	
-0.0924885	-0.0924885	-0.0956024	-0.098486	-0.100525	-0.101265	-0.0977474	-0.0971081	-0.1036	-0.108901	-0.113763	-0.10775	-0.0966556	-0.102697	-0.11686	-0.122803	-0.122647	-0.118968	-0.116108	-0.130279	-0.152712	-0.16766	-0.171581	-0.167154	-0.155884	-0.157907	-0.190234	-0.25125	-0.327533	-0.414696	-0.498913	-0.555675	-0.567186	-0.532777	-0.456933	-0.333398	-0.165531	0.0322433	0.230348	0.413641	0.573481	0.705363	0.794447	0.822103	0.779993	0.6764	0.53509	0.385607	0.250641	0.142977	
-0.107392	-0.107392	-0.104174	-0.0978992	-0.096308	-0.0927935	-0.0950363	-0.10532	-0.111269	-0.114496	-0.11134	-0.103586	-0.10948	-0.12451	-0.128194	-0.126134	-0.122857	-0.118755	-0.125524	-0.147234	-0.164703	-0.169157	-0.165512	-0.1565	-0.152396	-0.1748	-0.228502	-0.301836	-0.384482	-0.47021	-0.537895	-0.565688	-0.545653	-0.483951	-0.379286	-0.22894	-0.0418666	0.158008	0.346476	0.514249	0.655423	0.762789	0.817019	0.805209	0.726363	0.598498	0.449189	0.305667	0.185033	0.0961259	
-0.105531	-0.105531	-0.104499	-0.102923	-0.103128	-0.104484	-0.108557	-0.111348	-0.108715	-0.105495	-0.102928	-0.10926	-0.124175	-0.130419	-0.128268	-0.127973	-0.125647	-0.128589	-0.148318	-0.169048	-0.174983	-0.170533	-0.162921	-0.156669	-0.169687	-0.215056	-0.284607	-0.364324	-0.448024	-0.522486	-0.564152	-0.559053	-0.509561	-0.420569	-0.28775	-0.114459	0.0823637	0.275485	0.450041	0.599694	0.720252	0.797617	0.814748	0.764681	0.65652	0.514868	0.367617	0.236847	0.134751	0.0628085	
-0.101271	-0.101271	-0.104147	-0.108844	-0.112275	-0.116528	-0.117145	-0.112529	-0.108979	-0.107507	-0.111741	-0.122624	-0.128242	-0.126371	-0.12579	-0.124701	-0.126823	-0.144285	-0.168478	-0.177422	-0.172931	-0.166291	-0.161106	-0.168384	-0.205519	-0.270968	-0.349163	-0.430479	-0.507534	-0.560046	-0.568958	-0.53124	-0.45405	-0.336814	-0.177771	0.0121029	0.208434	0.389554	0.547351	0.678068	0.773535	0.816333	0.794575	0.709421	0.57959	0.432275	0.292637	0.177143	0.0916842	0.0334783	
-0.107393	-0.107393	-0.109379	-0.11324	-0.115986	-0.116948	-0.115293	-0.113235	-0.114727	-0.119393	-0.127153	-0.132392	-0.130089	-0.126386	-0.124286	-0.125544	-0.140989	-0.165119	-0.176053	-0.170967	-0.163813	-0.159972	-0.164464	-0.194105	-0.254717	-0.331735	-0.411627	-0.488529	-0.548447	-0.56982	-0.543961	-0.476605	-0.372186	-0.227389	-0.0473102	0.148533	0.335203	0.4998	0.638427	0.74646	0.810035	0.813669	0.752461	0.63773	0.494239	0.348566	0.221233	0.12241	0.0526054	0.00736471	
-0.120151	-0.120151	-0.118756	-0.116672	-0.114319	-0.111586	-0.111643	-0.116204	-0.123545	-0.13232	-0.137914	-0.135827	-0.130133	-0.126707	-0.129342	-0.143798	-0.165587	-0.176155	-0.16985	-0.161046	-0.15714	-0.16006	-0.183372	-0.238077	-0.313332	-0.392152	-0.467721	-0.531282	-0.562901	-0.548306	-0.490125	-0.395721	-0.264113	-0.0953467	0.0963196	0.286509	0.456862	0.601776	0.718499	0.79766	0.823187	0.785197	0.688165	0.55225	0.40417	0.267365	0.15626	0.0749666	0.0206422	-0.012607	
-0.129549	-0.129549	-0.125989	-0.119903	-0.114809	-0.113276	-0.116757	-0.124018	-0.13127	-0.135213	-0.13298	-0.127381	-0.126162	-0.133301	-0.149501	-0.169297	-0.178316	-0.171787	-0.16172	-0.156983	-0.15863	-0.177102	-0.225694	-0.297968	-0.375445	-0.448916	-0.513035	-0.551633	-0.54694	-0.497184	-0.410665	-0.289977	-0.132843	0.0521256	0.243116	0.418272	0.568289	0.691252	0.781466	0.824989	0.808497	0.73063	0.605862	0.459379	0.316442	0.195133	0.103258	0.0401486	0.000633748	-0.0221791	
-0.12114	-0.12114	-0.122169	-0.124161	-0.127775	-0.132752	-0.13663	-0.137185	-0.133345	-0.125412	-0.117844	-0.117642	-0.127706	-0.144975	-0.162132	-0.169589	-0.164339	-0.155321	-0.150803	-0.152492	-0.169058	-0.213615	-0.283137	-0.35949	-0.431085	-0.494279	-0.536887	-0.540295	-0.498055	-0.41788	-0.305458	-0.158863	0.0183226	0.208012	0.387129	0.542125	0.670406	0.76906	0.827341	0.830697	0.772805	0.662409	0.521455	0.375785	0.246222	0.144055	0.0711415	0.0233898	-0.00582561	-0.0231372	
-0.114403	-0.114403	-0.119774	-0.128871	-0.138161	-0.144051	-0.14407	-0.138201	-0.129213	-0.121764	-0.12134	-0.129488	-0.141574	-0.150972	-0.152237	-0.144612	-0.134225	-0.127503	-0.127786	-0.143116	-0.185023	-0.251807	-0.326628	-0.396558	-0.458229	-0.502735	-0.51218	-0.476551	-0.401637	-0.295402	-0.157541	0.0116334	0.198463	0.380249	0.540004	0.672936	0.777921	0.847385	0.867393	0.82788	0.732189	0.598048	0.450533	0.312424	0.198189	0.112613	0.0533292	0.0144909	-0.0104036	-0.0265961	
-0.13221	-0.13221	-0.132478	-0.13246	-0.130849	-0.12712	-0.122401	-0.118686	-0.118489	-0.123807	-0.133553	-0.142949	-0.146736	-0.142376	-0.130773	-0.116066	-0.103701	-0.0990951	-0.110844	-0.148316	-0.209502	-0.27931	-0.344885	-0.402616	-0.44563	-0.457437	-0.425937	-0.354525	-0.252352	-0.121063	0.0406176	0.223263	0.405793	0.568939	0.705093	0.813695	0.890025	0.921845	0.896969	0.814022	0.68631	0.537106	0.390409	0.263535	0.164376	0.0927848	0.0440458	0.0120095	-0.00881621	-0.0223974	
-0.145724	-0.145724	-0.140217	-0.13041	-0.118682	-0.107997	-0.101162	-0.0999158	-0.104337	-0.112255	-0.119146	-0.120581	-0.114737	-0.102277	-0.0860078	-0.070972	-0.0643029	-0.074947	-0.109661	-0.165266	-0.228576	-0.288193	-0.340388	-0.379199	-0.389699	-0.359117	-0.288916	-0.188446	-0.0611307	0.0947768	0.273195	0.455457	0.621158	0.760062	0.871141	0.952003	0.992621	0.98016	0.909534	0.789774	0.64164	0.489427	0.352699	0.242172	0.159957	0.102515	0.0639632	0.0384347	0.0212828	0.00923013	
-0.126032	-0.126032	-0.121772	-0.114266	-0.105523	-0.0976503	-0.0920558	-0.0890734	-0.0873986	-0.0841588	-0.0763859	-0.0627409	-0.0439593	-0.0228081	-0.00472163	0.00242094	-0.00928901	-0.0434647	-0.0952613	-0.153288	-0.208152	-0.255994	-0.290755	-0.29873	-0.267582	-0.197637	-0.0978445	0.0271897	0.179029	0.353903	0.535694	0.703867	0.846075	0.960235	1.04549	1.0941	1.09352	1.03601	0.926594	0.783046	0.628978	0.485378	0.365275	0.272877	0.205873	0.158739	0.125383	0.10067	0.0808943	0.0636372	
-0.0807215	-0.0807215	-0.0795892	-0.0776182	-0.0751734	-0.0722926	-0.0683236	-0.0617654	-0.0503994	-0.0322474	-0.00704004	0.023151	0.0539266	0.078571	0.0891769	0.0796588	0.0492646	0.00389144	-0.0470016	-0.0960124	-0.138925	-0.168796	-0.17271	-0.13944	-0.0689275	0.030645	0.154299	0.303238	0.475108	0.656033	0.826088	0.9715	1.08895	1.17836	1.23399	1.24412	1.19928	1.10101	0.963899	0.810161	0.661447	0.532622	0.429857	0.352221	0.294806	0.251594	0.217254	0.18788	0.160995	0.135271	
-0.0145447	-0.0145447	-0.0154139	-0.0166491	-0.0170324	-0.0146287	-0.00697506	0.0084093	0.0329405	0.0657651	0.103258	0.139469	0.167133	0.179394	0.172396	0.147296	0.109813	0.0671837	0.0251029	-0.0116226	-0.0349486	-0.0327071	0.00466237	0.0769497	0.176909	0.299911	0.446914	0.61626	0.795812	0.966684	1.11445	1.23471	1.32765	1.38912	1.40847	1.37535	1.28853	1.15951	1.00877	0.857994	0.723435	0.613025	0.527251	0.461976	0.411383	0.370014	0.333732	0.299876	0.267021	0.234628	
0.0756184	0.0756184	0.0753361	0.0761771	0.0806157	0.091463	0.110874	0.139286	0.174588	0.212119	0.245651	0.268875	0.277031	0.268456	0.245203	0.211962	0.17397	0.135982	0.103696	0.0860435	0.0941052	0.135328	0.20881	0.30832	0.430095	0.574994	0.741482	0.918585	1.08862	1.23721	1.35926	1.45494	1.52124	1.54868	1.5266	1.45179	1.33308	1.18902	1.04087	0.905778	0.793142	0.704761	0.637273	0.585084	0.542578	0.505286	0.470199	0.435604	0.400739	0.365467	
0.196884	0.196884	0.202755	0.21505	0.234358	0.260549	0.292055	0.325558	0.356373	0.379489	0.390785	0.387979	0.371122	0.342456	0.305594	0.264669	0.224525	0.191949	0.176216	0.186793	0.228775	0.300486	0.396814	0.515139	0.656259	0.818286	0.990841	1.15745	1.30434	1.42618	1.523	1.59252	1.6263	1.61387	1.55069	1.44344	1.30881	1.16733	1.03663	0.927253	0.84218	0.778839	0.731908	0.695647	0.665224	0.637181	0.609345	0.580508	0.550102	0.517913	
0.384049	0.384049	0.395109	0.415743	0.44304	0.472916	0.50059	0.521307	0.531172	0.527777	0.510419	0.479982	0.438664	0.389727	0.337514	0.287916	0.248781	0.229086	0.2363	0.273337	0.338068	0.426687	0.537771	0.671933	0.826515	0.991272	1.15087	1.29254	1.41109	1.50641	1.57655	1.61392	1.60843	1.55488	1.45833	1.33382	1.20101	1.07767	0.975218	0.897674	0.84326	0.807013	0.783139	0.766475	0.753067	0.740168	0.725957	0.709225	0.689108	0.664929	
0.664665	0.664665	0.669689	0.678007	0.686552	0.691586	0.689464	0.677281	0.653256	0.616813	0.568554	0.510337	0.4455	0.379126	0.318102	0.270568	0.244354	0.244747	0.272995	0.327117	0.40482	0.505767	0.630171	0.774343	0.927938	1.07678	1.20941	1.32114	1.41168	1.47913	1.51642	1.51399	1.46639	1.37763	1.26132	1.13618	1.01982	0.924221	0.85425	0.808874	0.783558	0.772577	0.770567	0.77321	0.77731	0.780575	0.781319	0.778236	0.770249	0.756467	
0.995247	0.995247	0.985487	0.965726	0.935588	0.894721	0.842961	0.78047	0.707912	0.626723	0.539527	0.450505	0.365475	0.291417	0.235388	0.202999	0.197105	0.217631	0.262969	0.332055	0.425049	0.541277	0.675787	0.818076	0.955224	1.07734	1.18045	1.26415	1.32629	1.36013	1.35663	1.3105	1.22508	1.11288	0.991621	0.878518	0.785771	0.718876	0.677476	0.657537	0.653593	0.660337	0.673398	0.689497	0.70628	0.722046	0.735514	0.745672	0.751701	0.752965	
1.28059	1.28059	1.2567	1.20967	1.14099	1.05278	0.94783	0.829647	0.702696	0.572563	0.445935	0.330177	0.232451	0.15861	0.112249	0.0944248	0.104348	0.140782	0.203122	0.290962	0.401934	0.52944	0.662696	0.789989	0.902982	0.998419	1.07561	1.132	1.16088	1.15381	1.10589	1.02025	0.908561	0.787603	0.67399	0.579885	0.511191	0.468139	0.447251	0.443479	0.451806	0.468078	0.489234	0.51317	0.538489	0.564247	0.589769	0.614526	0.638065	0.659956	
1.43282	1.43282	1.39911	1.33287	1.23658	1.1141	0.97079	0.81354	0.650566	0.490872	0.343379	0.215892	0.114216	0.041768	-0.000111099	-0.0113026	0.00797969	0.0573547	0.135272	0.237306	0.355162	0.477796	0.594573	0.69843	0.786494	0.857495	0.908103	0.931493	0.919737	0.868553	0.781149	0.668634	0.546886	0.431787	0.335214	0.263239	0.216535	0.192132	0.185426	0.191741	0.207199	0.228985	0.255254	0.284891	0.317251	0.351956	0.388744	0.427366	0.467505	0.508718	
1.3866	1.3866	1.34964	1.2775	1.17377	1.04381	0.894584	0.734284	0.571676	0.415324	0.272828	0.150352	0.0525597	-0.0170849	-0.0559401	-0.0621572	-0.0352983	0.0225111	0.105586	0.204834	0.309576	0.410382	0.501183	0.579055	0.641732	0.684811	0.701116	0.683191	0.627468	0.537441	0.42381	0.30158	0.185751	0.0876675	0.0133078	-0.0364166	-0.0641003	-0.0739807	-0.0704463	-0.0571745	-0.0368341	-0.0111485	0.0188813	0.0527318	0.090151	0.131009	0.175194	0.222536	0.272754	0.325397	
1.1123	1.1123	1.08322	1.02674	0.946054	0.845611	0.730719	0.607118	0.480619	0.356892	0.241449	0.139753	0.0572594	-0.000868059	-0.0305136	-0.0297506	5.76106e-05	0.0538503	0.123682	0.20069	0.27733	0.348556	0.411114	0.461425	0.493756	0.500405	0.474277	0.412509	0.318931	0.203878	0.0814411	-0.0344176	-0.133122	-0.209031	-0.261195	-0.291962	-0.30527	-0.305257	-0.295424	-0.27833	-0.25563	-0.228278	-0.196758	-0.161285	-0.121949	-0.0788159	-0.0319944	0.018315	0.0717796	0.127899	
0.652779	0.652779	0.640769	0.617166	0.582731	0.538478	0.485635	0.425732	0.360824	0.293782	0.228485	0.169705	0.122556	0.0915071	0.0792516	0.0858695	0.108734	0.143337	0.184718	0.228701	0.272152	0.311986	0.343614	0.360139	0.353349	0.316411	0.246999	0.149117	0.0325827	-0.0896048	-0.204734	-0.303243	-0.380063	-0.434392	-0.468447	-0.485924	-0.490719	-0.486144	-0.474628	-0.457736	-0.436356	-0.410917	-0.381587	-0.348415	-0.311439	-0.270752	-0.226549	-0.179169	-0.129111	-0.0770495	
0.111444	0.111444	0.115784	0.123923	0.134864	0.147319	0.159969	0.171761	0.182185	0.191413	0.200214	0.209632	0.22051	0.23307	0.246783	0.260652	0.273802	0.286016	0.297734	0.309255	0.319364	0.324161	0.317029	0.290214	0.237596	0.157422	0.0536608	-0.0647101	-0.186126	-0.299474	-0.396529	-0.47308	-0.528696	-0.56562	-0.587404	-0.597761	-0.599859	-0.59603	-0.587786	-0.575986	-0.561033	-0.543062	-0.522077	-0.498053	-0.470999	-0.441009	-0.408285	-0.373163	-0.336104	-0.29769	
-0.420065	-0.420065	-0.405482	-0.37657	-0.333831	-0.278034	-0.210276	-0.132117	-0.0457693	0.0456976	0.138265	0.227107	0.307077	0.373518	0.423228	0.455225	0.470913	0.473385	0.465942	0.450352	0.425646	0.388184	0.333173	0.257066	0.159785	0.0457009	-0.0770619	-0.198659	-0.309979	-0.404565	-0.479445	-0.534872	-0.573341	-0.598414	-0.613731	-0.622393	-0.626717	-0.62825	-0.627908	-0.626164	-0.623206	-0.619056	-0.613654	-0.606905	-0.598711	-0.58898	-0.577641	-0.564631	-0.549894	-0.533362	
-0.897655	-0.897655	-0.874318	-0.827563	-0.757376	-0.664107	-0.548879	-0.414055	-0.263638	-0.10346	0.0590048	0.215274	0.356889	0.476627	0.569535	0.633412	0.668531	0.676669	0.659867	0.619492	0.55611	0.470254	0.363709	0.240605	0.107667	-0.0265989	-0.1535	-0.265875	-0.359309	-0.432496	-0.486803	-0.525335	-0.551921	-0.570284	-0.583552	-0.594077	-0.603469	-0.612738	-0.622464	-0.632937	-0.644262	-0.656417	-0.669291	-0.682685	-0.696315	-0.709798	-0.722642	-0.734233	-0.743831	-0.750572	
-1.28346	-1.28346	-1.2485	-1.17938	-1.07774	-0.946158	-0.788274	-0.608844	-0.413747	-0.209859	-0.00478744	0.193515	0.377187	0.538869	0.672014	0.771089	0.83173	0.850977	0.827674	0.763043	0.661226	0.52951	0.377927	0.218144	0.0618226	-0.0811195	-0.20383	-0.303097	-0.379104	-0.434574	-0.473655	-0.500876	-0.520396	-0.5356	-0.548997	-0.562304	-0.576616	-0.59259	-0.610587	-0.630775	-0.653192	-0.677768	-0.704334	-0.732611	-0.762196	-0.792541	-0.822937	-0.852494	-0.880143	-0.904627	
-1.50869	-1.50869	-1.46397	-1.3766	-1.25054	-1.09128	-0.905424	-0.700072	-0.482337	-0.258944	-0.0361057	0.180274	0.38414	0.568735	0.726269	0.848101	0.925653	0.951971	0.923595	0.842131	0.714904	0.554321	0.375972	0.195976	0.028317	-0.1171	-0.235252	-0.325666	-0.391264	-0.436904	-0.468022	-0.489661	-0.505952	-0.519966	-0.533811	-0.548836	-0.565855	-0.585323	-0.607473	-0.632388	-0.660049	-0.690344	-0.723072	-0.757932	-0.794508	-0.83225	-0.870457	-0.908257	-0.944589	-0.978184	
-1.50869	-1.50869	-1.46397	-1.3766	-1.25054	-1.09128	-0.905424	-0.700072	-0.482337	-0.258944	-0.0361057	0.180274	0.38414	0.568735	0.726269	0.848101	0.925653	0.951971	0.923595	0.842131	0.714904	0.554321	0.375972	0.195976	0.028317	-0.1171	-0.235252	-0.325666	-0.391264	-0.436904	-0.468022	-0.489661	-0.505952	-0.519966	-0.533811	-0.548836	-0.565855	-0.585323	-0.607473	-0.632388	-0.660049	-0.690344	-0.723072	-0.757932	-0.794508	-0.83225	-0.870457	-0.908257	-0.944589	-0.978184	
