0.708686	0.708686	0.701586	0.672392	0.626505	0.575659	0.510506	0.424964	0.327034	0.222371	0.130787	0.0701282	0.0402573	0.0419822	0.0788324	0.124909	0.179506	0.242323	0.298561	0.348525	0.416879	0.499189	0.590453	0.694183	0.803291	0.91556	1.02733	1.13074	1.21569	1.27265	1.28885	1.25635	1.18755	1.10025	1.01563	0.942435	0.874073	0.80413	0.72394	0.621985	0.496413	0.362442	0.216965	0.0574063	-0.0793645	-0.176081	-0.227594	-0.234003	-0.207379	-0.152766	
0.772867	0.772867	0.77229	0.75934	0.729988	0.689032	0.634566	0.553753	0.452587	0.346219	0.257851	0.200282	0.172151	0.174682	0.207963	0.256838	0.311211	0.369702	0.415702	0.452305	0.496302	0.559157	0.643253	0.736888	0.831355	0.925635	1.02054	1.10419	1.17575	1.22997	1.2498	1.22379	1.16517	1.09596	1.01676	0.941649	0.872359	0.7999	0.720341	0.619791	0.497234	0.363013	0.215759	0.0626554	-0.062384	-0.13867	-0.172158	-0.160396	-0.116759	-0.0432286	
0.787632	0.787632	0.786904	0.784519	0.776425	0.7575	0.721235	0.654299	0.573895	0.491587	0.416406	0.36187	0.341783	0.348547	0.37958	0.424282	0.469461	0.503862	0.524494	0.540076	0.565426	0.606973	0.668314	0.738742	0.809094	0.877371	0.946192	1.0066	1.05903	1.10538	1.13264	1.12376	1.09029	1.04152	0.974262	0.9054	0.8457	0.788066	0.721821	0.62481	0.498	0.360017	0.217037	0.0814518	-0.0230926	-0.0843077	-0.0989495	-0.0710821	-0.0160296	0.0720624	
0.749694	0.749694	0.75556	0.760575	0.767068	0.776893	0.766595	0.73066	0.690406	0.64825	0.589886	0.544674	0.52838	0.533288	0.550153	0.578439	0.60213	0.609952	0.602652	0.594985	0.601597	0.619282	0.652073	0.693977	0.738164	0.779456	0.821231	0.857486	0.8893	0.926846	0.960187	0.975276	0.969793	0.94263	0.890565	0.834541	0.790998	0.756595	0.708447	0.619796	0.490736	0.347325	0.212473	0.0972183	0.0114636	-0.0256092	-0.0127482	0.0308793	0.0972328	0.197104	
0.631388	0.631388	0.652074	0.674121	0.700973	0.737917	0.764027	0.773107	0.782266	0.780186	0.753513	0.721661	0.702701	0.692964	0.688592	0.689336	0.688288	0.673561	0.642259	0.615382	0.60101	0.59552	0.602336	0.6212	0.639328	0.647333	0.656221	0.6692	0.694569	0.731091	0.772233	0.801616	0.811454	0.800106	0.773381	0.74539	0.725537	0.712295	0.682403	0.603061	0.478887	0.336994	0.208967	0.10384	0.0375236	0.0274586	0.066057	0.13282	0.216085	0.320683	
0.449266	0.449266	0.478586	0.527053	0.588892	0.657768	0.725688	0.787019	0.840365	0.872566	0.874157	0.853175	0.826967	0.802201	0.772296	0.740958	0.711081	0.673652	0.627014	0.58237	0.548669	0.528219	0.519107	0.514426	0.508711	0.488311	0.459887	0.453664	0.478283	0.521671	0.567798	0.605276	0.620238	0.621737	0.625392	0.630042	0.634081	0.640786	0.624096	0.560119	0.450605	0.323989	0.205082	0.113505	0.0680669	0.0801743	0.140417	0.227035	0.322802	0.423146	
0.241316	0.241316	0.279029	0.349194	0.442427	0.552863	0.671261	0.778881	0.864897	0.920855	0.935624	0.916473	0.886861	0.84436	0.785934	0.728327	0.672083	0.605059	0.539336	0.483227	0.435933	0.40529	0.383463	0.362019	0.335142	0.291178	0.242948	0.221037	0.236646	0.280246	0.333978	0.376289	0.402552	0.424663	0.453254	0.482664	0.506852	0.529162	0.521731	0.472684	0.388357	0.284911	0.189541	0.124896	0.108445	0.141176	0.213637	0.304998	0.396794	0.486381	
0.0433842	0.0433842	0.0916408	0.170462	0.283356	0.436675	0.601996	0.73425	0.838467	0.912564	0.937497	0.913399	0.872191	0.809251	0.728176	0.644402	0.558049	0.466835	0.384454	0.315185	0.259834	0.226043	0.19368	0.15726	0.11455	0.0632016	0.0129945	-0.0178475	-0.0155081	0.0228362	0.0758768	0.126721	0.171971	0.212578	0.255027	0.297776	0.334564	0.367427	0.369144	0.337421	0.280056	0.206572	0.143382	0.116831	0.138541	0.200423	0.282557	0.368208	0.445563	0.513109	
-0.135018	-0.135018	-0.0795837	0.00892517	0.136317	0.306419	0.488924	0.637342	0.755604	0.834412	0.864804	0.843943	0.790599	0.702473	0.597562	0.487134	0.375697	0.267344	0.174987	0.101954	0.0451919	0.00315953	-0.0353241	-0.0753355	-0.125174	-0.174138	-0.215017	-0.246318	-0.252458	-0.220407	-0.170175	-0.114183	-0.0577364	-0.00814521	0.0380109	0.0832147	0.125436	0.164128	0.170119	0.159056	0.132801	0.0951656	0.0709971	0.0847718	0.142449	0.231015	0.32475	0.402519	0.458331	0.498825	
-0.271732	-0.271732	-0.216363	-0.117786	0.0172884	0.180051	0.351785	0.506355	0.630181	0.707455	0.735126	0.709498	0.63714	0.527447	0.398155	0.262876	0.138452	0.0258159	-0.0764039	-0.152669	-0.205918	-0.247108	-0.282534	-0.314402	-0.357709	-0.399894	-0.431329	-0.452772	-0.454393	-0.424012	-0.373568	-0.316711	-0.261688	-0.213266	-0.175859	-0.136369	-0.0963955	-0.065297	-0.0590791	-0.0535044	-0.0504409	-0.0477949	-0.0272836	0.0203941	0.104393	0.214025	0.311746	0.381258	0.419851	0.438175	
-0.336205	-0.336205	-0.285881	-0.188674	-0.0558195	0.090987	0.245353	0.389287	0.508536	0.573443	0.582409	0.527766	0.425861	0.291852	0.147322	-0.00175316	-0.135743	-0.250571	-0.347688	-0.418501	-0.46822	-0.500419	-0.520454	-0.536563	-0.562183	-0.589266	-0.610856	-0.620198	-0.610412	-0.57624	-0.524218	-0.467771	-0.41554	-0.380456	-0.361169	-0.334748	-0.306606	-0.290495	-0.284207	-0.273616	-0.25317	-0.213718	-0.157497	-0.079933	0.0285044	0.150441	0.24675	0.307475	0.339675	0.350931	
-0.31427	-0.31427	-0.269329	-0.179739	-0.0598308	0.0730389	0.208699	0.335535	0.430758	0.466582	0.433455	0.342506	0.202736	0.0354939	-0.132709	-0.289102	-0.42577	-0.533777	-0.614056	-0.667466	-0.697025	-0.711226	-0.715972	-0.714415	-0.716869	-0.728	-0.738739	-0.732783	-0.716029	-0.680976	-0.628729	-0.571425	-0.52234	-0.498997	-0.498553	-0.493265	-0.485933	-0.483637	-0.483879	-0.476436	-0.448249	-0.386893	-0.308149	-0.20522	-0.078928	0.0497808	0.145825	0.204849	0.242855	0.254891	
-0.186957	-0.186957	-0.151958	-0.072879	0.0354841	0.152793	0.264724	0.362314	0.418572	0.40623	0.323617	0.192859	0.0102512	-0.204401	-0.405385	-0.57586	-0.716165	-0.808303	-0.859029	-0.882489	-0.88407	-0.867214	-0.844906	-0.821517	-0.806612	-0.807918	-0.81352	-0.805707	-0.782192	-0.745298	-0.692513	-0.637665	-0.590916	-0.576206	-0.59111	-0.608196	-0.624825	-0.642382	-0.656125	-0.659894	-0.630034	-0.560405	-0.466815	-0.351221	-0.21514	-0.0819349	0.0170679	0.0859312	0.135282	0.154006	
0.0503646	0.0503646	0.0716894	0.13256	0.223477	0.320602	0.400843	0.456585	0.466351	0.40594	0.27083	0.0891352	-0.141344	-0.397501	-0.632843	-0.826855	-0.974485	-1.05418	-1.07688	-1.06158	-1.01898	-0.961298	-0.902825	-0.851436	-0.821661	-0.815795	-0.824179	-0.82108	-0.802489	-0.764986	-0.7156	-0.665683	-0.6244	-0.612735	-0.638938	-0.680419	-0.724506	-0.771656	-0.808489	-0.82493	-0.799021	-0.725617	-0.627219	-0.50792	-0.370143	-0.237069	-0.131542	-0.0493791	0.0173656	0.057217	
0.37397	0.37397	0.389751	0.423597	0.473158	0.534666	0.58362	0.596167	0.5528	0.444711	0.265655	0.034039	-0.244827	-0.535725	-0.800148	-1.01445	-1.16474	-1.23514	-1.23912	-1.18724	-1.09505	-0.990504	-0.88624	-0.802732	-0.756667	-0.746839	-0.753776	-0.757585	-0.745784	-0.714337	-0.675774	-0.645002	-0.620953	-0.617725	-0.655896	-0.717286	-0.788152	-0.866026	-0.928585	-0.961313	-0.942671	-0.872326	-0.773212	-0.649725	-0.516562	-0.389738	-0.28298	-0.19128	-0.108701	-0.0376168	
0.755301	0.755301	0.762203	0.768308	0.772695	0.782132	0.780026	0.745939	0.659145	0.50981	0.289849	0.0117566	-0.303084	-0.618097	-0.901456	-1.13025	-1.28062	-1.34743	-1.33331	-1.24367	-1.10878	-0.96444	-0.825195	-0.715422	-0.652818	-0.622804	-0.617692	-0.621218	-0.615744	-0.595876	-0.577222	-0.572388	-0.572931	-0.595426	-0.652193	-0.737346	-0.833486	-0.935692	-1.01272	-1.05384	-1.04141	-0.978457	-0.883094	-0.765047	-0.646675	-0.533971	-0.429481	-0.337281	-0.237557	-0.145217	
1.15064	1.15064	1.14616	1.12604	1.09099	1.04819	0.986383	0.896751	0.763028	0.576987	0.325537	0.0179439	-0.320513	-0.650368	-0.949093	-1.18401	-1.32954	-1.38369	-1.34996	-1.23461	-1.07208	-0.900774	-0.742154	-0.618956	-0.536468	-0.484538	-0.460207	-0.450892	-0.444094	-0.437989	-0.438283	-0.45793	-0.493078	-0.547518	-0.629168	-0.739558	-0.860101	-0.975868	-1.06207	-1.09819	-1.08506	-1.02822	-0.941065	-0.842419	-0.753117	-0.663715	-0.571736	-0.48189	-0.373701	-0.262053	
1.51245	1.51245	1.49919	1.45402	1.38462	1.3006	1.18912	1.04248	0.86002	0.63719	0.36218	0.0358954	-0.313043	-0.653241	-0.960441	-1.19352	-1.32523	-1.35775	-1.30407	-1.17426	-1.00332	-0.822394	-0.659095	-0.522159	-0.41922	-0.348452	-0.305184	-0.281905	-0.272794	-0.274385	-0.285737	-0.325135	-0.392368	-0.47983	-0.591917	-0.72383	-0.863441	-0.98811	-1.07417	-1.10179	-1.08528	-1.03413	-0.959233	-0.888622	-0.826456	-0.76176	-0.68581	-0.594495	-0.486777	-0.36597	
1.7906	1.7906	1.76637	1.70011	1.60524	1.49047	1.34373	1.16049	0.945185	0.690422	0.391176	0.051312	-0.301596	-0.644437	-0.946936	-1.1673	-1.28271	-1.29746	-1.22518	-1.0868	-0.915203	-0.735987	-0.571956	-0.428248	-0.312162	-0.222209	-0.16178	-0.129692	-0.122081	-0.130129	-0.159943	-0.21228	-0.300234	-0.413865	-0.546062	-0.690347	-0.840658	-0.968038	-1.04602	-1.06934	-1.04848	-1.00196	-0.946094	-0.897843	-0.860413	-0.817918	-0.754329	-0.665055	-0.562331	-0.440766	
1.9517	1.9517	1.91405	1.83006	1.72133	1.58925	1.42807	1.23049	1.00399	0.72972	0.415011	0.0673266	-0.280515	-0.619955	-0.91626	-1.12669	-1.22453	-1.22666	-1.14455	-1.0043	-0.833048	-0.658491	-0.489783	-0.338428	-0.213196	-0.114946	-0.0471137	-0.0144115	-0.00962237	-0.0290963	-0.0722189	-0.136296	-0.238232	-0.367986	-0.503933	-0.65003	-0.791197	-0.901834	-0.972817	-0.993652	-0.975791	-0.942523	-0.907093	-0.872986	-0.852759	-0.826357	-0.772666	-0.695137	-0.602634	-0.480249	
1.98709	1.98709	1.94137	1.85125	1.73784	1.60594	1.44168	1.24754	1.02472	0.760605	0.448451	0.101052	-0.24833	-0.579653	-0.86533	-1.06685	-1.16361	-1.16886	-1.08945	-0.947063	-0.7739	-0.591165	-0.41154	-0.25276	-0.125884	-0.0253498	0.0381789	0.0635093	0.0604806	0.025178	-0.0318521	-0.10623	-0.212108	-0.339774	-0.465729	-0.597719	-0.713945	-0.801686	-0.863164	-0.882712	-0.871626	-0.852193	-0.829272	-0.807514	-0.799105	-0.78672	-0.747057	-0.68379	-0.595682	-0.476438	
1.89722	1.89722	1.85902	1.77903	1.66976	1.54158	1.39221	1.22327	1.02217	0.778373	0.486335	0.154165	-0.189357	-0.51269	-0.792121	-0.99247	-1.09671	-1.11328	-1.04732	-0.907571	-0.729849	-0.534298	-0.338972	-0.169221	-0.0439014	0.0450627	0.0933305	0.1018	0.081685	0.0308603	-0.0381252	-0.122968	-0.223542	-0.330118	-0.434802	-0.53454	-0.615795	-0.680524	-0.732375	-0.752616	-0.751092	-0.740342	-0.721064	-0.707837	-0.704957	-0.70189	-0.673507	-0.61792	-0.535283	-0.420851	
1.71382	1.71382	1.68156	1.61752	1.52995	1.42453	1.30425	1.16753	0.997752	0.787378	0.52886	0.222697	-0.105079	-0.414886	-0.692688	-0.900408	-1.0161	-1.04226	-0.989397	-0.85651	-0.678026	-0.479169	-0.279285	-0.107446	0.0145009	0.0863229	0.110961	0.0952241	0.0486193	-0.0205265	-0.102418	-0.186291	-0.271074	-0.34411	-0.415978	-0.477477	-0.525622	-0.567255	-0.603606	-0.622698	-0.623789	-0.614864	-0.600985	-0.58964	-0.590035	-0.586171	-0.559252	-0.506249	-0.428001	-0.319494	
1.47208	1.47208	1.44712	1.40386	1.348	1.2804	1.19716	1.09675	0.962775	0.791418	0.57278	0.304461	0.00304107	-0.294226	-0.564466	-0.775281	-0.902578	-0.942	-0.892335	-0.769862	-0.603181	-0.418901	-0.233051	-0.0797413	0.0282786	0.0836407	0.0835338	0.040193	-0.0321643	-0.118895	-0.208555	-0.283442	-0.338997	-0.379349	-0.415163	-0.444276	-0.463289	-0.483914	-0.494689	-0.5014	-0.496896	-0.485906	-0.475967	-0.46806	-0.466832	-0.456997	-0.427456	-0.377614	-0.298078	-0.199555	
1.20971	1.20971	1.20028	1.18268	1.15431	1.12121	1.07882	1.02223	0.924954	0.789363	0.611051	0.389645	0.124156	-0.150363	-0.403743	-0.61217	-0.747326	-0.792527	-0.750773	-0.650737	-0.505927	-0.349922	-0.201444	-0.0787515	0.0087969	0.0400159	0.0176969	-0.0427047	-0.131852	-0.229206	-0.312516	-0.37588	-0.409087	-0.425763	-0.435667	-0.442854	-0.437002	-0.432199	-0.415884	-0.400028	-0.384023	-0.368401	-0.356694	-0.348787	-0.33946	-0.32421	-0.294933	-0.25151	-0.176888	-0.0898603	
0.96025	0.96025	0.955124	0.956481	0.95709	0.953592	0.942155	0.923993	0.869456	0.775433	0.639868	0.468413	0.247987	0.00893772	-0.215826	-0.405435	-0.540371	-0.593325	-0.571854	-0.499987	-0.391145	-0.273463	-0.166801	-0.0804416	-0.0238812	-0.014858	-0.0515956	-0.12463	-0.216358	-0.312439	-0.392053	-0.446608	-0.470667	-0.481142	-0.479796	-0.467138	-0.444345	-0.414553	-0.36968	-0.331629	-0.296811	-0.2673	-0.248551	-0.233992	-0.215975	-0.200804	-0.183382	-0.148613	-0.088009	-0.00928956	
0.734804	0.734804	0.730717	0.740912	0.759971	0.773825	0.786748	0.799009	0.790554	0.744124	0.661078	0.539973	0.370456	0.173371	-0.0118818	-0.171533	-0.296599	-0.360231	-0.365478	-0.329827	-0.267047	-0.189874	-0.118109	-0.0639196	-0.0386046	-0.0491557	-0.101651	-0.18307	-0.274009	-0.365482	-0.443947	-0.49721	-0.530617	-0.549982	-0.547954	-0.525566	-0.483363	-0.428752	-0.359657	-0.297039	-0.240965	-0.196843	-0.16873	-0.143378	-0.11884	-0.103853	-0.0970483	-0.0746071	-0.0250098	0.039614	
0.546982	0.546982	0.544498	0.558154	0.579877	0.597847	0.628197	0.674209	0.707549	0.707482	0.67578	0.609749	0.490951	0.340145	0.193313	0.063922	-0.0481342	-0.120081	-0.151467	-0.154692	-0.133077	-0.0938508	-0.052247	-0.0276889	-0.0239906	-0.0552299	-0.122033	-0.212287	-0.308554	-0.407293	-0.489222	-0.548255	-0.596012	-0.62368	-0.625207	-0.597769	-0.542334	-0.46828	-0.385202	-0.300381	-0.22613	-0.169864	-0.133121	-0.0988498	-0.0658937	-0.047389	-0.041215	-0.022222	0.0170505	0.0692701	
0.421927	0.421927	0.410661	0.419285	0.442713	0.465152	0.506411	0.57649	0.642807	0.682875	0.695343	0.673745	0.602248	0.497876	0.385211	0.27814	0.179463	0.103349	0.0560857	0.0280573	0.0155093	0.0185827	0.0326318	0.0362802	0.0208492	-0.0242004	-0.104686	-0.213948	-0.334875	-0.449647	-0.543454	-0.608546	-0.656896	-0.686646	-0.692857	-0.665611	-0.606248	-0.525646	-0.432821	-0.33231	-0.244788	-0.181271	-0.140002	-0.102044	-0.0580976	-0.0290504	-0.00777376	0.0191326	0.0566832	0.103316	
0.34885	0.34885	0.335165	0.337189	0.355668	0.384513	0.438402	0.520034	0.599598	0.665298	0.71286	0.722225	0.689186	0.624823	0.545103	0.459094	0.378555	0.304002	0.24737	0.202849	0.16815	0.149509	0.141986	0.128383	0.0936433	0.0291848	-0.071257	-0.203275	-0.349536	-0.485332	-0.592746	-0.664894	-0.712333	-0.741895	-0.747123	-0.719014	-0.657444	-0.575355	-0.480976	-0.381764	-0.291695	-0.232816	-0.187236	-0.143021	-0.0858034	-0.0358651	0.00646364	0.0490835	0.0937409	0.140134	
0.319762	0.319762	0.310907	0.310088	0.325745	0.350138	0.405592	0.482344	0.567204	0.637102	0.698966	0.727102	0.733141	0.708008	0.661455	0.597893	0.532305	0.461939	0.405236	0.356837	0.314993	0.286301	0.262284	0.229548	0.175897	0.0899123	-0.0287535	-0.179012	-0.344446	-0.499299	-0.622828	-0.707092	-0.75884	-0.789731	-0.791582	-0.759787	-0.69806	-0.615059	-0.530341	-0.441709	-0.364535	-0.311846	-0.26418	-0.208111	-0.139719	-0.0680545	-0.00440525	0.0577738	0.112975	0.170161	
0.331604	0.331604	0.32656	0.321685	0.327158	0.341812	0.381977	0.433182	0.497006	0.564049	0.637523	0.686246	0.720848	0.733346	0.720732	0.683005	0.632574	0.577469	0.52686	0.480198	0.437655	0.407305	0.371511	0.327197	0.260087	0.157296	0.0229652	-0.139843	-0.318005	-0.484953	-0.624312	-0.722103	-0.78533	-0.823833	-0.827338	-0.795219	-0.736254	-0.65446	-0.57742	-0.503896	-0.44539	-0.401057	-0.354978	-0.292015	-0.215475	-0.126868	-0.0405009	0.0418612	0.115798	0.183388	
0.393103	0.393103	0.388464	0.372359	0.349698	0.337796	0.340268	0.353755	0.386136	0.45	0.524751	0.592099	0.651627	0.698103	0.712068	0.70367	0.680023	0.645837	0.603508	0.559391	0.520265	0.487875	0.44956	0.401186	0.330725	0.221086	0.0804236	-0.0908005	-0.274345	-0.450728	-0.602971	-0.714499	-0.790345	-0.837764	-0.847897	-0.822338	-0.773596	-0.697873	-0.626458	-0.565077	-0.51978	-0.484396	-0.436539	-0.374973	-0.293325	-0.194364	-0.0892925	0.0151649	0.106601	0.182022	
0.522217	0.522217	0.504783	0.460507	0.396293	0.336982	0.289364	0.258842	0.263263	0.311833	0.37736	0.451937	0.530498	0.600192	0.642877	0.667077	0.669251	0.654752	0.628966	0.593217	0.553374	0.51732	0.478702	0.43186	0.369473	0.272013	0.130953	-0.04251	-0.232457	-0.417561	-0.577666	-0.690624	-0.771884	-0.822529	-0.83819	-0.83225	-0.803482	-0.739728	-0.671152	-0.612473	-0.567594	-0.529312	-0.482171	-0.42054	-0.342963	-0.246212	-0.128126	-0.00938312	0.0916708	0.171329	
0.701751	0.701751	0.66225	0.578397	0.463889	0.352663	0.257613	0.181206	0.145667	0.162938	0.213614	0.284792	0.370658	0.454609	0.525344	0.577905	0.609781	0.61919	0.605608	0.571678	0.53287	0.500513	0.467378	0.429321	0.379667	0.293576	0.156452	-0.0158376	-0.202295	-0.385606	-0.537198	-0.646854	-0.723601	-0.772233	-0.795501	-0.80648	-0.796487	-0.749485	-0.680665	-0.619284	-0.569941	-0.522144	-0.468346	-0.409124	-0.338511	-0.252836	-0.1418	-0.0240611	0.0736063	0.146924	
0.902457	0.902457	0.841731	0.724723	0.570008	0.40911	0.261185	0.135228	0.0560682	0.0310241	0.0458958	0.0988758	0.185219	0.284434	0.377306	0.45621	0.510215	0.532736	0.526286	0.504722	0.478577	0.454179	0.434311	0.407228	0.366155	0.28873	0.165056	0.00538419	-0.167617	-0.332511	-0.466266	-0.567694	-0.640462	-0.682587	-0.711731	-0.732778	-0.734351	-0.698535	-0.632773	-0.568425	-0.513257	-0.457425	-0.396858	-0.336206	-0.276684	-0.208709	-0.117753	-0.0189128	0.0597999	0.120337	
1.09708	1.09708	1.02201	0.883733	0.700929	0.499009	0.300543	0.125198	-0.00428862	-0.0818623	-0.106843	-0.0734999	0.00706853	0.10856	0.215561	0.309604	0.376909	0.409495	0.417547	0.410987	0.400241	0.390412	0.383171	0.364619	0.330038	0.267741	0.16253	0.0291338	-0.115261	-0.249266	-0.359922	-0.4492	-0.515459	-0.555556	-0.585155	-0.607727	-0.611787	-0.581143	-0.516756	-0.453517	-0.399574	-0.34441	-0.28917	-0.236729	-0.192806	-0.145485	-0.0784365	-0.00378128	0.0531523	0.0948523	
1.27989	1.27989	1.19665	1.04212	0.836777	0.59814	0.356773	0.134674	-0.0398869	-0.163484	-0.217321	-0.206133	-0.142122	-0.0515584	0.0552362	0.150047	0.226108	0.277323	0.301556	0.310267	0.314918	0.31596	0.312164	0.300978	0.273599	0.225094	0.15161	0.0547328	-0.0525055	-0.148941	-0.230123	-0.308846	-0.366126	-0.402003	-0.432001	-0.449609	-0.446372	-0.416709	-0.35345	-0.29036	-0.244723	-0.203216	-0.166477	-0.138619	-0.119719	-0.0911346	-0.0482183	0.00625946	0.0469378	0.0718935	
1.44533	1.44533	1.35389	1.18328	0.953617	0.683198	0.401071	0.144662	-0.0607029	-0.209469	-0.288012	-0.295451	-0.254432	-0.18081	-0.0876612	0.0042259	0.0823068	0.146239	0.1843	0.210145	0.225309	0.225702	0.217565	0.208697	0.187238	0.156115	0.119536	0.0641208	-0.00294823	-0.060146	-0.112927	-0.171203	-0.216272	-0.243842	-0.26914	-0.278832	-0.269864	-0.237751	-0.181433	-0.124443	-0.089489	-0.0698035	-0.0607008	-0.0617149	-0.0700607	-0.0591131	-0.0338342	0.0013021	0.0301149	0.0413598	
1.55597	1.55597	1.45759	1.2707	1.01813	0.725257	0.415973	0.135699	-0.0904465	-0.252437	-0.344268	-0.361329	-0.330742	-0.265848	-0.181638	-0.0983395	-0.0209514	0.0491808	0.0953725	0.120001	0.133901	0.129211	0.115323	0.104593	0.087889	0.0750018	0.0658867	0.0466048	0.0167064	-0.00451034	-0.0295882	-0.0602787	-0.0786365	-0.0898299	-0.0985363	-0.0944549	-0.0789812	-0.0530015	-0.0124453	0.0295044	0.0455963	0.0449045	0.0296738	-0.00200278	-0.0316166	-0.041761	-0.0378826	-0.0249026	-0.0082119	-0.00742253	
1.59038	1.59038	1.49182	1.29734	1.03004	0.724022	0.403143	0.107252	-0.136312	-0.3092	-0.403124	-0.41891	-0.385363	-0.313871	-0.220437	-0.132245	-0.0598562	0.00131285	0.0346445	0.0460362	0.0459105	0.0312485	0.010293	0.000412978	-0.00918165	-0.0100607	0.0022713	0.0122968	0.0142085	0.0225282	0.0293215	0.0336541	0.0481048	0.0656455	0.0837353	0.105727	0.129715	0.145263	0.161981	0.17401	0.167177	0.143661	0.105983	0.0549324	0.00977986	-0.018858	-0.0369959	-0.048903	-0.0508085	-0.0574352	
1.54837	1.54837	1.45153	1.25803	0.988653	0.68476	0.361756	0.0583245	-0.193756	-0.36575	-0.460352	-0.471657	-0.418753	-0.320377	-0.206417	-0.107768	-0.033556	0.012519	0.0222667	0.00451994	-0.02309	-0.0574437	-0.0896771	-0.105171	-0.110785	-0.0993505	-0.0699712	-0.0330848	0.00347429	0.0402459	0.080433	0.121774	0.174647	0.225898	0.276274	0.321743	0.352326	0.358027	0.345712	0.324964	0.293683	0.248347	0.19457	0.128761	0.0704209	0.0229165	-0.0184113	-0.0564056	-0.0767022	-0.088148	
1.43404	1.43404	1.34123	1.15207	0.889777	0.594128	0.28633	-0.0108792	-0.254626	-0.416846	-0.49713	-0.49366	-0.415053	-0.288787	-0.152029	-0.0349189	0.0443904	0.0783317	0.0653507	0.0166828	-0.0511259	-0.121566	-0.18017	-0.216783	-0.22636	-0.205795	-0.160137	-0.0922712	-0.0197162	0.0526528	0.127228	0.209145	0.296172	0.37878	0.454834	0.517397	0.552369	0.55043	0.521144	0.478677	0.431576	0.377718	0.307461	0.23155	0.158871	0.0902624	0.0276875	-0.0292928	-0.0670337	-0.0819996	
1.26314	1.26314	1.17541	0.996739	0.745039	0.46326	0.177541	-0.0943577	-0.315478	-0.451167	-0.500782	-0.468375	-0.364406	-0.216056	-0.059801	0.0731916	0.156913	0.180115	0.147655	0.0680883	-0.0434442	-0.157695	-0.257752	-0.330902	-0.35826	-0.33769	-0.276924	-0.174403	-0.0564488	0.0580205	0.171973	0.28607	0.394865	0.493614	0.581318	0.65133	0.689701	0.687647	0.655194	0.604276	0.555045	0.499164	0.424938	0.348361	0.270329	0.191893	0.116683	0.0469689	-0.00605961	-0.0307161	
1.0513	1.0513	0.967099	0.802031	0.572545	0.313616	0.0521308	-0.19011	-0.372644	-0.465143	-0.473331	-0.405	-0.263694	-0.0866519	0.0821464	0.21649	0.298329	0.308108	0.253553	0.143644	-0.00807949	-0.169931	-0.319001	-0.43599	-0.490741	-0.47699	-0.400146	-0.264714	-0.10063	0.0557496	0.206061	0.341378	0.462908	0.568389	0.659815	0.731402	0.769787	0.770691	0.737391	0.686996	0.64156	0.58929	0.524285	0.457372	0.38424	0.307056	0.229049	0.153763	0.0931966	0.0630528	
0.835742	0.835742	0.75888	0.610934	0.407286	0.170038	-0.062512	-0.268137	-0.409634	-0.464227	-0.424019	-0.305021	-0.125768	0.0736547	0.252219	0.389235	0.455539	0.440886	0.356149	0.215497	0.0246718	-0.18154	-0.373611	-0.527706	-0.606233	-0.598398	-0.507238	-0.34318	-0.142734	0.055104	0.232297	0.387844	0.5134	0.62135	0.71041	0.777418	0.810405	0.807698	0.77168	0.717848	0.670372	0.627052	0.574773	0.530545	0.4776	0.416051	0.347213	0.278372	0.218205	0.186129	
0.651189	0.651189	0.577107	0.442682	0.260036	0.0460473	-0.161945	-0.327265	-0.427845	-0.441375	-0.358254	-0.195933	0.0141017	0.234874	0.42587	0.557627	0.608099	0.569196	0.454386	0.273403	0.0475521	-0.192936	-0.41708	-0.59622	-0.692608	-0.688093	-0.586326	-0.402963	-0.174377	0.0552848	0.255853	0.423126	0.556415	0.666134	0.75333	0.810758	0.831726	0.813227	0.76137	0.70039	0.649411	0.615095	0.592817	0.575587	0.551813	0.511494	0.453224	0.39003	0.337621	0.308229	
0.513947	0.513947	0.435719	0.30301	0.134005	-0.0616754	-0.24688	-0.376195	-0.433764	-0.411593	-0.296437	-0.105694	0.127708	0.361337	0.557807	0.68764	0.729246	0.671448	0.527861	0.319557	0.0662573	-0.206121	-0.457824	-0.650363	-0.755285	-0.753576	-0.640905	-0.449953	-0.206522	0.0404614	0.261262	0.4444	0.590122	0.706252	0.792179	0.832064	0.828968	0.787245	0.715615	0.645606	0.600752	0.581296	0.589981	0.6016	0.60225	0.576	0.525919	0.467062	0.42028	0.398663	
0.439972	0.439972	0.358832	0.224269	0.0580573	-0.130781	-0.300551	-0.403469	-0.435105	-0.392873	-0.258369	-0.0505224	0.188648	0.425053	0.626385	0.757704	0.794177	0.729073	0.57374	0.345369	0.0742386	-0.213535	-0.476808	-0.677236	-0.787973	-0.786585	-0.673208	-0.47902	-0.23068	0.0299944	0.259428	0.453527	0.60709	0.727328	0.809601	0.838088	0.818933	0.758391	0.673099	0.601081	0.557708	0.554177	0.585775	0.61649	0.633658	0.616446	0.566956	0.507867	0.463459	0.441309	
0.439972	0.439972	0.358832	0.224269	0.0580573	-0.130781	-0.300551	-0.403469	-0.435105	-0.392873	-0.258369	-0.0505224	0.188648	0.425053	0.626385	0.757704	0.794177	0.729073	0.57374	0.345369	0.0742386	-0.213535	-0.476808	-0.677236	-0.787973	-0.786585	-0.673208	-0.47902	-0.23068	0.0299944	0.259428	0.453527	0.60709	0.727328	0.809601	0.838088	0.818933	0.758391	0.673099	0.601081	0.557708	0.554177	0.585775	0.61649	0.633658	0.616446	0.566956	0.507867	0.463459	0.441309	
