0.0492204	0.0492204	0.0833698	0.159762	0.26364	0.365345	0.434256	0.456406	0.423178	0.350517	0.267674	0.189066	0.122027	0.0710738	0.0467883	0.0268064	0.00661701	-0.0176498	-0.0367569	-0.0658479	-0.104135	-0.156662	-0.221645	-0.283581	-0.326107	-0.338874	-0.328903	-0.30375	-0.280078	-0.270962	-0.266031	-0.269158	-0.289873	-0.332333	-0.392531	-0.438361	-0.46005	-0.454529	-0.436276	-0.402579	-0.351336	-0.276084	-0.168201	-0.0104802	0.174755	0.374074	0.569073	0.742444	0.868163	0.943049	
-0.06279	-0.06279	-0.0120224	0.0826663	0.203185	0.319519	0.413747	0.460265	0.446608	0.382208	0.306695	0.233821	0.166706	0.107493	0.0713286	0.0388007	0.00184958	-0.0353264	-0.061245	-0.0881038	-0.124605	-0.16418	-0.211195	-0.257817	-0.296314	-0.308241	-0.299484	-0.277889	-0.259834	-0.249105	-0.243288	-0.244359	-0.260347	-0.295677	-0.341513	-0.378436	-0.400045	-0.40686	-0.407234	-0.396471	-0.373565	-0.329068	-0.240626	-0.0994249	0.0734305	0.268791	0.473528	0.663788	0.810212	0.905796	
-0.177837	-0.177837	-0.114086	-0.00621904	0.122368	0.250622	0.366348	0.439796	0.446246	0.397327	0.330311	0.266347	0.19606	0.127995	0.0749556	0.0301065	-0.0158551	-0.0583305	-0.0841826	-0.109929	-0.137413	-0.16032	-0.183892	-0.211068	-0.239813	-0.247686	-0.242747	-0.232809	-0.225586	-0.224716	-0.224987	-0.232413	-0.246198	-0.269832	-0.296463	-0.319371	-0.341073	-0.363022	-0.384081	-0.401419	-0.408409	-0.386345	-0.313931	-0.194168	-0.0371468	0.152376	0.360135	0.559661	0.720198	0.823706	
-0.288086	-0.288086	-0.220053	-0.109623	0.0193332	0.155672	0.290728	0.388848	0.420993	0.392064	0.342002	0.285927	0.216911	0.140149	0.0732986	0.0210774	-0.0266941	-0.0662312	-0.094039	-0.120205	-0.140364	-0.150575	-0.152822	-0.162248	-0.176536	-0.182435	-0.188857	-0.193095	-0.20228	-0.210589	-0.220635	-0.233083	-0.243602	-0.256149	-0.266494	-0.281271	-0.309834	-0.349887	-0.395453	-0.43806	-0.463211	-0.450642	-0.389585	-0.289443	-0.146228	0.03605	0.235563	0.433998	0.600935	0.708325	
-0.368366	-0.368366	-0.307401	-0.206659	-0.0856582	0.0556213	0.202065	0.321414	0.375252	0.371778	0.338042	0.291913	0.225424	0.145913	0.0742482	0.0216797	-0.0198634	-0.0541565	-0.085687	-0.111861	-0.12976	-0.129088	-0.119169	-0.112003	-0.116333	-0.131314	-0.158326	-0.185059	-0.210853	-0.228897	-0.246816	-0.257933	-0.264184	-0.263712	-0.261895	-0.270255	-0.304221	-0.361218	-0.429686	-0.491925	-0.528412	-0.521834	-0.474818	-0.386587	-0.253191	-0.0809941	0.108644	0.300152	0.468412	0.568399	
-0.380226	-0.380226	-0.335774	-0.258245	-0.151274	-0.0161845	0.132368	0.256055	0.323517	0.337222	0.3167	0.278283	0.216392	0.144469	0.0793874	0.0360177	0.00441227	-0.0268994	-0.0587519	-0.0876666	-0.101281	-0.0984891	-0.0816885	-0.0674247	-0.0730107	-0.109235	-0.164058	-0.215115	-0.253531	-0.280503	-0.29978	-0.30878	-0.309265	-0.301017	-0.28933	-0.292217	-0.324484	-0.391363	-0.47471	-0.54571	-0.585715	-0.585242	-0.546007	-0.466221	-0.344212	-0.187439	-0.0145133	0.164857	0.319917	0.407977	
-0.317669	-0.317669	-0.29589	-0.24644	-0.162226	-0.0405809	0.093357	0.206428	0.271604	0.29217	0.280671	0.24852	0.198922	0.144492	0.100307	0.0720898	0.0477037	0.0179821	-0.0158678	-0.0444286	-0.0600252	-0.0597073	-0.0463975	-0.0357907	-0.0552218	-0.114928	-0.193676	-0.258925	-0.304423	-0.334773	-0.355114	-0.3632	-0.365153	-0.35417	-0.340623	-0.335706	-0.36207	-0.428637	-0.514249	-0.580642	-0.616182	-0.614771	-0.578585	-0.505098	-0.396974	-0.263324	-0.113055	0.0401064	0.170465	0.25512	
-0.184849	-0.184849	-0.185383	-0.167384	-0.112079	-0.0190854	0.0831528	0.164598	0.20913	0.221779	0.212717	0.18732	0.157211	0.130713	0.12052	0.111747	0.0968438	0.0691829	0.0400345	0.0130872	-0.00763232	-0.0161176	-0.0158123	-0.0224687	-0.0642083	-0.143858	-0.234953	-0.305747	-0.353374	-0.385712	-0.405971	-0.416256	-0.418465	-0.408735	-0.393676	-0.380921	-0.401025	-0.458974	-0.537894	-0.594089	-0.61858	-0.615772	-0.578121	-0.50551	-0.415167	-0.299361	-0.178865	-0.0589976	0.0495784	0.128572	
-0.0178003	-0.0178003	-0.036056	-0.0499883	-0.0285494	0.0191519	0.0760865	0.108206	0.119884	0.113359	0.103507	0.090069	0.0863844	0.101175	0.132671	0.153566	0.151841	0.1341	0.11358	0.0872154	0.0552859	0.0310279	0.00962519	-0.0238188	-0.0890223	-0.178962	-0.269145	-0.340192	-0.387624	-0.422096	-0.443503	-0.454943	-0.457232	-0.449111	-0.432034	-0.416438	-0.424569	-0.468043	-0.527435	-0.568183	-0.582253	-0.57628	-0.53708	-0.47044	-0.393589	-0.298581	-0.207154	-0.118555	-0.0327529	0.0334107	
0.155309	0.155309	0.122233	0.0791452	0.0557434	0.0478703	0.0439528	0.0207448	-0.00980821	-0.0395716	-0.0531639	-0.049869	-0.0205338	0.0443656	0.124703	0.186096	0.208084	0.20822	0.199034	0.167105	0.1216	0.0744787	0.0296996	-0.0335745	-0.118254	-0.207799	-0.292634	-0.360416	-0.409456	-0.4466	-0.46821	-0.480808	-0.481224	-0.473744	-0.456805	-0.436849	-0.429299	-0.447446	-0.477024	-0.500153	-0.504469	-0.491734	-0.45587	-0.397	-0.33052	-0.260782	-0.197874	-0.14661	-0.0903511	-0.037678	
0.328947	0.328947	0.281595	0.206231	0.126934	0.0519309	-0.0234599	-0.104576	-0.182065	-0.238154	-0.260774	-0.241349	-0.175832	-0.0592519	0.0756722	0.186172	0.244117	0.269749	0.268091	0.231876	0.169265	0.104442	0.035767	-0.0515221	-0.150986	-0.237483	-0.318385	-0.382004	-0.436269	-0.472002	-0.495985	-0.505888	-0.501908	-0.493152	-0.471922	-0.443611	-0.416839	-0.400348	-0.401647	-0.405733	-0.399478	-0.380304	-0.344122	-0.29353	-0.235587	-0.194226	-0.170418	-0.159841	-0.137256	-0.103062	
0.489887	0.489887	0.426098	0.311203	0.169051	0.0182786	-0.129189	-0.267586	-0.388247	-0.471936	-0.506676	-0.472505	-0.370999	-0.203188	-0.0136592	0.149787	0.251952	0.301885	0.306585	0.264916	0.191225	0.112514	0.0243649	-0.0801107	-0.188921	-0.275685	-0.349564	-0.410798	-0.462009	-0.49684	-0.519428	-0.524193	-0.514522	-0.499865	-0.47056	-0.432394	-0.383516	-0.336111	-0.309626	-0.291975	-0.269576	-0.240157	-0.200858	-0.160971	-0.123535	-0.119798	-0.146126	-0.174705	-0.185414	-0.171298	
0.630999	0.630999	0.545793	0.385788	0.176031	-0.0508418	-0.267355	-0.459804	-0.61689	-0.729614	-0.773399	-0.729942	-0.59095	-0.379705	-0.140721	0.0727568	0.217678	0.293215	0.303687	0.265061	0.189638	0.101105	0.00111188	-0.115432	-0.227396	-0.316668	-0.383359	-0.438029	-0.483149	-0.514394	-0.532478	-0.528448	-0.510163	-0.482809	-0.444284	-0.393069	-0.324845	-0.25456	-0.198664	-0.157772	-0.115389	-0.075433	-0.0430889	-0.0228458	-0.0240154	-0.0655069	-0.13593	-0.200137	-0.240263	-0.236602	
0.751115	0.751115	0.640554	0.432654	0.155561	-0.142401	-0.426065	-0.667853	-0.861771	-0.996562	-1.05053	-0.994121	-0.825737	-0.577972	-0.302723	-0.0480014	0.13727	0.240048	0.267603	0.242263	0.175389	0.0804193	-0.0270296	-0.148395	-0.260089	-0.351851	-0.412566	-0.459465	-0.495547	-0.519107	-0.525458	-0.508017	-0.476487	-0.434872	-0.386811	-0.323072	-0.242403	-0.154634	-0.0740447	-0.00876955	0.0494373	0.0909962	0.10405	0.0932753	0.0430097	-0.0424776	-0.145897	-0.245232	-0.30602	-0.311462	
0.831401	0.831401	0.697025	0.443788	0.110669	-0.251054	-0.592539	-0.882969	-1.10708	-1.25679	-1.31081	-1.23949	-1.04823	-0.776774	-0.479799	-0.196789	0.0248087	0.15962	0.21744	0.213596	0.160698	0.0625521	-0.0462963	-0.16251	-0.268752	-0.35813	-0.415273	-0.453129	-0.477468	-0.487269	-0.476445	-0.447341	-0.405091	-0.356573	-0.298699	-0.225687	-0.133657	-0.0329562	0.0649262	0.15061	0.211856	0.241038	0.226249	0.170247	0.0708926	-0.0537817	-0.188438	-0.311453	-0.392813	-0.408929	
0.877841	0.877841	0.724845	0.435229	0.0601968	-0.355028	-0.746819	-1.0852	-1.33503	-1.49221	-1.5371	-1.45266	-1.2487	-0.969225	-0.6633	-0.363257	-0.10949	0.066259	0.161564	0.189346	0.147425	0.0587916	-0.0473628	-0.146154	-0.243579	-0.327935	-0.383281	-0.415443	-0.425084	-0.417146	-0.39179	-0.356115	-0.313366	-0.260992	-0.192311	-0.10905	-0.00699045	0.0954642	0.198442	0.285518	0.338491	0.343869	0.296867	0.192151	0.0504065	-0.109976	-0.268358	-0.4109	-0.508708	-0.533575	
0.898737	0.898737	0.732389	0.423545	0.016698	-0.43243	-0.870579	-1.24663	-1.51999	-1.67565	-1.70686	-1.61396	-1.40793	-1.1325	-0.825858	-0.516585	-0.236575	-0.0194125	0.115923	0.171396	0.144577	0.0684489	-0.0223331	-0.102289	-0.18585	-0.260872	-0.315809	-0.339893	-0.335501	-0.310686	-0.277347	-0.246726	-0.209579	-0.154643	-0.0770418	0.016956	0.114102	0.206499	0.294663	0.367858	0.407763	0.388918	0.308469	0.161799	-0.0189253	-0.208778	-0.388197	-0.545394	-0.648047	-0.681033	
0.909858	0.909858	0.737923	0.422048	-0.000383397	-0.467976	-0.937566	-1.33975	-1.63032	-1.78018	-1.80111	-1.70487	-1.50714	-1.23961	-0.937081	-0.624375	-0.328095	-0.0781706	0.0908935	0.167637	0.158696	0.0981046	0.0313259	-0.0325087	-0.0953092	-0.158395	-0.208817	-0.22598	-0.214013	-0.178596	-0.147495	-0.127878	-0.0953383	-0.0403906	0.0450328	0.137689	0.214869	0.284199	0.342456	0.39422	0.417575	0.375711	0.260832	0.0782184	-0.132571	-0.344561	-0.535175	-0.692734	-0.793726	-0.831164	
0.944559	0.944559	0.773362	0.456969	0.0353173	-0.438979	-0.918544	-1.33658	-1.63558	-1.78506	-1.80352	-1.7114	-1.52648	-1.26657	-0.970606	-0.6617	-0.361144	-0.0949425	0.0969203	0.187957	0.196008	0.154398	0.109574	0.0647982	0.0245129	-0.0237217	-0.0657334	-0.0870679	-0.0728531	-0.0403335	-0.0156664	-0.00273077	0.023037	0.0792425	0.162199	0.238263	0.291412	0.325704	0.353777	0.378292	0.377677	0.313085	0.16336	-0.0458415	-0.271428	-0.492011	-0.680077	-0.824601	-0.919134	-0.954988	
1.03445	1.03445	0.866767	0.554939	0.144013	-0.324153	-0.797096	-1.21868	-1.52187	-1.68036	-1.70605	-1.62736	-1.45286	-1.20521	-0.917626	-0.623768	-0.332008	-0.0660948	0.130296	0.232711	0.250256	0.231424	0.203932	0.184033	0.166548	0.134336	0.0978136	0.0673826	0.07541	0.101116	0.119326	0.130134	0.145543	0.195919	0.261094	0.312535	0.338296	0.336966	0.337551	0.330148	0.302308	0.217129	0.0419411	-0.176385	-0.403905	-0.620583	-0.798772	-0.927378	-1.01205	-1.03423	
1.1824	1.1824	1.01978	0.719156	0.324212	-0.125097	-0.581711	-0.993042	-1.29892	-1.46882	-1.51229	-1.44731	-1.28723	-1.05348	-0.786433	-0.515305	-0.245687	0.000991043	0.186736	0.287215	0.31583	0.313925	0.309032	0.315034	0.320676	0.303182	0.269952	0.235989	0.236515	0.256045	0.269702	0.273014	0.276248	0.305826	0.346064	0.369932	0.365485	0.336596	0.305202	0.267922	0.211927	0.106343	-0.0734585	-0.288588	-0.507072	-0.707571	-0.869048	-0.981923	-1.04763	-1.05441	
1.36733	1.36733	1.21249	0.931713	0.555263	0.133589	-0.303014	-0.69285	-0.994951	-1.17332	-1.23337	-1.18366	-1.03815	-0.826786	-0.588904	-0.347032	-0.109173	0.104009	0.262867	0.352076	0.392935	0.404614	0.424834	0.451693	0.474932	0.47112	0.443036	0.42019	0.416329	0.430864	0.439365	0.429996	0.422257	0.42666	0.438382	0.435175	0.396783	0.341923	0.27688	0.210989	0.127084	0.00696516	-0.162242	-0.361846	-0.559967	-0.735505	-0.874711	-0.969419	-1.01448	-1.00168	
1.56776	1.56776	1.42752	1.16836	0.817193	0.416687	0.00522923	-0.361829	-0.647828	-0.827288	-0.897852	-0.862723	-0.735202	-0.553632	-0.349334	-0.142453	0.0592219	0.228708	0.349162	0.42735	0.474369	0.505455	0.53666	0.579272	0.611166	0.62153	0.613158	0.608411	0.608695	0.615451	0.614907	0.59766	0.579029	0.561831	0.543129	0.506295	0.437126	0.353697	0.263857	0.171888	0.0670228	-0.061819	-0.211228	-0.386358	-0.558364	-0.705126	-0.817957	-0.893521	-0.91362	-0.873208	
1.75185	1.75185	1.63007	1.39551	1.06989	0.686916	0.300539	-0.0399242	-0.299221	-0.469535	-0.543669	-0.523516	-0.41998	-0.273926	-0.109138	0.0568141	0.215789	0.336693	0.420323	0.487596	0.544176	0.59149	0.628553	0.680252	0.7232	0.757126	0.780278	0.796202	0.802161	0.796711	0.785498	0.764122	0.733987	0.698305	0.645711	0.573119	0.479373	0.372484	0.266147	0.155901	0.0312661	-0.0980544	-0.228819	-0.375446	-0.518098	-0.634886	-0.720948	-0.767644	-0.763692	-0.699066	
1.88247	1.88247	1.7786	1.56825	1.26609	0.90213	0.542508	0.236314	0.0106456	-0.138118	-0.208964	-0.198768	-0.121868	-0.0110857	0.110396	0.23049	0.340886	0.416055	0.469635	0.524469	0.587677	0.640178	0.682654	0.736902	0.800626	0.865744	0.925026	0.964472	0.977719	0.968472	0.952989	0.927657	0.888549	0.827969	0.739202	0.630044	0.509939	0.387532	0.269242	0.146469	0.0137366	-0.109533	-0.223726	-0.337363	-0.451146	-0.539333	-0.59653	-0.613579	-0.585731	-0.504685	
1.93643	1.93643	1.84435	1.65454	1.37323	1.03626	0.709413	0.444363	0.25658	0.135965	0.0784609	0.084632	0.139098	0.216871	0.294988	0.367849	0.428252	0.466914	0.497253	0.537508	0.597394	0.649625	0.698057	0.757102	0.842906	0.939125	1.02976	1.09097	1.11765	1.1154	1.1012	1.07439	1.02385	0.941336	0.819034	0.677368	0.533168	0.398508	0.271369	0.138727	0.0037465	-0.114045	-0.21405	-0.296475	-0.374401	-0.427522	-0.451228	-0.441484	-0.392944	-0.31188	
1.9138	1.9138	1.82544	1.64914	1.38905	1.08839	0.801655	0.579909	0.427832	0.335941	0.298844	0.304337	0.342398	0.385707	0.426151	0.451601	0.467365	0.476918	0.48664	0.512855	0.560589	0.618398	0.676407	0.746235	0.848375	0.969043	1.08262	1.16494	1.20779	1.21893	1.20629	1.17654	1.11353	1.01229	0.864338	0.698395	0.537098	0.395954	0.264472	0.125583	-0.0116895	-0.126271	-0.21496	-0.270182	-0.308361	-0.324469	-0.317183	-0.279715	-0.220656	-0.143119	
1.81053	1.81053	1.72207	1.55263	1.32201	1.06302	0.826679	0.645504	0.527025	0.465215	0.44934	0.462666	0.482188	0.498934	0.503729	0.489754	0.464727	0.442914	0.43245	0.440349	0.478488	0.544801	0.616542	0.699606	0.811513	0.950461	1.0832	1.18638	1.24791	1.27252	1.26276	1.22557	1.15119	1.02749	0.86494	0.681141	0.512112	0.369446	0.23333	0.093695	-0.0423086	-0.154101	-0.2227	-0.255811	-0.25713	-0.241874	-0.212885	-0.15433	-0.0843217	-0.010497	
1.63166	1.63166	1.54262	1.3854	1.18755	0.978992	0.792041	0.651757	0.563967	0.532292	0.538437	0.560045	0.565296	0.561375	0.538429	0.494679	0.430934	0.376393	0.343314	0.336869	0.371915	0.444423	0.529025	0.622335	0.738768	0.889307	1.03181	1.15289	1.22963	1.26678	1.26347	1.22077	1.13643	1.00027	0.829637	0.643624	0.469626	0.318768	0.173854	0.0322026	-0.0999771	-0.198193	-0.246229	-0.25345	-0.224403	-0.183235	-0.130245	-0.0606442	0.0154297	0.0862182	
1.3861	1.3861	1.30482	1.16866	1.01183	0.853072	0.716396	0.614043	0.561171	0.557331	0.58704	0.614966	0.615073	0.595394	0.553669	0.483577	0.385302	0.296885	0.240992	0.226028	0.258774	0.331622	0.423286	0.524733	0.648354	0.799158	0.945625	1.07414	1.16265	1.20843	1.20941	1.16256	1.07189	0.933496	0.766844	0.588341	0.414512	0.252528	0.102401	-0.0378844	-0.158204	-0.243864	-0.27721	-0.262695	-0.216277	-0.149305	-0.0668388	0.0126038	0.0914717	0.158043	
1.10761	1.10761	1.04479	0.940895	0.828367	0.714879	0.623171	0.555699	0.536433	0.555757	0.603529	0.636464	0.635817	0.603371	0.542773	0.447547	0.32241	0.206803	0.134111	0.113454	0.143343	0.211972	0.306927	0.418374	0.548427	0.689646	0.830041	0.953286	1.04618	1.09208	1.09255	1.04677	0.958222	0.830585	0.677612	0.509808	0.341871	0.174158	0.0213513	-0.111255	-0.220603	-0.298561	-0.316792	-0.285085	-0.221136	-0.130835	-0.0315749	0.0583397	0.136391	0.190942	
0.809669	0.809669	0.773653	0.7133	0.643787	0.576208	0.522216	0.493834	0.501949	0.545038	0.605314	0.647272	0.6488	0.602222	0.519788	0.39979	0.259252	0.127615	0.0407938	0.0121984	0.0329091	0.0963729	0.191475	0.311953	0.443017	0.571379	0.696075	0.807859	0.893119	0.933773	0.933576	0.894669	0.818218	0.707318	0.568164	0.416723	0.257453	0.0960806	-0.0566119	-0.184647	-0.283993	-0.349585	-0.353955	-0.301629	-0.223316	-0.121369	-0.0165928	0.0785393	0.155483	0.205604	
0.503082	0.503082	0.498512	0.484747	0.460765	0.437778	0.42554	0.435747	0.47306	0.537964	0.613685	0.668915	0.671901	0.610783	0.501258	0.364029	0.216029	0.0785701	-0.0217018	-0.0650301	-0.0553522	0.00051957	0.0953054	0.216024	0.342733	0.45682	0.561959	0.653513	0.720987	0.754139	0.754992	0.727751	0.666045	0.573224	0.455026	0.324226	0.184104	0.0339573	-0.11626	-0.24225	-0.3318	-0.378178	-0.367612	-0.30601	-0.218534	-0.11682	-0.00714516	0.0955848	0.174057	0.219054	
0.228493	0.228493	0.251904	0.280164	0.29826	0.318407	0.347033	0.393091	0.455481	0.538581	0.627952	0.693178	0.691992	0.613883	0.480317	0.333714	0.184731	0.0478178	-0.0610685	-0.116802	-0.116086	-0.0678517	0.0224915	0.132103	0.245352	0.340231	0.420367	0.481312	0.52507	0.549413	0.552994	0.537489	0.492889	0.425979	0.339893	0.235629	0.116992	-0.0228559	-0.164842	-0.284533	-0.362511	-0.388551	-0.369186	-0.309589	-0.217312	-0.116123	0.000507946	0.114046	0.195245	0.225714	
-0.0190028	-0.0190028	0.025766	0.0879131	0.146727	0.21047	0.282671	0.366333	0.455265	0.557863	0.658429	0.727842	0.718841	0.624899	0.477616	0.32263	0.171953	0.0327236	-0.0787135	-0.139613	-0.147757	-0.107766	-0.028383	0.0639066	0.156143	0.2285	0.283326	0.314653	0.333969	0.346682	0.347644	0.337659	0.315026	0.277494	0.227522	0.150568	0.049872	-0.0693907	-0.189551	-0.293216	-0.356647	-0.376029	-0.357917	-0.303648	-0.21319	-0.103139	0.0179858	0.132373	0.213413	0.231739	
-0.23725	-0.23725	-0.179919	-0.0915616	0.00393541	0.111686	0.228459	0.35188	0.472835	0.593825	0.702893	0.768101	0.752708	0.651363	0.499496	0.337507	0.177513	0.0356335	-0.0719037	-0.129901	-0.146205	-0.119794	-0.0589323	0.00951153	0.0696901	0.117056	0.148043	0.158662	0.15543	0.152721	0.147578	0.147835	0.149148	0.143071	0.118204	0.0645492	-0.0144059	-0.103778	-0.191792	-0.271483	-0.326726	-0.344266	-0.328764	-0.278369	-0.187364	-0.0742548	0.0460165	0.152285	0.220446	0.235152	
-0.419045	-0.419045	-0.355893	-0.250106	-0.121169	0.0266302	0.18662	0.34968	0.503539	0.64171	0.750637	0.808198	0.787786	0.688918	0.537376	0.365954	0.195184	0.0504338	-0.044824	-0.0954856	-0.115699	-0.106318	-0.0710917	-0.0340486	-0.0125724	0.00600712	0.0163361	0.00780048	-0.0164468	-0.0397211	-0.0460465	-0.0328892	-0.00793815	0.00870443	0.00321872	-0.0230986	-0.0674172	-0.119138	-0.173649	-0.231234	-0.279432	-0.300834	-0.290177	-0.241284	-0.152387	-0.0407292	0.0801764	0.181246	0.236219	0.245417	
-0.575497	-0.575497	-0.510356	-0.392583	-0.231904	-0.0472265	0.154692	0.354486	0.541277	0.694337	0.802194	0.851818	0.832748	0.740022	0.590911	0.408297	0.229708	0.0849031	0.000503039	-0.0419315	-0.0651475	-0.0737992	-0.0718789	-0.0728873	-0.0877018	-0.0988325	-0.10926	-0.13684	-0.178674	-0.213043	-0.216749	-0.193772	-0.156119	-0.128201	-0.112289	-0.106757	-0.110085	-0.121575	-0.146013	-0.179467	-0.212762	-0.23831	-0.235755	-0.190054	-0.105547	0.00590097	0.122538	0.215299	0.257996	0.25941	
-0.713042	-0.713042	-0.648648	-0.517845	-0.33054	-0.106933	0.129075	0.362198	0.574891	0.743208	0.853894	0.899424	0.885319	0.798359	0.650939	0.461648	0.280777	0.140754	0.0602614	0.0209355	-0.00654274	-0.0350604	-0.0710356	-0.111081	-0.158016	-0.19708	-0.234534	-0.277917	-0.324987	-0.356324	-0.357464	-0.333634	-0.298345	-0.258829	-0.224905	-0.187104	-0.154167	-0.126778	-0.117332	-0.12201	-0.137319	-0.155802	-0.16416	-0.124402	-0.0428082	0.0631738	0.168399	0.244687	0.271842	0.269004	
-0.836223	-0.836223	-0.769819	-0.626572	-0.411124	-0.15358	0.11272	0.368544	0.600181	0.78489	0.902689	0.950882	0.937249	0.855786	0.709115	0.520591	0.34616	0.212334	0.13274	0.085354	0.0512716	0.00203331	-0.0670911	-0.142182	-0.2177	-0.288478	-0.354804	-0.411475	-0.451115	-0.476918	-0.479627	-0.465094	-0.432393	-0.383299	-0.32882	-0.263706	-0.195231	-0.128305	-0.0826036	-0.0623746	-0.0614078	-0.0723345	-0.0816255	-0.050057	0.0263593	0.127891	0.21701	0.274529	0.291188	0.279051	
-0.948128	-0.948128	-0.875272	-0.716912	-0.474628	-0.188765	0.101504	0.371363	0.617217	0.817929	0.949469	1.00181	0.989118	0.911762	0.772412	0.593765	0.431486	0.308082	0.220815	0.156886	0.101445	0.0324051	-0.0646295	-0.171635	-0.278227	-0.382948	-0.471997	-0.532066	-0.562784	-0.580312	-0.587381	-0.576765	-0.545807	-0.493894	-0.423999	-0.336748	-0.235529	-0.135503	-0.0582063	-0.0125984	0.00748006	0.0135567	0.0186454	0.0454856	0.11101	0.200932	0.268793	0.302775	0.309021	0.290285	
-1.05433	-1.05433	-0.970342	-0.790715	-0.527251	-0.216677	0.089258	0.373238	0.629154	0.845443	0.988699	1.04554	1.03245	0.961606	0.834407	0.673533	0.525917	0.41193	0.313335	0.222037	0.138228	0.0475129	-0.0671722	-0.200887	-0.338433	-0.467899	-0.569499	-0.628	-0.656791	-0.671567	-0.677566	-0.66827	-0.642832	-0.593598	-0.515478	-0.403165	-0.274711	-0.150426	-0.046144	0.028183	0.072076	0.10362	0.128547	0.155918	0.20178	0.267629	0.315355	0.32664	0.31797	0.290872	
-1.14935	-1.14935	-1.04866	-0.848417	-0.565937	-0.242351	0.0793565	0.376058	0.643768	0.867925	1.01559	1.07559	1.06297	1.00368	0.893315	0.756934	0.62609	0.516846	0.404394	0.281181	0.165625	0.0499079	-0.0802187	-0.235017	-0.394947	-0.539148	-0.645278	-0.707719	-0.741153	-0.755512	-0.755992	-0.748342	-0.727826	-0.682449	-0.592573	-0.46283	-0.31303	-0.172736	-0.0477577	0.0553295	0.130688	0.188193	0.239881	0.271343	0.296884	0.329954	0.353574	0.349573	0.325889	0.280046	
-1.23139	-1.23139	-1.11391	-0.895085	-0.599873	-0.268338	0.0687589	0.382885	0.662418	0.885964	1.03068	1.09144	1.0868	1.04175	0.956219	0.849052	0.73583	0.62662	0.493275	0.343032	0.19002	0.0445371	-0.10967	-0.278136	-0.446871	-0.596865	-0.707749	-0.776812	-0.815695	-0.825535	-0.823532	-0.814956	-0.79512	-0.74598	-0.648132	-0.513771	-0.354573	-0.20404	-0.0646377	0.0647157	0.179955	0.273512	0.349092	0.388098	0.402375	0.401097	0.390973	0.366372	0.327755	0.266053	
-1.29864	-1.29864	-1.17018	-0.937313	-0.635693	-0.293892	0.0592774	0.39592	0.683796	0.900588	1.03459	1.09576	1.10102	1.0731	1.01446	0.938768	0.842318	0.7248	0.572079	0.394949	0.211835	0.0278471	-0.15001	-0.323769	-0.48669	-0.633762	-0.752416	-0.828184	-0.869829	-0.882853	-0.882548	-0.87499	-0.847101	-0.787859	-0.688218	-0.555078	-0.398329	-0.239784	-0.0865525	0.067542	0.222243	0.355973	0.44948	0.493653	0.501322	0.47587	0.427033	0.369871	0.312429	0.243103	
-1.34109	-1.34109	-1.20962	-0.974197	-0.666534	-0.31471	0.0589877	0.41308	0.705636	0.909367	1.03013	1.08951	1.1042	1.09316	1.06263	1.017	0.935084	0.807458	0.635837	0.437117	0.224199	0.00628835	-0.194845	-0.368488	-0.520078	-0.661004	-0.782447	-0.86556	-0.91229	-0.934646	-0.941106	-0.928846	-0.888392	-0.818559	-0.715939	-0.590763	-0.444022	-0.283172	-0.110164	0.0708467	0.254106	0.417616	0.536812	0.589282	0.586226	0.535963	0.454745	0.366502	0.288706	0.217404	
-1.36651	-1.36651	-1.24095	-1.01017	-0.698089	-0.330852	0.0624941	0.43037	0.722241	0.914132	1.02423	1.08086	1.10412	1.10777	1.10533	1.08441	1.01412	0.878591	0.690282	0.472019	0.229789	-0.0122899	-0.231227	-0.406955	-0.551673	-0.681899	-0.797499	-0.887182	-0.945341	-0.978029	-0.987911	-0.965877	-0.913443	-0.8329	-0.729535	-0.61378	-0.483263	-0.324902	-0.132804	0.0737633	0.27536	0.459341	0.605146	0.678078	0.663864	0.583181	0.475929	0.366574	0.270424	0.195199	
-1.38109	-1.38109	-1.26594	-1.04181	-0.726995	-0.34184	0.066759	0.444316	0.732637	0.917324	1.02093	1.07575	1.10385	1.12009	1.13913	1.13576	1.07338	0.931552	0.734021	0.493593	0.232083	-0.0273654	-0.252364	-0.43559	-0.579346	-0.694706	-0.798894	-0.894703	-0.967329	-1.01005	-1.01575	-0.987417	-0.925145	-0.836428	-0.736626	-0.627865	-0.50926	-0.352683	-0.153939	0.0710711	0.294198	0.495935	0.651157	0.738315	0.724129	0.626169	0.492455	0.363139	0.252373	0.17581	
-1.38149	-1.38149	-1.2733	-1.05626	-0.738284	-0.344727	0.073542	0.452549	0.73787	0.917092	1.01701	1.06903	1.09844	1.12033	1.15126	1.15619	1.09761	0.954899	0.751283	0.501653	0.226473	-0.0349142	-0.263326	-0.450569	-0.595757	-0.701806	-0.795571	-0.89805	-0.982932	-1.0305	-1.03552	-1.00219	-0.936127	-0.842836	-0.744314	-0.640626	-0.521428	-0.365368	-0.168894	0.0639404	0.307587	0.520125	0.669411	0.754121	0.748598	0.650253	0.500823	0.352645	0.234724	0.165835	
-1.38149	-1.38149	-1.2733	-1.05626	-0.738284	-0.344727	0.073542	0.452549	0.73787	0.917092	1.01701	1.06903	1.09844	1.12033	1.15126	1.15619	1.09761	0.954899	0.751283	0.501653	0.226473	-0.0349142	-0.263326	-0.450569	-0.595757	-0.701806	-0.795571	-0.89805	-0.982932	-1.0305	-1.03552	-1.00219	-0.936127	-0.842836	-0.744314	-0.640626	-0.521428	-0.365368	-0.168894	0.0639404	0.307587	0.520125	0.669411	0.754121	0.748598	0.650253	0.500823	0.352645	0.234724	0.165835	
