-0.106825	-0.357294	-0.566402	-0.694699	-0.73464	-0.708098	-0.629114	-0.514682	-0.388003	-0.26421	-0.13565	-0.00197358	0.131966	0.262054	0.383175	0.476676	0.538537	0.56905	0.578073	0.578013	0.571482	0.561784	0.555963	0.560593	0.588354	0.631664	0.665661	0.676107	0.648939	0.575014	0.449137	0.274989	0.0490966	-0.202023	-0.448839	-0.667508	-0.826083	-0.905462	-0.893499	-0.799277	-0.643758	-0.479078	-0.348449	-0.276003	-0.266711	-0.290622	-0.324278	-0.348003	-0.359165	-0.359165	
-0.106825	-0.357294	-0.566402	-0.694699	-0.73464	-0.708098	-0.629114	-0.514682	-0.388003	-0.26421	-0.13565	-0.00197358	0.131966	0.262054	0.383175	0.476676	0.538537	0.56905	0.578073	0.578013	0.571482	0.561784	0.555963	0.560593	0.588354	0.631664	0.665661	0.676107	0.648939	0.575014	0.449137	0.274989	0.0490966	-0.202023	-0.448839	-0.667508	-0.826083	-0.905462	-0.893499	-0.799277	-0.643758	-0.479078	-0.348449	-0.276003	-0.266711	-0.290622	-0.324278	-0.348003	-0.359165	-0.359165	
-0.186446	-0.411221	-0.588466	-0.688666	-0.707167	-0.663065	-0.571629	-0.451845	-0.324598	-0.20056	-0.0765937	0.0434025	0.156575	0.267701	0.380696	0.474836	0.536861	0.561882	0.565989	0.567595	0.565021	0.552948	0.534537	0.524299	0.544819	0.593451	0.639293	0.658932	0.63896	0.572246	0.457137	0.297591	0.0844247	-0.162847	-0.41563	-0.644464	-0.814179	-0.902689	-0.898404	-0.811627	-0.661392	-0.500052	-0.368839	-0.290353	-0.272894	-0.288997	-0.317671	-0.340093	-0.350695	-0.350695	
-0.323218	-0.515737	-0.648015	-0.702218	-0.679182	-0.601052	-0.482299	-0.340728	-0.198046	-0.0705075	0.0443172	0.140632	0.220447	0.301027	0.39232	0.472794	0.523547	0.540232	0.539161	0.538644	0.535516	0.51926	0.493495	0.475566	0.493468	0.544377	0.599175	0.635138	0.631316	0.581719	0.482892	0.333427	0.124614	-0.12281	-0.380152	-0.619844	-0.802628	-0.903677	-0.908997	-0.827532	-0.682878	-0.52314	-0.390048	-0.308771	-0.284141	-0.291973	-0.311717	-0.325563	-0.332582	-0.332582	
-0.493162	-0.64973	-0.734433	-0.735525	-0.661686	-0.534983	-0.372179	-0.193057	-0.0229647	0.118975	0.225395	0.297155	0.345203	0.386439	0.432489	0.469982	0.492275	0.496058	0.491378	0.486298	0.474017	0.453257	0.431821	0.424364	0.449365	0.505842	0.568406	0.615236	0.631564	0.600162	0.510323	0.363419	0.154162	-0.0967083	-0.358996	-0.60113	-0.789867	-0.900317	-0.917353	-0.847198	-0.706559	-0.548013	-0.414216	-0.327512	-0.296208	-0.294095	-0.301865	-0.306406	-0.305881	-0.305881	
-0.672036	-0.791093	-0.825211	-0.767827	-0.63411	-0.454724	-0.244531	-0.0210803	0.184616	0.340777	0.444298	0.498408	0.513944	0.509298	0.497726	0.478427	0.455853	0.4341	0.414618	0.399128	0.385123	0.372184	0.367469	0.378986	0.42023	0.483954	0.55063	0.605695	0.627278	0.602852	0.521163	0.37646	0.167121	-0.0821813	-0.341167	-0.584434	-0.777492	-0.89495	-0.920385	-0.8567	-0.725368	-0.569734	-0.432029	-0.340445	-0.299499	-0.290206	-0.293539	-0.294258	-0.294499	-0.294499	
-0.841554	-0.918179	-0.904594	-0.794955	-0.607414	-0.369354	-0.105389	0.157423	0.386332	0.558743	0.664898	0.707151	0.693069	0.638333	0.566932	0.491745	0.424879	0.368159	0.328617	0.310987	0.306684	0.30937	0.319265	0.3442	0.396441	0.472491	0.546515	0.595865	0.610748	0.580028	0.496343	0.35973	0.164248	-0.0760631	-0.333238	-0.573259	-0.763375	-0.877948	-0.902577	-0.842616	-0.714194	-0.563882	-0.432342	-0.341978	-0.303135	-0.295876	-0.301763	-0.308574	-0.310247	-0.310247	
-0.985089	-1.02789	-0.971953	-0.815724	-0.574763	-0.28251	0.0306362	0.330116	0.581412	0.760274	0.864055	0.887532	0.835511	0.735592	0.620446	0.506448	0.400713	0.313267	0.256839	0.239782	0.251773	0.273185	0.296533	0.329544	0.386489	0.460219	0.529791	0.577037	0.58495	0.549552	0.467702	0.332945	0.142159	-0.089177	-0.334991	-0.567569	-0.751519	-0.857795	-0.872679	-0.80188	-0.672459	-0.526678	-0.404726	-0.332284	-0.308697	-0.316572	-0.335255	-0.348266	-0.355549	-0.355549	
-1.09877	-1.1083	-1.0152	-0.817754	-0.534202	-0.194194	0.159655	0.485589	0.750103	0.935575	1.02771	1.02462	0.939957	0.805132	0.65475	0.507134	0.375674	0.273047	0.216069	0.206546	0.225979	0.255472	0.288259	0.328673	0.384384	0.453892	0.518415	0.558484	0.564612	0.526829	0.438568	0.29997	0.112009	-0.113383	-0.350832	-0.567928	-0.73516	-0.828572	-0.835868	-0.764239	-0.636711	-0.49738	-0.387048	-0.325623	-0.316486	-0.337701	-0.365293	-0.387183	-0.396226	-0.396226	
-1.18195	-1.16549	-1.03511	-0.795408	-0.46994	-0.100013	0.274511	0.616692	0.892105	1.07187	1.14542	1.11569	1.0067	0.853391	0.681948	0.51244	0.362796	0.254925	0.198042	0.188325	0.211828	0.252004	0.2987	0.351823	0.412764	0.47548	0.528571	0.558918	0.55465	0.507772	0.413696	0.266558	0.0719339	-0.151339	-0.376829	-0.579346	-0.733585	-0.81695	-0.820769	-0.74898	-0.627483	-0.493929	-0.386293	-0.329341	-0.31972	-0.341668	-0.373266	-0.397111	-0.410069	-0.410069	
-1.2337	-1.19442	-1.03538	-0.759151	-0.401041	-0.00389915	0.385489	0.730807	0.998593	1.16449	1.21627	1.16925	1.05041	0.886263	0.700762	0.52044	0.368258	0.259992	0.203701	0.194483	0.221802	0.269218	0.325724	0.38943	0.456113	0.519876	0.565536	0.579249	0.556253	0.492516	0.384023	0.228773	0.0349972	-0.185937	-0.410193	-0.608214	-0.755789	-0.834102	-0.834095	-0.761861	-0.642964	-0.511722	-0.404404	-0.340475	-0.322488	-0.335081	-0.355761	-0.374587	-0.382796	-0.382796	
-1.24781	-1.18761	-1.00578	-0.706727	-0.324329	0.0912625	0.491498	0.834143	1.08272	1.2186	1.24712	1.18391	1.05396	0.883541	0.696488	0.523854	0.379616	0.276309	0.220495	0.213118	0.245608	0.30046	0.363588	0.433623	0.502897	0.562669	0.601753	0.607023	0.574198	0.497513	0.379311	0.217366	0.0179321	-0.206048	-0.433868	-0.639403	-0.795257	-0.877477	-0.87875	-0.803925	-0.681651	-0.545939	-0.43111	-0.358922	-0.325252	-0.319591	-0.326068	-0.332903	-0.336437	-0.336437	
-1.21315	-1.12729	-0.930335	-0.624909	-0.24194	0.178514	0.5776	0.901987	1.11823	1.22339	1.22871	1.15311	1.01746	0.846612	0.667001	0.506045	0.372423	0.277097	0.230794	0.229808	0.268841	0.329815	0.399744	0.477049	0.548312	0.608472	0.647957	0.652858	0.614474	0.531668	0.407182	0.237286	0.0323681	-0.20125	-0.442799	-0.661255	-0.82831	-0.922244	-0.932576	-0.862818	-0.742864	-0.601964	-0.474332	-0.382019	-0.328955	-0.306779	-0.297368	-0.294544	-0.291422	-0.291422	
-1.1419	-1.02771	-0.818197	-0.520957	-0.156339	0.239712	0.611181	0.905731	1.09288	1.17465	1.16623	1.08109	0.947185	0.791796	0.628761	0.480852	0.354654	0.266354	0.22635	0.232504	0.27876	0.352124	0.437287	0.527772	0.608517	0.675044	0.716989	0.718013	0.677757	0.590604	0.459442	0.279624	0.0577999	-0.189999	-0.44237	-0.672046	-0.850286	-0.956061	-0.979337	-0.918615	-0.79995	-0.653185	-0.514745	-0.41104	-0.343404	-0.305925	-0.286939	-0.278125	-0.273063	-0.273063	
-1.04012	-0.912111	-0.7019	-0.421258	-0.0911988	0.262075	0.590396	0.851263	1.02167	1.09738	1.08239	0.994731	0.86866	0.729448	0.584569	0.451565	0.337939	0.261382	0.23112	0.240425	0.294077	0.376878	0.471196	0.576745	0.673341	0.751763	0.799695	0.805549	0.764419	0.672295	0.528716	0.327124	0.0868438	-0.177979	-0.445366	-0.685928	-0.872069	-0.983323	-1.00814	-0.946703	-0.831496	-0.68925	-0.55127	-0.441974	-0.367496	-0.324529	-0.300189	-0.288551	-0.281422	-0.281422	
-0.916432	-0.786774	-0.589709	-0.335992	-0.046093	0.255284	0.534438	0.766251	0.927224	1.00293	0.991254	0.906162	0.78773	0.660717	0.528452	0.414744	0.32428	0.265199	0.242393	0.255457	0.308762	0.393696	0.498275	0.619171	0.73165	0.824523	0.8865	0.903928	0.87119	0.771803	0.609566	0.38972	0.128023	-0.15529	-0.439554	-0.695305	-0.887145	-0.998158	-1.02279	-0.965409	-0.857261	-0.722233	-0.589997	-0.483197	-0.405052	-0.353443	-0.323311	-0.30989	-0.302658	-0.302658	
-0.768335	-0.651722	-0.475843	-0.253758	-0.0088273	0.240764	0.474755	0.6749	0.820149	0.893378	0.890704	0.822447	0.717961	0.598071	0.473617	0.373768	0.299175	0.253066	0.236727	0.245556	0.295299	0.383028	0.498751	0.640403	0.77373	0.887223	0.971437	1.00743	0.977111	0.871278	0.70263	0.472489	0.198589	-0.101124	-0.401108	-0.66741	-0.868493	-0.989887	-1.02702	-0.982861	-0.888804	-0.766638	-0.640159	-0.53219	-0.450774	-0.395578	-0.360726	-0.341291	-0.329718	-0.329718	
-0.614289	-0.509539	-0.361497	-0.178076	0.0208182	0.224483	0.418427	0.587361	0.710688	0.77899	0.792426	0.748064	0.663369	0.553593	0.432596	0.334003	0.260524	0.213981	0.194967	0.200149	0.246214	0.338608	0.468892	0.628179	0.784329	0.927305	1.03731	1.08638	1.06357	0.964339	0.799827	0.570454	0.29139	-0.0100405	-0.310781	-0.584637	-0.797622	-0.938701	-1.00041	-0.98074	-0.907028	-0.799231	-0.684143	-0.585671	-0.510767	-0.45721	-0.422865	-0.40557	-0.395561	-0.395561	
-0.466411	-0.380473	-0.262407	-0.120294	0.0370369	0.206579	0.375162	0.520921	0.626736	0.69117	0.715371	0.687781	0.617286	0.518105	0.398739	0.292275	0.206221	0.149383	0.123798	0.125211	0.173351	0.270426	0.404854	0.573544	0.749476	0.917543	1.05121	1.12611	1.13353	1.06177	0.914601	0.693601	0.421255	0.125149	-0.176594	-0.458392	-0.68688	-0.847905	-0.931978	-0.938455	-0.894367	-0.81872	-0.729357	-0.646942	-0.582375	-0.537324	-0.513294	-0.504739	-0.499972	-0.499972	
-0.363137	-0.291093	-0.199647	-0.0853891	0.0484692	0.200051	0.350453	0.477683	0.570996	0.631254	0.655893	0.630565	0.566887	0.473166	0.355897	0.241946	0.143758	0.0747998	0.0404331	0.0384837	0.0874509	0.185659	0.319944	0.49251	0.676704	0.856603	1.01371	1.13081	1.18778	1.15833	1.04279	0.848765	0.596463	0.306464	-0.00311308	-0.301642	-0.548102	-0.729932	-0.841794	-0.883357	-0.878444	-0.838692	-0.777304	-0.715237	-0.66469	-0.628627	-0.611715	-0.609591	-0.60861	-0.60861	
-0.319469	-0.258393	-0.178653	-0.0747195	0.0533088	0.195646	0.332538	0.448225	0.535614	0.592867	0.613661	0.584489	0.51739	0.423879	0.301841	0.182417	0.0815525	0.00833352	-0.0327899	-0.0403488	7.43109e-05	0.0886179	0.220203	0.389871	0.573367	0.763283	0.950648	1.11493	1.22232	1.23944	1.17078	1.01949	0.788077	0.501386	0.186064	-0.123821	-0.389979	-0.601849	-0.750107	-0.832611	-0.86428	-0.855392	-0.819988	-0.77778	-0.742352	-0.715854	-0.703951	-0.702748	-0.701274	-0.701274	
-0.312426	-0.256619	-0.1839	-0.0818824	0.0433044	0.177967	0.306618	0.418194	0.506982	0.564225	0.582364	0.552145	0.484765	0.381937	0.254817	0.133373	0.0327415	-0.0400522	-0.0861955	-0.108462	-0.0858344	-0.00953658	0.11179	0.275878	0.460134	0.664411	0.881767	1.08084	1.22356	1.28644	1.26611	1.14815	0.938747	0.667791	0.362608	0.0509807	-0.2309	-0.465993	-0.645382	-0.760375	-0.823963	-0.848461	-0.840645	-0.818533	-0.797204	-0.782099	-0.780039	-0.785918	-0.789836	-0.789836	
-0.315584	-0.266564	-0.199257	-0.10139	0.018836	0.147187	0.273267	0.387764	0.475881	0.529648	0.548975	0.527187	0.464836	0.36741	0.240441	0.117993	0.0176227	-0.0617843	-0.12208	-0.159774	-0.155832	-0.0980859	0.0126264	0.163825	0.34804	0.566065	0.796655	1.01007	1.17913	1.27686	1.28731	1.20029	1.02345	0.786047	0.502841	0.199776	-0.0805332	-0.321987	-0.513679	-0.654408	-0.752695	-0.810884	-0.832988	-0.832257	-0.82566	-0.820411	-0.826259	-0.841826	-0.852173	-0.852173	
-0.342457	-0.300258	-0.234499	-0.137954	-0.0221925	0.10278	0.231122	0.344906	0.427219	0.474493	0.494716	0.483368	0.438655	0.355945	0.248241	0.137702	0.0364711	-0.0496699	-0.121598	-0.17419	-0.183876	-0.139325	-0.0519213	0.0794463	0.250721	0.455933	0.679296	0.897773	1.08325	1.19943	1.22989	1.17326	1.03924	0.83822	0.583153	0.306666	0.045331	-0.186187	-0.384841	-0.541974	-0.660674	-0.743996	-0.786784	-0.803891	-0.810573	-0.816124	-0.831359	-0.848443	-0.857708	-0.857708	
-0.390407	-0.35906	-0.296119	-0.200008	-0.0856042	0.0406472	0.17012	0.281799	0.357123	0.400469	0.421493	0.418536	0.38714	0.331246	0.252204	0.162834	0.0753145	-0.0097508	-0.0873958	-0.143735	-0.160786	-0.134374	-0.0681963	0.0312386	0.166839	0.338579	0.539245	0.75479	0.945284	1.07016	1.11959	1.09413	0.98941	0.815591	0.5953	0.357938	0.125942	-0.0913751	-0.283324	-0.445231	-0.573126	-0.659597	-0.707119	-0.729284	-0.741191	-0.750595	-0.765395	-0.785218	-0.796934	-0.796934	
-0.447947	-0.430492	-0.373123	-0.278675	-0.160259	-0.0296212	0.0994291	0.205206	0.2778	0.322808	0.347494	0.350964	0.335667	0.301949	0.251376	0.187271	0.11455	0.0367222	-0.0417929	-0.103097	-0.12902	-0.113359	-0.066428	0.00481149	0.101467	0.230171	0.400375	0.594868	0.77401	0.904392	0.976132	0.975198	0.893561	0.749003	0.564512	0.358501	0.149938	-0.0435293	-0.220266	-0.371674	-0.490025	-0.573775	-0.616684	-0.626393	-0.619834	-0.617999	-0.630065	-0.648223	-0.66254	-0.66254	
-0.495622	-0.497769	-0.453092	-0.359129	-0.236188	-0.102868	0.0217426	0.122895	0.198326	0.253596	0.286479	0.30079	0.298268	0.280867	0.24751	0.199671	0.142451	0.071231	-0.00883401	-0.0761508	-0.110982	-0.106024	-0.0691999	-0.0182947	0.048077	0.144291	0.279063	0.437578	0.590246	0.717077	0.800294	0.817835	0.768711	0.661474	0.50737	0.327018	0.142293	-0.0270592	-0.179414	-0.31277	-0.417636	-0.483717	-0.506192	-0.494106	-0.470491	-0.454573	-0.450133	-0.45914	-0.470013	-0.470013	
-0.516747	-0.536252	-0.509245	-0.428937	-0.311975	-0.184525	-0.0656246	0.0405775	0.1316	0.201729	0.246169	0.268237	0.268288	0.249311	0.217521	0.179967	0.136478	0.0787619	0.00566098	-0.0623594	-0.104886	-0.110644	-0.0887965	-0.0575027	-0.0099108	0.0663629	0.175226	0.30258	0.431148	0.543194	0.620012	0.647414	0.625556	0.551384	0.429295	0.282312	0.131615	-0.0107393	-0.145272	-0.260106	-0.344886	-0.388111	-0.387572	-0.357606	-0.312664	-0.275157	-0.254832	-0.248571	-0.247685	-0.247685	
-0.492759	-0.532361	-0.530808	-0.47218	-0.371921	-0.253199	-0.130921	-0.0124752	0.0900555	0.167039	0.209742	0.225079	0.216527	0.188831	0.155828	0.127668	0.0975175	0.0517554	-0.0121532	-0.0755232	-0.117393	-0.128476	-0.120474	-0.10505	-0.0739049	-0.0147978	0.0749498	0.18339	0.298497	0.399146	0.468587	0.500643	0.49584	0.441306	0.348434	0.242674	0.126854	0.0102372	-0.102323	-0.200376	-0.272189	-0.300253	-0.280272	-0.226726	-0.157574	-0.0969471	-0.0573994	-0.0408715	-0.0340525	-0.0340525	
-0.433912	-0.491645	-0.511988	-0.475481	-0.393398	-0.284307	-0.162547	-0.0389542	0.0646491	0.134733	0.168669	0.173145	0.148686	0.109381	0.0746567	0.0532176	0.0330536	-0.000429359	-0.0520061	-0.106542	-0.142783	-0.157831	-0.162748	-0.162159	-0.14579	-0.103312	-0.0286862	0.072137	0.178879	0.27054	0.339286	0.377989	0.385195	0.352581	0.29421	0.222782	0.136982	0.0478134	-0.0443024	-0.129937	-0.193297	-0.211356	-0.181155	-0.109811	-0.0166005	0.0616395	0.116388	0.143555	0.151159	0.151159	
-0.327362	-0.395776	-0.432173	-0.419753	-0.363564	-0.272509	-0.160749	-0.04935	0.040268	0.101281	0.126969	0.11804	0.0801031	0.0300595	-0.0127872	-0.034817	-0.0504673	-0.0755807	-0.116082	-0.157721	-0.187806	-0.204511	-0.214916	-0.220521	-0.214364	-0.183162	-0.116812	-0.0283284	0.0652677	0.146968	0.213845	0.259775	0.28272	0.27649	0.251159	0.215245	0.163749	0.103567	0.031088	-0.042615	-0.0959251	-0.1059	-0.0675405	0.0131548	0.110044	0.188082	0.247477	0.281781	0.292011	0.292011	
-0.176622	-0.246842	-0.290164	-0.297912	-0.272458	-0.210665	-0.128818	-0.0471755	0.0207837	0.0694676	0.0892364	0.0751501	0.0280834	-0.0328618	-0.0857249	-0.119142	-0.142328	-0.167326	-0.201452	-0.238039	-0.261458	-0.273714	-0.282515	-0.283339	-0.277171	-0.25075	-0.194135	-0.120867	-0.0502094	0.0171404	0.0845858	0.136823	0.180995	0.209474	0.22435	0.228022	0.211199	0.176666	0.123761	0.0639736	0.0142983	0.00817045	0.0488359	0.12225	0.213215	0.292243	0.349978	0.380998	0.393238	0.393238	
-0.00822375	-0.0719801	-0.11688	-0.142552	-0.135841	-0.0976381	-0.0504934	-0.00654882	0.0287348	0.0553678	0.0620287	0.0356158	-0.0174951	-0.0833681	-0.153037	-0.201786	-0.237986	-0.272164	-0.307355	-0.337634	-0.354623	-0.36087	-0.360492	-0.355517	-0.348483	-0.321308	-0.270672	-0.21706	-0.160951	-0.0990866	-0.0319977	0.0332605	0.10129	0.16445	0.211811	0.243937	0.262808	0.256434	0.221255	0.174754	0.130698	0.12344	0.158072	0.219963	0.301051	0.375556	0.423321	0.445541	0.459319	0.459319	
0.154522	0.0990008	0.0572903	0.0274532	0.0188141	0.0320502	0.0502873	0.0643668	0.0716611	0.0710263	0.0509447	0.00133455	-0.0654201	-0.145232	-0.22776	-0.289727	-0.341254	-0.383581	-0.416281	-0.442854	-0.448808	-0.442636	-0.44178	-0.435081	-0.427077	-0.400238	-0.350847	-0.297323	-0.238672	-0.175324	-0.107537	-0.0369577	0.0459028	0.127614	0.201584	0.268968	0.319369	0.335204	0.314076	0.278762	0.241602	0.228051	0.251311	0.304962	0.370864	0.426301	0.463766	0.480721	0.488371	0.488371	
0.303726	0.26324	0.222093	0.184699	0.162502	0.155255	0.151319	0.146269	0.135273	0.110605	0.0631314	-0.00996202	-0.0978339	-0.193327	-0.294012	-0.373949	-0.438971	-0.490846	-0.523706	-0.53934	-0.533095	-0.520889	-0.515578	-0.509504	-0.497458	-0.46034	-0.401503	-0.335975	-0.268188	-0.205642	-0.143284	-0.0737066	0.0103802	0.103351	0.201368	0.298894	0.377429	0.414826	0.409881	0.375543	0.330595	0.306866	0.315988	0.355978	0.404266	0.440178	0.467558	0.480047	0.479211	0.479211	
0.410089	0.385351	0.352582	0.314563	0.274998	0.24792	0.233261	0.21969	0.201028	0.161883	0.0965296	0.00701269	-0.0964352	-0.208769	-0.321959	-0.419402	-0.502619	-0.565741	-0.602327	-0.612736	-0.59723	-0.57396	-0.560682	-0.543925	-0.516204	-0.467828	-0.400366	-0.325804	-0.257953	-0.20293	-0.147511	-0.0842719	-0.00387539	0.0946642	0.210363	0.330674	0.427935	0.481103	0.487424	0.454097	0.400267	0.363145	0.35521	0.36721	0.3919	0.413634	0.423256	0.425038	0.42189	0.42189	
0.457308	0.44957	0.429696	0.396696	0.353517	0.316325	0.290419	0.273922	0.25418	0.216497	0.15466	0.0622468	-0.0538075	-0.180185	-0.30835	-0.422149	-0.514724	-0.582421	-0.617427	-0.621559	-0.599489	-0.571478	-0.548805	-0.516892	-0.473427	-0.411107	-0.334497	-0.258762	-0.20162	-0.163393	-0.121968	-0.0715432	-0.00158653	0.100217	0.220508	0.340706	0.446073	0.508872	0.52102	0.490322	0.434698	0.389295	0.362602	0.345129	0.341235	0.344917	0.33523	0.321104	0.318896	0.318896	
0.434604	0.449512	0.451437	0.430096	0.394398	0.359232	0.336274	0.324778	0.309268	0.278421	0.227618	0.135802	0.0195083	-0.107294	-0.238455	-0.351951	-0.448615	-0.516907	-0.548049	-0.549344	-0.520954	-0.482995	-0.449322	-0.405736	-0.355892	-0.294726	-0.222152	-0.157407	-0.11287	-0.0867545	-0.0608273	-0.0285499	0.0179918	0.100444	0.204894	0.311315	0.417231	0.481484	0.489084	0.466346	0.418674	0.363386	0.322349	0.292055	0.266757	0.243551	0.216265	0.193992	0.186718	0.186718	
0.360449	0.398505	0.418827	0.423888	0.409322	0.390158	0.379403	0.373825	0.363557	0.347113	0.309272	0.229589	0.12809	0.0185814	-0.0968825	-0.201618	-0.293601	-0.361931	-0.392949	-0.38941	-0.353103	-0.303879	-0.259535	-0.215067	-0.174969	-0.128464	-0.0734376	-0.0295656	-0.00138465	0.0074712	0.00811762	0.0102095	0.026541	0.0785176	0.155468	0.245901	0.33655	0.395572	0.41069	0.39194	0.349032	0.292434	0.245891	0.209515	0.162926	0.118223	0.0831562	0.0506077	0.0311558	0.0311558	
0.267549	0.32977	0.368733	0.395331	0.404439	0.411082	0.422613	0.429606	0.43526	0.433596	0.410083	0.358326	0.283077	0.201637	0.111953	0.0161502	-0.0718547	-0.139307	-0.172797	-0.166575	-0.126159	-0.0723402	-0.0224955	0.01372	0.0440748	0.0753263	0.10416	0.126452	0.12722	0.105153	0.0711812	0.0313004	0.0106837	0.0245372	0.0691471	0.141679	0.219012	0.277583	0.300392	0.286728	0.249889	0.200275	0.149739	0.0932308	0.0339912	-0.021529	-0.0740996	-0.113491	-0.137182	-0.137182	
0.162845	0.256858	0.316963	0.36727	0.403684	0.43805	0.472036	0.496424	0.517449	0.535512	0.532996	0.509392	0.471394	0.420425	0.354188	0.269782	0.187785	0.118194	0.076465	0.0790156	0.112283	0.164378	0.217815	0.252924	0.279732	0.300421	0.306961	0.296946	0.262655	0.199876	0.117924	0.0368216	-0.0212902	-0.0452789	-0.0291822	0.0231715	0.0864311	0.137913	0.163649	0.161254	0.13556	0.0921346	0.0360809	-0.0334825	-0.105245	-0.175239	-0.243783	-0.292208	-0.314268	-0.314268	
0.0501243	0.174371	0.264948	0.34245	0.412184	0.47613	0.530873	0.575552	0.612602	0.643936	0.663386	0.667942	0.65778	0.627213	0.577058	0.509714	0.437886	0.377878	0.338528	0.325999	0.344638	0.386363	0.42922	0.468542	0.499937	0.513365	0.502511	0.465715	0.395241	0.289184	0.168949	0.051368	-0.0449288	-0.105084	-0.118433	-0.094278	-0.0536952	-0.0125517	0.0155922	0.0232696	0.00287557	-0.0348758	-0.0891998	-0.160776	-0.243045	-0.32983	-0.40416	-0.458276	-0.483856	-0.483856	
-0.0672864	0.0926627	0.21704	0.326041	0.433624	0.530414	0.607079	0.673653	0.727495	0.766719	0.796585	0.810076	0.808137	0.787291	0.745766	0.700601	0.650124	0.605209	0.569143	0.547051	0.548039	0.571816	0.606253	0.643444	0.671024	0.677656	0.65678	0.601445	0.511278	0.38087	0.234385	0.0870474	-0.0470476	-0.141524	-0.19174	-0.207009	-0.188822	-0.156203	-0.131857	-0.117294	-0.123747	-0.148537	-0.198324	-0.273552	-0.366202	-0.462739	-0.541306	-0.604969	-0.637874	-0.637874	
-0.167103	0.0175217	0.171743	0.31974	0.458404	0.582383	0.688907	0.783746	0.854315	0.900248	0.930075	0.942942	0.930879	0.907965	0.872495	0.836051	0.802279	0.769706	0.736374	0.708143	0.695737	0.702104	0.724343	0.750663	0.769836	0.771819	0.745833	0.688587	0.593782	0.453836	0.295173	0.12699	-0.0334258	-0.160956	-0.246239	-0.288499	-0.295617	-0.273649	-0.246495	-0.221147	-0.206129	-0.223241	-0.275237	-0.354861	-0.45604	-0.561862	-0.65392	-0.724126	-0.757696	-0.757696	
-0.236147	-0.0383667	0.131178	0.301897	0.468773	0.620522	0.760684	0.885388	0.970243	1.01979	1.04265	1.04515	1.02671	0.99696	0.957571	0.916529	0.879484	0.841648	0.804544	0.771705	0.753068	0.752292	0.769511	0.792702	0.806556	0.807173	0.784239	0.728453	0.63068	0.495163	0.333438	0.154273	-0.0171426	-0.165968	-0.27673	-0.345303	-0.370543	-0.351284	-0.31437	-0.272916	-0.241568	-0.245476	-0.289656	-0.372437	-0.485622	-0.609845	-0.719924	-0.79575	-0.834332	-0.834332	
-0.277369	-0.0889188	0.0893256	0.270986	0.450098	0.626334	0.803613	0.95099	1.0468	1.09965	1.11524	1.10365	1.08125	1.03799	0.982606	0.927443	0.871401	0.821978	0.779999	0.739504	0.717708	0.719285	0.734829	0.766271	0.786292	0.793425	0.780462	0.726398	0.63066	0.504913	0.344158	0.166405	0.00120778	-0.158597	-0.285178	-0.365292	-0.399459	-0.390528	-0.347879	-0.28808	-0.242619	-0.223715	-0.252431	-0.331208	-0.446496	-0.577029	-0.692243	-0.781271	-0.830172	-0.830172	
-0.30122	-0.141619	0.0265995	0.202834	0.395679	0.600326	0.799189	0.965587	1.0784	1.13209	1.1447	1.12408	1.0826	1.01882	0.939509	0.864641	0.794382	0.739309	0.690981	0.645578	0.618971	0.618626	0.634097	0.670742	0.701902	0.723292	0.725552	0.684877	0.603525	0.484489	0.336776	0.172193	0.0124881	-0.137434	-0.265926	-0.356491	-0.397392	-0.394448	-0.345142	-0.26825	-0.203693	-0.159153	-0.166508	-0.230422	-0.332934	-0.456926	-0.573419	-0.667307	-0.714652	-0.714652	
-0.324431	-0.203501	-0.0593315	0.0996669	0.293309	0.514636	0.72981	0.915651	1.0497	1.11579	1.13148	1.10283	1.03741	0.953907	0.851563	0.759917	0.684269	0.622463	0.566159	0.515707	0.483374	0.475489	0.492542	0.528188	0.568089	0.609381	0.626721	0.606004	0.547717	0.441992	0.312901	0.169604	0.0210796	-0.116627	-0.24034	-0.329682	-0.366087	-0.35481	-0.294004	-0.198131	-0.105815	-0.0395521	-0.0233882	-0.0686079	-0.158634	-0.273025	-0.386003	-0.468395	-0.508597	-0.508597	
-0.348577	-0.272699	-0.168514	-0.0256957	0.15783	0.371832	0.586026	0.786079	0.941986	1.03501	1.06906	1.03849	0.964397	0.866404	0.748469	0.645399	0.562164	0.485893	0.418847	0.360501	0.324932	0.315094	0.333332	0.372124	0.422456	0.480209	0.517278	0.518511	0.481187	0.395318	0.282286	0.164225	0.0314042	-0.093445	-0.201534	-0.284254	-0.312686	-0.284755	-0.198223	-0.0792428	0.03987	0.129784	0.165622	0.139068	0.0593466	-0.0405941	-0.141438	-0.221026	-0.262282	-0.262282	
-0.376536	-0.344861	-0.27862	-0.168159	-0.0127535	0.179222	0.387154	0.59364	0.773445	0.89803	0.955027	0.940109	0.874549	0.769336	0.645616	0.535459	0.437686	0.349051	0.276931	0.208634	0.174009	0.168343	0.179184	0.226146	0.288068	0.357402	0.419643	0.448983	0.431404	0.372221	0.284271	0.181095	0.0656463	-0.0494197	-0.150484	-0.222896	-0.237355	-0.18985	-0.0872058	0.0515367	0.197151	0.309184	0.36885	0.367727	0.305989	0.218848	0.12414	0.0446249	0.00305	0.00305	
