-0.822859	-0.999039	-1.12469	-1.18963	-1.19198	-1.13632	-1.03044	-0.900793	-0.745437	-0.553595	-0.343177	-0.129272	0.0470532	0.193147	0.313948	0.414591	0.494946	0.555181	0.593154	0.598036	0.559724	0.480813	0.376344	0.249956	0.100014	-0.0691311	-0.249235	-0.414636	-0.53861	-0.629941	-0.687338	-0.705878	-0.699901	-0.703634	-0.711838	-0.718585	-0.728255	-0.714263	-0.657697	-0.537042	-0.389813	-0.27465	-0.186849	-0.102813	-0.0109081	0.0840656	0.160706	0.203192	0.223287	0.223287	
-0.822859	-0.999039	-1.12469	-1.18963	-1.19198	-1.13632	-1.03044	-0.900793	-0.745437	-0.553595	-0.343177	-0.129272	0.0470532	0.193147	0.313948	0.414591	0.494946	0.555181	0.593154	0.598036	0.559724	0.480813	0.376344	0.249956	0.100014	-0.0691311	-0.249235	-0.414636	-0.53861	-0.629941	-0.687338	-0.705878	-0.699901	-0.703634	-0.711838	-0.718585	-0.728255	-0.714263	-0.657697	-0.537042	-0.389813	-0.27465	-0.186849	-0.102813	-0.0109081	0.0840656	0.160706	0.203192	0.223287	0.223287	
-0.747956	-0.929858	-1.05239	-1.12065	-1.13434	-1.09546	-1.00972	-0.88662	-0.736109	-0.552581	-0.351494	-0.158276	0.00790246	0.140911	0.255118	0.350419	0.426141	0.489588	0.537191	0.545389	0.500239	0.415764	0.302593	0.170885	0.0238989	-0.139811	-0.307874	-0.455156	-0.578895	-0.664848	-0.715437	-0.727325	-0.715945	-0.712215	-0.714306	-0.711696	-0.693797	-0.667486	-0.598931	-0.481808	-0.350464	-0.233011	-0.13835	-0.0454755	0.057656	0.157607	0.234733	0.285342	0.302877	0.302877	
-0.611016	-0.783464	-0.913283	-0.998684	-1.03317	-1.01803	-0.955935	-0.848491	-0.712591	-0.550218	-0.374412	-0.211954	-0.068543	0.0471904	0.148536	0.237885	0.309273	0.372111	0.430125	0.446816	0.39273	0.29332	0.166177	0.0273615	-0.120751	-0.274525	-0.423552	-0.550208	-0.660524	-0.735802	-0.771709	-0.76991	-0.745744	-0.729009	-0.714528	-0.68734	-0.637221	-0.58177	-0.496651	-0.386546	-0.26746	-0.149302	-0.0427637	0.0696384	0.184838	0.290799	0.370832	0.421261	0.438351	0.438351	
-0.439044	-0.590699	-0.732761	-0.844714	-0.904208	-0.912934	-0.874505	-0.793597	-0.683317	-0.54637	-0.401885	-0.270395	-0.165038	-0.0730872	0.0119381	0.096971	0.167096	0.23133	0.297601	0.317381	0.252938	0.133464	-0.00704873	-0.15551	-0.305139	-0.446745	-0.575937	-0.684042	-0.768793	-0.827092	-0.848576	-0.834207	-0.796079	-0.758766	-0.714393	-0.65112	-0.571437	-0.480986	-0.382313	-0.273941	-0.156623	-0.0403217	0.0813937	0.215056	0.342399	0.459385	0.547696	0.594643	0.615276	0.615276	
-0.261479	-0.391973	-0.534292	-0.660901	-0.746668	-0.78528	-0.773068	-0.723909	-0.641892	-0.529193	-0.415154	-0.312899	-0.244728	-0.187578	-0.117155	-0.0404615	0.0298648	0.0988203	0.162575	0.178814	0.103909	-0.0354844	-0.192304	-0.347217	-0.492519	-0.628475	-0.742763	-0.82874	-0.888242	-0.92378	-0.933527	-0.916109	-0.866512	-0.804133	-0.719919	-0.614206	-0.50413	-0.385782	-0.274854	-0.15985	-0.0417798	0.075767	0.206401	0.350504	0.494986	0.624476	0.72469	0.777026	0.79978	0.79978	
-0.0936263	-0.203069	-0.326802	-0.453484	-0.557973	-0.623533	-0.642851	-0.622504	-0.567037	-0.483894	-0.39961	-0.333397	-0.295838	-0.262366	-0.20753	-0.142369	-0.0744997	-0.00192693	0.0548415	0.0554657	-0.0287388	-0.180079	-0.350849	-0.514616	-0.664065	-0.797295	-0.899643	-0.964524	-0.998344	-1.00973	-1.01539	-0.995009	-0.935946	-0.843292	-0.718514	-0.578415	-0.439268	-0.314317	-0.195458	-0.0703705	0.0522197	0.174968	0.307361	0.450185	0.603365	0.744162	0.850818	0.915948	0.939111	0.939111	
0.0559673	-0.0290777	-0.12843	-0.237618	-0.343648	-0.428144	-0.475111	-0.48121	-0.447222	-0.394551	-0.34477	-0.31262	-0.295374	-0.275812	-0.237	-0.180724	-0.117076	-0.0543414	-0.0144279	-0.0332485	-0.12868	-0.28528	-0.463481	-0.628469	-0.783157	-0.913775	-1.01131	-1.064	-1.07709	-1.0775	-1.07431	-1.04515	-0.972998	-0.856623	-0.705137	-0.541973	-0.39171	-0.268736	-0.150111	-0.0236792	0.10831	0.235155	0.360119	0.49527	0.64004	0.778527	0.884651	0.952811	0.977485	0.977485	
0.180833	0.1273	0.060255	-0.0259235	-0.122723	-0.212272	-0.277578	-0.302568	-0.291164	-0.260219	-0.238309	-0.23459	-0.238049	-0.226129	-0.197944	-0.148789	-0.0965457	-0.0542875	-0.0367682	-0.0820204	-0.187731	-0.33895	-0.512091	-0.679747	-0.831447	-0.953703	-1.04561	-1.08958	-1.09535	-1.09637	-1.08826	-1.04925	-0.965712	-0.837367	-0.678498	-0.510105	-0.359207	-0.243862	-0.137388	-0.0177158	0.112434	0.231922	0.341732	0.457573	0.579515	0.704411	0.806158	0.871702	0.902333	0.902333	
0.271339	0.260757	0.230303	0.173788	0.0947567	0.011957	-0.052592	-0.093581	-0.111123	-0.104902	-0.102584	-0.11236	-0.123213	-0.12177	-0.0988141	-0.0656434	-0.0313309	-0.0161271	-0.0308782	-0.0869713	-0.198531	-0.345745	-0.509663	-0.669158	-0.803089	-0.915245	-0.99845	-1.03728	-1.05412	-1.05864	-1.0424	-0.995565	-0.900803	-0.777253	-0.630833	-0.472744	-0.336034	-0.233063	-0.146563	-0.0471853	0.0627179	0.16564	0.252838	0.341718	0.437624	0.533207	0.619564	0.674369	0.703819	0.703819	
0.33403	0.361338	0.365333	0.338474	0.288342	0.228177	0.17007	0.117618	0.0706552	0.0437817	0.0348174	0.0222504	0.00983464	0.0063774	0.0178467	0.0343077	0.044387	0.0334318	-0.00535718	-0.0722326	-0.182932	-0.32055	-0.466568	-0.606857	-0.720404	-0.813392	-0.882935	-0.927786	-0.95486	-0.95971	-0.9403	-0.880276	-0.784473	-0.675931	-0.555021	-0.428238	-0.31594	-0.235301	-0.169555	-0.0953214	-0.0154579	0.060272	0.119893	0.176554	0.23878	0.299266	0.354673	0.39165	0.41097	0.41097	
0.367808	0.422203	0.453312	0.45526	0.43434	0.394756	0.347175	0.290411	0.22948	0.174288	0.147903	0.141529	0.134514	0.12492	0.122042	0.119232	0.0988484	0.0622644	0.00535465	-0.0719532	-0.179371	-0.300803	-0.416369	-0.5146	-0.594835	-0.662801	-0.719638	-0.770823	-0.80543	-0.813992	-0.787414	-0.723906	-0.640719	-0.554543	-0.467014	-0.377487	-0.298823	-0.238028	-0.190356	-0.142699	-0.0921412	-0.0528245	-0.0228906	0.0033077	0.0295907	0.0538119	0.0679539	0.0757354	0.0761706	0.0761706	
0.375984	0.451465	0.500986	0.523144	0.519941	0.500313	0.462541	0.406726	0.335945	0.268492	0.227395	0.221058	0.21598	0.201613	0.179014	0.148502	0.0989524	0.0438138	-0.0174651	-0.10587	-0.20337	-0.299461	-0.376755	-0.429229	-0.466898	-0.498302	-0.532044	-0.576732	-0.614874	-0.627832	-0.606099	-0.551648	-0.488274	-0.425676	-0.369556	-0.319361	-0.275773	-0.239368	-0.208191	-0.179319	-0.15604	-0.148498	-0.146056	-0.147154	-0.150185	-0.156918	-0.177606	-0.200246	-0.21748	-0.21748	
0.375139	0.461552	0.516682	0.552411	0.563303	0.555207	0.523212	0.460347	0.384368	0.317394	0.272567	0.257272	0.249745	0.223894	0.176775	0.110255	0.0378182	-0.0321995	-0.0971306	-0.175228	-0.259408	-0.329592	-0.364907	-0.369023	-0.361655	-0.351992	-0.356023	-0.379937	-0.412699	-0.426195	-0.409829	-0.375897	-0.334327	-0.297785	-0.270957	-0.251253	-0.236853	-0.218552	-0.197562	-0.180769	-0.177572	-0.192529	-0.216153	-0.242438	-0.271145	-0.307847	-0.35587	-0.40529	-0.43728	-0.43728	
0.371635	0.45696	0.508655	0.545973	0.565442	0.562292	0.526961	0.463708	0.392429	0.331515	0.29242	0.260206	0.230565	0.186684	0.113691	0.0194736	-0.0770024	-0.164217	-0.231483	-0.294086	-0.350981	-0.385256	-0.381705	-0.343324	-0.290191	-0.231872	-0.195467	-0.189095	-0.197577	-0.209065	-0.205943	-0.190422	-0.176645	-0.166317	-0.165019	-0.172151	-0.177027	-0.171471	-0.153892	-0.139824	-0.144927	-0.170168	-0.214929	-0.268356	-0.32627	-0.393268	-0.4636	-0.528557	-0.568949	-0.568949	
0.360174	0.437679	0.482881	0.508977	0.527339	0.521197	0.487273	0.434454	0.37888	0.330652	0.29285	0.247671	0.191068	0.117067	0.0180247	-0.104414	-0.225429	-0.323558	-0.39727	-0.440207	-0.465292	-0.466007	-0.424478	-0.339579	-0.228734	-0.120446	-0.0387597	0.00779812	0.0230735	0.0165949	0.00793309	-0.00105355	-0.0125934	-0.0252323	-0.0462378	-0.0731177	-0.0910412	-0.093772	-0.0822646	-0.0678681	-0.0717691	-0.100003	-0.153236	-0.229597	-0.318542	-0.412029	-0.502044	-0.574139	-0.616359	-0.616359	
0.343186	0.404516	0.43819	0.454928	0.459499	0.452787	0.4248	0.388735	0.356185	0.329408	0.294192	0.237628	0.154394	0.0426132	-0.0894962	-0.233897	-0.367758	-0.473708	-0.548148	-0.575673	-0.56955	-0.537768	-0.463693	-0.340215	-0.178405	-0.0242186	0.105446	0.197036	0.242479	0.249433	0.226235	0.193397	0.157534	0.120716	0.0825061	0.0449845	0.020952	0.0165881	0.0290648	0.0424449	0.038867	0.00791553	-0.0589927	-0.158195	-0.274672	-0.389705	-0.486765	-0.553607	-0.589569	-0.589569	
0.309599	0.349566	0.3707	0.383234	0.378377	0.366272	0.347036	0.333077	0.333489	0.332034	0.304143	0.237896	0.134976	-0.0102553	-0.178067	-0.340145	-0.481059	-0.590148	-0.660941	-0.678134	-0.650563	-0.586065	-0.476492	-0.319716	-0.127271	0.0614173	0.231669	0.367772	0.451541	0.477356	0.449059	0.392338	0.330556	0.270861	0.217486	0.174611	0.150569	0.1502	0.165044	0.178553	0.172812	0.133941	0.0534992	-0.064959	-0.20385	-0.333498	-0.435181	-0.499779	-0.529844	-0.529844	
0.249944	0.27051	0.274136	0.281061	0.275294	0.266904	0.266252	0.282841	0.3147	0.338894	0.329815	0.262393	0.138193	-0.0294606	-0.219685	-0.393883	-0.540367	-0.651986	-0.718918	-0.736307	-0.692144	-0.595502	-0.452504	-0.267233	-0.0561458	0.155254	0.357309	0.525425	0.639384	0.678331	0.649727	0.581481	0.496766	0.41902	0.350612	0.298747	0.269298	0.270444	0.288785	0.30308	0.299509	0.25535	0.166566	0.0376085	-0.109566	-0.244823	-0.352098	-0.417339	-0.450618	-0.450618	
0.176673	0.180622	0.167832	0.162014	0.162455	0.172149	0.202182	0.254517	0.317327	0.368857	0.374166	0.307691	0.172176	-0.00553348	-0.200384	-0.384016	-0.534349	-0.646852	-0.71715	-0.735538	-0.680312	-0.560083	-0.386438	-0.182253	0.032455	0.253304	0.473279	0.660519	0.788179	0.840736	0.815941	0.73786	0.636182	0.538679	0.456941	0.396474	0.366452	0.368573	0.385658	0.401246	0.393954	0.343444	0.252757	0.125134	-0.0130331	-0.135293	-0.238514	-0.306921	-0.343882	-0.343882	
0.109031	0.101763	0.0835289	0.0719349	0.0746433	0.10922	0.173432	0.259931	0.353116	0.420981	0.434947	0.372279	0.236628	0.0580505	-0.131527	-0.317454	-0.478273	-0.601552	-0.673376	-0.684338	-0.619046	-0.483623	-0.297461	-0.0901809	0.121174	0.345906	0.571726	0.762899	0.894042	0.952436	0.934893	0.855442	0.741393	0.628061	0.537063	0.472825	0.443061	0.443936	0.456043	0.46262	0.446272	0.392115	0.300272	0.18382	0.0693842	-0.0320083	-0.122804	-0.189452	-0.23195	-0.23195	
0.0561228	0.0459573	0.0331457	0.0294101	0.0448796	0.100726	0.195141	0.310988	0.4191	0.489001	0.50339	0.446618	0.324428	0.151939	-0.0406948	-0.231049	-0.399976	-0.524099	-0.59285	-0.595802	-0.523128	-0.385081	-0.202744	0.000171309	0.209303	0.431664	0.648442	0.824795	0.947956	1.01003	1.00732	0.939292	0.825682	0.70624	0.608565	0.535913	0.500024	0.487941	0.481732	0.475601	0.448225	0.395637	0.3139	0.215253	0.12539	0.0449259	-0.0322925	-0.0976369	-0.14008	-0.14008	
0.0303202	0.0255189	0.0216832	0.0349064	0.073007	0.152186	0.27114	0.402094	0.508118	0.568706	0.573891	0.522055	0.416039	0.254659	0.0596011	-0.136119	-0.305738	-0.428528	-0.495977	-0.486253	-0.408696	-0.277618	-0.105204	0.0877405	0.295436	0.503653	0.699307	0.851935	0.957591	1.02517	1.04069	0.991809	0.889312	0.773481	0.672889	0.592946	0.541669	0.507702	0.476293	0.444103	0.405007	0.352463	0.285208	0.209853	0.140441	0.0781495	0.0124353	-0.0422569	-0.0797115	-0.0797115	
0.0484145	0.0608845	0.068551	0.101102	0.160604	0.256819	0.380716	0.511772	0.609496	0.652295	0.638528	0.586796	0.497538	0.3476	0.150424	-0.0479897	-0.212825	-0.331671	-0.394148	-0.377448	-0.298911	-0.176836	-0.0171907	0.163152	0.360287	0.551091	0.720634	0.848946	0.938627	1.00839	1.03792	1.00998	0.93079	0.831661	0.741004	0.659102	0.590943	0.527733	0.46339	0.396228	0.33082	0.269811	0.211153	0.15518	0.100611	0.051848	0.00196116	-0.0342253	-0.0561436	-0.0561436	
0.100473	0.13628	0.169753	0.224602	0.29732	0.393122	0.500984	0.610609	0.689168	0.713262	0.688263	0.631908	0.54282	0.40075	0.212682	0.0275907	-0.122672	-0.223571	-0.269731	-0.249888	-0.179694	-0.0741306	0.0657493	0.228271	0.403888	0.56643	0.706623	0.809638	0.883719	0.950338	0.996651	0.997644	0.954188	0.888511	0.81695	0.735722	0.646633	0.552037	0.450002	0.343087	0.243303	0.163897	0.107013	0.0624917	0.0190554	-0.0224475	-0.0581623	-0.0721052	-0.0781695	-0.0781695	
0.170931	0.233423	0.293404	0.366363	0.441061	0.523166	0.607972	0.684954	0.735153	0.743624	0.706492	0.637077	0.541895	0.410619	0.246485	0.0892622	-0.031318	-0.106666	-0.130888	-0.106722	-0.042374	0.0463478	0.160438	0.293506	0.428575	0.550843	0.660938	0.743794	0.808393	0.876362	0.937162	0.969993	0.965823	0.935781	0.885101	0.802636	0.691574	0.565543	0.425573	0.2794	0.14625	0.0439327	-0.0138447	-0.0490762	-0.0838345	-0.115015	-0.137825	-0.13585	-0.12919	-0.12919	
0.266995	0.349467	0.421558	0.492039	0.554602	0.614977	0.674137	0.719833	0.741805	0.732674	0.684662	0.610529	0.517749	0.405572	0.27567	0.152297	0.0584598	0.00440012	0.000121416	0.034994	0.0959406	0.172916	0.265323	0.362742	0.451971	0.533666	0.614021	0.6793	0.733494	0.798674	0.865472	0.919037	0.949324	0.951524	0.92242	0.84493	0.722374	0.572139	0.399749	0.217719	0.0511231	-0.0745862	-0.140948	-0.172209	-0.194039	-0.207392	-0.212495	-0.197193	-0.184366	-0.184366	
0.365727	0.455236	0.528497	0.59297	0.641691	0.678746	0.709044	0.722521	0.714279	0.683297	0.630624	0.557398	0.469605	0.374094	0.27949	0.198883	0.14665	0.127386	0.145593	0.187582	0.246271	0.311176	0.374482	0.433495	0.476323	0.519773	0.567484	0.613484	0.659757	0.718231	0.789212	0.85796	0.914765	0.944427	0.934032	0.861935	0.734382	0.565649	0.364287	0.153966	-0.0386373	-0.181438	-0.258751	-0.28976	-0.29331	-0.281254	-0.262399	-0.235413	-0.222152	-0.222152	
0.449123	0.534622	0.608517	0.66562	0.703579	0.71945	0.71663	0.695825	0.656646	0.609599	0.55141	0.479631	0.399484	0.320414	0.256918	0.226851	0.229337	0.255424	0.295283	0.347162	0.405261	0.456694	0.491747	0.507707	0.506851	0.510213	0.529468	0.555275	0.593349	0.648828	0.716481	0.793625	0.86878	0.918979	0.924252	0.858087	0.728184	0.543739	0.317445	0.088803	-0.115791	-0.263229	-0.345383	-0.375005	-0.360626	-0.323687	-0.283147	-0.253684	-0.24377	-0.24377	
0.529381	0.604892	0.666539	0.709287	0.73115	0.724733	0.694191	0.644435	0.586393	0.526677	0.462165	0.396216	0.330441	0.26906	0.23794	0.251654	0.301988	0.364337	0.424095	0.489587	0.549745	0.593606	0.607971	0.588193	0.55155	0.522211	0.512679	0.521993	0.547746	0.594459	0.654777	0.728351	0.809263	0.871346	0.885368	0.826572	0.700823	0.511673	0.279754	0.0469913	-0.151629	-0.299659	-0.388163	-0.419797	-0.400253	-0.34253	-0.287476	-0.253156	-0.244873	-0.244873	
0.598691	0.658207	0.706811	0.737233	0.738326	0.710734	0.656527	0.590159	0.515626	0.443324	0.376112	0.316539	0.261398	0.221158	0.223116	0.282658	0.374546	0.470297	0.552466	0.627722	0.687412	0.722952	0.72241	0.676814	0.610515	0.550758	0.514809	0.502167	0.512446	0.54636	0.597298	0.666727	0.749108	0.814952	0.832136	0.778729	0.656817	0.470863	0.25002	0.0326518	-0.15236	-0.288992	-0.381662	-0.418958	-0.397187	-0.338189	-0.277095	-0.23979	-0.231112	-0.231112	
0.654287	0.701132	0.738859	0.754383	0.737095	0.689333	0.619399	0.536555	0.448573	0.369253	0.300392	0.240507	0.196559	0.184392	0.226711	0.324823	0.449893	0.574096	0.679981	0.766379	0.818786	0.838186	0.823641	0.762725	0.675242	0.5898	0.529391	0.494006	0.480736	0.498409	0.545002	0.61394	0.697892	0.766911	0.785439	0.733491	0.613786	0.438997	0.23705	0.0464055	-0.113226	-0.239963	-0.32828	-0.367785	-0.357876	-0.311784	-0.262703	-0.232589	-0.221962	-0.221962	
0.708635	0.738763	0.753003	0.747347	0.707454	0.644378	0.567724	0.480819	0.387093	0.29843	0.226102	0.176564	0.154152	0.174613	0.251794	0.379086	0.522465	0.658136	0.783878	0.876833	0.920672	0.926988	0.904027	0.838881	0.742115	0.640871	0.562369	0.504249	0.470361	0.475724	0.517256	0.586921	0.664403	0.724057	0.735407	0.686239	0.575299	0.423261	0.260068	0.103151	-0.0324284	-0.152198	-0.244735	-0.293336	-0.301897	-0.280495	-0.251401	-0.228119	-0.216282	-0.216282	
0.734553	0.743257	0.736364	0.708944	0.653404	0.581019	0.507159	0.422329	0.329082	0.237807	0.166938	0.129352	0.131592	0.183727	0.289161	0.429813	0.579423	0.723217	0.85638	0.949991	0.986322	0.982931	0.956255	0.897378	0.802115	0.696896	0.604517	0.533251	0.487677	0.48724	0.53162	0.592406	0.653236	0.689958	0.684554	0.634286	0.5373	0.415553	0.291805	0.175446	0.0635119	-0.0482241	-0.140507	-0.198722	-0.225516	-0.231599	-0.228326	-0.219459	-0.212197	-0.212197	
0.714907	0.710075	0.692777	0.654544	0.590295	0.515321	0.44034	0.361086	0.277411	0.194712	0.134002	0.111539	0.135455	0.206595	0.320993	0.467876	0.622459	0.764151	0.892593	0.977974	1.0107	1.00241	0.972606	0.924974	0.844426	0.747732	0.654629	0.574864	0.52702	0.524357	0.562259	0.61378	0.649203	0.655869	0.633083	0.579692	0.496436	0.405034	0.318377	0.241086	0.158494	0.0639277	-0.0234022	-0.0877584	-0.128967	-0.161708	-0.185001	-0.199996	-0.206002	-0.206002	
0.666857	0.65872	0.635223	0.589377	0.522659	0.441785	0.368047	0.300885	0.237972	0.171858	0.122258	0.114797	0.15653	0.235084	0.346652	0.48555	0.634479	0.768585	0.880443	0.957124	0.988757	0.983626	0.960488	0.927153	0.868073	0.789008	0.704254	0.630243	0.586955	0.583801	0.608811	0.632012	0.630839	0.602323	0.557729	0.506162	0.446501	0.387911	0.339226	0.300859	0.24875	0.170407	0.0872505	0.0151031	-0.0393381	-0.0833529	-0.123455	-0.158	-0.177234	-0.177234	
0.592099	0.592265	0.57197	0.525423	0.454554	0.376336	0.314165	0.264667	0.216114	0.165363	0.133766	0.137923	0.181751	0.257605	0.362497	0.490982	0.624616	0.740985	0.832987	0.899014	0.935747	0.942168	0.930109	0.91114	0.873855	0.817978	0.75034	0.691644	0.658439	0.647172	0.646169	0.632463	0.588989	0.52462	0.463303	0.416198	0.380009	0.352762	0.340322	0.337346	0.315994	0.260668	0.181619	0.102977	0.0426338	-0.00814377	-0.0584612	-0.106457	-0.142068	-0.142068	
0.488913	0.507815	0.502658	0.467034	0.404134	0.338732	0.287496	0.250272	0.215697	0.184564	0.165329	0.167611	0.202477	0.266712	0.36027	0.476421	0.595827	0.701848	0.780178	0.83718	0.87106	0.883555	0.887656	0.884656	0.870223	0.838062	0.795205	0.753941	0.724599	0.698329	0.664062	0.610751	0.530168	0.4389	0.363563	0.316717	0.295758	0.291193	0.305782	0.336207	0.345686	0.314427	0.245564	0.164837	0.0991851	0.0453172	-0.00808671	-0.0669631	-0.110679	-0.110679	
0.367982	0.412924	0.431047	0.417705	0.372916	0.324506	0.286475	0.259172	0.236298	0.218599	0.209682	0.207067	0.221465	0.265267	0.347887	0.451317	0.553093	0.645866	0.714758	0.759882	0.787383	0.807673	0.830152	0.848577	0.858545	0.851312	0.834623	0.812591	0.785051	0.741155	0.673317	0.583195	0.468834	0.353768	0.263544	0.212591	0.199283	0.211202	0.250018	0.302513	0.335817	0.321038	0.260228	0.181141	0.109074	0.0547616	0.000255629	-0.0593332	-0.103698	-0.103698	
0.236669	0.316628	0.366213	0.381299	0.3614	0.335107	0.309738	0.290302	0.275038	0.263046	0.256363	0.246389	0.241438	0.268924	0.337885	0.423391	0.506828	0.585231	0.641076	0.674842	0.695946	0.722562	0.766813	0.805896	0.835245	0.849473	0.854387	0.849397	0.825695	0.76888	0.67558	0.553691	0.413501	0.27978	0.172853	0.114062	0.0995408	0.11781	0.170229	0.232637	0.275708	0.272653	0.220485	0.144653	0.072008	0.0141563	-0.0413686	-0.0925294	-0.133723	-0.133723	
0.0927185	0.215875	0.304186	0.358843	0.375578	0.369902	0.349358	0.333239	0.319878	0.310671	0.301293	0.28154	0.268257	0.28665	0.342215	0.415047	0.48549	0.545727	0.585544	0.606223	0.621116	0.649829	0.704339	0.761558	0.809551	0.836591	0.850727	0.850174	0.824938	0.759847	0.652056	0.515404	0.3621	0.214631	0.0953446	0.0199337	-0.00620305	0.0104353	0.0583404	0.120285	0.165604	0.170588	0.132354	0.0681091	-0.00245772	-0.0642691	-0.119706	-0.170168	-0.202967	-0.202967	
-0.039332	0.117913	0.247335	0.347805	0.397684	0.408119	0.398828	0.384588	0.3714	0.356137	0.342015	0.323945	0.313733	0.327449	0.373049	0.437505	0.495963	0.533613	0.556244	0.563721	0.569967	0.597017	0.654627	0.723306	0.782313	0.814454	0.826157	0.82094	0.791254	0.72294	0.609263	0.463299	0.302207	0.147663	0.0143237	-0.0738029	-0.111687	-0.10727	-0.0706643	-0.0229884	0.0184886	0.0278008	0.00412521	-0.045697	-0.109368	-0.168982	-0.229413	-0.276564	-0.307293	-0.307293	
-0.149076	0.0342205	0.197268	0.32697	0.403017	0.439479	0.447652	0.434663	0.417044	0.401715	0.386437	0.377458	0.380956	0.401677	0.444634	0.498363	0.537347	0.554072	0.560326	0.560927	0.564666	0.583124	0.629247	0.698031	0.760177	0.789747	0.792974	0.776065	0.736191	0.661896	0.543277	0.392174	0.229357	0.0675925	-0.0702818	-0.165614	-0.214406	-0.221104	-0.203452	-0.1733	-0.142944	-0.130909	-0.145859	-0.184281	-0.235051	-0.293172	-0.356082	-0.407052	-0.440593	-0.440593	
-0.250867	-0.0452433	0.143243	0.291147	0.394471	0.46045	0.484967	0.477531	0.459319	0.442378	0.432664	0.43588	0.452079	0.480786	0.523519	0.564579	0.587587	0.595463	0.599055	0.597827	0.594214	0.597413	0.627548	0.68662	0.740394	0.763205	0.756049	0.724575	0.672561	0.593944	0.476466	0.330541	0.169943	0.00730729	-0.132261	-0.240792	-0.30372	-0.329757	-0.339561	-0.327095	-0.306461	-0.296234	-0.300995	-0.326733	-0.365577	-0.414804	-0.480871	-0.542084	-0.581595	-0.581595	
-0.340559	-0.116377	0.0868071	0.252988	0.376844	0.459488	0.495834	0.493929	0.47589	0.463837	0.468172	0.485782	0.51211	0.549021	0.587465	0.614682	0.627979	0.632581	0.635594	0.633549	0.620445	0.608779	0.625272	0.674824	0.720356	0.736814	0.723612	0.678293	0.610695	0.525007	0.412552	0.279302	0.130479	-0.0234616	-0.161105	-0.276436	-0.356122	-0.406452	-0.438419	-0.448312	-0.443566	-0.438543	-0.443449	-0.461245	-0.484871	-0.524122	-0.590187	-0.65605	-0.704749	-0.704749	
-0.408461	-0.180755	0.0299701	0.206322	0.344045	0.434635	0.477139	0.475339	0.452941	0.450267	0.466044	0.491458	0.528815	0.575369	0.6122	0.633333	0.64423	0.653973	0.656584	0.649582	0.624315	0.603396	0.613272	0.648277	0.682992	0.696438	0.679649	0.629019	0.549384	0.456028	0.35038	0.23106	0.101814	-0.0344395	-0.15878	-0.274027	-0.363502	-0.43031	-0.482271	-0.510686	-0.526875	-0.538072	-0.549147	-0.562946	-0.574056	-0.597144	-0.652797	-0.715433	-0.764544	-0.764544	
-0.449149	-0.235967	-0.0309203	0.15024	0.28478	0.373974	0.413056	0.41106	0.388403	0.382889	0.396822	0.430979	0.482743	0.533642	0.572751	0.608267	0.63508	0.651121	0.65464	0.639476	0.606029	0.57762	0.577278	0.601066	0.626079	0.631562	0.615188	0.562158	0.473687	0.376516	0.277498	0.177856	0.0717094	-0.0390276	-0.143039	-0.248977	-0.338834	-0.41068	-0.467988	-0.509241	-0.54091	-0.567019	-0.587869	-0.596847	-0.597109	-0.604804	-0.642286	-0.694668	-0.737308	-0.737308	
-0.445173	-0.258145	-0.0750475	0.0822063	0.19539	0.264499	0.29062	0.281755	0.259373	0.254046	0.270892	0.313987	0.370615	0.423152	0.476789	0.535319	0.583431	0.613298	0.611704	0.589165	0.554517	0.525739	0.519887	0.531456	0.542264	0.538473	0.519348	0.465775	0.375702	0.276777	0.181923	0.0964924	0.0181249	-0.0586487	-0.130834	-0.207699	-0.278893	-0.340395	-0.389268	-0.429816	-0.469234	-0.506915	-0.535243	-0.545719	-0.542105	-0.537351	-0.558782	-0.595323	-0.62742	-0.62742	
-0.399282	-0.250393	-0.108803	0.0092334	0.0855146	0.117665	0.11265	0.0913287	0.0675061	0.0628552	0.0856722	0.135959	0.193195	0.251396	0.321982	0.402815	0.475085	0.516291	0.518554	0.503644	0.477697	0.450256	0.438949	0.436578	0.430747	0.414013	0.386005	0.332891	0.248152	0.153545	0.0672967	0.000127702	-0.0507785	-0.088349	-0.11477	-0.148548	-0.184855	-0.220961	-0.253386	-0.285593	-0.32517	-0.370124	-0.407363	-0.422178	-0.415908	-0.403267	-0.407918	-0.424401	-0.445391	-0.445391	
-0.333868	-0.230823	-0.138303	-0.0642315	-0.0330916	-0.0498026	-0.0951311	-0.139419	-0.170075	-0.171698	-0.143004	-0.0938967	-0.0345385	0.0347591	0.115361	0.21074	0.303845	0.360717	0.377737	0.377563	0.365539	0.346795	0.332411	0.315538	0.294171	0.264984	0.22932	0.177559	0.102467	0.0195173	-0.0532808	-0.102576	-0.121181	-0.110045	-0.0837853	-0.0629677	-0.059432	-0.0731761	-0.0912759	-0.113225	-0.148362	-0.194408	-0.234277	-0.249967	-0.239664	-0.216487	-0.201334	-0.199629	-0.205115	-0.205115	
