1.04186	1.04955	1.0702	1.11011	1.17738	1.26249	1.37048	1.51038	1.66264	1.80372	1.89982	1.92885	1.8603	1.6811	1.38868	1.03219	0.660906	0.310497	0.034734	-0.149457	-0.251723	-0.283942	-0.247315	-0.166221	-0.0572863	0.0666316	0.158091	0.182864	0.151137	0.089106	0.0217497	-0.0265918	-0.0569213	-0.0608196	-0.0426552	-0.0326141	-0.0301759	-0.0469358	-0.0812371	-0.10226	-0.109698	-0.103705	-0.0871113	-0.0829701	-0.100196	-0.12267	-0.126997	-0.111711	-0.0966172	-0.0966172	
1.04186	1.04955	1.0702	1.11011	1.17738	1.26249	1.37048	1.51038	1.66264	1.80372	1.89982	1.92885	1.8603	1.6811	1.38868	1.03219	0.660906	0.310497	0.034734	-0.149457	-0.251723	-0.283942	-0.247315	-0.166221	-0.0572863	0.0666316	0.158091	0.182864	0.151137	0.089106	0.0217497	-0.0265918	-0.0569213	-0.0608196	-0.0426552	-0.0326141	-0.0301759	-0.0469358	-0.0812371	-0.10226	-0.109698	-0.103705	-0.0871113	-0.0829701	-0.100196	-0.12267	-0.126997	-0.111711	-0.0966172	-0.0966172	
0.966938	0.978993	1.00255	1.04733	1.11781	1.20789	1.32068	1.4647	1.62191	1.76671	1.86921	1.90237	1.84025	1.66701	1.38168	1.03253	0.666223	0.322261	0.0500399	-0.131336	-0.231174	-0.261216	-0.222957	-0.141011	-0.0302533	0.0932721	0.184798	0.210916	0.179102	0.117973	0.0497978	-0.000860479	-0.0309852	-0.0372593	-0.0221228	-0.0122331	-0.0126821	-0.0316152	-0.0660063	-0.0899947	-0.0994717	-0.0936368	-0.0785817	-0.0764754	-0.0953503	-0.11763	-0.120145	-0.106066	-0.0948884	-0.0948884	
0.823631	0.841426	0.873754	0.924976	1.00337	1.10092	1.22314	1.37507	1.5387	1.69265	1.80236	1.84554	1.79203	1.62994	1.35842	1.02105	0.667444	0.334316	0.071826	-0.103193	-0.197236	-0.221381	-0.180712	-0.0957281	0.0159408	0.139566	0.230641	0.258034	0.230984	0.170599	0.103619	0.0532211	0.0192264	0.0102114	0.0201512	0.0240068	0.0210919	0.000243164	-0.0363538	-0.06191	-0.0742489	-0.0737708	-0.0634389	-0.0630223	-0.0809325	-0.103553	-0.11087	-0.0987939	-0.0836512	-0.0836512	
0.626829	0.653105	0.691145	0.751551	0.83621	0.943453	1.07596	1.23596	1.4095	1.57153	1.69464	1.74782	1.70916	1.56189	1.30915	0.99081	0.651786	0.336065	0.0842403	-0.0818146	-0.16824	-0.185101	-0.138208	-0.0489881	0.0691231	0.194329	0.287545	0.321328	0.29781	0.241969	0.176337	0.122707	0.0897765	0.0765637	0.079755	0.0828585	0.0741108	0.0487639	0.0116341	-0.0207505	-0.0382057	-0.0396146	-0.0344002	-0.0391862	-0.0602669	-0.0824866	-0.0871491	-0.0787146	-0.0721628	-0.0721628	
0.398087	0.429446	0.475959	0.543042	0.634182	0.749818	0.892033	1.06003	1.24017	1.41126	1.54353	1.60837	1.5821	1.45091	1.21929	0.921313	0.602571	0.305581	0.0705536	-0.0841033	-0.159411	-0.164546	-0.110974	-0.0130319	0.11086	0.239202	0.336965	0.3778	0.36548	0.317371	0.257782	0.207912	0.174577	0.159297	0.156614	0.153902	0.141526	0.113356	0.0743585	0.039818	0.0178154	0.0087481	0.00677191	-0.00240012	-0.0242874	-0.0469195	-0.0569908	-0.0521704	-0.0426704	-0.0426704	
0.166434	0.201689	0.251152	0.321604	0.415122	0.535295	0.683884	0.855261	1.03938	1.21523	1.35499	1.42834	1.4147	1.29793	1.08872	0.812551	0.513725	0.238071	0.0175293	-0.124205	-0.189009	-0.183391	-0.119194	-0.0124947	0.12194	0.257286	0.362223	0.417509	0.419137	0.383389	0.334737	0.289485	0.260545	0.245837	0.239501	0.236617	0.222125	0.193148	0.154749	0.115382	0.0889861	0.0751814	0.0647182	0.0497129	0.0274136	0.00600124	-0.00531126	-0.00630423	-0.00376715	-0.00376715	
-0.0405719	-0.00606422	0.0437348	0.11479	0.205558	0.32747	0.477242	0.647631	0.831306	1.00561	1.14792	1.2246	1.21803	1.11283	0.920873	0.665341	0.385045	0.127101	-0.0774964	-0.20928	-0.263931	-0.246606	-0.174279	-0.0556507	0.0891183	0.230776	0.347248	0.418123	0.437538	0.421014	0.387941	0.353753	0.335427	0.32587	0.320126	0.320205	0.306659	0.277972	0.242731	0.20535	0.177119	0.158753	0.143582	0.123529	0.098255	0.0773649	0.0647224	0.0601711	0.0607162	0.0607162	
-0.199511	-0.16866	-0.12053	-0.0548981	0.0310694	0.149019	0.295442	0.460644	0.63645	0.80603	0.942063	1.01791	1.01334	0.91265	0.736159	0.495483	0.23129	-0.0117423	-0.206439	-0.329769	-0.379073	-0.355925	-0.276114	-0.14992	0.00228777	0.151658	0.277745	0.366917	0.409732	0.414531	0.403809	0.387435	0.380459	0.380685	0.381652	0.386699	0.380826	0.362278	0.33496	0.303109	0.27828	0.257041	0.234797	0.212695	0.194367	0.178893	0.16191	0.151115	0.149668	0.149668	
-0.29891	-0.273575	-0.23152	-0.171794	-0.0950373	0.0169065	0.156285	0.311246	0.47837	0.635432	0.763104	0.8323	0.824536	0.725977	0.556688	0.32909	0.0753767	-0.159767	-0.348387	-0.471418	-0.521639	-0.498051	-0.417636	-0.286992	-0.12994	0.0219114	0.157781	0.264046	0.325589	0.354889	0.367464	0.368741	0.381234	0.396802	0.409281	0.429146	0.43572	0.427161	0.412982	0.39488	0.379023	0.363019	0.345104	0.325076	0.308613	0.29789	0.285752	0.27479	0.269123	0.269123	
-0.339002	-0.320903	-0.283459	-0.232166	-0.164122	-0.0598324	0.0700619	0.214961	0.368474	0.512606	0.625434	0.685146	0.670189	0.567729	0.403259	0.183026	-0.0624507	-0.293417	-0.481047	-0.606982	-0.663837	-0.647536	-0.572541	-0.445284	-0.29376	-0.145335	-0.00720362	0.10929	0.19014	0.241804	0.278973	0.303622	0.332346	0.363368	0.391445	0.423979	0.448269	0.461637	0.468431	0.472532	0.474459	0.466891	0.452964	0.441081	0.441783	0.445574	0.434789	0.421585	0.417317	0.417317	
-0.323562	-0.313518	-0.28327	-0.2414	-0.182324	-0.0874363	0.0321626	0.165289	0.305945	0.435108	0.533229	0.582391	0.559667	0.453748	0.291654	0.0788358	-0.160842	-0.390463	-0.581525	-0.716069	-0.785993	-0.784985	-0.721583	-0.604994	-0.464441	-0.325091	-0.190767	-0.0695407	0.0215215	0.0892744	0.145642	0.186945	0.231077	0.278626	0.324024	0.375106	0.420007	0.45441	0.48489	0.516337	0.542797	0.554516	0.557166	0.561809	0.579305	0.597337	0.597521	0.590295	0.586212	0.586212	
-0.262794	-0.261027	-0.238784	-0.20502	-0.155111	-0.069489	0.0399621	0.161271	0.290037	0.40319	0.486078	0.524167	0.491377	0.382845	0.220827	0.0150377	-0.217391	-0.446846	-0.639593	-0.783603	-0.868548	-0.884383	-0.838387	-0.738076	-0.615832	-0.494839	-0.371977	-0.255586	-0.16174	-0.0822676	-0.0110842	0.0439235	0.0987476	0.157355	0.214966	0.279222	0.343344	0.400827	0.459353	0.524851	0.581001	0.614554	0.636483	0.662867	0.705543	0.746064	0.760217	0.759366	0.757766	0.757766	
-0.158083	-0.166747	-0.152589	-0.129809	-0.0882753	-0.013521	0.0833887	0.194385	0.308499	0.407244	0.47508	0.500728	0.461459	0.349254	0.190371	-0.00682794	-0.232225	-0.456344	-0.652806	-0.805888	-0.905218	-0.942974	-0.914484	-0.833937	-0.734763	-0.631891	-0.525758	-0.421175	-0.328449	-0.245857	-0.168408	-0.104601	-0.0469336	0.0162391	0.0842704	0.157911	0.235205	0.313068	0.397347	0.492003	0.578339	0.638759	0.681866	0.732277	0.803546	0.867153	0.895805	0.904218	0.908037	0.908037	
-0.0200747	-0.0367246	-0.0333205	-0.0187982	0.01405	0.076415	0.162542	0.259977	0.361874	0.444209	0.496766	0.511085	0.46127	0.34941	0.191875	0.00288522	-0.210916	-0.430514	-0.625798	-0.785735	-0.900222	-0.954772	-0.945976	-0.887388	-0.808785	-0.728537	-0.641478	-0.550047	-0.465481	-0.382038	-0.300116	-0.234769	-0.177294	-0.112935	-0.0441676	0.0328256	0.118749	0.207382	0.309929	0.430674	0.542038	0.622527	0.685958	0.761048	0.852824	0.932231	0.978337	0.99876	1.00548	1.00548	
0.138934	0.115086	0.111523	0.118198	0.144142	0.195347	0.269245	0.355771	0.443133	0.510031	0.548932	0.548031	0.490759	0.376871	0.221512	0.0422627	-0.162641	-0.371282	-0.565098	-0.73125	-0.855048	-0.92768	-0.936448	-0.897802	-0.842313	-0.780846	-0.713216	-0.639678	-0.560579	-0.477697	-0.395155	-0.325368	-0.269347	-0.209752	-0.142852	-0.0688087	0.0135041	0.106388	0.222461	0.356313	0.481942	0.576973	0.647259	0.730374	0.837834	0.93303	0.987535	1.01058	1.0201	1.0201	
0.296207	0.271899	0.262905	0.267001	0.288324	0.329958	0.393956	0.469199	0.543001	0.59566	0.621061	0.606274	0.540642	0.426437	0.27578	0.104546	-0.0870358	-0.283215	-0.47343	-0.642034	-0.77699	-0.863602	-0.890681	-0.874712	-0.836959	-0.794001	-0.744525	-0.683971	-0.611011	-0.527518	-0.442449	-0.371063	-0.316055	-0.260054	-0.197896	-0.128739	-0.0528183	0.035657	0.150942	0.283387	0.409	0.50207	0.570238	0.656656	0.759682	0.845161	0.900625	0.928251	0.937878	0.937878	
0.423054	0.404207	0.397426	0.40352	0.425761	0.461237	0.519849	0.586344	0.648774	0.690272	0.704159	0.676923	0.603073	0.490251	0.344419	0.182003	0.00424971	-0.176795	-0.358969	-0.528774	-0.669007	-0.765894	-0.809861	-0.812819	-0.792621	-0.765972	-0.734614	-0.68926	-0.620669	-0.536083	-0.446603	-0.368281	-0.30907	-0.254437	-0.199525	-0.14022	-0.0784857	-0.00374192	0.103376	0.224922	0.337618	0.41666	0.464178	0.527432	0.611817	0.685677	0.731014	0.748245	0.753652	0.753652	
0.504657	0.498982	0.499356	0.514677	0.540483	0.576312	0.630982	0.691094	0.743434	0.774236	0.779999	0.738873	0.660138	0.549049	0.411323	0.261131	0.0994485	-0.0598726	-0.22961	-0.395605	-0.53683	-0.640506	-0.699828	-0.720733	-0.714542	-0.702317	-0.6852	-0.650891	-0.585268	-0.496636	-0.403974	-0.320489	-0.255428	-0.204837	-0.157655	-0.10725	-0.0639155	-0.00662895	0.0832989	0.176214	0.259328	0.312726	0.333818	0.368388	0.417921	0.459829	0.487214	0.494174	0.492261	0.492261	
0.530081	0.543882	0.559314	0.587904	0.624112	0.663749	0.720076	0.776383	0.819307	0.844245	0.839101	0.788055	0.702315	0.591936	0.46473	0.323781	0.182077	0.0456996	-0.106944	-0.261702	-0.398454	-0.500945	-0.568766	-0.601952	-0.604054	-0.601095	-0.596938	-0.571298	-0.507153	-0.417922	-0.320349	-0.229429	-0.159778	-0.111004	-0.0752575	-0.0441704	-0.0245278	0.00647629	0.0665887	0.127571	0.17841	0.197481	0.182563	0.179119	0.190631	0.200517	0.204034	0.197388	0.191993	0.191993	
0.507243	0.544875	0.580192	0.627679	0.677802	0.728786	0.790229	0.844654	0.881889	0.898903	0.884401	0.821561	0.726053	0.615745	0.493721	0.364206	0.240843	0.127246	-0.00141481	-0.142775	-0.267421	-0.362343	-0.435073	-0.471695	-0.476564	-0.478724	-0.478646	-0.456108	-0.392001	-0.298676	-0.198287	-0.104558	-0.0308864	0.0103087	0.0271546	0.0353252	0.0254964	0.0232471	0.0477662	0.0671391	0.0752251	0.0616103	0.0194327	-0.0212755	-0.0501118	-0.0670443	-0.0784583	-0.097387	-0.112564	-0.112564	
0.441472	0.505438	0.565012	0.634699	0.704897	0.773045	0.845794	0.903463	0.938475	0.950523	0.926326	0.851472	0.745362	0.628133	0.509041	0.3866	0.276955	0.185664	0.0780607	-0.0446242	-0.153579	-0.239623	-0.308329	-0.344538	-0.347624	-0.347924	-0.348726	-0.323449	-0.255933	-0.160232	-0.0564562	0.0407283	0.113763	0.143777	0.138721	0.114722	0.0683236	0.0291945	0.0123357	-0.0109785	-0.0415482	-0.0858453	-0.15309	-0.220606	-0.275359	-0.314413	-0.341142	-0.363517	-0.376357	-0.376357	
0.340937	0.428727	0.513175	0.605858	0.699158	0.791996	0.88155	0.951041	0.990642	1.00415	0.973088	0.891921	0.774217	0.649057	0.528553	0.408705	0.310222	0.231753	0.144643	0.0389342	-0.0562906	-0.131095	-0.196534	-0.227546	-0.226893	-0.225345	-0.22132	-0.19203	-0.122429	-0.0265518	0.0770165	0.174852	0.24339	0.262325	0.234811	0.176236	0.097602	0.0216773	-0.0407163	-0.102279	-0.16476	-0.232321	-0.312852	-0.398473	-0.472894	-0.522395	-0.552566	-0.576494	-0.591528	-0.591528	
0.215523	0.32178	0.427373	0.540137	0.659484	0.778321	0.892891	0.979295	1.03501	1.05449	1.02503	0.943233	0.8175	0.686491	0.560631	0.445708	0.352755	0.285431	0.216036	0.126665	0.0468621	-0.0222827	-0.0824407	-0.112125	-0.114382	-0.11477	-0.11326	-0.0830972	-0.0179482	0.0716143	0.17322	0.266671	0.329308	0.337924	0.288112	0.201446	0.096028	-0.00914862	-0.100673	-0.190176	-0.277931	-0.356186	-0.441282	-0.538181	-0.622013	-0.676161	-0.708458	-0.731851	-0.747147	-0.747147	
0.0814706	0.19628	0.314307	0.441305	0.579315	0.724235	0.86167	0.973012	1.05033	1.08463	1.06746	0.993692	0.872442	0.7399	0.615511	0.507796	0.422017	0.364921	0.309876	0.237794	0.168701	0.10283	0.0438709	0.0107369	-0.00111655	-0.0134607	-0.0198083	-0.000965455	0.0480873	0.120471	0.205317	0.288933	0.340371	0.338229	0.279727	0.176788	0.0582308	-0.0581595	-0.16796	-0.2711	-0.363851	-0.444432	-0.529154	-0.623244	-0.708303	-0.769326	-0.805623	-0.827831	-0.841966	-0.841966	
-0.04934	0.0666285	0.18856	0.320057	0.471373	0.633825	0.792703	0.929016	1.03124	1.08653	1.08808	1.03289	0.924197	0.799593	0.682853	0.587261	0.514066	0.469509	0.431059	0.379029	0.322064	0.258543	0.199745	0.15618	0.123729	0.0886219	0.057471	0.0503943	0.0689365	0.108129	0.16942	0.235153	0.271924	0.265883	0.203267	0.0961605	-0.0189093	-0.133329	-0.241911	-0.340724	-0.425324	-0.493668	-0.570093	-0.659454	-0.739018	-0.797315	-0.835131	-0.860454	-0.8764	-0.8764	
-0.163618	-0.0556397	0.0628656	0.192558	0.347754	0.51693	0.68965	0.845876	0.971025	1.04748	1.07368	1.04286	0.956959	0.852092	0.752282	0.678484	0.625993	0.600806	0.583292	0.55295	0.508292	0.446593	0.381986	0.319714	0.257027	0.186031	0.119235	0.0731442	0.0486879	0.0483504	0.07614	0.116822	0.139731	0.129517	0.0714888	-0.0245499	-0.128697	-0.229517	-0.320882	-0.404779	-0.472367	-0.523423	-0.583277	-0.651881	-0.717769	-0.771038	-0.802697	-0.825472	-0.843848	-0.843848	
-0.268917	-0.169506	-0.0597007	0.0652039	0.215359	0.383466	0.561174	0.730805	0.872366	0.968212	1.02101	1.01579	0.962263	0.885253	0.814313	0.769772	0.74648	0.750231	0.756104	0.749992	0.717788	0.65727	0.582535	0.493392	0.391991	0.276337	0.163286	0.0669897	-0.00576284	-0.0494779	-0.0594944	-0.0425776	-0.0306361	-0.0416369	-0.0859113	-0.162261	-0.251322	-0.334084	-0.405765	-0.4719	-0.514948	-0.543584	-0.585927	-0.626939	-0.660883	-0.692986	-0.716987	-0.735682	-0.74664	-0.74664	
-0.357632	-0.274076	-0.174739	-0.0575068	0.085088	0.244888	0.420296	0.596138	0.743611	0.856603	0.928257	0.949048	0.927073	0.885026	0.850919	0.840172	0.857719	0.897017	0.935093	0.954883	0.937483	0.881088	0.790147	0.668231	0.520367	0.352949	0.184559	0.0323242	-0.087536	-0.17263	-0.21406	-0.216228	-0.210588	-0.213589	-0.241529	-0.29812	-0.369537	-0.436139	-0.489476	-0.534489	-0.555038	-0.563434	-0.580152	-0.586806	-0.588651	-0.593303	-0.595737	-0.603331	-0.610207	-0.610207	
-0.418235	-0.354386	-0.269574	-0.161946	-0.0312786	0.113844	0.283223	0.453183	0.600297	0.72014	0.804113	0.843183	0.848343	0.843515	0.847479	0.876247	0.938126	1.02143	1.0964	1.14257	1.14301	1.09078	0.982382	0.824002	0.630664	0.411544	0.188123	-0.0145464	-0.177248	-0.293382	-0.361448	-0.382928	-0.377486	-0.37444	-0.386119	-0.416083	-0.471875	-0.523765	-0.553775	-0.577722	-0.581659	-0.57398	-0.567517	-0.541679	-0.50826	-0.48181	-0.465042	-0.46585	-0.471188	-0.471188	
-0.437953	-0.397328	-0.332587	-0.237676	-0.122992	0.00889677	0.167509	0.327638	0.469273	0.590317	0.678247	0.725728	0.747663	0.770712	0.804926	0.865196	0.965678	1.08885	1.20073	1.27189	1.2937	1.25326	1.1325	0.948975	0.719984	0.458084	0.189181	-0.0589493	-0.254529	-0.395897	-0.488482	-0.522887	-0.519609	-0.509228	-0.501442	-0.511402	-0.54841	-0.581841	-0.59508	-0.597079	-0.582078	-0.560956	-0.535594	-0.486644	-0.426923	-0.379768	-0.35864	-0.357225	-0.354478	-0.354478	
-0.406092	-0.390667	-0.347137	-0.269075	-0.170959	-0.0528687	0.0921903	0.240277	0.373683	0.491222	0.575899	0.621766	0.648382	0.683388	0.733172	0.81189	0.934015	1.08767	1.22736	1.31956	1.36549	1.33854	1.21832	1.0228	0.773408	0.48724	0.185237	-0.0908527	-0.305978	-0.465509	-0.573273	-0.621039	-0.623284	-0.606097	-0.585949	-0.578684	-0.594017	-0.608031	-0.598337	-0.576288	-0.550716	-0.522505	-0.485625	-0.428575	-0.361509	-0.306731	-0.280573	-0.281361	-0.288235	-0.288235	
-0.343991	-0.346583	-0.321654	-0.263525	-0.181533	-0.0773032	0.0556687	0.191112	0.319766	0.434249	0.514469	0.557957	0.57876	0.611887	0.659946	0.736499	0.858738	1.01868	1.16898	1.27421	1.33773	1.32977	1.2237	1.0352	0.790536	0.498115	0.183085	-0.10257	-0.330007	-0.500819	-0.619277	-0.680297	-0.688178	-0.663895	-0.630709	-0.604718	-0.593905	-0.585813	-0.558294	-0.520761	-0.493005	-0.469703	-0.435385	-0.380527	-0.31387	-0.260285	-0.238975	-0.247387	-0.262387	-0.262387	
-0.272389	-0.279473	-0.268808	-0.226656	-0.158206	-0.0632497	0.0553229	0.180017	0.305853	0.414701	0.493717	0.530928	0.542123	0.559406	0.589283	0.647741	0.745908	0.890488	1.03426	1.14377	1.22314	1.23785	1.16029	1.00155	0.779159	0.496637	0.185797	-0.101627	-0.334925	-0.512941	-0.639773	-0.705141	-0.712991	-0.679422	-0.628349	-0.582047	-0.548441	-0.520267	-0.480627	-0.443507	-0.42424	-0.406998	-0.38373	-0.346792	-0.293174	-0.248473	-0.234152	-0.243817	-0.256864	-0.256864	
-0.203328	-0.206494	-0.197877	-0.164895	-0.102768	-0.015475	0.0894017	0.205715	0.322985	0.4238	0.496066	0.524919	0.52033	0.510274	0.512313	0.538383	0.599789	0.712528	0.837583	0.948975	1.04215	1.08329	1.04809	0.934185	0.747848	0.489918	0.193078	-0.085622	-0.317904	-0.502035	-0.627811	-0.691824	-0.700527	-0.656353	-0.591827	-0.531081	-0.47571	-0.428223	-0.38227	-0.351849	-0.343495	-0.344022	-0.345911	-0.327691	-0.289636	-0.258306	-0.244634	-0.254795	-0.276603	-0.276603	
-0.145247	-0.13253	-0.116003	-0.0839816	-0.0189251	0.0661372	0.164133	0.272688	0.375902	0.461608	0.517998	0.529009	0.498697	0.450758	0.41537	0.399871	0.418041	0.49051	0.590172	0.702177	0.807232	0.878789	0.894775	0.837263	0.702309	0.48236	0.215845	-0.0421265	-0.269401	-0.452155	-0.576327	-0.64082	-0.648611	-0.604813	-0.535423	-0.461882	-0.395328	-0.33623	-0.289043	-0.2734	-0.275852	-0.285856	-0.30448	-0.306656	-0.292673	-0.275986	-0.26415	-0.277796	-0.304236	-0.304236	
-0.0965033	-0.063648	-0.0346189	0.0101459	0.0883078	0.178728	0.28193	0.385951	0.474801	0.538641	0.565561	0.545627	0.471022	0.375314	0.289195	0.223778	0.200525	0.229732	0.30848	0.420365	0.537621	0.644238	0.70991	0.713929	0.636463	0.465037	0.244236	0.0174407	-0.190084	-0.358812	-0.474865	-0.534098	-0.54641	-0.517418	-0.460351	-0.395291	-0.333617	-0.272426	-0.227369	-0.219035	-0.223536	-0.235968	-0.265106	-0.286752	-0.292978	-0.289343	-0.288875	-0.302862	-0.314507	-0.314507	
-0.0537725	-0.00261503	0.0467001	0.113276	0.204501	0.307896	0.424039	0.52904	0.605327	0.641803	0.634718	0.567373	0.439872	0.289461	0.143094	0.030757	-0.0342203	-0.0379673	0.0237466	0.128282	0.258303	0.38962	0.495513	0.55589	0.534096	0.426031	0.266488	0.085926	-0.0816742	-0.222452	-0.325782	-0.381404	-0.405363	-0.405378	-0.376443	-0.32997	-0.282945	-0.231579	-0.193658	-0.190208	-0.194997	-0.209416	-0.245279	-0.276974	-0.294719	-0.296802	-0.292494	-0.301161	-0.312358	-0.312358	
-0.0214221	0.0493938	0.122693	0.211187	0.316353	0.436012	0.567968	0.676371	0.742172	0.756739	0.713155	0.59432	0.41337	0.20444	-0.000263405	-0.162846	-0.26648	-0.29386	-0.251231	-0.154204	-0.0163083	0.133832	0.274807	0.378728	0.413757	0.375374	0.277384	0.151254	0.0299598	-0.0792248	-0.162436	-0.213884	-0.250249	-0.274147	-0.277158	-0.259317	-0.23077	-0.198143	-0.178854	-0.182079	-0.18814	-0.204927	-0.243395	-0.281127	-0.3012	-0.297336	-0.283939	-0.279864	-0.279173	-0.279173	
0.00948467	0.0953673	0.193186	0.306222	0.424297	0.55735	0.695582	0.803365	0.858042	0.852708	0.774066	0.609643	0.383906	0.125772	-0.127648	-0.336466	-0.473394	-0.520911	-0.496199	-0.410076	-0.269108	-0.101006	0.0659094	0.205667	0.295678	0.320002	0.280041	0.20435	0.123078	0.0471403	-0.0158633	-0.0646271	-0.105711	-0.145326	-0.175973	-0.180919	-0.173977	-0.169818	-0.165331	-0.17138	-0.189041	-0.211697	-0.245271	-0.284107	-0.304985	-0.2964	-0.274147	-0.250908	-0.23099	-0.23099	
0.0362373	0.132844	0.256797	0.388664	0.518345	0.655652	0.7921	0.890613	0.931152	0.90708	0.797654	0.605269	0.348764	0.0608544	-0.225013	-0.471055	-0.637834	-0.708708	-0.704346	-0.633216	-0.49157	-0.306156	-0.114407	0.0594588	0.19951	0.275842	0.279354	0.240772	0.187306	0.135291	0.0903324	0.0474653	0.00835948	-0.0363768	-0.0840871	-0.107823	-0.122244	-0.142062	-0.149228	-0.154448	-0.169644	-0.196001	-0.241149	-0.281401	-0.29079	-0.280057	-0.260203	-0.232451	-0.210176	-0.210176	
0.0757699	0.178994	0.312595	0.450643	0.587203	0.722235	0.844997	0.924548	0.950284	0.904411	0.776839	0.570258	0.302151	0.00547136	-0.294318	-0.55902	-0.752691	-0.847467	-0.864838	-0.810434	-0.670497	-0.471774	-0.257794	-0.0507635	0.130998	0.242237	0.276758	0.260392	0.220477	0.18373	0.148111	0.112381	0.080141	0.0372139	-0.011971	-0.0493539	-0.0831309	-0.11097	-0.122095	-0.127846	-0.133686	-0.156256	-0.204129	-0.242527	-0.259951	-0.266579	-0.252461	-0.228939	-0.219317	-0.219317	
0.146141	0.242672	0.364652	0.496743	0.630238	0.747971	0.845763	0.904886	0.914905	0.852365	0.716895	0.509325	0.244348	-0.0506775	-0.345673	-0.615688	-0.825364	-0.939134	-0.974409	-0.928205	-0.79256	-0.58799	-0.35655	-0.122483	0.0855183	0.216775	0.267858	0.261233	0.228218	0.191146	0.15946	0.134569	0.104862	0.0723292	0.0345839	-0.0121334	-0.0567076	-0.0827923	-0.0844097	-0.0749346	-0.0716585	-0.0971362	-0.147864	-0.1903	-0.220665	-0.243869	-0.249557	-0.243026	-0.237285	-0.237285	
0.243746	0.331469	0.43054	0.543017	0.649281	0.735946	0.801396	0.839059	0.832564	0.761082	0.63017	0.432379	0.1767	-0.109274	-0.391776	-0.653491	-0.862369	-0.9859	-1.02389	-0.978732	-0.851063	-0.653289	-0.420678	-0.172679	0.0456995	0.186813	0.250738	0.254668	0.223743	0.176757	0.139739	0.112658	0.0848206	0.0642456	0.0396138	0.00671949	-0.0283007	-0.0458946	-0.0304421	-0.00669988	-0.000785897	-0.0313315	-0.0898909	-0.140971	-0.179512	-0.21208	-0.236923	-0.252605	-0.256478	-0.256478	
0.346601	0.425396	0.497679	0.573965	0.641927	0.690197	0.722462	0.736331	0.714794	0.649094	0.533584	0.355063	0.114658	-0.157954	-0.42649	-0.671363	-0.868989	-0.98874	-1.01978	-0.972157	-0.853798	-0.678277	-0.457134	-0.212287	0.00224823	0.150742	0.224776	0.239318	0.207503	0.146258	0.0949238	0.0584472	0.0367466	0.0295586	0.0232043	0.0137884	-0.00453218	-0.00408938	0.0264619	0.0521189	0.0595348	0.033043	-0.0300986	-0.0945104	-0.139282	-0.172107	-0.212122	-0.249542	-0.26137	-0.26137	
0.429279	0.493135	0.538619	0.579938	0.606992	0.618167	0.621551	0.609769	0.579336	0.522836	0.42701	0.271357	0.0551406	-0.195382	-0.445354	-0.665403	-0.841186	-0.944638	-0.965375	-0.914807	-0.810962	-0.662801	-0.466053	-0.245544	-0.0450651	0.100169	0.181273	0.204453	0.169537	0.103629	0.0400441	-0.00472598	-0.0179883	-0.0143361	-0.00216602	0.0110552	0.0110427	0.027425	0.0667622	0.0955237	0.100992	0.0756603	0.0234217	-0.0362196	-0.0872798	-0.127554	-0.174274	-0.225162	-0.254711	-0.254711	
0.47804	0.521753	0.547494	0.55219	0.539741	0.524329	0.508714	0.478326	0.440209	0.389095	0.306298	0.172445	-0.0102055	-0.229366	-0.448431	-0.636612	-0.782461	-0.862814	-0.876098	-0.828177	-0.738475	-0.61187	-0.444798	-0.258126	-0.0843021	0.046206	0.124107	0.142928	0.108208	0.0463102	-0.0182046	-0.0593609	-0.065926	-0.0537296	-0.0329503	-0.00667348	0.0144864	0.035979	0.0722018	0.112893	0.131188	0.114082	0.0706552	0.0207424	-0.0247803	-0.0735257	-0.128894	-0.185024	-0.227404	-0.227404	
0.497289	0.523204	0.521161	0.489325	0.44776	0.421085	0.39718	0.358631	0.318788	0.266802	0.187485	0.0715901	-0.0786729	-0.260153	-0.440196	-0.594765	-0.707534	-0.766988	-0.776909	-0.73724	-0.659314	-0.543558	-0.403055	-0.251491	-0.107729	0.00108881	0.0651702	0.0758097	0.0434961	-0.00714925	-0.059479	-0.0989114	-0.108143	-0.096709	-0.0825851	-0.0519569	-0.0115558	0.0219924	0.060788	0.105982	0.144026	0.152162	0.117715	0.0741102	0.0405589	-0.00818645	-0.0722901	-0.134989	-0.182663	-0.182663	
0.491229	0.486929	0.45595	0.401418	0.347509	0.31568	0.290041	0.261253	0.229319	0.178427	0.102128	0.00187963	-0.122442	-0.270902	-0.418642	-0.546472	-0.636711	-0.682695	-0.691302	-0.663415	-0.592275	-0.484407	-0.364672	-0.237953	-0.119259	-0.0278138	0.0235938	0.0277779	-0.000670186	-0.0402363	-0.0795963	-0.120162	-0.144098	-0.147487	-0.141468	-0.113193	-0.0709924	-0.0285672	0.0191059	0.0760184	0.138772	0.177876	0.172632	0.143346	0.109269	0.0613853	-0.00938746	-0.0808459	-0.121566	-0.121566	
0.450871	0.412466	0.36246	0.301325	0.24235	0.204062	0.184305	0.173676	0.157476	0.117141	0.0564984	-0.0218875	-0.123942	-0.249444	-0.376901	-0.490716	-0.571822	-0.61091	-0.618901	-0.596173	-0.53584	-0.446774	-0.347033	-0.240889	-0.136444	-0.0526014	-0.00471255	0.00666665	-0.0135564	-0.0451388	-0.0751176	-0.117746	-0.162388	-0.192692	-0.200815	-0.18263	-0.152541	-0.114097	-0.059661	0.0207136	0.114961	0.185982	0.219744	0.21586	0.183521	0.134312	0.0611279	-0.0126376	-0.0483055	-0.0483055	
