-0.462566	-0.462566	-0.455745	-0.434559	-0.39116	-0.349985	-0.331369	-0.354249	-0.41361	-0.501527	-0.619114	-0.7533	-0.883172	-0.967393	-0.981168	-0.913585	-0.762186	-0.528211	-0.227472	0.105691	0.41928	0.675126	0.83554	0.889317	0.850391	0.756555	0.644187	0.522451	0.406399	0.325877	0.299019	0.318886	0.367021	0.432997	0.519117	0.584099	0.597639	0.53218	0.373149	0.122631	-0.201421	-0.566456	-0.915121	-1.20582	-1.3947	-1.48611	-1.49228	-1.41881	-1.28546	-1.12414	
-0.462566	-0.462566	-0.455745	-0.434559	-0.39116	-0.349985	-0.331369	-0.354249	-0.41361	-0.501527	-0.619114	-0.7533	-0.883172	-0.967393	-0.981168	-0.913585	-0.762186	-0.528211	-0.227472	0.105691	0.41928	0.675126	0.83554	0.889317	0.850391	0.756555	0.644187	0.522451	0.406399	0.325877	0.299019	0.318886	0.367021	0.432997	0.519117	0.584099	0.597639	0.53218	0.373149	0.122631	-0.201421	-0.566456	-0.915121	-1.20582	-1.3947	-1.48611	-1.49228	-1.41881	-1.28546	-1.12414	
-0.455745	-0.455745	-0.448774	-0.426164	-0.383056	-0.340966	-0.321962	-0.344424	-0.402158	-0.490209	-0.605767	-0.739114	-0.867585	-0.951197	-0.965979	-0.899922	-0.751051	-0.521658	-0.226391	0.099115	0.403901	0.651155	0.801918	0.847904	0.801666	0.701481	0.583416	0.458013	0.340315	0.25934	0.234601	0.257408	0.311492	0.386111	0.481071	0.555497	0.581131	0.525489	0.376682	0.136532	-0.178915	-0.536844	-0.878535	-1.16473	-1.35235	-1.44173	-1.44562	-1.36977	-1.23497	-1.07162	
-0.434559	-0.434559	-0.426164	-0.403285	-0.35907	-0.317417	-0.298617	-0.319827	-0.378864	-0.46544	-0.582228	-0.714461	-0.842918	-0.928648	-0.946427	-0.885479	-0.743131	-0.521022	-0.236507	0.0766545	0.369234	0.601132	0.740216	0.77346	0.717259	0.607706	0.48106	0.349618	0.22982	0.149958	0.126807	0.155991	0.21911	0.30526	0.412656	0.503588	0.543592	0.508179	0.379169	0.156779	-0.140808	-0.480514	-0.810476	-1.085	-1.26248	-1.34603	-1.34491	-1.2662	-1.128	-0.960217	
-0.39116	-0.39116	-0.383056	-0.35907	-0.318209	-0.278897	-0.263691	-0.289287	-0.350239	-0.44292	-0.561028	-0.696493	-0.826407	-0.91478	-0.938022	-0.882779	-0.746893	-0.534526	-0.260428	0.0387391	0.31639	0.53512	0.659983	0.684502	0.620605	0.505552	0.373163	0.238976	0.1193	0.0397929	0.0193612	0.0513988	0.121585	0.219864	0.339085	0.443481	0.504111	0.487281	0.380357	0.183583	-0.0889373	-0.404358	-0.708793	-0.962764	-1.12791	-1.19865	-1.18675	-1.10054	-0.960316	-0.791538	
-0.349985	-0.349985	-0.340966	-0.317417	-0.278897	-0.243159	-0.233217	-0.261229	-0.328451	-0.424168	-0.547608	-0.685249	-0.816952	-0.909725	-0.937766	-0.88907	-0.760311	-0.554883	-0.29124	-0.00341114	0.264379	0.470827	0.589954	0.608287	0.543536	0.42707	0.29282	0.158735	0.0417514	-0.0337786	-0.0522428	-0.0166859	0.0596654	0.16576	0.2917	0.408736	0.480885	0.484807	0.401875	0.230367	-0.0133629	-0.295789	-0.573691	-0.800009	-0.941388	-0.996354	-0.972066	-0.879544	-0.736976	-0.568941	
-0.331369	-0.331369	-0.321962	-0.298617	-0.263691	-0.233217	-0.227817	-0.261486	-0.331395	-0.433085	-0.557694	-0.696177	-0.82586	-0.917331	-0.946233	-0.898424	-0.770598	-0.56853	-0.309234	-0.029102	0.231174	0.431981	0.545896	0.566118	0.50398	0.392908	0.261849	0.132331	0.0225186	-0.0472679	-0.0622586	-0.0235429	0.056961	0.17043	0.302197	0.425755	0.51063	0.528876	0.465315	0.318097	0.101665	-0.152208	-0.399627	-0.600127	-0.724265	-0.762015	-0.724496	-0.626033	-0.485824	-0.322122	
-0.354249	-0.354249	-0.344424	-0.319827	-0.289287	-0.261229	-0.261486	-0.295737	-0.368549	-0.470785	-0.594856	-0.729657	-0.852329	-0.938695	-0.962657	-0.911682	-0.780596	-0.576342	-0.318418	-0.0411397	0.216201	0.413466	0.529371	0.55218	0.499328	0.396024	0.270864	0.149659	0.0487176	-0.0122133	-0.0201411	0.0225126	0.110099	0.232422	0.368555	0.500455	0.593456	0.624931	0.576878	0.447786	0.251507	0.0216822	-0.206491	-0.386377	-0.496871	-0.528389	-0.486428	-0.386543	-0.249109	-0.092286	
-0.41361	-0.41361	-0.402158	-0.378864	-0.350239	-0.328451	-0.331395	-0.368549	-0.441416	-0.544563	-0.666077	-0.795397	-0.908543	-0.985832	-1.00212	-0.943841	-0.806519	-0.59691	-0.336509	-0.05976	0.197866	0.395872	0.514496	0.546688	0.503882	0.413126	0.298215	0.186478	0.0989809	0.0512181	0.0513098	0.102952	0.199465	0.330328	0.473571	0.611079	0.710321	0.750932	0.715212	0.597652	0.415095	0.197614	-0.0200317	-0.195779	-0.307986	-0.340339	-0.300428	-0.20779	-0.0799939	0.0722469	
-0.501527	-0.501527	-0.490209	-0.46544	-0.44292	-0.424168	-0.433085	-0.470785	-0.544563	-0.647902	-0.766992	-0.890578	-0.993416	-1.06094	-1.06774	-1.00289	-0.857901	-0.643645	-0.381279	-0.10381	0.153044	0.35313	0.478065	0.519893	0.494222	0.42059	0.319728	0.225262	0.153752	0.121059	0.134303	0.193062	0.297724	0.439578	0.587134	0.728957	0.832748	0.87808	0.844664	0.732008	0.552759	0.338575	0.120228	-0.0561217	-0.179402	-0.228653	-0.204336	-0.122391	-0.00374684	0.140066	
-0.619114	-0.619114	-0.605767	-0.582228	-0.561028	-0.547608	-0.557694	-0.594856	-0.666077	-0.766992	-0.881828	-0.998283	-1.08955	-1.14626	-1.14454	-1.07236	-0.923551	-0.705051	-0.442435	-0.166141	0.0915858	0.294215	0.426089	0.482023	0.473552	0.419223	0.337025	0.258454	0.206503	0.193512	0.219902	0.289715	0.40469	0.551169	0.700581	0.840063	0.937918	0.979356	0.946069	0.829944	0.649235	0.431446	0.206293	0.0152348	-0.125682	-0.191863	-0.183308	-0.120008	-0.0173896	0.120184	
-0.7533	-0.7533	-0.739114	-0.714461	-0.696493	-0.685249	-0.696177	-0.729657	-0.795397	-0.890578	-0.998283	-1.10345	-1.17959	-1.22073	-1.20467	-1.12357	-0.965908	-0.743939	-0.480761	-0.205804	0.0484951	0.252076	0.388304	0.454513	0.463345	0.428971	0.364373	0.305292	0.271704	0.275492	0.314516	0.39047	0.507964	0.657725	0.804466	0.936536	1.02659	1.05949	1.0137	0.888331	0.698965	0.472315	0.238428	0.0393721	-0.118705	-0.207083	-0.220121	-0.17145	-0.08048	0.046767	
-0.883172	-0.883172	-0.867585	-0.842918	-0.826407	-0.816952	-0.82586	-0.852329	-0.908543	-0.993416	-1.08955	-1.17959	-1.23643	-1.25714	-1.22468	-1.12971	-0.964552	-0.736414	-0.47277	-0.199016	0.0537382	0.25772	0.39759	0.472376	0.493451	0.472058	0.418995	0.368712	0.344964	0.359103	0.40468	0.482642	0.601276	0.747465	0.886525	1.00647	1.08113	1.09965	1.04424	0.909927	0.714226	0.481793	0.241612	0.0306655	-0.139858	-0.2415	-0.266243	-0.23167	-0.153698	-0.0369072	
-0.967393	-0.967393	-0.951197	-0.928648	-0.91478	-0.909725	-0.917331	-0.938695	-0.985832	-1.06094	-1.14626	-1.22073	-1.25714	-1.25526	-1.20119	-1.0906	-0.912217	-0.677331	-0.409948	-0.136818	0.113419	0.316567	0.456126	0.535012	0.562967	0.548614	0.501648	0.452759	0.430372	0.444196	0.484813	0.553796	0.661425	0.794895	0.92322	1.02832	1.09018	1.09756	1.033	0.892122	0.694562	0.461246	0.223493	0.0137682	-0.16117	-0.271884	-0.308722	-0.283549	-0.215447	-0.109097	
-0.981168	-0.981168	-0.965979	-0.946427	-0.938022	-0.937766	-0.946233	-0.962657	-1.00212	-1.06774	-1.14454	-1.20467	-1.22468	-1.20119	-1.13029	-1.00573	-0.820774	-0.581838	-0.316191	-0.0453397	0.200689	0.401592	0.541383	0.622056	0.653504	0.642934	0.593375	0.539447	0.507837	0.510597	0.538697	0.591576	0.679434	0.796402	0.906024	0.992729	1.03867	1.03581	0.966222	0.829816	0.641272	0.420263	0.195106	-0.00612877	-0.174501	-0.287287	-0.329302	-0.312892	-0.254572	-0.165908	
-0.913585	-0.913585	-0.899922	-0.885479	-0.882779	-0.88907	-0.898424	-0.911682	-0.943841	-1.00289	-1.07236	-1.12357	-1.12971	-1.0906	-1.00573	-0.873959	-0.686616	-0.453046	-0.193237	0.0664725	0.302999	0.496316	0.629356	0.707879	0.739347	0.72612	0.676895	0.613312	0.571535	0.561867	0.573366	0.604825	0.672078	0.762607	0.852607	0.918914	0.950123	0.936446	0.868321	0.739663	0.567129	0.36701	0.167197	-0.0136211	-0.168895	-0.275019	-0.320174	-0.313606	-0.273636	-0.205019	
-0.762186	-0.762186	-0.751051	-0.743131	-0.746893	-0.760311	-0.770598	-0.780596	-0.806519	-0.857901	-0.923551	-0.965908	-0.964552	-0.912217	-0.820774	-0.686616	-0.507892	-0.28651	-0.0455617	0.195582	0.413372	0.589596	0.711269	0.780592	0.805168	0.790418	0.734346	0.664506	0.612866	0.590051	0.588444	0.605744	0.650166	0.723134	0.794181	0.842745	0.860114	0.840417	0.771447	0.654435	0.502101	0.328925	0.157468	0.00207335	-0.128685	-0.227673	-0.277734	-0.283914	-0.258723	-0.218277	
-0.528211	-0.528211	-0.521658	-0.521022	-0.534526	-0.554883	-0.56853	-0.576342	-0.59691	-0.643645	-0.705051	-0.743939	-0.736414	-0.677331	-0.581838	-0.453046	-0.28651	-0.0885377	0.129406	0.342393	0.535117	0.689499	0.792211	0.84721	0.862266	0.836525	0.776105	0.696584	0.634893	0.603338	0.59361	0.600895	0.63705	0.696966	0.758124	0.797564	0.808479	0.783628	0.719926	0.617512	0.485119	0.338478	0.195417	0.0641894	-0.0533757	-0.14538	-0.198269	-0.217464	-0.217983	-0.204827	
-0.227472	-0.227472	-0.226391	-0.236507	-0.260428	-0.29124	-0.309234	-0.318418	-0.336509	-0.381279	-0.442435	-0.480761	-0.47277	-0.409948	-0.316191	-0.193237	-0.0455617	0.129406	0.318612	0.502467	0.668868	0.797321	0.880553	0.918921	0.918925	0.884636	0.815607	0.728997	0.660862	0.620846	0.606461	0.61162	0.641071	0.697221	0.756835	0.797061	0.81222	0.794421	0.742509	0.655692	0.542896	0.419187	0.296278	0.178507	0.0738397	-0.0211665	-0.0927573	-0.137193	-0.158611	-0.169275	
0.105691	0.105691	0.099115	0.0766545	0.0387391	-0.00341114	-0.029102	-0.0411397	-0.05976	-0.10381	-0.166141	-0.205804	-0.199016	-0.136818	-0.0453397	0.0664725	0.195582	0.342393	0.502467	0.656904	0.797599	0.904617	0.972305	0.997991	0.989573	0.94754	0.873637	0.782393	0.706425	0.660013	0.641736	0.647266	0.677434	0.736163	0.799711	0.848651	0.873057	0.867045	0.82948	0.763999	0.67344	0.572183	0.463768	0.353172	0.240042	0.126056	0.0308243	-0.0409755	-0.0929868	-0.128273	
0.41928	0.41928	0.403901	0.369234	0.31639	0.264379	0.231174	0.216201	0.197866	0.153044	0.0915858	0.0484951	0.0537382	0.113419	0.200689	0.302999	0.413372	0.535117	0.668868	0.797599	0.917947	1.00805	1.06435	1.08228	1.06827	1.02274	0.949091	0.858745	0.783117	0.734825	0.718009	0.725939	0.758941	0.81951	0.886771	0.944906	0.983224	0.991112	0.972705	0.927562	0.854004	0.7689	0.668293	0.555129	0.430673	0.296718	0.166453	0.0540419	-0.0308131	-0.0874026	
0.675126	0.675126	0.651155	0.601132	0.53512	0.470827	0.431981	0.413466	0.395872	0.35313	0.294215	0.252076	0.25772	0.316567	0.401592	0.496316	0.589596	0.689499	0.797321	0.904617	1.00805	1.08652	1.13823	1.15581	1.14264	1.10173	1.03263	0.949194	0.877541	0.830965	0.81606	0.831514	0.870769	0.937408	1.01163	1.07953	1.1266	1.1443	1.13589	1.09963	1.03895	0.964056	0.865567	0.74625	0.605873	0.444386	0.282936	0.138972	0.0259699	-0.050321	
0.83554	0.83554	0.801918	0.740216	0.659983	0.589954	0.545896	0.529371	0.514496	0.478065	0.426089	0.388304	0.39759	0.456126	0.541383	0.629356	0.711269	0.792211	0.880553	0.972305	1.06435	1.13823	1.19059	1.21077	1.20453	1.1684	1.10787	1.03603	0.973019	0.933901	0.927715	0.952346	1.00227	1.07703	1.15486	1.2297	1.28315	1.30507	1.2976	1.2639	1.20031	1.1207	1.01288	0.88309	0.724737	0.547089	0.366503	0.197956	0.0622506	-0.0307871	
0.889317	0.889317	0.847904	0.77346	0.684502	0.608287	0.566118	0.55218	0.546688	0.519893	0.482023	0.454513	0.472376	0.535012	0.622056	0.707879	0.780592	0.84721	0.918921	0.997991	1.08228	1.15581	1.21077	1.24111	1.24266	1.21754	1.16867	1.10991	1.06036	1.03102	1.03294	1.06958	1.13256	1.21526	1.30071	1.37965	1.43495	1.45212	1.43712	1.3873	1.30982	1.21495	1.09358	0.948147	0.776169	0.588105	0.394755	0.213852	0.0677463	-0.0292134	
0.850391	0.850391	0.801666	0.717259	0.620605	0.543536	0.50398	0.499328	0.503882	0.494222	0.473552	0.463345	0.493451	0.562967	0.653504	0.739347	0.805168	0.862266	0.918925	0.989573	1.06827	1.14264	1.20453	1.24266	1.25617	1.24077	1.20326	1.15992	1.12472	1.10793	1.12211	1.17079	1.24855	1.34139	1.43007	1.50899	1.55823	1.56417	1.53007	1.45716	1.35788	1.24027	1.10088	0.943172	0.764067	0.570503	0.379066	0.196391	0.0470974	-0.0584965	
0.756555	0.756555	0.701481	0.607706	0.505552	0.42707	0.392908	0.396024	0.413126	0.42059	0.419223	0.428971	0.472058	0.548614	0.642934	0.72612	0.790418	0.836525	0.884636	0.94754	1.02274	1.10173	1.1684	1.21754	1.24077	1.23454	1.20797	1.17724	1.15737	1.15505	1.18	1.24252	1.33342	1.43453	1.52559	1.59729	1.63445	1.62167	1.5596	1.45787	1.33067	1.18965	1.03866	0.877388	0.697211	0.513904	0.330009	0.149551	-0.00260721	-0.106622	
0.644187	0.644187	0.583416	0.48106	0.373163	0.29282	0.261849	0.270864	0.298215	0.319728	0.337025	0.364373	0.418995	0.501648	0.593375	0.676895	0.734346	0.776105	0.815607	0.873637	0.949091	1.03263	1.10787	1.16867	1.20326	1.20797	1.19186	1.17308	1.16819	1.17801	1.21412	1.28389	1.38566	1.49061	1.57807	1.63671	1.65486	1.61362	1.52249	1.38682	1.23347	1.0746	0.920135	0.760317	0.595199	0.423994	0.252104	0.0803242	-0.0660566	-0.171618	
0.522451	0.522451	0.458013	0.349618	0.238976	0.158735	0.132331	0.149659	0.186478	0.225262	0.258454	0.305292	0.368712	0.452759	0.539447	0.613312	0.664506	0.696584	0.728997	0.782393	0.858745	0.949194	1.03603	1.10991	1.15992	1.17724	1.17308	1.16669	1.17597	1.19938	1.24247	1.31837	1.42099	1.52258	1.59831	1.63344	1.62173	1.55241	1.4261	1.26332	1.09143	0.923073	0.772083	0.62764	0.478621	0.324484	0.170849	0.0116563	-0.129371	-0.23051	
0.406399	0.406399	0.340315	0.22982	0.1193	0.0417514	0.0225186	0.0487176	0.0989809	0.153752	0.206503	0.271704	0.344964	0.430372	0.507837	0.571535	0.612866	0.634893	0.660862	0.706425	0.783117	0.877541	0.973019	1.06036	1.12472	1.15737	1.16819	1.17597	1.20218	1.23958	1.29072	1.36607	1.46233	1.55198	1.60457	1.60741	1.56148	1.45566	1.29961	1.11722	0.931391	0.765298	0.629171	0.502896	0.377606	0.247336	0.11026	-0.033732	-0.162775	-0.255795	
0.325877	0.325877	0.25934	0.149958	0.0397929	-0.0337786	-0.0472679	-0.0122133	0.0512181	0.121059	0.193512	0.275492	0.359103	0.444196	0.510597	0.561867	0.590051	0.603338	0.620846	0.660013	0.734825	0.830965	0.933901	1.03102	1.10793	1.15505	1.17801	1.19938	1.23958	1.29	1.34758	1.41942	1.50358	1.57443	1.59976	1.56675	1.48199	1.34256	1.16103	0.961927	0.773031	0.616843	0.497867	0.397823	0.303415	0.197952	0.0866476	-0.0300213	-0.140011	-0.22257	
0.299019	0.299019	0.234601	0.126807	0.0193612	-0.0522428	-0.0622586	-0.0201411	0.0513098	0.134303	0.219902	0.314516	0.40468	0.484813	0.538697	0.573366	0.588444	0.59361	0.606461	0.641736	0.718009	0.81606	0.927715	1.03294	1.12211	1.18	1.21412	1.24247	1.29072	1.34758	1.4045	1.46695	1.532	1.57963	1.57657	1.51093	1.39283	1.22736	1.02778	0.822767	0.633589	0.487623	0.385273	0.31072	0.246977	0.177427	0.103582	0.0201109	-0.0657602	-0.137494	
0.318886	0.318886	0.257408	0.155991	0.0513988	-0.0166859	-0.0235429	0.0225126	0.102952	0.193062	0.289715	0.39047	0.482642	0.553796	0.591576	0.604825	0.605744	0.600895	0.61162	0.647266	0.725939	0.831514	0.952346	1.06958	1.17079	1.24252	1.28389	1.31837	1.36607	1.41942	1.46695	1.50905	1.54335	1.56282	1.52963	1.43769	1.29902	1.11918	0.914501	0.711355	0.524997	0.389676	0.300164	0.250155	0.218182	0.187349	0.149831	0.104779	0.0450273	-0.0140285	
0.367021	0.367021	0.311492	0.21911	0.121585	0.0596654	0.056961	0.110099	0.199465	0.297724	0.40469	0.507964	0.601276	0.661425	0.679434	0.672078	0.650166	0.63705	0.641071	0.677434	0.758941	0.870769	1.00227	1.13256	1.24855	1.33342	1.38566	1.42099	1.46233	1.50358	1.532	1.54335	1.5453	1.52828	1.46813	1.35777	1.20498	1.01803	0.820587	0.62221	0.448074	0.326592	0.254351	0.227971	0.230371	0.235412	0.236138	0.219497	0.178422	0.123343	
0.432997	0.432997	0.386111	0.30526	0.219864	0.16576	0.17043	0.232422	0.330328	0.439578	0.551169	0.657725	0.747465	0.794895	0.796402	0.762607	0.723134	0.696966	0.697221	0.736163	0.81951	0.937408	1.07703	1.21526	1.34139	1.43453	1.49061	1.52258	1.55198	1.57443	1.57963	1.56282	1.52828	1.47943	1.39705	1.27186	1.11244	0.927934	0.734295	0.546369	0.387844	0.282579	0.233183	0.242003	0.280256	0.323534	0.35424	0.356264	0.324012	0.267352	
0.519117	0.519117	0.481071	0.412656	0.339085	0.2917	0.302197	0.368555	0.473571	0.587134	0.700581	0.804466	0.886525	0.92322	0.906024	0.852607	0.794181	0.758124	0.756835	0.799711	0.886771	1.01163	1.15486	1.30071	1.43007	1.52559	1.57807	1.59831	1.60457	1.59976	1.57657	1.52963	1.46813	1.39705	1.30121	1.1753	1.01813	0.83339	0.646404	0.465828	0.319631	0.233223	0.214658	0.255814	0.332432	0.413349	0.472082	0.486329	0.458694	0.398578	
0.584099	0.584099	0.555497	0.503588	0.443481	0.408736	0.425755	0.500455	0.611079	0.728957	0.840063	0.936536	1.00647	1.02832	0.992729	0.918914	0.842745	0.797564	0.797061	0.848651	0.944906	1.07953	1.2297	1.37965	1.50899	1.59729	1.63671	1.63344	1.60741	1.56675	1.51093	1.43769	1.35777	1.27186	1.1753	1.05579	0.905678	0.730282	0.549651	0.376554	0.247632	0.180834	0.187219	0.25807	0.364193	0.471125	0.551542	0.580459	0.565	0.506082	
0.597639	0.597639	0.581131	0.543592	0.504111	0.480885	0.51063	0.593456	0.710321	0.832748	0.937918	1.02659	1.08113	1.09018	1.03867	0.950123	0.860114	0.808479	0.81222	0.873057	0.983224	1.1266	1.28315	1.43495	1.55823	1.63445	1.65486	1.62173	1.56148	1.48199	1.39283	1.29902	1.20498	1.11244	1.01813	0.905678	0.768015	0.60474	0.434891	0.279883	0.171278	0.122491	0.150745	0.234941	0.353221	0.476141	0.574523	0.617522	0.612584	0.5577	
0.53218	0.53218	0.525489	0.508179	0.487281	0.484807	0.528876	0.624931	0.750932	0.87808	0.979356	1.05949	1.09965	1.09756	1.03581	0.936446	0.840417	0.783628	0.794421	0.867045	0.991112	1.1443	1.30507	1.45212	1.56417	1.62167	1.61362	1.55241	1.45566	1.34256	1.22736	1.11918	1.01803	0.927934	0.83339	0.730282	0.60474	0.457031	0.300371	0.167666	0.0759502	0.0477853	0.0886537	0.1816	0.30446	0.432959	0.537439	0.591519	0.595979	0.548323	
0.373149	0.373149	0.376682	0.379169	0.380357	0.401875	0.465315	0.576878	0.715212	0.844664	0.946069	1.0137	1.04424	1.033	0.966222	0.868321	0.771447	0.719926	0.742509	0.82948	0.972705	1.13589	1.2976	1.43712	1.53007	1.5596	1.52249	1.4261	1.29961	1.16103	1.02778	0.914501	0.820587	0.734295	0.646404	0.549651	0.434891	0.300371	0.162355	0.0474635	-0.0282871	-0.0438336	0.000357274	0.0892183	0.208035	0.338023	0.45018	0.515098	0.522799	0.477246	
0.122631	0.122631	0.136532	0.156779	0.183583	0.230367	0.318097	0.447786	0.597652	0.732008	0.829944	0.888331	0.909927	0.892122	0.829816	0.739663	0.654435	0.617512	0.655692	0.763999	0.927562	1.09963	1.2639	1.3873	1.45716	1.45787	1.38682	1.26332	1.11722	0.961927	0.822767	0.711355	0.62221	0.546369	0.465828	0.376554	0.279883	0.167666	0.0474635	-0.0553763	-0.128756	-0.149653	-0.118629	-0.0365399	0.0792919	0.207283	0.32131	0.393552	0.402731	0.362674	
-0.201421	-0.201421	-0.178915	-0.140808	-0.0889373	-0.0133629	0.101665	0.251507	0.415095	0.552759	0.649235	0.698965	0.714226	0.694562	0.641272	0.567129	0.502101	0.485119	0.542896	0.67344	0.854004	1.03895	1.20031	1.30982	1.35788	1.33067	1.23347	1.09143	0.931391	0.773031	0.633589	0.524997	0.448074	0.387844	0.319631	0.247632	0.171278	0.0759502	-0.0282871	-0.128756	-0.21018	-0.244553	-0.228211	-0.161371	-0.0611033	0.0548665	0.167615	0.243978	0.261714	0.241365	
-0.566456	-0.566456	-0.536844	-0.480514	-0.404358	-0.295789	-0.152208	0.0216822	0.197614	0.338575	0.431446	0.472315	0.481793	0.461246	0.420263	0.36701	0.328925	0.338478	0.419187	0.572183	0.7689	0.964056	1.1207	1.21495	1.24027	1.18965	1.0746	0.923073	0.765298	0.616843	0.487623	0.389676	0.326592	0.282579	0.233223	0.180834	0.122491	0.0477853	-0.0438336	-0.149653	-0.244553	-0.29874	-0.309014	-0.263774	-0.181655	-0.0821999	0.0208037	0.100744	0.138131	0.136824	
-0.915121	-0.915121	-0.878535	-0.810476	-0.708793	-0.573691	-0.399627	-0.206491	-0.0200317	0.120228	0.206293	0.238428	0.241612	0.223493	0.195106	0.167197	0.157468	0.195417	0.296278	0.463768	0.668293	0.865567	1.01288	1.09358	1.10088	1.03866	0.920135	0.772083	0.629171	0.497867	0.385273	0.300164	0.254351	0.233183	0.214658	0.187219	0.150745	0.0886537	0.000357274	-0.118629	-0.228211	-0.309014	-0.34126	-0.318671	-0.261201	-0.183462	-0.0876346	-0.000781928	0.053359	0.0721981	
-1.20582	-1.20582	-1.16473	-1.085	-0.962764	-0.800009	-0.600127	-0.386377	-0.195779	-0.0561217	0.0152348	0.0393721	0.0306655	0.0137682	-0.00612877	-0.0136211	0.00207335	0.0641894	0.178507	0.353172	0.555129	0.74625	0.88309	0.948147	0.943172	0.877388	0.760317	0.62764	0.502896	0.397823	0.31072	0.250155	0.227971	0.242003	0.255814	0.25807	0.234941	0.1816	0.0892183	-0.0365399	-0.161371	-0.263774	-0.318671	-0.323587	-0.289719	-0.226725	-0.133367	-0.0420222	0.0354041	0.0709256	
-1.3947	-1.3947	-1.35235	-1.26248	-1.12791	-0.941388	-0.724265	-0.496871	-0.307986	-0.179402	-0.125682	-0.118705	-0.139858	-0.16117	-0.174501	-0.168895	-0.128685	-0.0533757	0.0738397	0.240042	0.430673	0.605873	0.724737	0.776169	0.764067	0.697211	0.595199	0.478621	0.377606	0.303415	0.246977	0.218182	0.230371	0.280256	0.332432	0.364193	0.353221	0.30446	0.208035	0.0792919	-0.0611033	-0.181655	-0.261201	-0.289719	-0.274755	-0.213234	-0.119177	-0.0172427	0.072715	0.113003	
-1.48611	-1.48611	-1.44173	-1.34603	-1.19865	-0.996354	-0.762015	-0.528389	-0.340339	-0.228653	-0.191863	-0.207083	-0.2415	-0.271884	-0.287287	-0.275019	-0.227673	-0.14538	-0.0211665	0.126056	0.296718	0.444386	0.547089	0.588105	0.570503	0.513904	0.423994	0.324484	0.247336	0.197952	0.177427	0.187349	0.235412	0.323534	0.413349	0.471125	0.476141	0.432959	0.338023	0.207283	0.0548665	-0.0821999	-0.183462	-0.226725	-0.213234	-0.146015	-0.050716	0.0574538	0.148456	0.19621	
-1.49228	-1.49228	-1.44562	-1.34491	-1.18675	-0.972066	-0.724496	-0.486428	-0.300428	-0.204336	-0.183308	-0.220121	-0.266243	-0.308722	-0.329302	-0.320174	-0.277734	-0.198269	-0.0927573	0.0308243	0.166453	0.282936	0.366503	0.394755	0.379066	0.330009	0.252104	0.170849	0.11026	0.0866476	0.103582	0.149831	0.236138	0.35424	0.472082	0.551542	0.574523	0.537439	0.45018	0.32131	0.167615	0.0208037	-0.0876346	-0.133367	-0.119177	-0.050716	0.0502396	0.163232	0.254991	0.317369	
-1.41881	-1.41881	-1.36977	-1.2662	-1.10054	-0.879544	-0.626033	-0.386543	-0.20779	-0.122391	-0.120008	-0.17145	-0.23167	-0.283549	-0.312892	-0.313606	-0.283914	-0.217464	-0.137193	-0.0409755	0.0540419	0.138972	0.197956	0.213852	0.196391	0.149551	0.0803242	0.0116563	-0.033732	-0.0300213	0.0201109	0.104779	0.219497	0.356264	0.486329	0.580459	0.617522	0.591519	0.515098	0.393552	0.243978	0.100744	-0.000781928	-0.0420222	-0.0172427	0.0574538	0.163232	0.273655	0.371336	0.445266	
-1.28546	-1.28546	-1.23497	-1.128	-0.960316	-0.736976	-0.485824	-0.249109	-0.0799939	-0.00374684	-0.0173896	-0.08048	-0.153698	-0.215447	-0.254572	-0.273636	-0.258723	-0.217983	-0.158611	-0.0929868	-0.0308131	0.0259699	0.0622506	0.0677463	0.0470974	-0.00260721	-0.0660566	-0.129371	-0.162775	-0.140011	-0.0657602	0.0450273	0.178422	0.324012	0.458694	0.565	0.612584	0.595979	0.522799	0.402731	0.261714	0.138131	0.053359	0.0354041	0.072715	0.148456	0.254991	0.371336	0.474859	0.559318	
-1.12414	-1.12414	-1.07162	-0.960217	-0.791538	-0.568941	-0.322122	-0.092286	0.0722469	0.140066	0.120184	0.046767	-0.0369072	-0.109097	-0.165908	-0.205019	-0.218277	-0.204827	-0.169275	-0.128273	-0.0874026	-0.050321	-0.0307871	-0.0292134	-0.0584965	-0.106622	-0.171618	-0.23051	-0.255795	-0.22257	-0.137494	-0.0140285	0.123343	0.267352	0.398578	0.506082	0.5577	0.548323	0.477246	0.362674	0.241365	0.136824	0.0721981	0.0709256	0.113003	0.19621	0.317369	0.445266	0.559318	0.659893	
