-0.035736	-0.0923299	-0.0768323	0.0460376	0.270825	0.572374	0.906012	1.22284	1.50397	1.72783	1.86953	1.93862	1.96859	1.98112	1.98145	1.9762	1.96968	1.96566	1.94337	1.88869	1.79742	1.66971	1.50408	1.31258	1.10181	0.889058	0.694065	0.514745	0.358479	0.225478	0.122177	0.0404833	-0.0217682	-0.056564	-0.0606349	-0.0346342	0.0050971	0.0681509	0.14413	0.199878	0.24384	0.27486	0.272975	0.251695	0.222303	0.185096	0.148454	0.119091	0.107267	0.107267	
-0.035736	-0.0923299	-0.0768323	0.0460376	0.270825	0.572374	0.906012	1.22284	1.50397	1.72783	1.86953	1.93862	1.96859	1.98112	1.98145	1.9762	1.96968	1.96566	1.94337	1.88869	1.79742	1.66971	1.50408	1.31258	1.10181	0.889058	0.694065	0.514745	0.358479	0.225478	0.122177	0.0404833	-0.0217682	-0.056564	-0.0606349	-0.0346342	0.0050971	0.0681509	0.14413	0.199878	0.24384	0.27486	0.272975	0.251695	0.222303	0.185096	0.148454	0.119091	0.107267	0.107267	
-0.102772	-0.156846	-0.140466	-0.0209402	0.197146	0.492663	0.823031	1.13984	1.42452	1.65521	1.80411	1.87672	1.90617	1.91406	1.90664	1.89099	1.87153	1.85568	1.82451	1.76678	1.67741	1.55792	1.40872	1.23797	1.0504	0.857434	0.677679	0.509033	0.356978	0.225006	0.120979	0.0424185	-0.0114827	-0.0365668	-0.0311668	6.92129e-05	0.038742	0.0937368	0.157985	0.203867	0.24129	0.272145	0.277612	0.266834	0.248597	0.221529	0.191298	0.165127	0.154876	0.154876	
-0.213405	-0.259572	-0.241576	-0.12627	0.0858355	0.372474	0.694638	1.00921	1.29483	1.52651	1.67881	1.75662	1.7862	1.78638	1.76276	1.72438	1.68126	1.64014	1.58947	1.52104	1.4371	1.33865	1.22063	1.08966	0.942999	0.790198	0.640437	0.489863	0.349669	0.225819	0.133024	0.067582	0.0272905	0.0171369	0.0318192	0.0625038	0.0917782	0.129161	0.170852	0.197041	0.224187	0.25513	0.271814	0.282362	0.289387	0.286326	0.277575	0.267389	0.263864	0.263864	
-0.339318	-0.383726	-0.359415	-0.240361	-0.0301541	0.252205	0.567714	0.872844	1.14867	1.37526	1.52499	1.59706	1.61738	1.60313	1.55921	1.49346	1.41537	1.34067	1.26471	1.18767	1.11022	1.03475	0.958747	0.877425	0.783739	0.675736	0.563436	0.447038	0.333865	0.235102	0.162424	0.118533	0.0996453	0.0999581	0.115152	0.134676	0.143811	0.154839	0.170799	0.180358	0.197087	0.2275	0.257805	0.290484	0.32833	0.363531	0.39161	0.411244	0.425161	0.425161	
-0.462043	-0.505926	-0.480442	-0.359559	-0.143733	0.1408	0.454491	0.757713	1.02671	1.23721	1.37019	1.42776	1.42907	1.38949	1.31536	1.21706	1.11031	1.00833	0.91346	0.827104	0.756746	0.703116	0.656886	0.614657	0.564747	0.507466	0.444127	0.37262	0.304268	0.246249	0.210806	0.192111	0.18215	0.181537	0.183869	0.182412	0.171773	0.164655	0.164528	0.16437	0.178993	0.212306	0.253368	0.307342	0.372894	0.439145	0.499892	0.546685	0.573783	0.573783	
-0.544229	-0.598737	-0.575254	-0.452816	-0.234986	0.0545788	0.37384	0.67907	0.942671	1.14397	1.25913	1.28737	1.25174	1.17286	1.06192	0.93196	0.798521	0.677476	0.572633	0.48653	0.420981	0.376022	0.349022	0.33227	0.318916	0.305166	0.293779	0.284059	0.27397	0.265497	0.258684	0.252631	0.243493	0.228109	0.21217	0.194336	0.173054	0.160346	0.158855	0.164312	0.183256	0.220623	0.27133	0.335084	0.412488	0.493757	0.567185	0.624134	0.656747	0.656747	
-0.559195	-0.618033	-0.60069	-0.485732	-0.270177	0.0190285	0.339982	0.649693	0.913366	1.09977	1.19316	1.19455	1.12237	0.999431	0.844913	0.677242	0.515896	0.375416	0.260772	0.171452	0.109443	0.0732335	0.0584694	0.0626069	0.0811532	0.113271	0.155938	0.20185	0.244154	0.276425	0.295637	0.295689	0.274655	0.243755	0.211331	0.181507	0.160176	0.151461	0.154364	0.166404	0.192033	0.233831	0.289186	0.35752	0.434153	0.508929	0.573519	0.621278	0.646265	0.646265	
-0.50814	-0.565241	-0.545445	-0.430615	-0.219859	0.0629819	0.376269	0.677626	0.927824	1.10109	1.17558	1.15134	1.04692	0.88719	0.693614	0.487319	0.292494	0.122951	-0.0115345	-0.10901	-0.168006	-0.192523	-0.186002	-0.154627	-0.100934	-0.0292594	0.0533249	0.140407	0.217671	0.2762	0.306311	0.309033	0.289234	0.25315	0.215191	0.180396	0.154728	0.142531	0.142142	0.156763	0.185614	0.227305	0.282564	0.343407	0.40474	0.460801	0.504317	0.534996	0.549638	0.549638	
-0.423022	-0.466354	-0.433535	-0.311629	-0.0996475	0.17626	0.476377	0.760102	0.990004	1.13516	1.18531	1.14118	1.01366	0.825182	0.601718	0.366735	0.141718	-0.0532284	-0.204886	-0.309644	-0.367527	-0.382911	-0.356783	-0.298766	-0.214224	-0.113441	-0.00527952	0.101668	0.191306	0.26012	0.301818	0.316078	0.305552	0.278222	0.240821	0.198431	0.164157	0.138712	0.126207	0.134914	0.158944	0.193047	0.235485	0.275939	0.309634	0.334988	0.351287	0.362334	0.365192	0.365192	
-0.331555	-0.351736	-0.296743	-0.158672	0.0592108	0.330554	0.616158	0.880696	1.08419	1.20256	1.22213	1.14853	0.99401	0.781954	0.539754	0.290965	0.0629035	-0.134497	-0.288927	-0.396147	-0.452054	-0.461499	-0.429513	-0.363141	-0.265332	-0.14874	-0.0295821	0.0843056	0.180635	0.256789	0.304524	0.327966	0.33204	0.315893	0.282554	0.235833	0.18984	0.148959	0.117626	0.110573	0.119074	0.128924	0.143449	0.149977	0.143878	0.133166	0.119321	0.109059	0.101125	0.101125	
-0.24092	-0.231972	-0.15203	0.00290249	0.226898	0.49537	0.77231	1.01987	1.19935	1.28256	1.26638	1.16158	0.978793	0.745508	0.49662	0.257795	0.0429141	-0.136833	-0.273369	-0.366953	-0.419942	-0.436691	-0.40925	-0.346625	-0.251209	-0.138799	-0.0207512	0.0956974	0.191649	0.271481	0.327025	0.358588	0.370032	0.359971	0.327676	0.27969	0.232383	0.182097	0.133547	0.0999542	0.0690492	0.0327412	-0.00126036	-0.041085	-0.0858364	-0.129009	-0.167376	-0.192636	-0.210197	-0.210197	
-0.174717	-0.126953	-0.0171541	0.155813	0.386432	0.651216	0.914667	1.14316	1.29646	1.34948	1.29953	1.16752	0.969531	0.733137	0.493062	0.270812	0.0836974	-0.0703181	-0.189632	-0.272925	-0.317081	-0.326488	-0.304054	-0.253813	-0.172686	-0.0752698	0.0258267	0.126173	0.216798	0.29871	0.357103	0.391689	0.408052	0.404404	0.378076	0.336461	0.292796	0.236324	0.163195	0.0891711	0.00641158	-0.0922175	-0.182859	-0.26798	-0.350057	-0.417404	-0.472072	-0.509679	-0.532065	-0.532065	
-0.153339	-0.0667558	0.0752513	0.273037	0.513686	0.775214	1.02527	1.23009	1.35396	1.37694	1.3067	1.17058	0.979684	0.757851	0.538652	0.341562	0.171659	0.0310087	-0.0741562	-0.141453	-0.172146	-0.17445	-0.144678	-0.0956175	-0.029605	0.0397751	0.110008	0.183939	0.250283	0.318439	0.37383	0.409931	0.43305	0.438527	0.420576	0.387576	0.347427	0.282136	0.186156	0.0730177	-0.0618833	-0.21608	-0.361054	-0.492464	-0.606365	-0.695386	-0.761449	-0.801419	-0.825989	-0.825989	
-0.202628	-0.0776313	0.10191	0.326744	0.57967	0.836807	1.06965	1.25142	1.35626	1.3676	1.29554	1.17204	1.00555	0.811734	0.617934	0.440395	0.288141	0.162629	0.0682188	0.0126954	-0.00190857	0.0130782	0.0473782	0.0882847	0.137335	0.181028	0.219444	0.25744	0.294191	0.339492	0.377453	0.404817	0.42992	0.447064	0.440285	0.412499	0.368027	0.285634	0.163179	0.0214989	-0.140412	-0.322955	-0.495797	-0.654788	-0.79736	-0.908399	-0.988954	-1.03806	-1.06427	-1.06427	
-0.312565	-0.158021	0.0484449	0.295587	0.556274	0.809987	1.03343	1.20696	1.30769	1.32435	1.26821	1.17029	1.03357	0.866427	0.696379	0.540639	0.408344	0.302005	0.227977	0.19254	0.191881	0.210697	0.240689	0.270079	0.299569	0.320066	0.334155	0.345997	0.35211	0.365993	0.377856	0.384705	0.400052	0.414286	0.405255	0.373496	0.317729	0.221937	0.0879658	-0.0625132	-0.22591	-0.406502	-0.580477	-0.744116	-0.895336	-1.0187	-1.11098	-1.16865	-1.19962	-1.19962	
-0.460088	-0.293058	-0.0734996	0.179419	0.439052	0.686192	0.906606	1.0822	1.19752	1.23559	1.20455	1.13652	1.03052	0.893396	0.75054	0.624069	0.521245	0.445712	0.399323	0.384193	0.393588	0.410103	0.426321	0.434774	0.441284	0.439617	0.4333	0.421771	0.401854	0.387792	0.370789	0.350397	0.341971	0.33749	0.310603	0.262321	0.195257	0.0932264	-0.0370582	-0.174177	-0.317843	-0.470918	-0.616978	-0.756336	-0.888518	-1.00488	-1.10032	-1.16569	-1.20328	-1.20328	
-0.607303	-0.446763	-0.239696	0.00066116	0.246559	0.485447	0.703833	0.889428	1.02263	1.087	1.08856	1.05374	0.985465	0.884781	0.778116	0.685187	0.619428	0.579102	0.558336	0.558843	0.572181	0.583646	0.582967	0.570717	0.555603	0.532565	0.502358	0.464179	0.419235	0.379437	0.33835	0.291811	0.253946	0.21656	0.158797	0.0901975	0.0157725	-0.072887	-0.175851	-0.280773	-0.385167	-0.498504	-0.604596	-0.701907	-0.799301	-0.88855	-0.968115	-1.0305	-1.06542	-1.06542	
-0.716192	-0.583444	-0.405087	-0.194331	0.0263733	0.243368	0.452294	0.639959	0.791185	0.88413	0.919905	0.92673	0.901027	0.843781	0.776867	0.725866	0.69608	0.682977	0.683334	0.69288	0.702802	0.700583	0.686066	0.659218	0.622054	0.574366	0.518561	0.453108	0.381345	0.319114	0.259155	0.191686	0.127997	0.0637378	-0.0158372	-0.0958005	-0.163673	-0.229687	-0.294929	-0.353811	-0.412291	-0.474294	-0.534379	-0.592262	-0.647953	-0.703926	-0.754966	-0.791678	-0.815656	-0.815656	
-0.763635	-0.665736	-0.527828	-0.358411	-0.178265	0.00599721	0.19154	0.373408	0.534523	0.652016	0.725457	0.768968	0.786032	0.773383	0.749817	0.733214	0.734167	0.744844	0.751687	0.756211	0.755858	0.744399	0.714274	0.669095	0.614066	0.546169	0.465536	0.376761	0.288644	0.209765	0.134186	0.0522302	-0.0261552	-0.101291	-0.180906	-0.250394	-0.301011	-0.337599	-0.364807	-0.380979	-0.388527	-0.400759	-0.416683	-0.434399	-0.45768	-0.477697	-0.491002	-0.498874	-0.500129	-0.500129	
-0.730411	-0.67466	-0.583387	-0.464634	-0.330222	-0.187468	-0.0311763	0.136461	0.298723	0.429451	0.522172	0.594213	0.64547	0.670507	0.680679	0.695565	0.718651	0.735249	0.7424	0.739814	0.725832	0.697727	0.655387	0.599158	0.525081	0.440396	0.347973	0.249999	0.154874	0.0705835	-0.0110133	-0.0990509	-0.18082	-0.251057	-0.31338	-0.360324	-0.383101	-0.389262	-0.382878	-0.360182	-0.32882	-0.296722	-0.271144	-0.252701	-0.235504	-0.220003	-0.20105	-0.179465	-0.167881	-0.167881	
-0.63168	-0.618707	-0.57574	-0.50602	-0.416926	-0.312614	-0.187235	-0.0391868	0.111962	0.240147	0.342615	0.423923	0.490022	0.53789	0.57246	0.60364	0.635441	0.655131	0.655266	0.639643	0.613616	0.575446	0.519725	0.44849	0.364614	0.276868	0.185632	0.0969659	0.0125213	-0.0696105	-0.150607	-0.233198	-0.306073	-0.361233	-0.399524	-0.421374	-0.421113	-0.40081	-0.365211	-0.314136	-0.252132	-0.186271	-0.123139	-0.0604421	0.00112897	0.0567422	0.104735	0.139727	0.158499	0.158499	
-0.49872	-0.525522	-0.524968	-0.499568	-0.447652	-0.374822	-0.276255	-0.148639	-0.0126364	0.10543	0.199852	0.277398	0.347693	0.403403	0.441677	0.472006	0.499122	0.507582	0.497754	0.473275	0.435162	0.383961	0.319068	0.243466	0.160874	0.0850782	0.0128486	-0.0572988	-0.125258	-0.192816	-0.26296	-0.331309	-0.387212	-0.424681	-0.441223	-0.442632	-0.419803	-0.376564	-0.32093	-0.249578	-0.169829	-0.0802863	0.0183365	0.123166	0.229903	0.323334	0.394971	0.441785	0.463403	0.463403	
-0.356692	-0.416672	-0.45019	-0.456048	-0.429172	-0.380182	-0.306016	-0.200183	-0.086636	0.012824	0.0978086	0.167602	0.227648	0.274577	0.302041	0.314786	0.320265	0.30743	0.281522	0.243802	0.198588	0.144874	0.0822841	0.0156736	-0.0505195	-0.102803	-0.150969	-0.196762	-0.245837	-0.300029	-0.350651	-0.392179	-0.423289	-0.438089	-0.431618	-0.414552	-0.376142	-0.318029	-0.249668	-0.166948	-0.072627	0.038536	0.163416	0.295816	0.427566	0.54025	0.628058	0.688146	0.715915	0.715915	
-0.200988	-0.287184	-0.34509	-0.375144	-0.369213	-0.338011	-0.282915	-0.19938	-0.107901	-0.028189	0.0391305	0.0887742	0.130203	0.157399	0.157004	0.134341	0.101456	0.0561323	0.00629858	-0.0443591	-0.0942535	-0.142609	-0.185898	-0.224756	-0.255327	-0.274594	-0.296869	-0.319742	-0.343992	-0.368406	-0.390492	-0.401889	-0.406111	-0.401241	-0.376012	-0.341064	-0.286715	-0.218464	-0.143008	-0.0492483	0.0577072	0.182065	0.319775	0.455243	0.580759	0.688121	0.773693	0.835108	0.866413	0.866413	
-0.0209566	-0.123397	-0.200216	-0.24936	-0.258787	-0.24462	-0.213193	-0.153396	-0.0881043	-0.0315911	0.0153742	0.0442324	0.053303	0.0370251	-0.0108362	-0.082093	-0.156673	-0.236533	-0.308653	-0.371938	-0.423475	-0.459236	-0.476558	-0.478089	-0.467142	-0.445543	-0.430254	-0.419395	-0.411652	-0.402529	-0.3874	-0.361803	-0.335267	-0.303966	-0.256534	-0.207145	-0.143531	-0.0683185	0.0127715	0.114526	0.226849	0.344115	0.463721	0.572867	0.669628	0.753994	0.825083	0.879184	0.905632	0.905632	
0.163282	0.062101	-0.0174521	-0.0776819	-0.108822	-0.123069	-0.120567	-0.0912794	-0.050276	-0.0131536	0.0138483	0.010371	-0.0275925	-0.0955364	-0.19499	-0.312453	-0.428649	-0.536536	-0.625911	-0.697368	-0.747742	-0.772605	-0.764465	-0.732688	-0.682656	-0.62457	-0.572278	-0.51673	-0.461407	-0.407393	-0.353121	-0.289346	-0.223879	-0.15583	-0.0789337	-0.00829612	0.0653075	0.138907	0.216744	0.31231	0.406781	0.493613	0.574788	0.642435	0.700953	0.753649	0.798369	0.831921	0.845735	0.845735	
0.33037	0.248616	0.176316	0.108001	0.0554194	0.0149247	-0.0148036	-0.0159783	-0.00481445	0.00307104	-0.00441589	-0.0455605	-0.126064	-0.241445	-0.382553	-0.535269	-0.677555	-0.805326	-0.908969	-0.9843	-1.02774	-1.03388	-1.00328	-0.94984	-0.876597	-0.793213	-0.709361	-0.616658	-0.517987	-0.41499	-0.312432	-0.202917	-0.0919135	0.0159516	0.122065	0.213952	0.300268	0.37825	0.447122	0.520446	0.580382	0.618315	0.652078	0.676822	0.691105	0.705808	0.718054	0.725586	0.72678	0.72678	
0.457859	0.39886	0.338473	0.268077	0.20223	0.141251	0.0913417	0.0633775	0.0440393	0.0160607	-0.0304855	-0.110453	-0.232901	-0.38275	-0.545341	-0.711482	-0.870105	-1.01315	-1.12476	-1.19739	-1.22883	-1.21842	-1.17154	-1.10536	-1.02478	-0.935199	-0.833009	-0.709094	-0.571085	-0.425075	-0.275555	-0.119629	0.0318721	0.172563	0.297831	0.405771	0.507825	0.589724	0.64945	0.697586	0.718067	0.714477	0.709487	0.696653	0.672341	0.645689	0.621688	0.604664	0.591531	0.591531	
0.524508	0.485567	0.433184	0.364741	0.292038	0.22642	0.170194	0.129358	0.0894837	0.035398	-0.0422515	-0.153156	-0.301018	-0.471699	-0.649085	-0.826501	-0.992331	-1.13555	-1.24309	-1.30683	-1.32785	-1.31202	-1.26755	-1.20674	-1.1245	-1.02483	-0.910049	-0.769167	-0.607488	-0.430756	-0.247349	-0.0630084	0.114727	0.271835	0.405748	0.527848	0.640302	0.726209	0.778893	0.806563	0.803298	0.771705	0.738929	0.701608	0.650902	0.601191	0.557605	0.522905	0.501367	0.501367	
0.509875	0.481908	0.441821	0.380677	0.312627	0.250031	0.197371	0.156539	0.116303	0.0579151	-0.0280774	-0.145071	-0.303696	-0.491004	-0.679921	-0.860452	-1.02458	-1.16186	-1.2588	-1.30921	-1.32625	-1.31581	-1.28362	-1.23192	-1.15255	-1.04954	-0.921733	-0.772174	-0.607013	-0.4276	-0.243338	-0.0594043	0.120913	0.287321	0.429736	0.558682	0.675915	0.755391	0.798304	0.823588	0.819238	0.784111	0.743485	0.69545	0.638832	0.5895	0.54843	0.51453	0.492659	0.492659	
0.415571	0.396988	0.364307	0.314039	0.254683	0.20373	0.171265	0.152843	0.13068	0.0845438	0.00803674	-0.102876	-0.256873	-0.43863	-0.62284	-0.800193	-0.959637	-1.09003	-1.17864	-1.22513	-1.24089	-1.23544	-1.21242	-1.16545	-1.08974	-0.987965	-0.869005	-0.730294	-0.575464	-0.414119	-0.251838	-0.0974532	0.0589948	0.213706	0.352649	0.482863	0.59284	0.664524	0.708156	0.741108	0.758513	0.751015	0.729899	0.69949	0.65889	0.620793	0.592753	0.571506	0.556681	0.556681	
0.261657	0.239755	0.210565	0.168717	0.125905	0.105656	0.111678	0.128435	0.135909	0.112474	0.0538071	-0.0357843	-0.163258	-0.323968	-0.492614	-0.654446	-0.800999	-0.923247	-1.00936	-1.05592	-1.0777	-1.07938	-1.05927	-1.01537	-0.947192	-0.860872	-0.762762	-0.651067	-0.527345	-0.396842	-0.274281	-0.162733	-0.0419745	0.0811332	0.192894	0.301199	0.401597	0.476394	0.534519	0.593708	0.640685	0.669401	0.691011	0.700115	0.692899	0.682051	0.676191	0.675244	0.676984	0.676984	
0.0600714	0.0362339	0.00775345	-0.0217297	-0.0363339	-0.0240075	0.0176763	0.0723	0.112934	0.118591	0.0953034	0.0451257	-0.0456559	-0.174783	-0.316341	-0.451729	-0.569173	-0.670343	-0.747213	-0.798208	-0.828987	-0.840997	-0.835608	-0.806821	-0.760252	-0.697141	-0.627926	-0.5535	-0.472937	-0.392654	-0.316355	-0.24599	-0.16509	-0.0767338	0.00183601	0.0778643	0.162032	0.243976	0.32269	0.405123	0.481185	0.548423	0.612257	0.671223	0.716493	0.747056	0.773475	0.795337	0.806778	0.806778	
-0.16504	-0.186367	-0.201733	-0.206183	-0.194272	-0.156473	-0.0896924	-0.010196	0.0587641	0.102637	0.123447	0.114756	0.0674163	-0.0186133	-0.1217	-0.217839	-0.29799	-0.37098	-0.430915	-0.478825	-0.518949	-0.550117	-0.564512	-0.559287	-0.541842	-0.511222	-0.481406	-0.45062	-0.419829	-0.391381	-0.364335	-0.332347	-0.282278	-0.228279	-0.1807	-0.130104	-0.0615256	0.0194948	0.108583	0.208977	0.308927	0.407465	0.505341	0.602453	0.696654	0.777371	0.839885	0.87945	0.895928	0.895928	
-0.379253	-0.384124	-0.37674	-0.359007	-0.324218	-0.270038	-0.192348	-0.092286	0.00504607	0.0793112	0.134711	0.167464	0.166519	0.127778	0.0710375	0.0228694	-0.0137237	-0.0595891	-0.111482	-0.161821	-0.203982	-0.2395	-0.268538	-0.293391	-0.313046	-0.320355	-0.330592	-0.346517	-0.365411	-0.377509	-0.383444	-0.3809	-0.36542	-0.343833	-0.318145	-0.287885	-0.232706	-0.160174	-0.0784143	0.0254477	0.141263	0.26286	0.384366	0.505252	0.62814	0.738157	0.823884	0.878271	0.900193	0.900193	
-0.553099	-0.535814	-0.509454	-0.476067	-0.427604	-0.365192	-0.275327	-0.154319	-0.0325606	0.0709687	0.159912	0.224447	0.262757	0.27511	0.270005	0.262284	0.252792	0.221197	0.176203	0.129887	0.0879567	0.0478341	0.00729468	-0.0359007	-0.0825362	-0.128273	-0.181279	-0.236885	-0.287191	-0.326326	-0.357191	-0.378505	-0.396842	-0.407182	-0.39985	-0.382498	-0.339208	-0.278439	-0.208979	-0.116618	-0.00617653	0.11779	0.247699	0.377668	0.504247	0.61445	0.703706	0.769949	0.804086	0.804086	
-0.681274	-0.641852	-0.602513	-0.560118	-0.505043	-0.433473	-0.333028	-0.192906	-0.0446727	0.0888339	0.20686	0.306441	0.386553	0.44	0.465576	0.479497	0.483215	0.460112	0.423097	0.381809	0.343361	0.300069	0.25294	0.195713	0.131464	0.0658934	-0.0137932	-0.0979629	-0.175931	-0.236547	-0.288668	-0.336546	-0.381883	-0.415131	-0.422853	-0.417952	-0.389861	-0.341771	-0.285151	-0.211462	-0.122852	-0.0184564	0.098839	0.217512	0.328821	0.420156	0.495902	0.562229	0.599216	0.599216	
-0.771251	-0.714456	-0.659846	-0.608914	-0.544148	-0.463615	-0.353556	-0.19616	-0.0221235	0.141909	0.291608	0.422458	0.530891	0.608568	0.650603	0.66843	0.670948	0.652543	0.618554	0.582713	0.548814	0.510446	0.463481	0.401474	0.334039	0.254926	0.164017	0.0700887	-0.0222673	-0.104797	-0.187215	-0.261242	-0.328315	-0.375113	-0.394926	-0.408481	-0.399262	-0.369955	-0.331977	-0.275647	-0.209568	-0.136348	-0.0502485	0.0342524	0.110481	0.17942	0.23639	0.281484	0.306004	0.306004	
-0.8168	-0.739565	-0.674119	-0.614285	-0.541341	-0.450848	-0.325362	-0.148677	0.0491855	0.237146	0.405389	0.552393	0.675465	0.764507	0.810239	0.820115	0.81186	0.78883	0.760989	0.732252	0.701273	0.6658	0.62369	0.569317	0.5026	0.422327	0.331766	0.239613	0.146903	0.0512193	-0.0475908	-0.141208	-0.225624	-0.287342	-0.327967	-0.36041	-0.375456	-0.371902	-0.357627	-0.328124	-0.285757	-0.242666	-0.198004	-0.157148	-0.119931	-0.0813728	-0.0502786	-0.0336687	-0.0338689	-0.0338689	
-0.78902	-0.701407	-0.626834	-0.559234	-0.480609	-0.375475	-0.233952	-0.045749	0.163821	0.363009	0.535106	0.685035	0.805125	0.883098	0.91508	0.910989	0.892294	0.868474	0.840359	0.811598	0.784443	0.756516	0.722459	0.671668	0.611495	0.540086	0.464456	0.390556	0.304418	0.208526	0.106864	0.00875474	-0.0778419	-0.153292	-0.218596	-0.272657	-0.311181	-0.337708	-0.354294	-0.352931	-0.345415	-0.345512	-0.343256	-0.345723	-0.350219	-0.34682	-0.34724	-0.354138	-0.364181	-0.364181	
-0.67244	-0.578547	-0.501754	-0.436126	-0.353713	-0.242289	-0.0945554	0.0933425	0.303434	0.497924	0.660248	0.796965	0.896525	0.951357	0.962147	0.938352	0.906864	0.879961	0.851992	0.823366	0.79563	0.770121	0.737317	0.692801	0.644841	0.591913	0.538687	0.482986	0.414323	0.335441	0.253955	0.171061	0.0905593	0.0141811	-0.0644494	-0.1356	-0.194625	-0.251779	-0.304528	-0.342569	-0.379737	-0.4296	-0.472413	-0.510474	-0.554792	-0.596268	-0.632446	-0.658286	-0.671281	-0.671281	
-0.469645	-0.381648	-0.316931	-0.257302	-0.183101	-0.0760703	0.0671804	0.240646	0.432063	0.612673	0.761968	0.877447	0.947055	0.967421	0.952573	0.911081	0.866279	0.827949	0.795761	0.766221	0.734554	0.703884	0.672022	0.638668	0.605883	0.575106	0.545015	0.512564	0.465655	0.411441	0.36193	0.307531	0.252333	0.18787	0.109663	0.0371232	-0.0351273	-0.115814	-0.1986	-0.279121	-0.368211	-0.468528	-0.557847	-0.640148	-0.727797	-0.810008	-0.87531	-0.916587	-0.936087	-0.936087	
-0.213518	-0.144868	-0.100367	-0.0616976	-0.00694425	0.082374	0.203637	0.350093	0.520543	0.683391	0.810027	0.90017	0.939068	0.93089	0.89179	0.83553	0.781535	0.734091	0.692014	0.651491	0.618476	0.589246	0.559717	0.532349	0.51554	0.508386	0.495152	0.477318	0.453144	0.434768	0.420051	0.395223	0.37154	0.336489	0.279104	0.215174	0.144726	0.0513174	-0.0593431	-0.17693	-0.313188	-0.456787	-0.587692	-0.716071	-0.843771	-0.955266	-1.03862	-1.09412	-1.12662	-1.12662	
0.0388652	0.0779655	0.090912	0.1027	0.132129	0.192299	0.285072	0.406542	0.552694	0.691984	0.799716	0.860523	0.868846	0.838174	0.788624	0.728365	0.665397	0.605621	0.553905	0.512063	0.475321	0.441616	0.41799	0.405279	0.403356	0.404662	0.401935	0.402141	0.405718	0.420172	0.434632	0.439973	0.445821	0.440869	0.41105	0.362531	0.298267	0.200726	0.0736972	-0.0679018	-0.228765	-0.400676	-0.567081	-0.727166	-0.87734	-1.00039	-1.0905	-1.1556	-1.19322	-1.19322	
0.241585	0.247483	0.226381	0.206309	0.202885	0.233369	0.304222	0.410084	0.536554	0.653283	0.731648	0.762271	0.748122	0.703255	0.646129	0.584832	0.522403	0.456159	0.401995	0.357679	0.32017	0.288881	0.272748	0.271087	0.276112	0.286409	0.295367	0.312595	0.344347	0.390365	0.429053	0.455166	0.480386	0.494415	0.48482	0.451448	0.396413	0.299876	0.164966	0.0164447	-0.145221	-0.319358	-0.498118	-0.666594	-0.80811	-0.925689	-1.01771	-1.07905	-1.11486	-1.11486	
0.369886	0.336202	0.276141	0.222902	0.19763	0.215514	0.276595	0.373552	0.480669	0.570598	0.625501	0.636197	0.606472	0.551884	0.485226	0.41939	0.355307	0.294006	0.241838	0.198222	0.166167	0.139441	0.129949	0.133548	0.150664	0.174134	0.200659	0.240734	0.291972	0.355311	0.40786	0.450693	0.487563	0.507709	0.502426	0.468317	0.417121	0.330907	0.20762	0.0727301	-0.069557	-0.221297	-0.379646	-0.527489	-0.64617	-0.745472	-0.827999	-0.880085	-0.905981	-0.905981	
0.412516	0.335439	0.238469	0.161993	0.130735	0.144821	0.202739	0.296466	0.39369	0.470725	0.510321	0.505745	0.467018	0.405655	0.332942	0.263252	0.196771	0.131711	0.0763773	0.0367815	0.00980159	-0.00444372	0.00151643	0.0181319	0.0447708	0.0798983	0.131464	0.193203	0.260511	0.331593	0.385897	0.431959	0.466232	0.484147	0.476569	0.433381	0.375003	0.303385	0.210033	0.106442	0.00151455	-0.109185	-0.217552	-0.317037	-0.40783	-0.488699	-0.556832	-0.600402	-0.620508	-0.620508	
0.384513	0.265779	0.139925	0.051422	0.0136501	0.0265284	0.0895567	0.191073	0.289392	0.358254	0.386181	0.378763	0.343054	0.28048	0.204762	0.129871	0.0571658	-0.0143215	-0.07574	-0.115509	-0.129399	-0.120966	-0.0944927	-0.0598955	-0.0175718	0.0341765	0.103933	0.179175	0.249312	0.316293	0.36875	0.403546	0.420081	0.424557	0.410066	0.367925	0.311804	0.258417	0.204517	0.144111	0.0808753	0.0148043	-0.0433555	-0.095432	-0.149127	-0.204337	-0.250626	-0.275826	-0.2918	-0.2918	
0.29117	0.149913	0.0175643	-0.0803819	-0.124172	-0.107682	-0.03725	0.0666707	0.165911	0.235336	0.260998	0.262788	0.238086	0.182105	0.102454	0.0169256	-0.0596673	-0.12636	-0.184179	-0.218809	-0.215065	-0.18408	-0.143003	-0.0951692	-0.0299415	0.0456648	0.127239	0.200993	0.260172	0.313403	0.352459	0.369093	0.367951	0.358427	0.336747	0.301609	0.26184	0.228741	0.197237	0.169864	0.152924	0.133254	0.118974	0.10719	0.0893954	0.0710147	0.0525639	0.0408884	0.0338354	0.0338354	
