-0.138351	-0.138351	-0.153748	-0.148704	-0.147838	-0.153609	-0.148997	-0.146031	-0.151339	-0.151819	-0.159816	-0.15049	-0.158138	-0.17439	-0.163885	-0.164219	-0.173636	-0.186148	-0.188719	-0.179019	-0.179961	-0.211529	-0.220779	-0.218943	-0.206721	-0.217032	-0.243099	-0.293027	-0.31917	-0.304715	-0.277844	-0.272763	-0.316152	-0.412373	-0.585779	-0.783786	-0.966952	-1.07754	-1.11341	-1.04703	-0.85314	-0.544299	-0.15254	0.25909	0.660764	1.04091	1.35447	1.57411	1.64407	1.54955	
-0.138351	-0.138351	-0.153748	-0.148704	-0.147838	-0.153609	-0.148997	-0.146031	-0.151339	-0.151819	-0.159816	-0.15049	-0.158138	-0.17439	-0.163885	-0.164219	-0.173636	-0.186148	-0.188719	-0.179019	-0.179961	-0.211529	-0.220779	-0.218943	-0.206721	-0.217032	-0.243099	-0.293027	-0.31917	-0.304715	-0.277844	-0.272763	-0.316152	-0.412373	-0.585779	-0.783786	-0.966952	-1.07754	-1.11341	-1.04703	-0.85314	-0.544299	-0.15254	0.25909	0.660764	1.04091	1.35447	1.57411	1.64407	1.54955	
-0.153748	-0.153748	-0.150027	-0.13996	-0.139806	-0.145882	-0.153565	-0.154042	-0.153213	-0.161708	-0.157871	-0.152725	-0.162207	-0.164657	-0.160606	-0.164148	-0.169876	-0.179487	-0.184181	-0.177542	-0.187738	-0.205223	-0.220657	-0.215749	-0.21508	-0.222882	-0.251128	-0.291212	-0.314441	-0.304739	-0.284798	-0.287774	-0.330975	-0.433269	-0.593857	-0.788045	-0.955455	-1.06617	-1.0936	-1.02233	-0.830526	-0.52161	-0.141771	0.267686	0.666853	1.0364	1.34922	1.55476	1.62008	1.53158	
-0.148704	-0.148704	-0.13996	-0.150648	-0.155799	-0.149305	-0.149357	-0.151625	-0.146331	-0.152189	-0.15518	-0.160625	-0.163935	-0.159105	-0.170707	-0.173399	-0.174753	-0.180868	-0.182707	-0.187501	-0.196648	-0.201656	-0.213569	-0.212492	-0.221445	-0.23021	-0.255198	-0.280892	-0.296402	-0.29711	-0.290093	-0.306211	-0.35399	-0.46012	-0.606064	-0.782694	-0.932443	-1.03508	-1.05383	-0.975801	-0.786426	-0.490088	-0.126144	0.269342	0.662522	1.01785	1.32182	1.51301	1.577	1.49745	
-0.147838	-0.147838	-0.139806	-0.155799	-0.15723	-0.144802	-0.144675	-0.154305	-0.157811	-0.152228	-0.151199	-0.165536	-0.161319	-0.158407	-0.171341	-0.175202	-0.176509	-0.174791	-0.179519	-0.195293	-0.202205	-0.198527	-0.203134	-0.214404	-0.230374	-0.243854	-0.262223	-0.270077	-0.280463	-0.292261	-0.306964	-0.33618	-0.39531	-0.499011	-0.62864	-0.775008	-0.903805	-0.989011	-0.996074	-0.907065	-0.719862	-0.441245	-0.0968487	0.280992	0.66038	1.0026	1.28101	1.45922	1.51236	1.44174	
-0.153609	-0.153609	-0.145882	-0.149305	-0.144802	-0.146077	-0.154478	-0.159884	-0.157151	-0.150223	-0.158101	-0.16971	-0.156955	-0.155448	-0.169899	-0.175614	-0.175841	-0.168876	-0.180057	-0.202996	-0.207645	-0.196593	-0.198436	-0.221811	-0.243283	-0.260985	-0.268733	-0.260745	-0.268374	-0.293772	-0.333173	-0.377254	-0.450051	-0.546331	-0.655507	-0.76508	-0.867441	-0.929877	-0.920442	-0.820172	-0.637149	-0.379294	-0.0602368	0.297376	0.656759	0.980184	1.22952	1.38811	1.43244	1.37114	
-0.148997	-0.148997	-0.153565	-0.149357	-0.144675	-0.154478	-0.155388	-0.152234	-0.152019	-0.153393	-0.163367	-0.167077	-0.15977	-0.162238	-0.178056	-0.17814	-0.176353	-0.172352	-0.184607	-0.207721	-0.205606	-0.191297	-0.196437	-0.224344	-0.251031	-0.26764	-0.263699	-0.246335	-0.253668	-0.297066	-0.357296	-0.421503	-0.502839	-0.590188	-0.671367	-0.744284	-0.813127	-0.850982	-0.8204	-0.714027	-0.538076	-0.308002	-0.0179777	0.309811	0.645356	0.937494	1.15992	1.29322	1.33578	1.28952	
-0.146031	-0.146031	-0.154042	-0.151625	-0.154305	-0.159884	-0.152234	-0.142406	-0.158026	-0.163925	-0.157196	-0.159381	-0.164049	-0.173695	-0.174754	-0.177264	-0.176718	-0.181067	-0.191992	-0.20729	-0.202023	-0.194803	-0.203346	-0.233537	-0.259548	-0.273066	-0.25829	-0.24048	-0.252902	-0.313605	-0.392286	-0.476502	-0.56164	-0.634741	-0.685216	-0.719354	-0.753535	-0.758375	-0.709874	-0.595318	-0.433861	-0.229383	0.0279661	0.324391	0.627634	0.888738	1.07534	1.19062	1.22801	1.19959	
-0.151339	-0.151339	-0.153213	-0.146331	-0.157811	-0.157151	-0.152019	-0.158026	-0.165483	-0.162842	-0.156233	-0.158804	-0.167786	-0.173548	-0.164829	-0.172978	-0.179418	-0.1885	-0.198446	-0.200525	-0.201798	-0.207108	-0.217708	-0.246847	-0.266485	-0.275228	-0.255162	-0.245712	-0.269857	-0.342316	-0.439922	-0.536534	-0.623116	-0.67251	-0.694191	-0.687531	-0.685122	-0.653307	-0.586636	-0.468735	-0.323948	-0.144437	0.0771274	0.341585	0.603221	0.831325	0.982604	1.07856	1.11724	1.10554	
-0.151819	-0.151819	-0.161708	-0.152189	-0.152228	-0.150223	-0.153393	-0.163925	-0.162842	-0.164546	-0.15981	-0.164357	-0.179336	-0.176825	-0.167881	-0.174362	-0.187243	-0.195679	-0.196351	-0.187561	-0.200436	-0.214522	-0.228839	-0.246109	-0.262091	-0.260304	-0.249145	-0.253315	-0.293321	-0.374035	-0.484733	-0.589877	-0.665459	-0.692518	-0.678706	-0.639961	-0.591024	-0.529825	-0.442246	-0.331837	-0.204975	-0.0542909	0.12896	0.350145	0.567213	0.748825	0.872479	0.948324	0.992833	1.00813	
-0.159816	-0.159816	-0.157871	-0.15518	-0.151199	-0.158101	-0.163367	-0.157196	-0.156233	-0.15981	-0.163638	-0.172812	-0.183067	-0.174153	-0.17111	-0.183913	-0.197409	-0.204121	-0.19254	-0.187986	-0.209514	-0.232809	-0.242531	-0.248782	-0.254816	-0.250362	-0.253996	-0.279696	-0.331305	-0.419948	-0.534566	-0.641072	-0.696798	-0.69971	-0.653913	-0.581356	-0.490699	-0.398163	-0.299575	-0.198956	-0.092135	0.027947	0.174704	0.345643	0.515882	0.654228	0.751379	0.817792	0.873178	0.91238	
-0.15049	-0.15049	-0.152725	-0.160625	-0.165536	-0.16971	-0.167077	-0.159381	-0.158804	-0.164357	-0.172812	-0.170051	-0.168197	-0.167051	-0.176305	-0.19134	-0.199447	-0.201521	-0.192653	-0.19651	-0.227648	-0.251237	-0.255481	-0.251168	-0.248289	-0.251821	-0.276537	-0.324498	-0.386352	-0.477754	-0.590583	-0.683976	-0.717767	-0.692583	-0.619712	-0.511238	-0.382626	-0.263356	-0.158614	-0.0715832	0.0160249	0.106612	0.213056	0.334485	0.453128	0.553781	0.630933	0.692177	0.763929	0.8251	
-0.158138	-0.158138	-0.162207	-0.163935	-0.161319	-0.156955	-0.15977	-0.164049	-0.167786	-0.179336	-0.183067	-0.168197	-0.167785	-0.182868	-0.191301	-0.193041	-0.192205	-0.193475	-0.191988	-0.205729	-0.235817	-0.253156	-0.252956	-0.239233	-0.237131	-0.256444	-0.306632	-0.372464	-0.442653	-0.532628	-0.631722	-0.703555	-0.709233	-0.659952	-0.557106	-0.416305	-0.253483	-0.114854	-0.01169	0.0627592	0.12579	0.186731	0.246134	0.310786	0.377985	0.438055	0.498931	0.561172	0.64471	0.733745	
-0.17439	-0.17439	-0.164657	-0.159105	-0.158407	-0.155448	-0.162238	-0.173695	-0.173548	-0.176825	-0.174153	-0.167051	-0.182868	-0.197758	-0.197328	-0.192217	-0.193087	-0.197064	-0.208011	-0.227736	-0.244615	-0.255221	-0.249236	-0.233442	-0.239992	-0.280591	-0.352023	-0.429593	-0.505072	-0.585556	-0.660712	-0.702349	-0.681921	-0.607985	-0.478597	-0.30753	-0.122183	0.0265836	0.12309	0.180916	0.220823	0.24464	0.257281	0.263826	0.283851	0.314349	0.366395	0.438679	0.539699	0.654881	
-0.163885	-0.163885	-0.160606	-0.170707	-0.171341	-0.169899	-0.178056	-0.174754	-0.164829	-0.167881	-0.17111	-0.176305	-0.191301	-0.197328	-0.196674	-0.194547	-0.195332	-0.209582	-0.233669	-0.246457	-0.248956	-0.252903	-0.247967	-0.238663	-0.263606	-0.324937	-0.41066	-0.494178	-0.570338	-0.631005	-0.673795	-0.68133	-0.636689	-0.538162	-0.382946	-0.189338	0.00879457	0.157743	0.245723	0.286212	0.299358	0.285095	0.245927	0.201393	0.17892	0.189886	0.242097	0.328115	0.44911	0.588826	
-0.164219	-0.164219	-0.164148	-0.173399	-0.175202	-0.175614	-0.17814	-0.177264	-0.172978	-0.174362	-0.183913	-0.19134	-0.193041	-0.192217	-0.194547	-0.190243	-0.197373	-0.225856	-0.248175	-0.2482	-0.240551	-0.245237	-0.247975	-0.257506	-0.30498	-0.383007	-0.473914	-0.5606	-0.627038	-0.660687	-0.663945	-0.639935	-0.570178	-0.447225	-0.268879	-0.0614651	0.138065	0.282927	0.360533	0.383927	0.367439	0.310755	0.223138	0.130083	0.0760609	0.072159	0.128613	0.227608	0.364798	0.521457	
-0.173636	-0.173636	-0.169876	-0.174753	-0.176509	-0.175841	-0.176353	-0.176718	-0.179418	-0.187243	-0.197409	-0.199447	-0.192205	-0.193087	-0.195332	-0.197373	-0.219525	-0.244688	-0.252155	-0.242371	-0.233038	-0.242025	-0.259137	-0.294623	-0.361296	-0.444583	-0.535708	-0.615566	-0.663804	-0.66089	-0.627072	-0.572018	-0.478252	-0.331203	-0.137887	0.0712454	0.262257	0.39739	0.462782	0.463703	0.412311	0.309506	0.175563	0.0434634	-0.0348661	-0.0424619	0.0199447	0.136907	0.28826	0.462344	
-0.186148	-0.186148	-0.179487	-0.180868	-0.174791	-0.168876	-0.172352	-0.181067	-0.1885	-0.195679	-0.204121	-0.201521	-0.193475	-0.197064	-0.209582	-0.225856	-0.244688	-0.250763	-0.246577	-0.238114	-0.231762	-0.249131	-0.289254	-0.351161	-0.424698	-0.506967	-0.589631	-0.654461	-0.672434	-0.632376	-0.565053	-0.480067	-0.362721	-0.194957	0.000902717	0.202058	0.376232	0.499984	0.548097	0.522374	0.429431	0.282327	0.106491	-0.0529515	-0.14643	-0.152248	-0.0786393	0.0531473	0.221407	0.409456	
-0.188719	-0.188719	-0.184181	-0.182707	-0.179519	-0.180057	-0.184607	-0.191992	-0.198446	-0.196351	-0.19254	-0.192653	-0.191988	-0.208011	-0.233669	-0.248175	-0.252155	-0.246577	-0.245795	-0.245319	-0.246981	-0.283471	-0.351952	-0.427143	-0.500064	-0.572843	-0.641206	-0.677341	-0.65988	-0.586779	-0.488586	-0.376127	-0.234251	-0.058522	0.13161	0.312761	0.470162	0.576762	0.605204	0.546153	0.412542	0.225705	0.0224915	-0.152741	-0.246639	-0.245181	-0.157498	-0.00940878	0.169665	0.370373	
-0.179019	-0.179019	-0.177542	-0.187501	-0.195293	-0.202996	-0.207721	-0.20729	-0.200525	-0.187561	-0.187986	-0.19651	-0.205729	-0.227736	-0.246457	-0.2482	-0.242371	-0.238114	-0.245319	-0.254688	-0.275877	-0.340395	-0.423842	-0.50296	-0.566113	-0.627602	-0.668135	-0.668403	-0.616942	-0.515697	-0.390578	-0.248758	-0.0925399	0.0834974	0.253887	0.416023	0.550939	0.640105	0.640314	0.546	0.373433	0.156593	-0.0635467	-0.240738	-0.332318	-0.317827	-0.220493	-0.0605373	0.128181	0.332724	
-0.179961	-0.179961	-0.187738	-0.196648	-0.202205	-0.207645	-0.205606	-0.202023	-0.201798	-0.200436	-0.209514	-0.227648	-0.235817	-0.244615	-0.248956	-0.240551	-0.233038	-0.231762	-0.246981	-0.275877	-0.326605	-0.404866	-0.49158	-0.56235	-0.616341	-0.65318	-0.65728	-0.619917	-0.540342	-0.415507	-0.262667	-0.0992012	0.0629808	0.223836	0.373432	0.510409	0.624855	0.685715	0.654426	0.522031	0.31674	0.0805896	-0.145957	-0.319489	-0.402961	-0.382856	-0.27634	-0.112272	0.0799665	0.289623	
-0.211529	-0.211529	-0.205223	-0.201656	-0.198527	-0.196593	-0.191297	-0.194803	-0.207108	-0.214522	-0.232809	-0.251237	-0.253156	-0.255221	-0.252903	-0.245237	-0.242025	-0.249131	-0.283471	-0.340395	-0.404866	-0.482602	-0.556632	-0.618485	-0.648638	-0.649602	-0.611403	-0.542329	-0.438552	-0.290382	-0.114171	0.0604305	0.213214	0.352555	0.475324	0.58832	0.671045	0.698635	0.626972	0.460407	0.230794	-0.0149231	-0.236609	-0.400383	-0.474083	-0.442408	-0.330394	-0.156496	0.0423386	0.256815	
-0.220779	-0.220779	-0.220657	-0.213569	-0.203134	-0.198436	-0.196437	-0.203346	-0.217708	-0.228839	-0.242531	-0.255481	-0.252956	-0.249236	-0.247967	-0.247975	-0.259137	-0.289254	-0.351952	-0.423842	-0.49158	-0.556632	-0.621828	-0.662837	-0.659887	-0.618612	-0.546201	-0.451189	-0.325226	-0.154975	0.0336986	0.20536	0.338691	0.453121	0.550808	0.633869	0.682334	0.668307	0.562565	0.370054	0.131056	-0.108679	-0.317907	-0.463805	-0.525295	-0.485095	-0.363959	-0.186726	0.0179762	0.237439	
-0.218943	-0.218943	-0.215749	-0.212492	-0.214404	-0.221811	-0.224344	-0.233537	-0.246847	-0.246109	-0.248782	-0.251168	-0.239233	-0.233442	-0.238663	-0.257506	-0.294623	-0.351161	-0.427143	-0.50296	-0.56235	-0.618485	-0.662837	-0.672744	-0.628998	-0.553635	-0.454303	-0.336911	-0.18817	-0.00602568	0.182003	0.33628	0.4475	0.536455	0.607143	0.656134	0.66238	0.610556	0.475269	0.272731	0.0373325	-0.187483	-0.375556	-0.505411	-0.553834	-0.506694	-0.383671	-0.203179	0.000332034	0.217166	
-0.206721	-0.206721	-0.21508	-0.221445	-0.230374	-0.243283	-0.251031	-0.259548	-0.266485	-0.262091	-0.254816	-0.248289	-0.237131	-0.239992	-0.263606	-0.30498	-0.361296	-0.424698	-0.500064	-0.566113	-0.616341	-0.648638	-0.659887	-0.628998	-0.551748	-0.449829	-0.327909	-0.186865	-0.0242927	0.157407	0.327888	0.46101	0.547346	0.611413	0.648855	0.656455	0.620232	0.532595	0.381973	0.178267	-0.0432632	-0.248927	-0.419857	-0.534365	-0.5781	-0.529245	-0.40677	-0.229857	-0.0267127	0.1899	
-0.217032	-0.217032	-0.222882	-0.23021	-0.243854	-0.260985	-0.26764	-0.273066	-0.275228	-0.260304	-0.250362	-0.251821	-0.256444	-0.280591	-0.324937	-0.383007	-0.444583	-0.506967	-0.572843	-0.627602	-0.65318	-0.649602	-0.618612	-0.553635	-0.449829	-0.325046	-0.178539	-0.0212598	0.14323	0.307148	0.455053	0.56297	0.626155	0.657967	0.65571	0.618063	0.541472	0.43099	0.274195	0.0832424	-0.120257	-0.304907	-0.457818	-0.562413	-0.599755	-0.551199	-0.430054	-0.253598	-0.0516587	0.164139	
-0.243099	-0.243099	-0.251128	-0.255198	-0.262223	-0.268733	-0.263699	-0.25829	-0.255162	-0.249145	-0.253996	-0.276537	-0.306632	-0.352023	-0.41066	-0.473914	-0.535708	-0.589631	-0.641206	-0.668135	-0.65728	-0.611403	-0.546201	-0.454303	-0.327909	-0.178539	-0.0149073	0.145972	0.294517	0.434389	0.555896	0.640726	0.673971	0.667798	0.620155	0.539912	0.434745	0.312568	0.165096	-0.00887858	-0.189091	-0.354566	-0.493063	-0.587735	-0.622802	-0.57295	-0.451988	-0.275396	-0.0712094	0.14829	
-0.293027	-0.293027	-0.291212	-0.280892	-0.270077	-0.260745	-0.246335	-0.24048	-0.245712	-0.253315	-0.279696	-0.324498	-0.372464	-0.429593	-0.494178	-0.5606	-0.615566	-0.654461	-0.677341	-0.668403	-0.619917	-0.542329	-0.451189	-0.336911	-0.186865	-0.0212598	0.145972	0.291904	0.416865	0.529531	0.626812	0.682986	0.680305	0.629872	0.539352	0.427707	0.307716	0.191118	0.0600301	-0.0885897	-0.247147	-0.39304	-0.518278	-0.60509	-0.635322	-0.584304	-0.461893	-0.283989	-0.0776453	0.142481	
-0.31917	-0.31917	-0.314441	-0.296402	-0.280463	-0.268374	-0.253668	-0.252902	-0.269857	-0.293321	-0.331305	-0.386352	-0.442653	-0.505072	-0.570338	-0.627038	-0.663804	-0.672434	-0.65988	-0.616942	-0.540342	-0.438552	-0.325226	-0.18817	-0.0242927	0.14323	0.294517	0.416865	0.514849	0.602231	0.670853	0.691483	0.646182	0.552554	0.429583	0.300902	0.183855	0.0819208	-0.0239336	-0.149237	-0.28524	-0.415734	-0.529327	-0.609099	-0.63574	-0.582826	-0.459727	-0.281241	-0.0759057	0.144133	
-0.304715	-0.304715	-0.304739	-0.29711	-0.292261	-0.293772	-0.297066	-0.313605	-0.342316	-0.374035	-0.419948	-0.477754	-0.532628	-0.585556	-0.631005	-0.660687	-0.66089	-0.632376	-0.586779	-0.515697	-0.415507	-0.290382	-0.154975	-0.00602568	0.157407	0.307148	0.434389	0.529531	0.602231	0.660646	0.693216	0.671688	0.583033	0.456462	0.314977	0.187702	0.0839799	0.005987	-0.0765501	-0.178927	-0.299197	-0.417694	-0.525284	-0.601816	-0.629041	-0.578109	-0.458498	-0.285005	-0.0834053	0.129751	
-0.277844	-0.277844	-0.284798	-0.290093	-0.306964	-0.333173	-0.357296	-0.392286	-0.439922	-0.484733	-0.534566	-0.590583	-0.631722	-0.660712	-0.673795	-0.663945	-0.627072	-0.565053	-0.488586	-0.390578	-0.262667	-0.114171	0.0336986	0.182003	0.327888	0.455053	0.555896	0.626812	0.670853	0.693216	0.683298	0.617327	0.494632	0.347125	0.204866	0.0881787	0.00607062	-0.0509951	-0.112849	-0.201171	-0.311203	-0.42513	-0.53043	-0.60852	-0.637244	-0.590362	-0.474459	-0.303977	-0.107325	0.104987	
-0.272763	-0.272763	-0.287774	-0.306211	-0.33618	-0.377254	-0.421503	-0.476502	-0.536534	-0.589877	-0.641072	-0.683976	-0.703555	-0.702349	-0.68133	-0.639935	-0.572018	-0.480067	-0.376127	-0.248758	-0.0992012	0.0604305	0.20536	0.33628	0.46101	0.56297	0.640726	0.682986	0.691483	0.671688	0.617327	0.516928	0.372085	0.223007	0.0900432	-0.00544756	-0.0671829	-0.103895	-0.152048	-0.230846	-0.336092	-0.447876	-0.553847	-0.631812	-0.662834	-0.615456	-0.499607	-0.328927	-0.128026	0.0864181	
-0.316152	-0.316152	-0.330975	-0.35399	-0.39531	-0.450051	-0.502839	-0.56164	-0.623116	-0.665459	-0.696798	-0.717767	-0.709233	-0.681921	-0.636689	-0.570178	-0.478252	-0.362721	-0.234251	-0.0925399	0.0629808	0.213214	0.338691	0.4475	0.547346	0.626155	0.673971	0.680305	0.646182	0.583033	0.494632	0.372085	0.225306	0.0853836	-0.0258256	-0.100107	-0.139735	-0.16092	-0.197956	-0.269731	-0.37074	-0.479293	-0.581531	-0.657316	-0.682304	-0.631029	-0.509862	-0.332863	-0.129414	0.0909902	
-0.412373	-0.412373	-0.433269	-0.46012	-0.499011	-0.546331	-0.590188	-0.634741	-0.67251	-0.692518	-0.69971	-0.692583	-0.659952	-0.607985	-0.538162	-0.447225	-0.331203	-0.194957	-0.058522	0.0834974	0.223836	0.352555	0.453121	0.536455	0.611413	0.657967	0.667798	0.629872	0.552554	0.456462	0.347125	0.223007	0.0853836	-0.0317258	-0.12063	-0.17045	-0.192276	-0.199841	-0.228335	-0.295687	-0.392316	-0.497632	-0.597061	-0.667207	-0.688865	-0.630644	-0.504153	-0.323721	-0.1142	0.108305	
-0.585779	-0.585779	-0.593857	-0.606064	-0.62864	-0.655507	-0.671367	-0.685216	-0.694191	-0.678706	-0.653913	-0.619712	-0.557106	-0.478597	-0.382946	-0.268879	-0.137887	0.000902717	0.13161	0.253887	0.373432	0.475324	0.550808	0.607143	0.648855	0.65571	0.620155	0.539352	0.429583	0.314977	0.204866	0.0900432	-0.0258256	-0.12063	-0.184933	-0.216144	-0.223056	-0.220831	-0.245179	-0.308351	-0.402863	-0.50462	-0.598825	-0.665386	-0.678671	-0.615028	-0.483696	-0.298395	-0.0901637	0.132031	
-0.783786	-0.783786	-0.788045	-0.782694	-0.775008	-0.76508	-0.744284	-0.719354	-0.687531	-0.639961	-0.581356	-0.511238	-0.416305	-0.30753	-0.189338	-0.0614651	0.0712454	0.202058	0.312761	0.416023	0.510409	0.58832	0.633869	0.656134	0.656455	0.618063	0.539912	0.427707	0.300902	0.187702	0.0881787	-0.00544756	-0.100107	-0.17045	-0.216144	-0.231408	-0.227418	-0.220133	-0.24105	-0.304936	-0.397563	-0.497733	-0.590727	-0.65247	-0.663491	-0.595346	-0.461602	-0.278295	-0.0713784	0.1458	
-0.966952	-0.966952	-0.955455	-0.932443	-0.903805	-0.867441	-0.813127	-0.753535	-0.685122	-0.591024	-0.490699	-0.382626	-0.253483	-0.122183	0.00879457	0.138065	0.262257	0.376232	0.470162	0.550939	0.624855	0.671045	0.682334	0.66238	0.620232	0.541472	0.434745	0.307716	0.183855	0.0839799	0.00607062	-0.0671829	-0.139735	-0.192276	-0.223056	-0.227418	-0.21814	-0.207299	-0.231398	-0.296145	-0.390924	-0.492071	-0.58337	-0.645909	-0.653331	-0.584534	-0.45336	-0.273465	-0.0762679	0.129594	
-1.07754	-1.07754	-1.06617	-1.03508	-0.989011	-0.929877	-0.850982	-0.758375	-0.653307	-0.529825	-0.398163	-0.263356	-0.114854	0.0265836	0.157743	0.282927	0.39739	0.499984	0.576762	0.640105	0.685715	0.698635	0.668307	0.610556	0.532595	0.43099	0.312568	0.191118	0.0819208	0.005987	-0.0509951	-0.103895	-0.16092	-0.199841	-0.220831	-0.220133	-0.207299	-0.200345	-0.228406	-0.300703	-0.40069	-0.505894	-0.602664	-0.666796	-0.677206	-0.611278	-0.484048	-0.312574	-0.124213	0.0732917	
-1.11341	-1.11341	-1.0936	-1.05383	-0.996074	-0.920442	-0.8204	-0.709874	-0.586636	-0.442246	-0.299575	-0.158614	-0.01169	0.12309	0.245723	0.360533	0.462782	0.548097	0.605204	0.640314	0.654426	0.626972	0.562565	0.475269	0.381973	0.274195	0.165096	0.0600301	-0.0239336	-0.0765501	-0.112849	-0.152048	-0.197956	-0.228335	-0.245179	-0.24105	-0.231398	-0.228406	-0.266701	-0.347371	-0.454316	-0.566546	-0.66572	-0.733436	-0.742876	-0.676343	-0.551113	-0.382013	-0.19745	-0.0052735	
-1.04703	-1.04703	-1.02233	-0.975801	-0.907065	-0.820172	-0.714027	-0.595318	-0.468735	-0.331837	-0.198956	-0.0715832	0.0627592	0.180916	0.286212	0.383927	0.463703	0.522374	0.546153	0.546	0.522031	0.460407	0.370054	0.272731	0.178267	0.0832424	-0.00887858	-0.0885897	-0.149237	-0.178927	-0.201171	-0.230846	-0.269731	-0.295687	-0.308351	-0.304936	-0.296145	-0.300703	-0.347371	-0.436124	-0.549643	-0.664029	-0.765385	-0.830532	-0.834754	-0.763517	-0.633399	-0.461237	-0.275676	-0.0794883	
-0.85314	-0.85314	-0.830526	-0.786426	-0.719862	-0.637149	-0.538076	-0.433861	-0.323948	-0.204975	-0.092135	0.0160249	0.12579	0.220823	0.299358	0.367439	0.412311	0.429431	0.412542	0.373433	0.31674	0.230794	0.131056	0.0373325	-0.0432632	-0.120257	-0.189091	-0.247147	-0.28524	-0.299197	-0.311203	-0.336092	-0.37074	-0.392316	-0.402863	-0.397563	-0.390924	-0.40069	-0.454316	-0.549643	-0.664044	-0.779218	-0.87565	-0.933978	-0.927359	-0.845212	-0.705117	-0.526619	-0.333032	-0.131144	
-0.544299	-0.544299	-0.52161	-0.490088	-0.441245	-0.379294	-0.308002	-0.229383	-0.144437	-0.0542909	0.027947	0.106612	0.186731	0.24464	0.285095	0.310755	0.309506	0.282327	0.225705	0.156593	0.0805896	-0.0149231	-0.108679	-0.187483	-0.248927	-0.304907	-0.354566	-0.39304	-0.415734	-0.417694	-0.42513	-0.447876	-0.479293	-0.497632	-0.50462	-0.497733	-0.492071	-0.505894	-0.566546	-0.664029	-0.779218	-0.889734	-0.978942	-1.02608	-1.00383	-0.906667	-0.75384	-0.562464	-0.359151	-0.146674	
-0.15254	-0.15254	-0.141771	-0.126144	-0.0968487	-0.0602368	-0.0179777	0.0279661	0.0771274	0.12896	0.174704	0.213056	0.246134	0.257281	0.245927	0.223138	0.175563	0.106491	0.0224915	-0.0635467	-0.145957	-0.236609	-0.317907	-0.375556	-0.419857	-0.457818	-0.493063	-0.518278	-0.529327	-0.525284	-0.53043	-0.553847	-0.581531	-0.597061	-0.598825	-0.590727	-0.58337	-0.602664	-0.66572	-0.765385	-0.87565	-0.978942	-1.05616	-1.08704	-1.04405	-0.929083	-0.756416	-0.551601	-0.332723	-0.104721	
0.25909	0.25909	0.267686	0.269342	0.280992	0.297376	0.309811	0.324391	0.341585	0.350145	0.345643	0.334485	0.310786	0.263826	0.201393	0.130083	0.0434634	-0.0529515	-0.152741	-0.240738	-0.319489	-0.400383	-0.463805	-0.505411	-0.534365	-0.562413	-0.587735	-0.60509	-0.609099	-0.601816	-0.60852	-0.631812	-0.657316	-0.667207	-0.665386	-0.65247	-0.645909	-0.666796	-0.733436	-0.830532	-0.933978	-1.02608	-1.08704	-1.09639	-1.02944	-0.888984	-0.695683	-0.471019	-0.232535	0.00986972	
0.660764	0.660764	0.666853	0.662522	0.66038	0.656759	0.645356	0.627634	0.603221	0.567213	0.515882	0.453128	0.377985	0.283851	0.17892	0.0760609	-0.0348661	-0.14643	-0.246639	-0.332318	-0.402961	-0.474083	-0.525295	-0.553834	-0.5781	-0.599755	-0.622802	-0.635322	-0.63574	-0.629041	-0.637244	-0.662834	-0.682304	-0.688865	-0.678671	-0.663491	-0.653331	-0.677206	-0.742876	-0.834754	-0.927359	-1.00383	-1.04405	-1.02944	-0.932895	-0.770098	-0.554129	-0.313059	-0.0617027	0.192707	
1.04091	1.04091	1.0364	1.01785	1.0026	0.980184	0.937494	0.888738	0.831325	0.748825	0.654228	0.553781	0.438055	0.314349	0.189886	0.072159	-0.0424619	-0.152248	-0.245181	-0.317827	-0.382856	-0.442408	-0.485095	-0.506694	-0.529245	-0.551199	-0.57295	-0.584304	-0.582826	-0.578109	-0.590362	-0.615456	-0.631029	-0.630644	-0.615028	-0.595346	-0.584534	-0.611278	-0.676343	-0.763517	-0.845212	-0.906667	-0.929083	-0.888984	-0.770098	-0.585413	-0.352528	-0.101714	0.162046	0.419336	
1.35447	1.35447	1.34922	1.32182	1.28101	1.22952	1.15992	1.07534	0.982604	0.872479	0.751379	0.630933	0.498931	0.366395	0.242097	0.128613	0.0199447	-0.0786393	-0.157498	-0.220493	-0.27634	-0.330394	-0.363959	-0.383671	-0.40677	-0.430054	-0.451988	-0.461893	-0.459727	-0.458498	-0.474459	-0.499607	-0.509862	-0.504153	-0.483696	-0.461602	-0.45336	-0.484048	-0.551113	-0.633399	-0.705117	-0.75384	-0.756416	-0.695683	-0.554129	-0.352528	-0.110025	0.148393	0.413007	0.665958	
1.57411	1.57411	1.55476	1.51301	1.45922	1.38811	1.29322	1.19062	1.07856	0.948324	0.817792	0.692177	0.561172	0.438679	0.328115	0.227608	0.136907	0.0531473	-0.00940878	-0.0605373	-0.112272	-0.156496	-0.186726	-0.203179	-0.229857	-0.253598	-0.275396	-0.283989	-0.281241	-0.285005	-0.303977	-0.328927	-0.332863	-0.323721	-0.298395	-0.278295	-0.273465	-0.312574	-0.382013	-0.461237	-0.526619	-0.562464	-0.551601	-0.471019	-0.313059	-0.101714	0.148393	0.405734	0.669759	0.915593	
1.64407	1.64407	1.62008	1.577	1.51236	1.43244	1.33578	1.22801	1.11724	0.992833	0.873178	0.763929	0.64471	0.539699	0.44911	0.364798	0.28826	0.221407	0.169665	0.128181	0.0799665	0.0423386	0.0179762	0.000332034	-0.0267127	-0.0516587	-0.0712094	-0.0776453	-0.0759057	-0.0834053	-0.107325	-0.128026	-0.129414	-0.1142	-0.0901637	-0.0713784	-0.0762679	-0.124213	-0.19745	-0.275676	-0.333032	-0.359151	-0.332723	-0.232535	-0.0617027	0.162046	0.413007	0.669759	0.92869	1.1594	
1.54955	1.54955	1.53158	1.49745	1.44174	1.37114	1.28952	1.19959	1.10554	1.00813	0.91238	0.8251	0.733745	0.654881	0.588826	0.521457	0.462344	0.409456	0.370373	0.332724	0.289623	0.256815	0.237439	0.217166	0.1899	0.164139	0.14829	0.142481	0.144133	0.129751	0.104987	0.0864181	0.0909902	0.108305	0.132031	0.1458	0.129594	0.0732917	-0.0052735	-0.0794883	-0.131144	-0.146674	-0.104721	0.00986972	0.192707	0.419336	0.665958	0.915593	1.1594	1.36832	
