-0.182143	-0.182143	-0.20506	-0.228459	-0.248091	-0.266729	-0.273141	-0.270436	-0.244304	-0.192788	-0.13932	-0.110077	-0.106764	-0.12926	-0.152656	-0.159832	-0.170436	-0.186103	-0.181545	-0.144935	-0.0980973	-0.0490452	0.00951351	0.0745015	0.115159	0.120012	0.109586	0.0982569	0.0797504	0.0425341	-0.00483892	-0.0372703	-0.0341061	0.0140769	0.0946604	0.197419	0.280875	0.311512	0.289478	0.237777	0.163032	0.0765563	-0.0083519	-0.07994	-0.143222	-0.203179	-0.242001	-0.251764	-0.248989	-0.238306	
-0.182143	-0.182143	-0.20506	-0.228459	-0.248091	-0.266729	-0.273141	-0.270436	-0.244304	-0.192788	-0.13932	-0.110077	-0.106764	-0.12926	-0.152656	-0.159832	-0.170436	-0.186103	-0.181545	-0.144935	-0.0980973	-0.0490452	0.00951351	0.0745015	0.115159	0.120012	0.109586	0.0982569	0.0797504	0.0425341	-0.00483892	-0.0372703	-0.0341061	0.0140769	0.0946604	0.197419	0.280875	0.311512	0.289478	0.237777	0.163032	0.0765563	-0.0083519	-0.07994	-0.143222	-0.203179	-0.242001	-0.251764	-0.248989	-0.238306	
-0.20506	-0.20506	-0.210548	-0.223583	-0.241182	-0.25286	-0.253777	-0.251502	-0.231546	-0.195236	-0.163126	-0.141879	-0.127732	-0.13516	-0.155189	-0.169048	-0.180703	-0.187635	-0.175033	-0.133646	-0.0783101	-0.0228844	0.0312321	0.0896586	0.132161	0.146784	0.138341	0.111807	0.0688901	0.0141332	-0.0425087	-0.0764344	-0.0633917	-0.00200871	0.0806027	0.176018	0.257793	0.29936	0.29069	0.245371	0.17081	0.0836977	-0.00233916	-0.0781419	-0.14517	-0.202028	-0.236368	-0.252578	-0.258824	-0.245737	
-0.228459	-0.228459	-0.223583	-0.226988	-0.234026	-0.231457	-0.220971	-0.22036	-0.212934	-0.200558	-0.196136	-0.191869	-0.171669	-0.162235	-0.173755	-0.184386	-0.183776	-0.173406	-0.152958	-0.108148	-0.0435291	0.0234758	0.0849377	0.145063	0.191272	0.208023	0.189839	0.132823	0.0541499	-0.0276738	-0.0996716	-0.137723	-0.117834	-0.0480333	0.0356749	0.128185	0.218107	0.28085	0.294353	0.259454	0.187356	0.101939	0.0175383	-0.0612139	-0.133278	-0.189324	-0.223158	-0.247343	-0.262782	-0.244511	
-0.248091	-0.248091	-0.241182	-0.234026	-0.229297	-0.216256	-0.195026	-0.186695	-0.1914	-0.204507	-0.229597	-0.246611	-0.232623	-0.213976	-0.210489	-0.201901	-0.177479	-0.149183	-0.118268	-0.067243	0.00426168	0.0852579	0.164061	0.234604	0.278504	0.286864	0.246246	0.155858	0.0396806	-0.073626	-0.1682	-0.218963	-0.202974	-0.129129	-0.0363511	0.0686047	0.176543	0.261518	0.291752	0.268165	0.20531	0.128389	0.0486477	-0.0320062	-0.110508	-0.17691	-0.220696	-0.248874	-0.257405	-0.229974	
-0.266729	-0.266729	-0.25286	-0.231457	-0.216256	-0.205091	-0.181103	-0.166388	-0.175658	-0.210971	-0.257222	-0.29104	-0.290916	-0.276561	-0.257421	-0.221497	-0.175867	-0.129947	-0.0783049	-0.00937017	0.0726481	0.164288	0.257337	0.334941	0.3761	0.363898	0.296069	0.177614	0.0296643	-0.123331	-0.248012	-0.31319	-0.305723	-0.235619	-0.130553	0.000145284	0.134433	0.236051	0.280363	0.270725	0.221692	0.155603	0.0812295	-5.23049e-05	-0.0859951	-0.167828	-0.227842	-0.252008	-0.242381	-0.200469	
-0.273141	-0.273141	-0.253777	-0.220971	-0.195026	-0.181103	-0.170057	-0.168713	-0.189655	-0.230678	-0.278989	-0.315315	-0.331707	-0.331656	-0.305243	-0.251316	-0.187922	-0.117624	-0.0326854	0.0637364	0.164024	0.267158	0.364419	0.445175	0.477738	0.442816	0.343837	0.197035	0.0136637	-0.175914	-0.328579	-0.411889	-0.41679	-0.352866	-0.241256	-0.091202	0.0652574	0.189913	0.260964	0.280415	0.252488	0.192984	0.113829	0.0256478	-0.0654795	-0.155743	-0.219102	-0.236019	-0.210437	-0.164407	
-0.270436	-0.270436	-0.251502	-0.22036	-0.186695	-0.166388	-0.168713	-0.197151	-0.231842	-0.266388	-0.299449	-0.330329	-0.352127	-0.359555	-0.336829	-0.280101	-0.201631	-0.102527	0.0163614	0.149983	0.28097	0.391264	0.482249	0.554293	0.57558	0.516554	0.390876	0.212187	-0.00503431	-0.228224	-0.407225	-0.505282	-0.518855	-0.464114	-0.353568	-0.194178	-0.0213134	0.128644	0.237484	0.292466	0.285229	0.228415	0.143441	0.0485038	-0.0499538	-0.139257	-0.194786	-0.202339	-0.173823	-0.126184	
-0.244304	-0.244304	-0.231546	-0.212934	-0.1914	-0.175658	-0.189655	-0.231842	-0.271908	-0.296221	-0.32149	-0.348183	-0.364007	-0.366925	-0.349521	-0.295034	-0.201536	-0.0806774	0.0672074	0.239708	0.401687	0.522182	0.606166	0.660871	0.657774	0.582606	0.435731	0.227508	-0.0183865	-0.264036	-0.469589	-0.595453	-0.625814	-0.573233	-0.458269	-0.296498	-0.113096	0.0628797	0.203647	0.289569	0.304498	0.254763	0.169133	0.0706997	-0.0301868	-0.114435	-0.154073	-0.153207	-0.126206	-0.0873078	
-0.192788	-0.192788	-0.195236	-0.200558	-0.204507	-0.210971	-0.230678	-0.266388	-0.296221	-0.31575	-0.337478	-0.360874	-0.371417	-0.369901	-0.34767	-0.281545	-0.173563	-0.0380742	0.129504	0.322619	0.500767	0.634647	0.724014	0.7606	0.733666	0.635194	0.463665	0.232131	-0.0258936	-0.28349	-0.510352	-0.667536	-0.726925	-0.685964	-0.56724	-0.395122	-0.193586	0.00270258	0.160786	0.261747	0.292557	0.25979	0.187973	0.0969306	0.0024832	-0.0695541	-0.102264	-0.0972383	-0.0744477	-0.0460833	
-0.13932	-0.13932	-0.163126	-0.196136	-0.229597	-0.257222	-0.278989	-0.299449	-0.32149	-0.337478	-0.35037	-0.363459	-0.371833	-0.362471	-0.319783	-0.236462	-0.11842	0.0308661	0.208971	0.396713	0.572508	0.72352	0.824163	0.851892	0.800626	0.672707	0.472818	0.226574	-0.0375805	-0.298234	-0.537367	-0.724357	-0.812963	-0.784178	-0.663963	-0.483139	-0.267322	-0.0606333	0.102059	0.210238	0.26164	0.258155	0.207133	0.127039	0.0473335	-0.0152246	-0.0490435	-0.054336	-0.0378139	-0.0192828	
-0.110077	-0.110077	-0.141879	-0.191869	-0.246611	-0.29104	-0.315315	-0.330329	-0.348183	-0.360874	-0.363459	-0.363444	-0.356843	-0.322196	-0.253752	-0.160239	-0.0381338	0.118302	0.292667	0.466334	0.641008	0.798061	0.900492	0.922077	0.85617	0.702641	0.485373	0.23113	-0.0406174	-0.310681	-0.559112	-0.755523	-0.857444	-0.846295	-0.735429	-0.551228	-0.335738	-0.133351	0.0293274	0.142638	0.214395	0.245574	0.226289	0.168266	0.103392	0.0507662	0.00966005	-0.0123772	-0.00917956	0.00365877	
-0.106764	-0.106764	-0.127732	-0.171669	-0.232623	-0.290916	-0.331707	-0.352127	-0.364007	-0.371417	-0.371833	-0.356843	-0.31925	-0.253158	-0.167006	-0.0650099	0.0628964	0.214342	0.372301	0.535732	0.704934	0.851861	0.945008	0.963108	0.88992	0.73116	0.513418	0.256351	-0.0264347	-0.311605	-0.570805	-0.766204	-0.869489	-0.873499	-0.777882	-0.609106	-0.409013	-0.214984	-0.0497062	0.0738505	0.163419	0.215997	0.226588	0.20224	0.161082	0.119975	0.0848726	0.0540367	0.0388656	0.0316866	
-0.12926	-0.12926	-0.13516	-0.162235	-0.213976	-0.276561	-0.331656	-0.359555	-0.366925	-0.369901	-0.362471	-0.322196	-0.253158	-0.169566	-0.0725588	0.0459902	0.184089	0.323416	0.464936	0.615251	0.763778	0.880707	0.953676	0.964108	0.898207	0.755142	0.545867	0.286055	-0.00494419	-0.3032	-0.567679	-0.756837	-0.861145	-0.878287	-0.799704	-0.651022	-0.470839	-0.286831	-0.119043	0.014723	0.111602	0.172714	0.209166	0.22085	0.205686	0.179875	0.149981	0.121891	0.0954459	0.06371	
-0.152656	-0.152656	-0.155189	-0.173755	-0.210489	-0.257421	-0.305243	-0.336829	-0.349521	-0.34767	-0.319783	-0.253752	-0.167006	-0.0725588	0.0371295	0.167759	0.305749	0.438455	0.571855	0.703639	0.816806	0.898918	0.947045	0.946408	0.889885	0.767345	0.57193	0.317751	0.0266451	-0.272694	-0.53565	-0.727218	-0.837999	-0.863102	-0.801263	-0.67938	-0.518961	-0.345565	-0.178484	-0.035858	0.069911	0.140304	0.193042	0.230274	0.240856	0.226818	0.202405	0.176124	0.142732	0.099819	
-0.159832	-0.159832	-0.169048	-0.184386	-0.201901	-0.221497	-0.251316	-0.280101	-0.295034	-0.281545	-0.236462	-0.160239	-0.0650099	0.0459902	0.167759	0.292082	0.417514	0.543315	0.669307	0.779233	0.864357	0.920047	0.945037	0.931163	0.878629	0.769383	0.589258	0.34864	0.0721797	-0.209498	-0.461344	-0.660733	-0.787576	-0.829355	-0.791428	-0.691573	-0.547856	-0.38478	-0.22416	-0.0859398	0.0261832	0.112242	0.181443	0.235536	0.26648	0.27005	0.252326	0.224053	0.190466	0.150923	
-0.170436	-0.170436	-0.180703	-0.183776	-0.177479	-0.175867	-0.187922	-0.201631	-0.201536	-0.173563	-0.11842	-0.0381338	0.0628964	0.184089	0.305749	0.417514	0.527293	0.643261	0.753108	0.839477	0.901034	0.939445	0.953896	0.93256	0.873913	0.766658	0.604065	0.386549	0.130038	-0.130683	-0.371486	-0.572249	-0.709741	-0.770388	-0.757033	-0.678045	-0.547393	-0.395922	-0.251128	-0.128497	-0.0171655	0.0802637	0.16379	0.233255	0.279086	0.300377	0.296752	0.272725	0.24513	0.216981	
-0.186103	-0.186103	-0.187635	-0.173406	-0.149183	-0.129947	-0.117624	-0.102527	-0.0806774	-0.0380742	0.0308661	0.118302	0.214342	0.323416	0.438455	0.543315	0.643261	0.74142	0.828846	0.889574	0.930346	0.954814	0.964124	0.942106	0.883749	0.783619	0.635108	0.432556	0.191062	-0.0574353	-0.291237	-0.485804	-0.62134	-0.692147	-0.69403	-0.630306	-0.517333	-0.387261	-0.263728	-0.160102	-0.0545985	0.0494408	0.146044	0.227923	0.285372	0.319844	0.325739	0.314838	0.306224	0.287218	
-0.181545	-0.181545	-0.175033	-0.152958	-0.118268	-0.0783049	-0.0326854	0.0163614	0.0672074	0.129504	0.208971	0.292667	0.372301	0.464936	0.571855	0.669307	0.753108	0.828846	0.892743	0.932005	0.956286	0.971108	0.979509	0.960123	0.908115	0.818859	0.680656	0.4881	0.256002	0.0130055	-0.215746	-0.399609	-0.52684	-0.597324	-0.60301	-0.555882	-0.471211	-0.367578	-0.263691	-0.169985	-0.0706517	0.0322116	0.128346	0.217018	0.285187	0.329998	0.3473	0.35464	0.363643	0.360036	
-0.144935	-0.144935	-0.133646	-0.108148	-0.067243	-0.00937017	0.0637364	0.149983	0.239708	0.322619	0.396713	0.466334	0.535732	0.615251	0.703639	0.779233	0.839477	0.889574	0.932005	0.960727	0.982265	0.997127	1.0019	0.982103	0.939678	0.860439	0.723646	0.534589	0.320375	0.0942346	-0.120983	-0.300405	-0.427468	-0.493864	-0.498816	-0.470034	-0.417599	-0.337907	-0.245799	-0.157038	-0.0642349	0.0242104	0.107731	0.19215	0.268687	0.327023	0.364126	0.388926	0.412647	0.426228	
-0.0980973	-0.0980973	-0.0783101	-0.0435291	0.00426168	0.0726481	0.164024	0.28097	0.401687	0.500767	0.572508	0.641008	0.704934	0.763778	0.816806	0.864357	0.901034	0.930346	0.956286	0.982265	1.01122	1.03528	1.0413	1.01671	0.972341	0.892004	0.757655	0.580417	0.384325	0.18017	-0.0171164	-0.191023	-0.323234	-0.386871	-0.396674	-0.383748	-0.3532	-0.291747	-0.209828	-0.12681	-0.0472628	0.0193289	0.0864741	0.162337	0.238708	0.312942	0.373578	0.41832	0.454339	0.480726	
-0.0490452	-0.0490452	-0.0228844	0.0234758	0.0852579	0.164288	0.267158	0.391264	0.522182	0.634647	0.72352	0.798061	0.851861	0.880707	0.898918	0.920047	0.939445	0.954814	0.971108	0.997127	1.03528	1.07139	1.08333	1.05623	1.00243	0.915158	0.786038	0.624671	0.444031	0.258202	0.0742062	-0.0933334	-0.223995	-0.292813	-0.315809	-0.311272	-0.28591	-0.239248	-0.169242	-0.097829	-0.0327445	0.0195436	0.0735025	0.137135	0.208006	0.288177	0.366663	0.434334	0.482971	0.514053	
0.00951351	0.00951351	0.0312321	0.0849377	0.164061	0.257337	0.364419	0.482249	0.606166	0.724014	0.824163	0.900492	0.945008	0.953676	0.947045	0.945037	0.953896	0.964124	0.979509	1.0019	1.0413	1.08333	1.10651	1.08235	1.01831	0.924009	0.80349	0.65785	0.488421	0.313282	0.140367	-0.0149431	-0.140007	-0.222799	-0.260564	-0.257684	-0.228872	-0.186537	-0.12771	-0.0696533	-0.0131858	0.0334174	0.0673842	0.111652	0.166276	0.238464	0.328201	0.418185	0.484552	0.524656	
0.0745015	0.0745015	0.0896586	0.145063	0.234604	0.334941	0.445175	0.554293	0.660871	0.7606	0.851892	0.922077	0.963108	0.964108	0.946408	0.931163	0.93256	0.942106	0.960123	0.982103	1.01671	1.05623	1.08235	1.06407	1.00184	0.911727	0.800111	0.663852	0.507959	0.34458	0.183825	0.0335714	-0.0903168	-0.182111	-0.226716	-0.226715	-0.196918	-0.14966	-0.0978162	-0.0453342	0.00788462	0.041453	0.0533754	0.0731802	0.105035	0.16075	0.250716	0.350364	0.433807	0.497252	
0.115159	0.115159	0.132161	0.191272	0.278504	0.3761	0.477738	0.57558	0.657774	0.733666	0.800626	0.85617	0.88992	0.898207	0.889885	0.878629	0.873913	0.883749	0.908115	0.939678	0.972341	1.00243	1.01831	1.00184	0.955462	0.884452	0.784686	0.647925	0.498616	0.346762	0.194553	0.0436888	-0.0824393	-0.166005	-0.206834	-0.211647	-0.186404	-0.137225	-0.0823315	-0.0300373	0.0177413	0.0340477	0.0291027	0.0280282	0.0381336	0.0730554	0.142294	0.23308	0.333479	0.42283	
0.120012	0.120012	0.146784	0.208023	0.286864	0.363898	0.442816	0.516554	0.582606	0.635194	0.672707	0.702641	0.73116	0.755142	0.767345	0.769383	0.766658	0.783619	0.818859	0.860439	0.892004	0.915158	0.924009	0.911727	0.884452	0.838059	0.745932	0.605232	0.45178	0.305511	0.155429	0.00892889	-0.111393	-0.180569	-0.215084	-0.221341	-0.200613	-0.151021	-0.0920705	-0.0395579	-0.00333353	0.00189154	-0.0117663	-0.0262525	-0.0333072	-0.0200977	0.0172894	0.0921631	0.197331	0.314166	
0.109586	0.109586	0.138341	0.189839	0.246246	0.296069	0.343837	0.390876	0.435731	0.463665	0.472818	0.485373	0.513418	0.545867	0.57193	0.589258	0.604065	0.635108	0.680656	0.723646	0.757655	0.786038	0.80349	0.800111	0.784686	0.745932	0.65516	0.517818	0.362825	0.211143	0.0605141	-0.0745223	-0.181896	-0.240756	-0.263824	-0.262033	-0.230178	-0.176219	-0.120659	-0.0816497	-0.0585243	-0.056958	-0.0812963	-0.109619	-0.131542	-0.140314	-0.119178	-0.0545547	0.0505249	0.186214	
0.0982569	0.0982569	0.111807	0.132823	0.155858	0.177614	0.197035	0.212187	0.227508	0.232131	0.226574	0.23113	0.256351	0.286055	0.317751	0.34864	0.386549	0.432556	0.4881	0.534589	0.580417	0.624671	0.65785	0.663852	0.647925	0.605232	0.517818	0.390342	0.235824	0.075621	-0.0728666	-0.200764	-0.293325	-0.339541	-0.346812	-0.322173	-0.268435	-0.206073	-0.162325	-0.140205	-0.134436	-0.145994	-0.179914	-0.225931	-0.266492	-0.286089	-0.265976	-0.199705	-0.093218	0.0578357	
0.0797504	0.0797504	0.0688901	0.0541499	0.0396806	0.0296643	0.0136637	-0.00503431	-0.0183865	-0.0258936	-0.0375805	-0.0406174	-0.0264347	-0.00494419	0.0266451	0.0721797	0.130038	0.191062	0.256002	0.320375	0.384325	0.444031	0.488421	0.507959	0.498616	0.45178	0.362825	0.235824	0.0863357	-0.072566	-0.220449	-0.347652	-0.427387	-0.455852	-0.440048	-0.391925	-0.321895	-0.258064	-0.216134	-0.207903	-0.221557	-0.254572	-0.302153	-0.358243	-0.406869	-0.433895	-0.410306	-0.335094	-0.216112	-0.052197	
0.0425341	0.0425341	0.0141332	-0.0276738	-0.073626	-0.123331	-0.175914	-0.228224	-0.264036	-0.28349	-0.298234	-0.310681	-0.311605	-0.3032	-0.272694	-0.209498	-0.130683	-0.0574353	0.0130055	0.0942346	0.18017	0.258202	0.313282	0.34458	0.346762	0.305511	0.211143	0.075621	-0.072566	-0.221875	-0.367387	-0.492348	-0.563619	-0.573117	-0.534222	-0.469398	-0.400517	-0.339664	-0.296348	-0.291911	-0.322226	-0.374098	-0.431291	-0.481859	-0.529884	-0.556994	-0.534001	-0.450151	-0.312523	-0.129422	
-0.00483892	-0.00483892	-0.0425087	-0.0996716	-0.1682	-0.248012	-0.328579	-0.407225	-0.469589	-0.510352	-0.537367	-0.559112	-0.570805	-0.567679	-0.53565	-0.461344	-0.371486	-0.291237	-0.215746	-0.120983	-0.0171164	0.0742062	0.140367	0.183825	0.194553	0.155429	0.0605141	-0.0728666	-0.220449	-0.367387	-0.510125	-0.625675	-0.685731	-0.681131	-0.629855	-0.564116	-0.500361	-0.442701	-0.406459	-0.401635	-0.43426	-0.490068	-0.54865	-0.589557	-0.628412	-0.649875	-0.617794	-0.527031	-0.377742	-0.17996	
-0.0372703	-0.0372703	-0.0764344	-0.137723	-0.218963	-0.31319	-0.411889	-0.505282	-0.595453	-0.667536	-0.724357	-0.755523	-0.766204	-0.756837	-0.727218	-0.660733	-0.572249	-0.485804	-0.399609	-0.300405	-0.191023	-0.0933334	-0.0149431	0.0335714	0.0436888	0.00892889	-0.0745223	-0.200764	-0.347652	-0.492348	-0.625675	-0.726197	-0.773729	-0.768632	-0.728521	-0.671238	-0.609936	-0.557275	-0.530025	-0.524983	-0.549175	-0.596168	-0.642547	-0.67973	-0.704492	-0.702127	-0.65277	-0.553216	-0.398901	-0.202103	
-0.0341061	-0.0341061	-0.0633917	-0.117834	-0.202974	-0.305723	-0.41679	-0.518855	-0.625814	-0.726925	-0.812963	-0.857444	-0.869489	-0.861145	-0.837999	-0.787576	-0.709741	-0.62134	-0.52684	-0.427468	-0.323234	-0.223995	-0.140007	-0.0903168	-0.0824393	-0.111393	-0.181896	-0.293325	-0.427387	-0.563619	-0.685731	-0.773729	-0.81624	-0.823308	-0.806546	-0.774524	-0.727609	-0.685752	-0.660879	-0.653985	-0.661154	-0.689677	-0.717766	-0.740885	-0.739655	-0.708524	-0.639057	-0.527081	-0.368906	-0.175266	
0.0140769	0.0140769	-0.00200871	-0.0480333	-0.129129	-0.235619	-0.352866	-0.464114	-0.573233	-0.685964	-0.784178	-0.846295	-0.873499	-0.878287	-0.863102	-0.829355	-0.770388	-0.692147	-0.597324	-0.493864	-0.386871	-0.292813	-0.222799	-0.182111	-0.166005	-0.180569	-0.240756	-0.339541	-0.455852	-0.573117	-0.681131	-0.768632	-0.823308	-0.851271	-0.861618	-0.868679	-0.854401	-0.829061	-0.797595	-0.775009	-0.763348	-0.768393	-0.774256	-0.767011	-0.731654	-0.667813	-0.57843	-0.451729	-0.285076	-0.0925914	
0.0946604	0.0946604	0.0806027	0.0356749	-0.0363511	-0.130553	-0.241256	-0.353568	-0.458269	-0.56724	-0.663963	-0.735429	-0.777882	-0.799704	-0.801263	-0.791428	-0.757033	-0.69403	-0.60301	-0.498816	-0.396674	-0.315809	-0.260564	-0.226716	-0.206834	-0.215084	-0.263824	-0.346812	-0.440048	-0.534222	-0.629855	-0.728521	-0.806546	-0.861618	-0.906953	-0.952477	-0.973088	-0.964083	-0.928617	-0.887626	-0.855545	-0.834645	-0.81312	-0.769705	-0.696827	-0.597118	-0.479363	-0.332777	-0.158789	0.0240356	
0.197419	0.197419	0.176018	0.128185	0.0686047	0.000145284	-0.091202	-0.194178	-0.296498	-0.395122	-0.483139	-0.551228	-0.609106	-0.651022	-0.67938	-0.691573	-0.678045	-0.630306	-0.555882	-0.470034	-0.383748	-0.311272	-0.257684	-0.226715	-0.211647	-0.221341	-0.262033	-0.322173	-0.391925	-0.469398	-0.564116	-0.671238	-0.774524	-0.868679	-0.952477	-1.02398	-1.07053	-1.07763	-1.04702	-0.996381	-0.939486	-0.878577	-0.819308	-0.742736	-0.638563	-0.504615	-0.352694	-0.18399	-0.00788657	0.152367	
0.280875	0.280875	0.257793	0.218107	0.176543	0.134433	0.0652574	-0.0213134	-0.113096	-0.193586	-0.267322	-0.335738	-0.409013	-0.470839	-0.518961	-0.547856	-0.547393	-0.517333	-0.471211	-0.417599	-0.3532	-0.28591	-0.228872	-0.196918	-0.186404	-0.200613	-0.230178	-0.268435	-0.321895	-0.400517	-0.500361	-0.609936	-0.727609	-0.854401	-0.973088	-1.07053	-1.13545	-1.16004	-1.14094	-1.08974	-1.0018	-0.89652	-0.79067	-0.677027	-0.544831	-0.383103	-0.198772	-0.0154832	0.15635	0.283427	
0.311512	0.311512	0.29936	0.28085	0.261518	0.236051	0.189913	0.128644	0.0628797	0.00270258	-0.0606333	-0.133351	-0.214984	-0.286831	-0.345565	-0.38478	-0.395922	-0.387261	-0.367578	-0.337907	-0.291747	-0.239248	-0.186537	-0.14966	-0.137225	-0.151021	-0.176219	-0.206073	-0.258064	-0.339664	-0.442701	-0.557275	-0.685752	-0.829061	-0.964083	-1.07763	-1.16004	-1.19823	-1.1907	-1.13722	-1.03012	-0.887791	-0.729998	-0.569196	-0.403055	-0.216118	-0.0184358	0.160336	0.308115	0.398688	
0.289478	0.289478	0.29069	0.294353	0.291752	0.280363	0.260964	0.237484	0.203647	0.160786	0.102059	0.0293274	-0.0497062	-0.119043	-0.178484	-0.22416	-0.251128	-0.263728	-0.263691	-0.245799	-0.209828	-0.169242	-0.12771	-0.0978162	-0.0823315	-0.0920705	-0.120659	-0.162325	-0.216134	-0.296348	-0.406459	-0.530025	-0.660879	-0.797595	-0.928617	-1.04702	-1.14094	-1.1907	-1.18352	-1.124	-1.00272	-0.835368	-0.634324	-0.425332	-0.220782	-0.0137124	0.181009	0.338091	0.447926	0.494362	
0.237777	0.237777	0.245371	0.259454	0.268165	0.270725	0.280415	0.292466	0.289569	0.261747	0.210238	0.142638	0.0738505	0.014723	-0.035858	-0.0859398	-0.128497	-0.160102	-0.169985	-0.157038	-0.12681	-0.097829	-0.0696533	-0.0453342	-0.0300373	-0.0395579	-0.0816497	-0.140205	-0.207903	-0.291911	-0.401635	-0.524983	-0.653985	-0.775009	-0.887626	-0.996381	-1.08974	-1.13722	-1.124	-1.05135	-0.91241	-0.721655	-0.487778	-0.240859	-0.00811178	0.209946	0.387866	0.5149	0.58265	0.579549	
0.163032	0.163032	0.17081	0.187356	0.20531	0.221692	0.252488	0.285229	0.304498	0.292557	0.26164	0.214395	0.163419	0.111602	0.069911	0.0261832	-0.0171655	-0.0545985	-0.0706517	-0.0642349	-0.0472628	-0.0327445	-0.0131858	0.00788462	0.0177413	-0.00333353	-0.0585243	-0.134436	-0.221557	-0.322226	-0.43426	-0.549175	-0.661154	-0.763348	-0.855545	-0.939486	-1.0018	-1.03012	-1.00272	-0.91241	-0.751407	-0.533419	-0.273918	-0.00208075	0.242706	0.445791	0.592047	0.681534	0.704441	0.646947	
0.0765563	0.0765563	0.0836977	0.101939	0.128389	0.155603	0.192984	0.228415	0.254763	0.25979	0.258155	0.245574	0.215997	0.172714	0.140304	0.112242	0.0802637	0.0494408	0.0322116	0.0242104	0.0193289	0.0195436	0.0334174	0.041453	0.0340477	0.00189154	-0.056958	-0.145994	-0.254572	-0.374098	-0.490068	-0.596168	-0.689677	-0.768393	-0.834645	-0.878577	-0.89652	-0.887791	-0.835368	-0.721655	-0.533419	-0.284233	-0.00504349	0.273574	0.505041	0.673196	0.774775	0.822134	0.798991	0.688948	
-0.0083519	-0.0083519	-0.00233916	0.0175383	0.0486477	0.0812295	0.113829	0.143441	0.169133	0.187973	0.207133	0.226289	0.226588	0.209166	0.193042	0.181443	0.16379	0.146044	0.128346	0.107731	0.0864741	0.0735025	0.0673842	0.0533754	0.0291027	-0.0117663	-0.0812963	-0.179914	-0.302153	-0.431291	-0.54865	-0.642547	-0.717766	-0.774256	-0.81312	-0.819308	-0.79067	-0.729998	-0.634324	-0.487778	-0.273918	-0.00504349	0.276956	0.54427	0.752705	0.880996	0.939127	0.934086	0.8562	0.696383	
-0.07994	-0.07994	-0.0781419	-0.0612139	-0.0320062	-5.23049e-05	0.0256478	0.0485038	0.0706997	0.0969306	0.127039	0.168266	0.20224	0.22085	0.230274	0.235536	0.233255	0.227923	0.217018	0.19215	0.162337	0.137135	0.111652	0.0731802	0.0280282	-0.0262525	-0.109619	-0.225931	-0.358243	-0.481859	-0.589557	-0.67973	-0.740885	-0.767011	-0.769705	-0.742736	-0.677027	-0.569196	-0.425332	-0.240859	-0.00208075	0.273574	0.54427	0.786732	0.967248	1.05936	1.07067	1.00663	0.872834	0.668413	
-0.143222	-0.143222	-0.14517	-0.133278	-0.110508	-0.0859951	-0.0654795	-0.0499538	-0.0301868	0.0024832	0.0473335	0.103392	0.161082	0.205686	0.240856	0.26648	0.279086	0.285372	0.285187	0.268687	0.238708	0.208006	0.166276	0.105035	0.0381336	-0.0333072	-0.131542	-0.266492	-0.406869	-0.529884	-0.628412	-0.704492	-0.739655	-0.731654	-0.696827	-0.638563	-0.544831	-0.403055	-0.220782	-0.00811178	0.242706	0.505041	0.752705	0.967248	1.11956	1.17248	1.13808	1.02276	0.840093	0.602664	
-0.203179	-0.203179	-0.202028	-0.189324	-0.17691	-0.167828	-0.155743	-0.139257	-0.114435	-0.0695541	-0.0152246	0.0507662	0.119975	0.179875	0.226818	0.27005	0.300377	0.319844	0.329998	0.327023	0.312942	0.288177	0.238464	0.16075	0.0730554	-0.0200977	-0.140314	-0.286089	-0.433895	-0.556994	-0.649875	-0.702127	-0.708524	-0.667813	-0.597118	-0.504615	-0.383103	-0.216118	-0.0137124	0.209946	0.445791	0.673196	0.880996	1.05936	1.17248	1.19049	1.12119	0.975297	0.762713	0.501998	
-0.242001	-0.242001	-0.236368	-0.223158	-0.220696	-0.227842	-0.219102	-0.194786	-0.154073	-0.102264	-0.0490435	0.00966005	0.0848726	0.149981	0.202405	0.252326	0.296752	0.325739	0.3473	0.364126	0.373578	0.366663	0.328201	0.250716	0.142294	0.0172894	-0.119178	-0.265976	-0.410306	-0.534001	-0.617794	-0.65277	-0.639057	-0.57843	-0.479363	-0.352694	-0.198772	-0.0184358	0.181009	0.387866	0.592047	0.774775	0.939127	1.07067	1.13808	1.12119	1.02722	0.863713	0.635828	0.371991	
-0.251764	-0.251764	-0.252578	-0.247343	-0.248874	-0.252008	-0.236019	-0.202339	-0.153207	-0.0972383	-0.054336	-0.0123772	0.0540367	0.121891	0.176124	0.224053	0.272725	0.314838	0.35464	0.388926	0.41832	0.434334	0.418185	0.350364	0.23308	0.0921631	-0.0545547	-0.199705	-0.335094	-0.450151	-0.527031	-0.553216	-0.527081	-0.451729	-0.332777	-0.18399	-0.0154832	0.160336	0.338091	0.5149	0.681534	0.822134	0.934086	1.00663	1.02276	0.975297	0.863713	0.688643	0.460709	0.211935	
-0.248989	-0.248989	-0.258824	-0.262782	-0.257405	-0.242381	-0.210437	-0.173823	-0.126206	-0.0744477	-0.0378139	-0.00917956	0.0388656	0.0954459	0.142732	0.190466	0.24513	0.306224	0.363643	0.412647	0.454339	0.482971	0.484552	0.433807	0.333479	0.197331	0.0505249	-0.093218	-0.216112	-0.312523	-0.377742	-0.398901	-0.368906	-0.285076	-0.158789	-0.00788657	0.15635	0.308115	0.447926	0.58265	0.704441	0.798991	0.8562	0.872834	0.840093	0.762713	0.635828	0.460709	0.248567	0.0272976	
-0.238306	-0.238306	-0.245737	-0.244511	-0.229974	-0.200469	-0.164407	-0.126184	-0.0873078	-0.0460833	-0.0192828	0.00365877	0.0316866	0.06371	0.099819	0.150923	0.216981	0.287218	0.360036	0.426228	0.480726	0.514053	0.524656	0.497252	0.42283	0.314166	0.186214	0.0578357	-0.052197	-0.129422	-0.17996	-0.202103	-0.175266	-0.0925914	0.0240356	0.152367	0.283427	0.398688	0.494362	0.579549	0.646947	0.688948	0.696383	0.668413	0.602664	0.501998	0.371991	0.211935	0.0272976	-0.168988	
