1.2952	1.2952	1.29518	1.29126	1.28552	1.27948	1.26279	1.21518	1.12351	0.973878	0.79218	0.613842	0.45802	0.316915	0.184374	0.0562917	-0.0560672	-0.162682	-0.251459	-0.308623	-0.329913	-0.312125	-0.236183	-0.10058	0.0797118	0.275617	0.457587	0.616436	0.729185	0.771936	0.746668	0.662812	0.518406	0.343015	0.156555	-0.0558049	-0.258863	-0.421102	-0.512701	-0.528469	-0.490289	-0.432782	-0.394376	-0.397049	-0.45223	-0.554941	-0.696219	-0.832917	-0.940005	-0.982854	
1.2952	1.2952	1.29518	1.29126	1.28552	1.27948	1.26279	1.21518	1.12351	0.973878	0.79218	0.613842	0.45802	0.316915	0.184374	0.0562917	-0.0560672	-0.162682	-0.251459	-0.308623	-0.329913	-0.312125	-0.236183	-0.10058	0.0797118	0.275617	0.457587	0.616436	0.729185	0.771936	0.746668	0.662812	0.518406	0.343015	0.156555	-0.0558049	-0.258863	-0.421102	-0.512701	-0.528469	-0.490289	-0.432782	-0.394376	-0.397049	-0.45223	-0.554941	-0.696219	-0.832917	-0.940005	-0.982854	
1.29518	1.29518	1.28135	1.26883	1.26375	1.26224	1.24012	1.17972	1.07115	0.922112	0.748686	0.577741	0.414481	0.266095	0.131886	0.0106695	-0.105687	-0.214376	-0.309094	-0.369541	-0.388075	-0.359982	-0.281032	-0.134962	0.0500613	0.250171	0.451337	0.629214	0.752604	0.808402	0.791182	0.711646	0.581488	0.413119	0.221518	0.00984192	-0.198329	-0.35884	-0.448293	-0.465321	-0.436637	-0.389085	-0.355656	-0.355722	-0.408904	-0.519012	-0.6563	-0.788483	-0.888007	-0.936698	
1.29126	1.29126	1.26883	1.24915	1.23661	1.22496	1.1936	1.1181	0.9929	0.843138	0.674458	0.49746	0.331901	0.189589	0.0549165	-0.0724716	-0.193903	-0.303492	-0.401577	-0.470273	-0.49265	-0.451448	-0.35352	-0.190318	0.00557403	0.220363	0.446031	0.65223	0.801573	0.880821	0.879574	0.810538	0.692263	0.533856	0.343096	0.130133	-0.0803536	-0.244878	-0.342506	-0.366791	-0.348121	-0.309307	-0.281759	-0.286042	-0.335584	-0.435136	-0.561441	-0.693512	-0.794455	-0.848875	
1.28552	1.28552	1.26375	1.23661	1.20661	1.17187	1.12678	1.04162	0.909149	0.750389	0.576751	0.395085	0.234887	0.101291	-0.0305526	-0.163388	-0.289388	-0.406379	-0.5103	-0.585515	-0.609	-0.559823	-0.439423	-0.257915	-0.0392213	0.200606	0.450595	0.683198	0.865585	0.975116	0.997477	0.945492	0.831472	0.67911	0.491509	0.275071	0.0637357	-0.109799	-0.217189	-0.248817	-0.241096	-0.215035	-0.192833	-0.197382	-0.237234	-0.312478	-0.428456	-0.553453	-0.658125	-0.724301	
1.27948	1.27948	1.26224	1.22496	1.17187	1.11478	1.05167	0.957073	0.81872	0.647338	0.468997	0.296558	0.145074	0.0156193	-0.105883	-0.239862	-0.373741	-0.504967	-0.618181	-0.695157	-0.708078	-0.654607	-0.525982	-0.32854	-0.0838924	0.187505	0.467337	0.72724	0.938264	1.07772	1.12727	1.09264	0.98464	0.825464	0.635931	0.414018	0.198848	0.0186256	-0.0943083	-0.137743	-0.141186	-0.129614	-0.112755	-0.105649	-0.12305	-0.176511	-0.27424	-0.385466	-0.485026	-0.56618	
1.26279	1.26279	1.24012	1.1936	1.12678	1.05167	0.963539	0.854449	0.710439	0.536856	0.361008	0.207171	0.0698834	-0.0479155	-0.160328	-0.291853	-0.434014	-0.570418	-0.690457	-0.769742	-0.782784	-0.723923	-0.586527	-0.372793	-0.104263	0.196758	0.503599	0.786331	1.02042	1.18572	1.26171	1.24288	1.13594	0.96377	0.758737	0.531206	0.309719	0.126082	0.00409978	-0.0561765	-0.0685111	-0.0572522	-0.0384736	-0.0179775	-0.00849096	-0.0330454	-0.10389	-0.197644	-0.291621	-0.380816	
1.21518	1.21518	1.17972	1.1181	1.04162	0.957073	0.854449	0.726107	0.579333	0.418699	0.258886	0.119512	0.00701698	-0.0897325	-0.189798	-0.310738	-0.44684	-0.588896	-0.719638	-0.804981	-0.825508	-0.761716	-0.612707	-0.381275	-0.0930631	0.229352	0.550787	0.854581	1.11306	1.29857	1.39315	1.37987	1.26422	1.07829	0.859293	0.622584	0.393392	0.201832	0.064262	-0.0120996	-0.0324913	-0.013029	0.0217064	0.0654687	0.101014	0.102625	0.0647173	-0.00690786	-0.0952095	-0.18716	
1.12351	1.12351	1.07115	0.9929	0.909149	0.81872	0.710439	0.579333	0.438122	0.291794	0.151964	0.0435408	-0.0336222	-0.104596	-0.18951	-0.287635	-0.414312	-0.562374	-0.702184	-0.793834	-0.823023	-0.762821	-0.606532	-0.362003	-0.0580136	0.272332	0.605993	0.928807	1.20843	1.40902	1.5084	1.4935	1.36577	1.16815	0.930733	0.679969	0.440615	0.240724	0.0939992	0.0126565	-0.0151631	0.0078796	0.0618938	0.135001	0.197614	0.226906	0.215477	0.171309	0.0894339	-0.00935739	
0.973878	0.973878	0.922112	0.843138	0.750389	0.647338	0.536856	0.418699	0.291794	0.168709	0.0625452	-0.0104699	-0.050457	-0.0831239	-0.138519	-0.222396	-0.34357	-0.495024	-0.638421	-0.738827	-0.773677	-0.722472	-0.569782	-0.323282	-0.0172322	0.317173	0.669232	1.01077	1.30124	1.50585	1.59916	1.57735	1.44829	1.23844	0.983527	0.709281	0.453142	0.244559	0.0945121	0.0112812	-0.0116418	0.0178191	0.0906619	0.188193	0.279835	0.336541	0.350075	0.316804	0.244026	0.147415	
0.79218	0.79218	0.748686	0.674458	0.576751	0.468997	0.361008	0.258886	0.151964	0.0625452	0.0014382	-0.0261718	-0.0289818	-0.0240876	-0.0483891	-0.113451	-0.225358	-0.376644	-0.528595	-0.645048	-0.691992	-0.649053	-0.503727	-0.266803	0.0364757	0.375507	0.736295	1.08576	1.38015	1.58349	1.66862	1.63921	1.50442	1.28408	1.01129	0.714899	0.436916	0.216254	0.0665909	-0.0138854	-0.0260173	0.0179445	0.113667	0.230366	0.341121	0.421726	0.456495	0.437993	0.379614	0.293204	
0.613842	0.613842	0.577741	0.49746	0.395085	0.296558	0.207171	0.119512	0.0435408	-0.0104699	-0.0261718	-0.0113979	0.029607	0.0678726	0.0771105	0.0304793	-0.0695423	-0.221484	-0.389316	-0.525433	-0.587096	-0.556963	-0.429248	-0.206329	0.0897087	0.431422	0.79257	1.14422	1.43996	1.63649	1.71336	1.66883	1.51901	1.2866	1.00376	0.694353	0.40012	0.160691	0.00377608	-0.0716951	-0.0704668	-0.00443617	0.114919	0.250929	0.372942	0.468057	0.523129	0.528214	0.488131	0.412887	
0.45802	0.45802	0.414481	0.331901	0.234887	0.145074	0.0698834	0.00701698	-0.0336222	-0.050457	-0.0289818	0.029607	0.107735	0.180736	0.220835	0.190137	0.0899593	-0.0570359	-0.231422	-0.386903	-0.472522	-0.46463	-0.355417	-0.148299	0.137954	0.478513	0.837944	1.18181	1.47043	1.65896	1.72665	1.66985	1.50145	1.25388	0.955626	0.635983	0.329706	0.0760335	-0.0899044	-0.155841	-0.135249	-0.0425603	0.0893759	0.234583	0.370528	0.481847	0.548542	0.571536	0.546932	0.483944	
0.316915	0.316915	0.266095	0.189589	0.101291	0.0156193	-0.0479155	-0.0897325	-0.104596	-0.0831239	-0.0240876	0.0678726	0.180736	0.290355	0.351421	0.327268	0.225055	0.0796	-0.0957689	-0.25891	-0.363414	-0.379952	-0.294936	-0.106409	0.169228	0.509165	0.8689	1.20107	1.47483	1.65456	1.71311	1.64175	1.45936	1.19837	0.884034	0.54914	0.22771	-0.0371979	-0.206355	-0.261718	-0.221391	-0.110752	0.0290601	0.17949	0.328883	0.453268	0.531334	0.562254	0.551692	0.505043	
0.184374	0.184374	0.131886	0.0549165	-0.0305526	-0.105883	-0.160328	-0.189798	-0.18951	-0.138519	-0.0483891	0.0771105	0.220835	0.351421	0.420215	0.409464	0.318593	0.172939	0.000164344	-0.165356	-0.284297	-0.320743	-0.252533	-0.0770298	0.195348	0.530988	0.883427	1.2057	1.46456	1.63218	1.67822	1.5918	1.39681	1.12359	0.795559	0.448556	0.115316	-0.158029	-0.326559	-0.374128	-0.320329	-0.204816	-0.0571631	0.102892	0.259673	0.389031	0.477208	0.514836	0.511729	0.476347	
0.0562917	0.0562917	0.0106695	-0.0724716	-0.163388	-0.239862	-0.291853	-0.310738	-0.287635	-0.222396	-0.113451	0.0304793	0.190137	0.327268	0.409464	0.420059	0.348913	0.206927	0.0349295	-0.130391	-0.257536	-0.303128	-0.237526	-0.0631788	0.20201	0.526343	0.874223	1.19414	1.44133	1.59102	1.62172	1.52356	1.32266	1.04046	0.700456	0.348233	0.015884	-0.259696	-0.433049	-0.482334	-0.423877	-0.303051	-0.149095	0.0206379	0.178479	0.300323	0.379822	0.415791	0.418148	0.395588	
-0.0560672	-0.0560672	-0.105687	-0.193903	-0.289388	-0.373741	-0.434014	-0.44684	-0.414312	-0.34357	-0.225358	-0.0695423	0.0899593	0.225055	0.318593	0.348913	0.295551	0.165333	0.000139925	-0.163002	-0.283434	-0.318851	-0.247048	-0.0774865	0.178405	0.495929	0.840087	1.1606	1.4063	1.54309	1.56056	1.45697	1.25021	0.961022	0.616589	0.261532	-0.0660058	-0.329819	-0.502275	-0.564115	-0.516834	-0.39524	-0.235917	-0.065641	0.0862605	0.191818	0.253948	0.281367	0.288789	0.280056	
-0.162682	-0.162682	-0.214376	-0.303492	-0.406379	-0.504967	-0.570418	-0.588896	-0.562374	-0.495024	-0.376644	-0.221484	-0.0570359	0.0796	0.172939	0.206927	0.165333	0.0554931	-0.090723	-0.234432	-0.330697	-0.350755	-0.281157	-0.112754	0.147743	0.468899	0.809358	1.12571	1.36941	1.49997	1.5063	1.39834	1.18797	0.901222	0.56402	0.211493	-0.11975	-0.379324	-0.544207	-0.61462	-0.587665	-0.473419	-0.312598	-0.148186	-0.0113719	0.0815456	0.132156	0.150856	0.15568	0.156211	
-0.251459	-0.251459	-0.309094	-0.401577	-0.5103	-0.618181	-0.690457	-0.719638	-0.702184	-0.638421	-0.528595	-0.389316	-0.231422	-0.0957689	0.000164344	0.0349295	0.000139925	-0.090723	-0.208045	-0.325066	-0.398476	-0.40686	-0.331091	-0.148364	0.127405	0.452782	0.786629	1.09366	1.33062	1.45142	1.45403	1.34803	1.14341	0.861736	0.536316	0.190364	-0.141633	-0.4072	-0.574486	-0.647168	-0.631382	-0.534791	-0.385942	-0.231979	-0.107619	-0.0248513	0.017319	0.0294337	0.0331497	0.0422376	
-0.308623	-0.308623	-0.369541	-0.470273	-0.585515	-0.695157	-0.769742	-0.804981	-0.793834	-0.738827	-0.645048	-0.525433	-0.386903	-0.25891	-0.165356	-0.130391	-0.163002	-0.234432	-0.325066	-0.413932	-0.469319	-0.460533	-0.362988	-0.164251	0.113471	0.439095	0.775999	1.07596	1.29949	1.41404	1.41599	1.31176	1.115	0.842846	0.517905	0.183026	-0.135301	-0.402282	-0.582941	-0.665837	-0.66219	-0.579218	-0.452667	-0.314104	-0.198123	-0.124486	-0.0909942	-0.0748833	-0.0627786	-0.0410575	
-0.329913	-0.329913	-0.388075	-0.49265	-0.609	-0.708078	-0.782784	-0.825508	-0.823023	-0.773677	-0.691992	-0.587096	-0.472522	-0.363414	-0.284297	-0.257536	-0.283434	-0.330697	-0.398476	-0.469319	-0.501658	-0.462519	-0.339361	-0.132366	0.142649	0.466219	0.799419	1.08653	1.29646	1.41017	1.41429	1.30393	1.10816	0.844392	0.520441	0.191651	-0.112567	-0.374214	-0.565006	-0.664969	-0.673642	-0.600758	-0.489451	-0.370673	-0.264414	-0.190406	-0.148343	-0.124868	-0.101377	-0.0662378	
-0.312125	-0.312125	-0.359982	-0.451448	-0.559823	-0.654607	-0.723923	-0.761716	-0.762821	-0.722472	-0.649053	-0.556963	-0.46463	-0.379952	-0.320743	-0.303128	-0.318851	-0.350755	-0.40686	-0.460533	-0.462519	-0.398247	-0.260059	-0.042293	0.237276	0.5507	0.859465	1.11973	1.30972	1.4197	1.42138	1.30918	1.11623	0.858656	0.541813	0.221358	-0.0781113	-0.339565	-0.526849	-0.628559	-0.647632	-0.588563	-0.490564	-0.384658	-0.284739	-0.200298	-0.138826	-0.103523	-0.0711263	-0.0287599	
-0.236183	-0.236183	-0.281032	-0.35352	-0.439423	-0.525982	-0.586527	-0.612707	-0.606532	-0.569782	-0.503727	-0.429248	-0.355417	-0.294936	-0.252533	-0.237526	-0.247048	-0.281157	-0.331091	-0.362988	-0.339361	-0.260059	-0.118513	0.101459	0.376975	0.666204	0.939797	1.16913	1.33336	1.41687	1.40995	1.30516	1.12348	0.870047	0.565771	0.261503	-0.0248581	-0.276397	-0.451671	-0.542908	-0.569286	-0.531776	-0.446878	-0.343124	-0.240646	-0.14964	-0.0739906	-0.0230957	0.0178797	0.0648149	
-0.10058	-0.10058	-0.134962	-0.190318	-0.257915	-0.32854	-0.372793	-0.381275	-0.362003	-0.323282	-0.266803	-0.206329	-0.148299	-0.106409	-0.0770298	-0.0631788	-0.0774865	-0.112754	-0.148364	-0.164251	-0.132366	-0.042293	0.101459	0.306998	0.553485	0.805215	1.03908	1.23321	1.3616	1.41451	1.39202	1.29583	1.12502	0.880068	0.588515	0.307804	0.049171	-0.170756	-0.32514	-0.410497	-0.438626	-0.407638	-0.334125	-0.231194	-0.122636	-0.0297846	0.049576	0.113663	0.164256	0.216009	
0.0797118	0.0797118	0.0500613	0.00557403	-0.0392213	-0.0838924	-0.104263	-0.0930631	-0.0580136	-0.0172322	0.0364757	0.0897087	0.137954	0.169228	0.195348	0.20201	0.178405	0.147743	0.127405	0.113471	0.142649	0.237276	0.376975	0.553485	0.754045	0.955446	1.13634	1.27836	1.36887	1.40027	1.36693	1.27042	1.10908	0.886427	0.626624	0.374073	0.150114	-0.0280632	-0.157133	-0.237976	-0.262865	-0.227073	-0.156898	-0.0594211	0.048525	0.142413	0.218533	0.286407	0.345109	0.393437	
0.275617	0.275617	0.250171	0.220363	0.200606	0.187505	0.196758	0.229352	0.272332	0.317173	0.375507	0.431422	0.478513	0.509165	0.530988	0.526343	0.495929	0.468899	0.452782	0.439095	0.466219	0.5507	0.666204	0.805215	0.955446	1.09934	1.21722	1.29976	1.35067	1.36104	1.31889	1.21937	1.07198	0.886975	0.676448	0.462602	0.276077	0.13434	0.0350879	-0.0299947	-0.0523676	-0.0157324	0.0586273	0.154289	0.257286	0.346045	0.416617	0.481401	0.5371	0.573463	
0.457587	0.457587	0.451337	0.446031	0.450595	0.467337	0.503599	0.550787	0.605993	0.669232	0.736295	0.79257	0.837944	0.8689	0.883427	0.874223	0.840087	0.809358	0.786629	0.775999	0.799419	0.859465	0.939797	1.03908	1.13634	1.21722	1.27798	1.31117	1.32159	1.30344	1.24982	1.15795	1.03505	0.889489	0.723602	0.559366	0.413384	0.30125	0.230923	0.193456	0.179723	0.215278	0.288638	0.382569	0.475063	0.551621	0.61667	0.679013	0.73013	0.764893	
0.616436	0.616436	0.629214	0.65223	0.683198	0.72724	0.786331	0.854581	0.928807	1.01077	1.08576	1.14422	1.18181	1.20107	1.2057	1.19414	1.1606	1.12571	1.09366	1.07596	1.08653	1.11973	1.16913	1.23321	1.27836	1.29976	1.31117	1.30831	1.28213	1.23379	1.16899	1.09294	0.999272	0.886574	0.759229	0.64271	0.539575	0.450778	0.399527	0.385819	0.394639	0.436483	0.506149	0.591017	0.669525	0.736862	0.801086	0.862723	0.914049	0.944206	
0.729185	0.729185	0.752604	0.801573	0.865585	0.938264	1.02042	1.11306	1.20843	1.30124	1.38015	1.43996	1.47043	1.47483	1.46456	1.44133	1.4063	1.36941	1.33062	1.29949	1.29646	1.30972	1.33336	1.3616	1.36887	1.35067	1.32159	1.28213	1.22513	1.15424	1.08292	1.0178	0.95131	0.868992	0.775256	0.690588	0.616204	0.547809	0.512459	0.51723	0.548343	0.608707	0.679714	0.750417	0.820798	0.888805	0.956184	1.01555	1.06284	1.08623	
0.771936	0.771936	0.808402	0.880821	0.975116	1.07772	1.18572	1.29857	1.40902	1.50585	1.58349	1.63649	1.65896	1.65456	1.63218	1.59102	1.54309	1.49997	1.45142	1.41404	1.41017	1.4197	1.41687	1.41451	1.40027	1.36104	1.30344	1.23379	1.15424	1.07559	1.00482	0.94025	0.886363	0.827292	0.75112	0.67926	0.618391	0.571813	0.560793	0.581245	0.624322	0.696849	0.771769	0.836471	0.910658	0.991079	1.06056	1.11672	1.16191	1.18914	
0.746668	0.746668	0.791182	0.879574	0.997477	1.12727	1.26171	1.39315	1.5084	1.59916	1.66862	1.71336	1.72665	1.71311	1.67822	1.62172	1.56056	1.5063	1.45403	1.41599	1.41429	1.42138	1.40995	1.39202	1.36693	1.31889	1.24982	1.16899	1.08292	1.00482	0.930702	0.866753	0.814441	0.757349	0.686801	0.620812	0.566239	0.536933	0.542415	0.571265	0.619781	0.694701	0.772058	0.846531	0.931183	1.01956	1.0938	1.15111	1.19894	1.23215	
0.662812	0.662812	0.711646	0.810538	0.945492	1.09264	1.24288	1.37987	1.4935	1.57735	1.63921	1.66883	1.66985	1.64175	1.5918	1.52356	1.45697	1.39834	1.34803	1.31176	1.30393	1.30918	1.30516	1.29583	1.27042	1.21937	1.15795	1.09294	1.0178	0.94025	0.866753	0.802151	0.743982	0.674741	0.596369	0.528396	0.479214	0.450391	0.453124	0.485473	0.536265	0.608555	0.695587	0.787371	0.882062	0.973267	1.05267	1.12125	1.17584	1.2138	
0.518406	0.518406	0.581488	0.692263	0.831472	0.98464	1.13594	1.26422	1.36577	1.44829	1.50442	1.51901	1.50145	1.45936	1.39681	1.32266	1.25021	1.18797	1.14341	1.115	1.10816	1.11623	1.12348	1.12502	1.10908	1.07198	1.03505	0.999272	0.95131	0.886363	0.814441	0.743982	0.672128	0.583899	0.490066	0.410005	0.351182	0.317696	0.317449	0.347324	0.392678	0.457115	0.551942	0.664293	0.772899	0.864297	0.951087	1.03606	1.10533	1.15852	
0.343015	0.343015	0.413119	0.533856	0.67911	0.825464	0.96377	1.07829	1.16815	1.23844	1.28408	1.2866	1.25388	1.19837	1.12359	1.04046	0.961022	0.901222	0.861736	0.842846	0.844392	0.858656	0.870047	0.880068	0.886427	0.886975	0.889489	0.886574	0.868992	0.827292	0.757349	0.674741	0.583899	0.485472	0.378986	0.276343	0.193269	0.149883	0.146509	0.165844	0.196233	0.253154	0.352412	0.481436	0.603155	0.706241	0.802725	0.904094	0.994171	1.0611	
0.156555	0.156555	0.221518	0.343096	0.491509	0.635931	0.758737	0.859293	0.930733	0.983527	1.01129	1.00376	0.955626	0.884034	0.795559	0.700456	0.616589	0.56402	0.536316	0.517905	0.520441	0.541813	0.565771	0.588515	0.626624	0.676448	0.723602	0.759229	0.775256	0.75112	0.686801	0.596369	0.490066	0.378986	0.262126	0.132149	0.0241696	-0.0353653	-0.0567865	-0.0610976	-0.0446097	0.00811978	0.10762	0.237847	0.375048	0.499594	0.616074	0.732353	0.841877	0.918716	
-0.0558049	-0.0558049	0.00984192	0.130133	0.275071	0.414018	0.531206	0.622584	0.679969	0.709281	0.714899	0.694353	0.635983	0.54914	0.448556	0.348233	0.261532	0.211493	0.190364	0.183026	0.191651	0.221358	0.261503	0.307804	0.374073	0.462602	0.559366	0.64271	0.690588	0.67926	0.620812	0.528396	0.410005	0.276343	0.132149	-0.0147173	-0.138038	-0.219116	-0.26775	-0.298626	-0.298376	-0.253591	-0.163816	-0.0338836	0.121653	0.268998	0.404073	0.538004	0.662072	0.752546	
-0.258863	-0.258863	-0.198329	-0.0803536	0.0637357	0.198848	0.309719	0.393392	0.440615	0.453142	0.436916	0.40012	0.329706	0.22771	0.115316	0.015884	-0.0660058	-0.11975	-0.141633	-0.135301	-0.112567	-0.0781113	-0.0248581	0.049171	0.150114	0.276077	0.413384	0.539575	0.616204	0.618391	0.566239	0.479214	0.351182	0.193269	0.0241696	-0.138038	-0.28095	-0.39223	-0.471235	-0.52333	-0.539755	-0.513391	-0.431664	-0.292076	-0.125327	0.0372295	0.189817	0.335193	0.469288	0.57199	
-0.421102	-0.421102	-0.35884	-0.244878	-0.109799	0.0186256	0.126082	0.201832	0.240724	0.244559	0.216254	0.160691	0.0760335	-0.0371979	-0.158029	-0.259696	-0.329819	-0.379324	-0.4072	-0.402282	-0.374214	-0.339565	-0.276397	-0.170756	-0.0280632	0.13434	0.30125	0.450778	0.547809	0.571813	0.536933	0.450391	0.317696	0.149883	-0.0353653	-0.219116	-0.39223	-0.540223	-0.645817	-0.710646	-0.741467	-0.726655	-0.645452	-0.507299	-0.340913	-0.168068	0.000669055	0.152495	0.288917	0.394456	
-0.512701	-0.512701	-0.448293	-0.342506	-0.217189	-0.0943083	0.00409978	0.064262	0.0939992	0.0945121	0.0665909	0.00377608	-0.0899044	-0.206355	-0.326559	-0.433049	-0.502275	-0.544207	-0.574486	-0.582941	-0.565006	-0.526849	-0.451671	-0.32514	-0.157133	0.0350879	0.230923	0.399527	0.512459	0.560793	0.542415	0.453124	0.317449	0.146509	-0.0567865	-0.26775	-0.471235	-0.645817	-0.772252	-0.851655	-0.88647	-0.864368	-0.781098	-0.651101	-0.487348	-0.309047	-0.136402	0.0162609	0.146212	0.241613	
-0.528469	-0.528469	-0.465321	-0.366791	-0.248817	-0.137743	-0.0561765	-0.0120996	0.0126565	0.0112812	-0.0138854	-0.0716951	-0.155841	-0.261718	-0.374128	-0.482334	-0.564115	-0.61462	-0.647168	-0.665837	-0.664969	-0.628559	-0.542908	-0.410497	-0.237976	-0.0299947	0.193456	0.385819	0.51723	0.581245	0.571265	0.485473	0.347324	0.165844	-0.0610976	-0.298626	-0.52333	-0.710646	-0.851655	-0.940252	-0.968316	-0.935359	-0.849425	-0.717032	-0.552974	-0.380239	-0.222226	-0.0822014	0.0324519	0.10772	
-0.490289	-0.490289	-0.436637	-0.348121	-0.241096	-0.141186	-0.0685111	-0.0324913	-0.0151631	-0.0116418	-0.0260173	-0.0704668	-0.135249	-0.221391	-0.320329	-0.423877	-0.516834	-0.587665	-0.631382	-0.66219	-0.673642	-0.647632	-0.569286	-0.438626	-0.262865	-0.0523676	0.179723	0.394639	0.548343	0.624322	0.619781	0.536265	0.392678	0.196233	-0.0446097	-0.298376	-0.539755	-0.741467	-0.88647	-0.968316	-0.990447	-0.95173	-0.859821	-0.722122	-0.562134	-0.412163	-0.27937	-0.164444	-0.0761522	-0.0261724	
-0.432782	-0.432782	-0.389085	-0.309307	-0.215035	-0.129614	-0.0572522	-0.013029	0.0078796	0.0178191	0.0179445	-0.00443617	-0.0425603	-0.110752	-0.204816	-0.303051	-0.39524	-0.473419	-0.534791	-0.579218	-0.600758	-0.588563	-0.531776	-0.407638	-0.227073	-0.0157324	0.215278	0.436483	0.608707	0.696849	0.694701	0.608555	0.457115	0.253154	0.00811978	-0.253591	-0.513391	-0.726655	-0.864368	-0.935359	-0.95173	-0.907268	-0.807356	-0.676433	-0.541848	-0.421652	-0.316333	-0.227353	-0.167875	-0.14211	
-0.394376	-0.394376	-0.355656	-0.281759	-0.192833	-0.112755	-0.0384736	0.0217064	0.0618938	0.0906619	0.113667	0.114919	0.0893759	0.0290601	-0.0571631	-0.149095	-0.235917	-0.312598	-0.385942	-0.452667	-0.489451	-0.490564	-0.446878	-0.334125	-0.156898	0.0586273	0.288638	0.506149	0.679714	0.771769	0.772058	0.695587	0.551942	0.352412	0.10762	-0.163816	-0.431664	-0.645452	-0.781098	-0.849425	-0.859821	-0.807356	-0.715643	-0.610241	-0.514366	-0.429767	-0.350961	-0.287068	-0.243967	-0.232536	
-0.397049	-0.397049	-0.355722	-0.286042	-0.197382	-0.105649	-0.0179775	0.0654687	0.135001	0.188193	0.230366	0.250929	0.234583	0.17949	0.102892	0.0206379	-0.065641	-0.148186	-0.231979	-0.314104	-0.370673	-0.384658	-0.343124	-0.231194	-0.0594211	0.154289	0.382569	0.591017	0.750417	0.836471	0.846531	0.787371	0.664293	0.481436	0.237847	-0.0338836	-0.292076	-0.507299	-0.651101	-0.717032	-0.722122	-0.676433	-0.610241	-0.539913	-0.475547	-0.42023	-0.369118	-0.324439	-0.295003	-0.299866	
-0.45223	-0.45223	-0.408904	-0.335584	-0.237234	-0.12305	-0.00849096	0.101014	0.197614	0.279835	0.341121	0.372942	0.370528	0.328883	0.259673	0.178479	0.0862605	-0.0113719	-0.107619	-0.198123	-0.264414	-0.284739	-0.240646	-0.122636	0.048525	0.257286	0.475063	0.669525	0.820798	0.910658	0.931183	0.882062	0.772899	0.603155	0.375048	0.121653	-0.125327	-0.340913	-0.487348	-0.552974	-0.562134	-0.541848	-0.514366	-0.475547	-0.431987	-0.395061	-0.35453	-0.323044	-0.313459	-0.333319	
-0.554941	-0.554941	-0.519012	-0.435136	-0.312478	-0.176511	-0.0330454	0.102625	0.226906	0.336541	0.421726	0.468057	0.481847	0.453268	0.389031	0.300323	0.191818	0.0815456	-0.0248513	-0.124486	-0.190406	-0.200298	-0.14964	-0.0297846	0.142413	0.346045	0.551621	0.736862	0.888805	0.991079	1.01956	0.973267	0.864297	0.706241	0.499594	0.268998	0.0372295	-0.168068	-0.309047	-0.380239	-0.412163	-0.421652	-0.429767	-0.42023	-0.395061	-0.358983	-0.323246	-0.303864	-0.309418	-0.343347	
-0.696219	-0.696219	-0.6563	-0.561441	-0.428456	-0.27424	-0.10389	0.0647173	0.215477	0.350075	0.456495	0.523129	0.548542	0.531334	0.477208	0.379822	0.253948	0.132156	0.017319	-0.0909942	-0.148343	-0.138826	-0.0739906	0.049576	0.218533	0.416617	0.61667	0.801086	0.956184	1.06056	1.0938	1.05267	0.951087	0.802725	0.616074	0.404073	0.189817	0.000669055	-0.136402	-0.222226	-0.27937	-0.316333	-0.350961	-0.369118	-0.35453	-0.323246	-0.297301	-0.292379	-0.30826	-0.35323	
-0.832917	-0.832917	-0.788483	-0.693512	-0.553453	-0.385466	-0.197644	-0.00690786	0.171309	0.316804	0.437993	0.528214	0.571536	0.562254	0.514836	0.415791	0.281367	0.150856	0.0294337	-0.0748833	-0.124868	-0.103523	-0.0230957	0.113663	0.286407	0.481401	0.679013	0.862723	1.01555	1.11672	1.15111	1.12125	1.03606	0.904094	0.732353	0.538004	0.335193	0.152495	0.0162609	-0.0822014	-0.164444	-0.227353	-0.287068	-0.324439	-0.323044	-0.303864	-0.292379	-0.29581	-0.320378	-0.36863	
-0.940005	-0.940005	-0.888007	-0.794455	-0.658125	-0.485026	-0.291621	-0.0952095	0.0894339	0.244026	0.379614	0.488131	0.546932	0.551692	0.511729	0.418148	0.288789	0.15568	0.0331497	-0.0627786	-0.101377	-0.0711263	0.0178797	0.164256	0.345109	0.5371	0.73013	0.914049	1.06284	1.16191	1.19894	1.17584	1.10533	0.994171	0.841877	0.662072	0.469288	0.288917	0.146212	0.0324519	-0.0761522	-0.167875	-0.243967	-0.295003	-0.313459	-0.309418	-0.30826	-0.320378	-0.347723	-0.392927	
-0.982854	-0.982854	-0.936698	-0.848875	-0.724301	-0.56618	-0.380816	-0.18716	-0.00935739	0.147415	0.293204	0.412887	0.483944	0.505043	0.476347	0.395588	0.280056	0.156211	0.0422376	-0.0410575	-0.0662378	-0.0287599	0.0648149	0.216009	0.393437	0.573463	0.764893	0.944206	1.08623	1.18914	1.23215	1.2138	1.15852	1.0611	0.918716	0.752546	0.57199	0.394456	0.241613	0.10772	-0.0261724	-0.14211	-0.232536	-0.299866	-0.333319	-0.343347	-0.35323	-0.36863	-0.392927	-0.42709	
