-0.805128	-0.805128	-0.789209	-0.759572	-0.715912	-0.664308	-0.614734	-0.564698	-0.505881	-0.441814	-0.385376	-0.342099	-0.29888	-0.24978	-0.193246	-0.128956	-0.0542139	0.0120506	0.0715987	0.127946	0.183374	0.22591	0.258855	0.275171	0.2675	0.236523	0.20266	0.172745	0.137926	0.101602	0.0870252	0.104653	0.146204	0.19502	0.246175	0.279149	0.277564	0.241911	0.196142	0.134454	0.0462779	-0.0486548	-0.126589	-0.170507	-0.187591	-0.175757	-0.135269	-0.0832862	-0.0265324	0.029131	
-0.685459	-0.685459	-0.67587	-0.652507	-0.617814	-0.578407	-0.536184	-0.489535	-0.432157	-0.36331	-0.300725	-0.250841	-0.200082	-0.145181	-0.0949299	-0.034819	0.0427743	0.121384	0.191977	0.252965	0.304525	0.335653	0.347402	0.333684	0.303178	0.257212	0.209775	0.16261	0.118442	0.0835478	0.0631825	0.0626492	0.088653	0.136533	0.192422	0.230509	0.243521	0.231482	0.202601	0.148697	0.0632286	-0.0337157	-0.110059	-0.145104	-0.148453	-0.122229	-0.0758144	-0.0275015	0.0234336	0.0737435	
-0.554031	-0.554031	-0.544627	-0.527661	-0.514029	-0.500409	-0.474091	-0.432687	-0.384179	-0.323914	-0.266183	-0.21021	-0.149908	-0.0882854	-0.0411325	0.0157128	0.0953881	0.183004	0.262003	0.322704	0.367741	0.391917	0.390316	0.358558	0.312399	0.261575	0.208135	0.15745	0.113422	0.0846703	0.0612894	0.0512397	0.066014	0.111231	0.170903	0.218557	0.240499	0.242899	0.223747	0.177527	0.0985611	0.00969585	-0.0591322	-0.0905006	-0.0886335	-0.0545049	-0.00612628	0.0433421	0.0906306	0.131864	
-0.398995	-0.398995	-0.399477	-0.399855	-0.409918	-0.424544	-0.420168	-0.392984	-0.357572	-0.319002	-0.275801	-0.222085	-0.151982	-0.0847561	-0.0314788	0.0290749	0.113559	0.204507	0.284446	0.339443	0.372093	0.387571	0.382768	0.35109	0.304294	0.25326	0.205309	0.159815	0.122334	0.0964249	0.0789843	0.0737482	0.0884813	0.126668	0.178582	0.228875	0.263002	0.2725	0.253171	0.209075	0.146219	0.0706744	0.0161835	-0.00909089	-0.00705796	0.0241858	0.070847	0.122052	0.168156	0.203074	
-0.236472	-0.236472	-0.259892	-0.288742	-0.317038	-0.348231	-0.369816	-0.370738	-0.355691	-0.337099	-0.311824	-0.268263	-0.198457	-0.123389	-0.0563416	0.0164461	0.105641	0.196077	0.267933	0.309523	0.324838	0.331804	0.330916	0.308981	0.26829	0.224874	0.190248	0.157886	0.128625	0.113195	0.109814	0.116836	0.132912	0.167364	0.212079	0.259162	0.294955	0.304782	0.282481	0.238375	0.186441	0.127589	0.0874344	0.0699703	0.0746268	0.103786	0.144583	0.196391	0.243115	0.275029	
-0.10235	-0.10235	-0.13716	-0.188227	-0.230495	-0.274248	-0.3183	-0.355289	-0.36481	-0.365096	-0.352505	-0.321917	-0.258279	-0.176362	-0.0936586	-0.0104794	0.0779171	0.160438	0.218198	0.246991	0.25472	0.254235	0.247735	0.225872	0.197133	0.171664	0.152946	0.136001	0.122226	0.122223	0.131297	0.152797	0.180148	0.215888	0.254117	0.298245	0.332363	0.337758	0.311576	0.270163	0.224339	0.177046	0.145639	0.132425	0.133735	0.159739	0.194855	0.249329	0.29724	0.332531	
-0.00797295	-0.00797295	-0.0338292	-0.085381	-0.139033	-0.192937	-0.257041	-0.320485	-0.358577	-0.379411	-0.377283	-0.352205	-0.293263	-0.211758	-0.122749	-0.0452895	0.0308956	0.0982157	0.145207	0.168526	0.171944	0.164153	0.145807	0.121151	0.0994915	0.0933264	0.0954695	0.095738	0.0971783	0.112512	0.142001	0.179457	0.219474	0.263203	0.298731	0.33118	0.356548	0.366539	0.351273	0.313279	0.26877	0.223456	0.191215	0.173749	0.171139	0.189613	0.222571	0.273621	0.323755	0.355705	
0.0614146	0.0614146	0.0455156	0.00472135	-0.0427984	-0.0998765	-0.176636	-0.255661	-0.311913	-0.350421	-0.357719	-0.332958	-0.282059	-0.210533	-0.135252	-0.0730154	-0.0172476	0.0322863	0.0623686	0.0759577	0.0778844	0.0672773	0.0450008	0.0146311	0.000383006	0.00847515	0.0252724	0.0367284	0.0577265	0.10197	0.155334	0.205256	0.253352	0.303743	0.33977	0.365729	0.388408	0.40331	0.397985	0.364709	0.318885	0.27402	0.233053	0.204074	0.187996	0.197362	0.227684	0.278769	0.32699	0.349004	
0.113362	0.113362	0.0984409	0.0686765	0.0391901	-0.00831666	-0.0846256	-0.161606	-0.21387	-0.25487	-0.269844	-0.25581	-0.221692	-0.171331	-0.117084	-0.0743792	-0.0403192	-0.0174496	-0.0139844	-0.014709	-0.0152282	-0.0229312	-0.0436536	-0.0713046	-0.0840808	-0.0705406	-0.0455436	-0.0164874	0.0281624	0.0952511	0.167052	0.229104	0.287867	0.341277	0.379422	0.409038	0.437023	0.458788	0.455907	0.420693	0.367564	0.315935	0.268213	0.228747	0.20072	0.194601	0.220531	0.264317	0.301242	0.316336	
0.136876	0.136876	0.129245	0.111289	0.0898831	0.0612916	0.00688035	-0.0390845	-0.0711985	-0.0965256	-0.119051	-0.121259	-0.112433	-0.0873073	-0.0607856	-0.0436772	-0.0354679	-0.0436337	-0.0648236	-0.0802999	-0.0878491	-0.100517	-0.117485	-0.134435	-0.142782	-0.129538	-0.0968857	-0.0470757	0.0174507	0.0947457	0.175848	0.24971	0.31637	0.37261	0.416287	0.456706	0.49009	0.510066	0.501751	0.462014	0.404594	0.347127	0.292144	0.244243	0.202986	0.183769	0.203511	0.235576	0.264598	0.268111	
0.127699	0.127699	0.138252	0.132307	0.115902	0.10713	0.099568	0.096382	0.0954942	0.087958	0.0735201	0.0616205	0.0503072	0.0425203	0.0314284	0.0171318	-0.00175192	-0.0333779	-0.0767301	-0.108232	-0.129817	-0.150591	-0.166409	-0.175377	-0.175026	-0.159365	-0.120477	-0.063757	0.00760113	0.0872578	0.175672	0.261024	0.335194	0.391534	0.438648	0.486374	0.524299	0.537676	0.519889	0.472383	0.41022	0.346934	0.288611	0.233168	0.183604	0.155972	0.169429	0.198572	0.223009	0.218649	
0.0904007	0.0904007	0.110681	0.122193	0.125646	0.146147	0.182609	0.222265	0.251182	0.268955	0.274864	0.269641	0.242102	0.200584	0.152203	0.107576	0.0610158	0.00446652	-0.0585482	-0.107228	-0.144352	-0.176384	-0.19388	-0.191992	-0.184086	-0.169228	-0.137155	-0.0789875	-0.00898197	0.0664315	0.151717	0.245881	0.33133	0.391948	0.439444	0.485121	0.515259	0.514361	0.481362	0.428333	0.359997	0.290471	0.230428	0.175425	0.125566	0.0981434	0.113726	0.143286	0.162215	0.147454	
0.0276017	0.0276017	0.0463952	0.0792826	0.119699	0.172805	0.241645	0.315975	0.377002	0.422201	0.452218	0.457877	0.426777	0.365599	0.295232	0.224832	0.153326	0.0731215	-0.0071871	-0.0725025	-0.121738	-0.1612	-0.182196	-0.180412	-0.169007	-0.153768	-0.127552	-0.0885904	-0.0371203	0.0264801	0.108808	0.203741	0.291977	0.363598	0.415287	0.452687	0.463091	0.441577	0.389807	0.319241	0.244473	0.175152	0.119576	0.0690253	0.0235506	0.00635549	0.0250906	0.0635899	0.0872236	0.0653513	
-0.0517506	-0.0517506	-0.0315022	0.0189493	0.092329	0.174183	0.272501	0.37196	0.461458	0.528723	0.577242	0.593068	0.571555	0.51108	0.430904	0.34593	0.2576	0.165267	0.0727346	-0.00248192	-0.0610754	-0.106239	-0.133978	-0.13757	-0.125465	-0.109187	-0.0959011	-0.0837866	-0.0587076	-0.0112552	0.0553833	0.138799	0.223152	0.297512	0.347265	0.369626	0.361681	0.32059	0.250674	0.164638	0.0770942	0.00383298	-0.0475438	-0.08719	-0.114137	-0.108662	-0.0719752	-0.0199067	0.00732318	-0.0147119	
-0.138289	-0.138289	-0.111032	-0.0512324	0.0398113	0.147747	0.271174	0.38483	0.491256	0.577242	0.640212	0.667283	0.662197	0.6136	0.537807	0.452674	0.363477	0.269151	0.176971	0.0994768	0.0368743	-0.0145804	-0.0499222	-0.0635596	-0.0607099	-0.0554538	-0.0596346	-0.068067	-0.0625257	-0.0340806	0.00864362	0.0645638	0.125072	0.186195	0.226998	0.238427	0.22032	0.170081	0.0869476	-0.0134617	-0.11277	-0.1929	-0.242899	-0.266077	-0.266831	-0.230589	-0.169895	-0.102175	-0.0709187	-0.0877156	
-0.203289	-0.203289	-0.171102	-0.106742	-0.00809532	0.116177	0.247838	0.365265	0.478006	0.577414	0.649997	0.688953	0.700126	0.671487	0.61469	0.542433	0.463079	0.378924	0.297519	0.226551	0.16853	0.117674	0.0693587	0.033	0.0120523	-0.00158168	-0.0202562	-0.0412787	-0.0523818	-0.0484125	-0.0335323	-0.00943843	0.0157134	0.0489263	0.0737048	0.0813014	0.058576	0.00614761	-0.0758167	-0.177431	-0.280751	-0.361629	-0.407847	-0.419952	-0.397543	-0.331539	-0.252076	-0.174852	-0.132391	-0.138689	
-0.20507	-0.20507	-0.171954	-0.106062	-0.00638764	0.11162	0.23399	0.345314	0.455593	0.550724	0.624048	0.66954	0.693696	0.689557	0.658638	0.604807	0.53947	0.476258	0.412358	0.354961	0.304411	0.250656	0.187691	0.131265	0.0896021	0.0529524	0.0179132	-0.0132021	-0.0386916	-0.0599795	-0.0753742	-0.082017	-0.0857816	-0.0837766	-0.0801321	-0.0835963	-0.107733	-0.15856	-0.229134	-0.313008	-0.400785	-0.473543	-0.517232	-0.520663	-0.479525	-0.395615	-0.296284	-0.209676	-0.160098	-0.152693	
-0.136234	-0.136234	-0.106724	-0.043606	0.0450359	0.142008	0.241017	0.341457	0.43634	0.514858	0.576257	0.62324	0.656966	0.676061	0.670293	0.639177	0.6008	0.563809	0.516858	0.46681	0.417426	0.358837	0.287913	0.222798	0.163407	0.107385	0.0555571	0.0147817	-0.0266163	-0.0740906	-0.114936	-0.143007	-0.168264	-0.192954	-0.205766	-0.215581	-0.245418	-0.290441	-0.343573	-0.405266	-0.472229	-0.529475	-0.566287	-0.565467	-0.510442	-0.413277	-0.30067	-0.207449	-0.148426	-0.131705	
-0.00975617	-0.00975617	0.0123521	0.0633966	0.129168	0.198479	0.265953	0.346147	0.417703	0.474746	0.515767	0.557563	0.596514	0.632214	0.649552	0.649613	0.645687	0.633882	0.599555	0.550975	0.499323	0.441406	0.370227	0.294379	0.223144	0.158187	0.0963177	0.0380248	-0.0195292	-0.0877469	-0.149481	-0.197783	-0.239077	-0.273424	-0.290651	-0.30198	-0.331836	-0.368283	-0.404088	-0.44624	-0.490792	-0.531694	-0.563669	-0.564451	-0.510669	-0.410526	-0.292486	-0.195307	-0.12466	-0.098848	
0.152207	0.152207	0.167049	0.196	0.231652	0.2671	0.302207	0.348686	0.394373	0.42647	0.448163	0.478217	0.516447	0.560503	0.597424	0.624791	0.642672	0.650548	0.630554	0.586984	0.531984	0.476758	0.406947	0.328052	0.251351	0.181169	0.108835	0.0432839	-0.0231546	-0.102607	-0.177584	-0.240373	-0.28747	-0.321046	-0.334122	-0.348833	-0.374344	-0.397671	-0.419131	-0.446025	-0.477635	-0.513202	-0.550672	-0.56496	-0.519322	-0.428936	-0.309352	-0.20743	-0.130879	-0.0932849	
0.330401	0.330401	0.335779	0.339786	0.338929	0.341652	0.339477	0.347643	0.358738	0.3712	0.376398	0.395709	0.427809	0.474334	0.518617	0.553527	0.58229	0.605497	0.598899	0.558927	0.512471	0.467847	0.402156	0.320714	0.243196	0.169455	0.0914641	0.0193893	-0.0466351	-0.117242	-0.186376	-0.252289	-0.300524	-0.327298	-0.335222	-0.344129	-0.360365	-0.373688	-0.386301	-0.411909	-0.450899	-0.497405	-0.551885	-0.587774	-0.562169	-0.482096	-0.36806	-0.265137	-0.180257	-0.131846	
0.515363	0.515363	0.505827	0.483344	0.450999	0.417979	0.378998	0.344848	0.32347	0.316159	0.311085	0.317517	0.341428	0.379033	0.415198	0.443147	0.473473	0.500983	0.501736	0.475187	0.446496	0.414854	0.359845	0.287548	0.20957	0.130663	0.0535207	-0.0162981	-0.0726219	-0.12416	-0.175893	-0.231841	-0.271159	-0.285904	-0.283947	-0.282281	-0.290297	-0.298493	-0.3141	-0.353164	-0.410521	-0.47988	-0.559851	-0.619393	-0.616377	-0.552462	-0.450429	-0.346055	-0.256024	-0.195151	
0.70831	0.70831	0.679439	0.63329	0.574684	0.504189	0.431013	0.362032	0.310791	0.279168	0.260844	0.253373	0.259925	0.274151	0.289346	0.308161	0.32816	0.346298	0.351423	0.34731	0.335873	0.313791	0.274427	0.221319	0.154001	0.0796341	0.00477729	-0.0547846	-0.0948308	-0.125217	-0.160152	-0.191079	-0.206892	-0.20681	-0.189283	-0.176607	-0.175642	-0.185658	-0.211333	-0.262438	-0.34177	-0.439443	-0.54682	-0.630304	-0.65186	-0.60916	-0.517079	-0.414297	-0.320527	-0.247713	
0.898977	0.898977	0.854093	0.790928	0.709339	0.60817	0.509178	0.416375	0.333797	0.273175	0.23533	0.207072	0.184988	0.164704	0.157556	0.160772	0.164789	0.167318	0.176787	0.182047	0.180286	0.169388	0.14729	0.111353	0.0674077	0.012345	-0.0476888	-0.0963343	-0.119859	-0.133487	-0.13888	-0.132472	-0.122676	-0.102969	-0.0697494	-0.039534	-0.0265418	-0.0364782	-0.0712977	-0.136405	-0.233307	-0.355885	-0.483965	-0.588407	-0.639258	-0.617653	-0.549078	-0.449838	-0.348993	-0.270143	
1.07894	1.07894	1.02861	0.956271	0.859913	0.739792	0.624849	0.508708	0.394109	0.299905	0.231342	0.168594	0.109821	0.0563637	0.023984	0.00797108	-0.00851041	-0.0201124	-0.01539	-0.00801352	-0.00590911	-0.0102162	-0.019652	-0.0259454	-0.0364595	-0.0688928	-0.109921	-0.130146	-0.133805	-0.129147	-0.108031	-0.0682681	-0.0295687	0.0138705	0.0635436	0.106195	0.130918	0.122833	0.0829505	0.0156941	-0.0879638	-0.218628	-0.355841	-0.477182	-0.552823	-0.562862	-0.522327	-0.4342	-0.33309	-0.245133	
1.22216	1.22216	1.17911	1.10856	1.00696	0.880329	0.754764	0.616851	0.471298	0.338697	0.226919	0.124607	0.0336599	-0.050183	-0.111277	-0.146528	-0.176115	-0.20283	-0.211192	-0.205378	-0.195827	-0.193858	-0.189941	-0.169539	-0.147365	-0.146572	-0.151749	-0.145012	-0.131453	-0.104243	-0.0568181	0.00742379	0.072457	0.131644	0.18738	0.23627	0.270559	0.266096	0.229512	0.16742	0.071074	-0.0501782	-0.182075	-0.306567	-0.398848	-0.440696	-0.425729	-0.35339	-0.258586	-0.162237	
1.29302	1.29302	1.26527	1.20539	1.10487	0.982086	0.851719	0.700921	0.527633	0.35969	0.207497	0.074013	-0.0457878	-0.157094	-0.24058	-0.289751	-0.3311	-0.372966	-0.388555	-0.381096	-0.368157	-0.359428	-0.337337	-0.296108	-0.249882	-0.211853	-0.176245	-0.145676	-0.109935	-0.0588363	0.00788747	0.0850743	0.163912	0.229207	0.283427	0.331384	0.366268	0.372327	0.3468	0.290168	0.210675	0.110845	-0.00264618	-0.117695	-0.213138	-0.27076	-0.275499	-0.220584	-0.130866	-0.0333497	
1.29322	1.29322	1.27773	1.22789	1.13274	1.0177	0.88801	0.733256	0.545156	0.357152	0.181122	0.0244314	-0.122826	-0.252904	-0.349623	-0.412677	-0.468865	-0.516755	-0.530849	-0.520263	-0.505888	-0.487246	-0.450946	-0.398016	-0.334481	-0.26443	-0.198768	-0.142236	-0.082133	-0.0125674	0.0619597	0.141612	0.219812	0.282274	0.332644	0.373472	0.409131	0.428189	0.414426	0.372042	0.313696	0.237586	0.148845	0.0551733	-0.0320152	-0.0933854	-0.101379	-0.0598925	0.0233533	0.122192	
1.24391	1.24391	1.23105	1.18465	1.09785	0.988021	0.862857	0.714057	0.533744	0.344045	0.161386	-0.00916965	-0.172766	-0.314104	-0.425669	-0.507961	-0.573727	-0.61965	-0.635385	-0.62758	-0.6063	-0.575787	-0.534625	-0.481039	-0.405574	-0.313595	-0.226395	-0.146447	-0.0682956	0.0108534	0.0888189	0.164263	0.234793	0.28916	0.330587	0.363133	0.400903	0.430522	0.429833	0.403908	0.364171	0.313191	0.252276	0.182416	0.11507	0.066176	0.0612722	0.103695	0.188535	0.288315	
1.15033	1.15033	1.13294	1.08778	1.00783	0.90758	0.789331	0.660672	0.50171	0.329847	0.157276	-0.00831896	-0.176052	-0.324723	-0.44781	-0.544783	-0.619077	-0.670522	-0.691836	-0.685633	-0.661858	-0.630194	-0.586017	-0.52812	-0.448747	-0.354924	-0.254268	-0.158844	-0.0718264	0.0108078	0.0890403	0.153659	0.211019	0.260861	0.297171	0.323614	0.359239	0.389712	0.401572	0.390897	0.369635	0.344529	0.309471	0.268769	0.229186	0.202175	0.212778	0.262469	0.354948	0.456427	
1.0085	1.0085	0.988405	0.944204	0.878675	0.794571	0.694396	0.586224	0.46	0.318497	0.174386	0.025428	-0.132659	-0.277798	-0.398902	-0.503941	-0.589921	-0.653926	-0.683121	-0.683742	-0.665956	-0.636874	-0.590701	-0.528747	-0.455077	-0.365652	-0.26673	-0.169063	-0.0862664	-0.011787	0.0558348	0.109946	0.162822	0.205474	0.234639	0.263173	0.296838	0.327703	0.345899	0.35394	0.352774	0.351893	0.346705	0.341427	0.336559	0.335482	0.3618	0.419829	0.510389	0.611539	
0.811397	0.811397	0.794287	0.759072	0.718263	0.663747	0.59004	0.506218	0.420476	0.319841	0.209603	0.086606	-0.0445468	-0.167678	-0.280296	-0.387784	-0.484232	-0.555806	-0.600674	-0.618997	-0.616946	-0.593788	-0.549891	-0.493857	-0.427054	-0.35103	-0.267451	-0.187105	-0.115171	-0.0524586	-0.00234009	0.040351	0.0866811	0.128026	0.162041	0.198054	0.232008	0.261515	0.289636	0.314055	0.336877	0.363623	0.389735	0.416969	0.445253	0.471401	0.505484	0.565375	0.64745	0.734295	
0.583205	0.583205	0.574919	0.558513	0.547743	0.532428	0.492552	0.443504	0.399241	0.341644	0.266428	0.178852	0.0842768	-0.0139821	-0.113147	-0.215238	-0.312704	-0.394068	-0.455076	-0.494335	-0.515222	-0.508442	-0.473958	-0.428907	-0.382455	-0.332838	-0.270766	-0.211043	-0.158913	-0.11601	-0.0813409	-0.0458379	-0.00893795	0.0372021	0.0827851	0.130485	0.172923	0.212505	0.255807	0.298544	0.352119	0.403382	0.452424	0.509289	0.561023	0.603991	0.636176	0.683534	0.740934	0.796988	
0.356591	0.356591	0.360326	0.364417	0.386192	0.406544	0.411499	0.401382	0.401167	0.383484	0.351136	0.300351	0.240203	0.165561	0.0855643	-0.00337161	-0.0968369	-0.184352	-0.25549	-0.312497	-0.356144	-0.373028	-0.363275	-0.345353	-0.330529	-0.308764	-0.281656	-0.249496	-0.220976	-0.192458	-0.171705	-0.14453	-0.10803	-0.0542041	0.00648288	0.0698927	0.133433	0.19871	0.262004	0.334102	0.414213	0.483955	0.549832	0.619149	0.678587	0.722414	0.740152	0.760365	0.779744	0.803283	
0.150944	0.150944	0.163118	0.188333	0.23491	0.286783	0.332455	0.368706	0.408982	0.434988	0.444038	0.428905	0.400625	0.355591	0.295757	0.217496	0.132699	0.0528574	-0.0189202	-0.0927599	-0.162461	-0.207176	-0.227944	-0.250136	-0.275667	-0.293426	-0.301196	-0.3042	-0.298121	-0.280713	-0.263906	-0.245613	-0.211083	-0.144847	-0.0631864	0.0215107	0.114119	0.209155	0.302086	0.406859	0.512926	0.597089	0.669435	0.734698	0.783075	0.810788	0.803894	0.785974	0.766107	0.750058	
-0.026866	-0.026866	-0.00925296	0.0330494	0.0951686	0.167081	0.245476	0.325986	0.40102	0.465208	0.512351	0.535935	0.543274	0.530188	0.490689	0.430646	0.366798	0.300712	0.22696	0.140735	0.050066	-0.023141	-0.083332	-0.148857	-0.220668	-0.282228	-0.326525	-0.362112	-0.379394	-0.378704	-0.36649	-0.35101	-0.309381	-0.229604	-0.131407	-0.0196794	0.105738	0.23999	0.372508	0.509307	0.635426	0.726289	0.796663	0.843625	0.869656	0.866988	0.82288	0.761209	0.700037	0.644244	
-0.178175	-0.178175	-0.155764	-0.103391	-0.0340887	0.0469177	0.148073	0.258767	0.35881	0.451981	0.534773	0.598538	0.643321	0.666774	0.656948	0.62885	0.590025	0.537163	0.459646	0.366255	0.259787	0.155161	0.0502794	-0.0587498	-0.167501	-0.266206	-0.347481	-0.413005	-0.451662	-0.464096	-0.459495	-0.438055	-0.38717	-0.296383	-0.177855	-0.0338338	0.120976	0.28852	0.463658	0.630284	0.768914	0.862834	0.920857	0.942232	0.933429	0.88846	0.805429	0.701725	0.59807	0.510269	
-0.282197	-0.282197	-0.256247	-0.202792	-0.134723	-0.0530167	0.0543328	0.173807	0.286378	0.399008	0.505495	0.60104	0.681895	0.74765	0.775094	0.778861	0.763737	0.726946	0.654114	0.552099	0.429226	0.295431	0.159074	0.020106	-0.11776	-0.244001	-0.351298	-0.431943	-0.48932	-0.510915	-0.51053	-0.479613	-0.419752	-0.318803	-0.182801	-0.016841	0.164452	0.362611	0.567938	0.757522	0.903334	0.99727	1.03641	1.0386	0.990156	0.898248	0.773876	0.626035	0.481414	0.364672	
-0.337789	-0.337789	-0.310913	-0.265061	-0.206007	-0.13044	-0.0314828	0.0788847	0.195725	0.314835	0.434411	0.551174	0.667422	0.76477	0.828209	0.861538	0.875847	0.85443	0.78626	0.681429	0.555824	0.408209	0.249527	0.0927733	-0.0591806	-0.200066	-0.319078	-0.405916	-0.467939	-0.500408	-0.496702	-0.453268	-0.375986	-0.269491	-0.120192	0.0597231	0.256817	0.470706	0.696153	0.898748	1.04139	1.12626	1.15432	1.13234	1.04921	0.91559	0.751328	0.560096	0.379775	0.23674	
-0.351306	-0.351306	-0.328129	-0.295912	-0.252808	-0.186608	-0.107457	-0.0146283	0.0953263	0.214644	0.335651	0.46381	0.5964	0.710093	0.800326	0.858572	0.893723	0.885123	0.830891	0.740025	0.627804	0.484208	0.322287	0.165759	0.016529	-0.12602	-0.246187	-0.332947	-0.389438	-0.42856	-0.419203	-0.36012	-0.265722	-0.152736	0.00221805	0.191056	0.390491	0.604092	0.834089	1.03547	1.17064	1.24267	1.25813	1.21206	1.10003	0.933427	0.732945	0.512224	0.301746	0.130131	
-0.347663	-0.347663	-0.331984	-0.316178	-0.28698	-0.23398	-0.175542	-0.105545	-0.00667755	0.107008	0.22054	0.344261	0.470602	0.589797	0.690187	0.762382	0.802627	0.815158	0.787214	0.727197	0.640308	0.523481	0.386258	0.249769	0.115089	-0.0152631	-0.127434	-0.209097	-0.266245	-0.299464	-0.282899	-0.213289	-0.111368	0.0134282	0.168542	0.348956	0.547408	0.757581	0.971308	1.15313	1.26965	1.32392	1.32108	1.25785	1.1254	0.933058	0.705195	0.461741	0.230412	0.0440396	
-0.354598	-0.354598	-0.348207	-0.343042	-0.321928	-0.281001	-0.239644	-0.189342	-0.105293	-0.00677843	0.0923495	0.196053	0.304809	0.410958	0.508179	0.582112	0.631171	0.665625	0.669636	0.650897	0.607824	0.539432	0.447418	0.348253	0.241746	0.133015	0.041864	-0.0279429	-0.0809945	-0.113757	-0.0939154	-0.0214633	0.0830123	0.210147	0.36014	0.527451	0.713521	0.902033	1.08922	1.24251	1.33275	1.36222	1.33648	1.24522	1.09293	0.881653	0.642213	0.389611	0.156048	-0.0287864	
-0.373991	-0.373991	-0.37541	-0.371027	-0.352088	-0.318371	-0.290651	-0.252802	-0.193965	-0.116333	-0.0429481	0.0336871	0.109854	0.194436	0.280502	0.353224	0.411772	0.464157	0.508386	0.535678	0.546418	0.534328	0.501743	0.452734	0.387735	0.323767	0.262978	0.20967	0.166323	0.146647	0.164651	0.223053	0.321595	0.440522	0.56737	0.709368	0.869243	1.0314	1.17768	1.29177	1.34937	1.35128	1.29816	1.17763	1.00761	0.783974	0.535037	0.285555	0.0625014	-0.108906	
-0.38387	-0.38387	-0.38926	-0.379621	-0.358943	-0.331398	-0.313279	-0.287613	-0.257965	-0.209618	-0.167238	-0.125335	-0.0846302	-0.0232911	0.0484127	0.118461	0.183731	0.256585	0.337736	0.410606	0.46862	0.512877	0.543512	0.553077	0.543488	0.533864	0.519049	0.49411	0.472287	0.472415	0.493308	0.534592	0.607162	0.698427	0.791398	0.894287	1.014	1.13663	1.23439	1.29854	1.32492	1.30023	1.2205	1.07813	0.890415	0.65425	0.401393	0.156091	-0.0528102	-0.202726	
-0.356641	-0.356641	-0.361825	-0.349249	-0.328628	-0.313129	-0.302456	-0.293291	-0.289424	-0.277668	-0.2649	-0.257135	-0.242293	-0.206024	-0.151742	-0.0867071	-0.0123755	0.076655	0.179717	0.285139	0.382519	0.477846	0.565731	0.634263	0.684915	0.731588	0.774077	0.797255	0.813353	0.833544	0.857787	0.884259	0.926126	0.977613	1.02821	1.07873	1.14237	1.20821	1.25297	1.26901	1.26732	1.22211	1.11776	0.959738	0.752702	0.509856	0.258928	0.0201776	-0.1717	-0.302668	
-0.284136	-0.284136	-0.287505	-0.279859	-0.269002	-0.272273	-0.272624	-0.281876	-0.299152	-0.319659	-0.330204	-0.344323	-0.346214	-0.331357	-0.293621	-0.234753	-0.158246	-0.065999	0.0461378	0.17065	0.298067	0.431714	0.564055	0.684888	0.798321	0.910919	1.00744	1.0776	1.13632	1.1909	1.22319	1.23369	1.24498	1.25075	1.24975	1.24443	1.24889	1.25238	1.23797	1.20987	1.173	1.11174	0.996762	0.833533	0.618222	0.376897	0.128262	-0.104816	-0.283782	-0.398892	
-0.183934	-0.183934	-0.187172	-0.191785	-0.203446	-0.227934	-0.247123	-0.271888	-0.305843	-0.345578	-0.371734	-0.392031	-0.40041	-0.398843	-0.375702	-0.32624	-0.254652	-0.167023	-0.0562572	0.0759717	0.223624	0.384071	0.551571	0.720844	0.894076	1.05724	1.19992	1.31764	1.41816	1.49392	1.5339	1.53874	1.51587	1.47496	1.42789	1.37923	1.32439	1.2649	1.19671	1.12903	1.06432	0.989595	0.873049	0.707813	0.492939	0.256597	0.01632	-0.200802	-0.371225	-0.473573	
-0.101534	-0.101534	-0.105627	-0.125426	-0.161872	-0.205891	-0.243367	-0.278308	-0.320626	-0.366574	-0.39952	-0.41205	-0.418196	-0.420295	-0.410703	-0.369352	-0.304056	-0.222247	-0.120794	0.00819312	0.169817	0.350764	0.54469	0.748898	0.964675	1.16449	1.34124	1.50004	1.62829	1.71669	1.75969	1.76006	1.71094	1.64089	1.56113	1.47218	1.36795	1.26125	1.15123	1.05056	0.964368	0.877655	0.760029	0.596282	0.388063	0.163073	-0.0652335	-0.261952	-0.422899	-0.514332	
-0.0521061	-0.0521061	-0.0573902	-0.0877026	-0.14105	-0.197479	-0.246489	-0.287904	-0.332565	-0.381577	-0.413283	-0.420916	-0.421146	-0.427802	-0.421026	-0.385835	-0.324852	-0.250838	-0.155118	-0.024868	0.143341	0.335461	0.539505	0.765446	1.00727	1.23086	1.42221	1.59536	1.73907	1.8354	1.88006	1.87474	1.81311	1.72019	1.61991	1.51399	1.39088	1.25075	1.11975	1.00243	0.902072	0.806924	0.696134	0.532285	0.33045	0.1117	-0.106361	-0.295046	-0.446708	-0.532838	
-0.0521061	-0.0521061	-0.0573902	-0.0877026	-0.14105	-0.197479	-0.246489	-0.287904	-0.332565	-0.381577	-0.413283	-0.420916	-0.421146	-0.427802	-0.421026	-0.385835	-0.324852	-0.250838	-0.155118	-0.024868	0.143341	0.335461	0.539505	0.765446	1.00727	1.23086	1.42221	1.59536	1.73907	1.8354	1.88006	1.87474	1.81311	1.72019	1.61991	1.51399	1.39088	1.25075	1.11975	1.00243	0.902072	0.806924	0.696134	0.532285	0.33045	0.1117	-0.106361	-0.295046	-0.446708	-0.532838	
