-0.294964	-0.294964	-0.285548	-0.284695	-0.287338	-0.268627	-0.236494	-0.205608	-0.191638	-0.187989	-0.194263	-0.202448	-0.217787	-0.231276	-0.249165	-0.278982	-0.32746	-0.375761	-0.410699	-0.42949	-0.45151	-0.473371	-0.479883	-0.457959	-0.429167	-0.40469	-0.383917	-0.363172	-0.355609	-0.361911	-0.364964	-0.365381	-0.379979	-0.400706	-0.396423	-0.346146	-0.267452	-0.164675	-0.0402693	0.109778	0.263475	0.403094	0.527507	0.622132	0.682389	0.70217	0.681399	0.625291	0.552671	0.47764	
-0.426837	-0.426837	-0.42095	-0.416759	-0.403692	-0.360822	-0.301481	-0.238704	-0.197058	-0.180982	-0.192441	-0.222544	-0.269934	-0.31876	-0.369641	-0.429868	-0.498836	-0.563054	-0.61331	-0.644887	-0.675671	-0.702882	-0.710764	-0.68481	-0.644459	-0.602965	-0.565981	-0.53633	-0.519516	-0.516529	-0.50833	-0.500451	-0.500972	-0.503497	-0.488108	-0.441642	-0.373162	-0.283628	-0.171384	-0.0311618	0.125108	0.274689	0.412442	0.519495	0.594941	0.627976	0.625777	0.587741	0.521809	0.444739	
-0.521766	-0.521766	-0.512799	-0.493771	-0.453154	-0.386862	-0.309955	-0.232202	-0.169746	-0.136686	-0.138573	-0.177252	-0.246342	-0.325424	-0.409724	-0.498239	-0.584907	-0.663321	-0.734036	-0.783933	-0.824597	-0.856705	-0.870646	-0.854904	-0.814519	-0.762998	-0.714247	-0.679125	-0.656352	-0.647714	-0.634564	-0.61714	-0.600304	-0.587975	-0.56683	-0.527644	-0.470998	-0.394799	-0.287878	-0.156834	-0.00668436	0.150619	0.30725	0.43272	0.525221	0.579558	0.60106	0.578923	0.514997	0.431831	
-0.5674	-0.5674	-0.545181	-0.50089	-0.433503	-0.348394	-0.264908	-0.182936	-0.113138	-0.0630506	-0.0509194	-0.0855874	-0.162969	-0.2549	-0.357084	-0.467315	-0.572395	-0.66924	-0.756747	-0.824895	-0.877876	-0.917012	-0.939213	-0.939643	-0.920036	-0.874366	-0.826045	-0.787544	-0.765094	-0.749394	-0.72968	-0.704948	-0.67992	-0.657808	-0.635784	-0.603414	-0.556256	-0.488797	-0.398937	-0.282154	-0.13381	0.0375376	0.204555	0.347904	0.45756	0.532097	0.575234	0.569488	0.514197	0.429557	
-0.534326	-0.534326	-0.498739	-0.435543	-0.349781	-0.25646	-0.169055	-0.0927642	-0.0236316	0.0290042	0.0529463	0.0243375	-0.046873	-0.137509	-0.238519	-0.356825	-0.476322	-0.589153	-0.688885	-0.771685	-0.839986	-0.890803	-0.920055	-0.940279	-0.948359	-0.928729	-0.890683	-0.858963	-0.835972	-0.81686	-0.792669	-0.768781	-0.74122	-0.718667	-0.700478	-0.678597	-0.637768	-0.580771	-0.504412	-0.400411	-0.256339	-0.0839171	0.0876546	0.246084	0.376493	0.470465	0.526954	0.531584	0.48912	0.412961	
-0.420822	-0.420822	-0.387231	-0.320799	-0.228663	-0.130847	-0.0494386	0.0172526	0.077333	0.128657	0.154362	0.134767	0.0737983	-0.00494238	-0.0929051	-0.200317	-0.320279	-0.439431	-0.545549	-0.6371	-0.71949	-0.787149	-0.832684	-0.871236	-0.905922	-0.917678	-0.905443	-0.885039	-0.860486	-0.835632	-0.814516	-0.799596	-0.782183	-0.771175	-0.761422	-0.743394	-0.706988	-0.664738	-0.606376	-0.511846	-0.37805	-0.21829	-0.053985	0.114149	0.265193	0.375893	0.445539	0.457495	0.427792	0.365819	
-0.252474	-0.252474	-0.229205	-0.17428	-0.0887542	0.00039197	0.0663991	0.116242	0.166407	0.212658	0.233217	0.220112	0.173343	0.114304	0.0465701	-0.0385712	-0.143125	-0.251289	-0.348889	-0.440197	-0.52902	-0.614447	-0.679781	-0.739707	-0.800955	-0.843365	-0.856295	-0.848695	-0.831542	-0.808885	-0.795745	-0.798235	-0.805549	-0.811139	-0.807709	-0.793645	-0.768458	-0.736575	-0.690361	-0.605164	-0.486533	-0.343169	-0.192471	-0.0276402	0.124203	0.242477	0.316617	0.341528	0.33015	0.294527	
-0.0668236	-0.0668236	-0.0465979	-0.00752518	0.0491332	0.112376	0.157476	0.190865	0.225948	0.256882	0.267117	0.259286	0.235714	0.199562	0.154459	0.0908679	0.013653	-0.0652647	-0.141381	-0.221453	-0.309395	-0.402427	-0.490095	-0.569974	-0.648421	-0.709033	-0.745712	-0.763595	-0.759202	-0.74408	-0.744476	-0.772121	-0.799953	-0.816297	-0.824287	-0.828939	-0.82278	-0.803061	-0.759499	-0.675564	-0.563354	-0.439826	-0.308558	-0.169172	-0.0303156	0.083932	0.164417	0.199952	0.206612	0.197151	
0.115655	0.115655	0.13587	0.154385	0.169341	0.19615	0.219368	0.23535	0.245544	0.251592	0.247572	0.249262	0.247924	0.235858	0.209672	0.170872	0.125873	0.0852579	0.036386	-0.0307097	-0.111825	-0.203953	-0.296065	-0.383231	-0.466201	-0.53971	-0.597733	-0.642364	-0.660894	-0.660796	-0.673184	-0.709869	-0.75068	-0.780748	-0.803765	-0.826506	-0.838649	-0.834621	-0.797509	-0.719579	-0.616815	-0.506565	-0.395074	-0.286144	-0.177197	-0.0775486	0.00195038	0.048164	0.0708615	0.0851812	
0.292946	0.292946	0.298886	0.289223	0.270173	0.259302	0.254456	0.242164	0.226458	0.204584	0.188188	0.191548	0.205055	0.210495	0.207977	0.199015	0.187831	0.179589	0.154637	0.103445	0.0353649	-0.0399744	-0.117379	-0.193027	-0.275672	-0.357019	-0.430666	-0.493207	-0.534798	-0.556517	-0.58181	-0.622365	-0.665208	-0.697386	-0.726905	-0.759878	-0.788926	-0.799673	-0.779325	-0.718428	-0.630734	-0.539465	-0.452094	-0.374407	-0.292743	-0.210189	-0.141862	-0.0884756	-0.0567704	-0.0225374	
0.445797	0.445797	0.426991	0.391152	0.345261	0.300659	0.256003	0.21391	0.172848	0.131061	0.0989864	0.0954409	0.112299	0.131288	0.152884	0.17184	0.186948	0.198307	0.194528	0.168808	0.128218	0.0802497	0.0265726	-0.0298437	-0.0997696	-0.176791	-0.253216	-0.324817	-0.382032	-0.42383	-0.462192	-0.504142	-0.543547	-0.573397	-0.600762	-0.633321	-0.669155	-0.699055	-0.700336	-0.663473	-0.600587	-0.536903	-0.478791	-0.428517	-0.370139	-0.306748	-0.247759	-0.19658	-0.155997	-0.111494	
0.54446	0.54446	0.513315	0.457944	0.385385	0.304863	0.228151	0.157297	0.0930617	0.0332365	-0.00881238	-0.021665	-0.00616485	0.0202728	0.0551419	0.0910928	0.122118	0.148517	0.168039	0.176946	0.170926	0.151909	0.127115	0.0961727	0.04663	-0.0238914	-0.095596	-0.162676	-0.222674	-0.279099	-0.325664	-0.360374	-0.391549	-0.420802	-0.444228	-0.467187	-0.49907	-0.54061	-0.560909	-0.551938	-0.525755	-0.505418	-0.485433	-0.45761	-0.418699	-0.374763	-0.327952	-0.279523	-0.235744	-0.182641	
0.583917	0.583917	0.552859	0.485843	0.388051	0.28054	0.182837	0.0873135	-0.00197705	-0.0720738	-0.11647	-0.135491	-0.129205	-0.106103	-0.0728819	-0.0307054	0.0116185	0.0497261	0.0888159	0.12758	0.157704	0.173109	0.178253	0.171797	0.14117	0.0866113	0.0221456	-0.0348758	-0.0887613	-0.139489	-0.180845	-0.211785	-0.238326	-0.25992	-0.267683	-0.279623	-0.313263	-0.358747	-0.393877	-0.412006	-0.42868	-0.450228	-0.46879	-0.469203	-0.450998	-0.424445	-0.39325	-0.354959	-0.311024	-0.251685	
0.587996	0.587996	0.552311	0.480841	0.373618	0.254568	0.137232	0.0233824	-0.0813914	-0.15267	-0.200575	-0.232479	-0.242936	-0.232118	-0.205084	-0.164156	-0.116064	-0.0719452	-0.0196757	0.03979	0.0998174	0.147993	0.179967	0.192647	0.18514	0.152742	0.10467	0.0573183	0.0169752	-0.0230645	-0.0562122	-0.0802338	-0.0930233	-0.0973121	-0.0908939	-0.0970211	-0.130353	-0.182313	-0.230291	-0.274164	-0.323729	-0.379649	-0.428071	-0.452111	-0.457687	-0.454044	-0.437828	-0.416282	-0.372701	-0.307119	
0.57299	0.57299	0.528592	0.460193	0.362915	0.240986	0.109929	-0.0091215	-0.113248	-0.187842	-0.251149	-0.302541	-0.332789	-0.334315	-0.318229	-0.284305	-0.239373	-0.188701	-0.126767	-0.0590096	0.0122984	0.0791046	0.13333	0.16749	0.186377	0.182603	0.157878	0.126158	0.0944807	0.0636143	0.0410487	0.0304581	0.0342604	0.047278	0.0663428	0.0614292	0.0258129	-0.0264883	-0.0820509	-0.143759	-0.215121	-0.288131	-0.357022	-0.4036	-0.428849	-0.443508	-0.442179	-0.433473	-0.395016	-0.326706	
0.532644	0.532644	0.490881	0.433756	0.353331	0.239038	0.115145	0.00427784	-0.0949035	-0.180758	-0.261409	-0.330543	-0.37626	-0.393207	-0.391909	-0.370411	-0.328469	-0.272871	-0.20945	-0.150117	-0.0843712	-0.0132088	0.0542876	0.10796	0.152064	0.178716	0.179843	0.166704	0.148906	0.132703	0.123273	0.122265	0.138078	0.162279	0.18842	0.188375	0.158809	0.115061	0.0598653	-0.00817872	-0.0890709	-0.169104	-0.245328	-0.306944	-0.348856	-0.37667	-0.393713	-0.402196	-0.376566	-0.310159	
0.484469	0.484469	0.458514	0.418717	0.353668	0.265834	0.16456	0.0652857	-0.0377659	-0.131293	-0.224322	-0.306119	-0.366919	-0.401335	-0.416365	-0.408436	-0.374303	-0.324616	-0.271366	-0.225606	-0.172949	-0.10759	-0.0367949	0.0296344	0.0891696	0.136545	0.168222	0.186678	0.193034	0.191109	0.191115	0.201604	0.224232	0.250773	0.275714	0.283044	0.270953	0.242952	0.198678	0.136344	0.0625646	-0.0134934	-0.0893852	-0.155642	-0.209114	-0.257217	-0.295291	-0.323487	-0.315463	-0.263449	
0.447074	0.447074	0.439003	0.415011	0.37279	0.317502	0.244783	0.150863	0.0502849	-0.0463099	-0.144868	-0.237964	-0.310076	-0.361303	-0.393987	-0.404606	-0.391885	-0.361169	-0.323453	-0.289039	-0.248	-0.195716	-0.131569	-0.0627153	0.00815972	0.0724385	0.135717	0.191647	0.227527	0.241843	0.254287	0.280028	0.304947	0.321922	0.337596	0.349134	0.351886	0.341896	0.320244	0.277561	0.216182	0.149314	0.0834133	0.0208727	-0.0394601	-0.0976424	-0.154557	-0.198582	-0.213279	-0.18258	
0.407534	0.407534	0.407362	0.396241	0.380469	0.353691	0.306021	0.226163	0.14182	0.0499525	-0.0463563	-0.140272	-0.216735	-0.282898	-0.334404	-0.369785	-0.385081	-0.376121	-0.354482	-0.332328	-0.301551	-0.260013	-0.210369	-0.144542	-0.0658698	0.0175147	0.101694	0.18576	0.249139	0.28997	0.320791	0.352272	0.371126	0.376134	0.379227	0.387216	0.397649	0.407964	0.408737	0.387008	0.338765	0.282095	0.232856	0.18321	0.131763	0.0769469	0.0115491	-0.0429848	-0.0828858	-0.0826998	
0.35366	0.35366	0.34906	0.346089	0.348333	0.344104	0.315728	0.264637	0.203636	0.130773	0.0489272	-0.0335543	-0.112379	-0.189797	-0.2568	-0.315396	-0.355132	-0.365581	-0.360636	-0.351449	-0.326777	-0.292089	-0.251367	-0.192125	-0.111139	-0.0246564	0.0749587	0.177489	0.260096	0.314248	0.352738	0.387196	0.397177	0.390139	0.379304	0.380665	0.396808	0.419402	0.442185	0.435819	0.400966	0.361887	0.333298	0.306661	0.271628	0.226581	0.162642	0.10069	0.0453588	0.0141987	
0.268582	0.268582	0.257618	0.254796	0.269968	0.278435	0.273515	0.249976	0.222906	0.179937	0.12729	0.0579096	-0.0179393	-0.09788	-0.173435	-0.248426	-0.308473	-0.340855	-0.356672	-0.357816	-0.335757	-0.30401	-0.272843	-0.223308	-0.146292	-0.0534452	0.0487097	0.149293	0.233679	0.296485	0.336984	0.362484	0.365338	0.353177	0.33334	0.322421	0.32913	0.357675	0.392877	0.401583	0.383543	0.364172	0.358443	0.35274	0.339389	0.313803	0.259365	0.198882	0.131743	0.0801372	
0.155943	0.155943	0.144313	0.143928	0.164065	0.184746	0.198125	0.201373	0.204565	0.198693	0.173613	0.122053	0.0581851	-0.00996609	-0.0852366	-0.167327	-0.243417	-0.297362	-0.329165	-0.339925	-0.326854	-0.299938	-0.270287	-0.229064	-0.16132	-0.0720792	0.0190688	0.102306	0.172462	0.230326	0.267667	0.287249	0.285593	0.26874	0.24319	0.219291	0.215606	0.245181	0.283564	0.300733	0.298794	0.30113	0.31426	0.329207	0.340387	0.334666	0.293906	0.235253	0.165947	0.102333	
0.032574	0.032574	0.0289096	0.0375942	0.0614211	0.0930808	0.120227	0.144885	0.169377	0.191932	0.189597	0.159646	0.118297	0.070518	0.00710229	-0.0714838	-0.152167	-0.21951	-0.262827	-0.286834	-0.287472	-0.26449	-0.233021	-0.198887	-0.143639	-0.076244	-0.00933092	0.0502739	0.103041	0.140147	0.163899	0.177553	0.172843	0.153791	0.123081	0.0927409	0.0829855	0.104464	0.139957	0.164331	0.182711	0.205638	0.238875	0.279503	0.310851	0.32022	0.292586	0.233536	0.16414	0.0942724	
-0.0782137	-0.0782137	-0.070251	-0.048715	-0.01597	0.0209243	0.0597032	0.0989644	0.138778	0.175038	0.189994	0.182553	0.167185	0.144538	0.0986302	0.0363849	-0.033575	-0.100962	-0.156208	-0.193387	-0.203758	-0.187471	-0.166758	-0.145602	-0.110821	-0.0699248	-0.03615	-0.00255857	0.0220709	0.0366005	0.0453635	0.0466435	0.0363926	0.0144131	-0.0145985	-0.0439076	-0.0591843	-0.045104	-0.0132892	0.0274699	0.0691543	0.117242	0.17271	0.23019	0.279096	0.300953	0.282374	0.226346	0.155622	0.0802992	
-0.150903	-0.150903	-0.135392	-0.100877	-0.0605426	-0.0229129	0.0218816	0.0770446	0.127177	0.168308	0.194983	0.210325	0.220147	0.21953	0.194213	0.15626	0.11167	0.0543686	-0.00301885	-0.0461936	-0.0693852	-0.0771481	-0.0777009	-0.0766528	-0.0750694	-0.0781217	-0.0793585	-0.073332	-0.0758752	-0.0886742	-0.0987266	-0.106338	-0.118651	-0.142807	-0.170102	-0.189901	-0.198498	-0.180337	-0.136117	-0.0751438	-0.00906678	0.0624111	0.134554	0.20758	0.265259	0.292271	0.278855	0.224293	0.149677	0.06639	
-0.161636	-0.161636	-0.144078	-0.104184	-0.0638729	-0.0305282	0.0173619	0.085816	0.141951	0.183716	0.22134	0.257345	0.28531	0.299128	0.29246	0.28159	0.264577	0.226454	0.175627	0.130045	0.0865566	0.0487103	0.0171098	-0.0176937	-0.0597064	-0.107806	-0.150575	-0.181257	-0.207209	-0.237228	-0.264653	-0.282656	-0.300859	-0.325672	-0.340653	-0.339925	-0.331007	-0.3002	-0.23567	-0.149068	-0.053081	0.042655	0.131659	0.214974	0.272561	0.293149	0.279716	0.224722	0.147255	0.0576449	
-0.114022	-0.114022	-0.09734	-0.0636288	-0.0304709	-0.00407938	0.0452436	0.114574	0.173459	0.216604	0.266045	0.315385	0.356609	0.381856	0.392753	0.400889	0.406924	0.390879	0.350494	0.29578	0.230901	0.166821	0.0975446	0.0167743	-0.0709333	-0.159966	-0.248393	-0.316775	-0.365097	-0.411405	-0.453486	-0.482912	-0.504576	-0.517813	-0.513004	-0.493121	-0.465778	-0.409659	-0.321023	-0.20747	-0.0823795	0.0382649	0.145575	0.231731	0.283704	0.300604	0.280692	0.227103	0.151485	0.0625678	
-0.0486196	-0.0486196	-0.0335057	-0.0115026	0.0109919	0.0342744	0.0801952	0.140207	0.198344	0.246471	0.30377	0.364386	0.420758	0.461407	0.486397	0.508959	0.530851	0.532272	0.495121	0.429216	0.345672	0.254422	0.147213	0.0273156	-0.0982497	-0.228818	-0.356795	-0.459428	-0.537696	-0.603207	-0.653623	-0.690108	-0.712283	-0.706046	-0.677466	-0.636815	-0.583874	-0.502815	-0.391889	-0.256027	-0.108167	0.030867	0.15281	0.242325	0.291232	0.303896	0.27839	0.230777	0.159585	0.074395	
0.00363066	0.00363066	0.0167706	0.028559	0.0412267	0.0666594	0.104112	0.151083	0.203243	0.254931	0.315655	0.388031	0.459703	0.51265	0.551155	0.587173	0.616157	0.619474	0.577548	0.503818	0.403544	0.284851	0.147423	0.00166468	-0.150049	-0.310285	-0.464564	-0.602326	-0.70916	-0.784824	-0.842239	-0.887359	-0.902459	-0.872495	-0.821742	-0.756907	-0.672939	-0.574417	-0.449243	-0.301836	-0.14119	0.0129468	0.147258	0.239928	0.291685	0.301849	0.275463	0.230817	0.168362	0.0908585	
0.0356892	0.0356892	0.0457295	0.0487492	0.0592891	0.084464	0.114526	0.145121	0.190766	0.239906	0.30157	0.377762	0.454612	0.51334	0.564086	0.604079	0.6257	0.618981	0.57553	0.493379	0.375741	0.237444	0.0869603	-0.0708745	-0.242983	-0.412392	-0.576786	-0.733246	-0.857289	-0.937874	-0.998479	-1.04504	-1.04412	-0.99081	-0.917953	-0.830045	-0.730892	-0.615746	-0.484889	-0.336491	-0.173067	-0.0138623	0.125314	0.222813	0.281119	0.29631	0.272968	0.237324	0.181651	0.114826	
0.0405943	0.0405943	0.0438025	0.0438074	0.054961	0.0801786	0.100659	0.123788	0.162496	0.209124	0.264152	0.335121	0.40322	0.461169	0.509282	0.540313	0.544267	0.528363	0.479576	0.391902	0.267913	0.124256	-0.028497	-0.191353	-0.362527	-0.527487	-0.686355	-0.83963	-0.960779	-1.03943	-1.09301	-1.11794	-1.09633	-1.03106	-0.940044	-0.835109	-0.721694	-0.604542	-0.483972	-0.34729	-0.192772	-0.0394115	0.0975919	0.202902	0.270182	0.293471	0.286638	0.261368	0.218836	0.161361	
0.0261092	0.0261092	0.0223548	0.0222858	0.0341646	0.0553186	0.0684707	0.0900706	0.122455	0.160759	0.203033	0.256416	0.303892	0.342131	0.370777	0.380016	0.367637	0.336677	0.280418	0.198152	0.0890349	-0.0440208	-0.190024	-0.339141	-0.489555	-0.635287	-0.773856	-0.903369	-1.00225	-1.06766	-1.10209	-1.10377	-1.06251	-0.983304	-0.884994	-0.778329	-0.663484	-0.552685	-0.449104	-0.332232	-0.197283	-0.0599039	0.0734109	0.185876	0.264159	0.306294	0.321671	0.309813	0.282116	0.229762	
-0.0170741	-0.0170741	-0.0228758	-0.022214	-0.00951581	0.00526262	0.0170311	0.0362996	0.0618559	0.0874754	0.11341	0.139273	0.15393	0.162184	0.162591	0.146242	0.112452	0.0651535	0.00928312	-0.0562835	-0.141756	-0.252088	-0.368002	-0.484483	-0.606763	-0.719141	-0.815739	-0.902635	-0.976928	-1.02001	-1.02607	-1.00417	-0.948902	-0.864512	-0.769379	-0.669865	-0.564081	-0.467299	-0.388028	-0.29781	-0.190186	-0.0715567	0.0508232	0.165446	0.2562	0.3196	0.358756	0.374105	0.363447	0.317462	
-0.0843205	-0.0843205	-0.0868833	-0.0829446	-0.0720171	-0.0596322	-0.050423	-0.0359643	-0.022725	-0.0120214	-0.0103622	-0.0182304	-0.0395909	-0.0618414	-0.0915517	-0.134591	-0.187964	-0.244074	-0.295111	-0.343072	-0.399549	-0.471452	-0.54237	-0.617093	-0.693179	-0.753549	-0.797949	-0.838757	-0.875659	-0.887108	-0.874556	-0.837419	-0.77397	-0.69829	-0.621414	-0.538653	-0.446634	-0.372722	-0.315793	-0.254173	-0.180552	-0.0808435	0.0260107	0.138317	0.234827	0.314897	0.38331	0.42285	0.432698	0.40002	
-0.142182	-0.142182	-0.137817	-0.132357	-0.124526	-0.117447	-0.113419	-0.113734	-0.117827	-0.132987	-0.160502	-0.203901	-0.255328	-0.30892	-0.36392	-0.425975	-0.4861	-0.544336	-0.590039	-0.621053	-0.642544	-0.665731	-0.687467	-0.712413	-0.731529	-0.728412	-0.714268	-0.705479	-0.699554	-0.685129	-0.658897	-0.620452	-0.562329	-0.508937	-0.458893	-0.404452	-0.340333	-0.2866	-0.246218	-0.211356	-0.165224	-0.0896854	-0.00118948	0.0995002	0.199817	0.290943	0.379223	0.442105	0.470112	0.451229	
-0.165243	-0.165243	-0.156577	-0.152085	-0.153561	-0.154142	-0.164302	-0.183607	-0.214799	-0.257921	-0.315283	-0.385427	-0.464052	-0.541886	-0.609378	-0.675232	-0.73601	-0.791864	-0.825574	-0.834412	-0.823799	-0.80483	-0.777662	-0.747934	-0.707529	-0.645183	-0.571947	-0.514114	-0.468762	-0.431536	-0.391822	-0.356302	-0.321392	-0.300051	-0.2851	-0.266722	-0.235994	-0.204217	-0.18598	-0.181504	-0.155646	-0.100343	-0.0298083	0.0560615	0.152709	0.246794	0.346247	0.429549	0.47644	0.471991	
-0.122858	-0.122858	-0.11662	-0.120941	-0.137489	-0.155892	-0.187666	-0.232809	-0.294187	-0.364097	-0.446011	-0.534632	-0.633895	-0.721652	-0.792208	-0.852437	-0.909669	-0.950639	-0.965643	-0.951946	-0.914272	-0.85768	-0.787041	-0.706947	-0.614145	-0.502748	-0.388171	-0.287412	-0.208064	-0.14873	-0.105021	-0.0742777	-0.0649248	-0.0784148	-0.102726	-0.121804	-0.128908	-0.129141	-0.135715	-0.150661	-0.148045	-0.117671	-0.0620689	0.0126116	0.101114	0.198723	0.306762	0.4022	0.460981	0.470775	
-0.0130338	-0.0130338	-0.0165811	-0.0370154	-0.0744283	-0.120628	-0.177969	-0.251857	-0.338919	-0.432084	-0.526673	-0.625527	-0.727892	-0.816255	-0.882505	-0.932523	-0.973047	-0.99145	-0.987451	-0.953363	-0.888591	-0.79881	-0.695144	-0.579725	-0.449119	-0.309167	-0.168693	-0.0419046	0.0587004	0.129596	0.17701	0.202537	0.193132	0.15083	0.0932115	0.0361071	-0.00316677	-0.0382405	-0.0753922	-0.112106	-0.131061	-0.126596	-0.0874753	-0.025724	0.0584658	0.160095	0.276785	0.384724	0.457582	0.478838	
0.14343	0.14343	0.126129	0.08817	0.0252916	-0.0484871	-0.13286	-0.228674	-0.339243	-0.443242	-0.542131	-0.638045	-0.733038	-0.81376	-0.868126	-0.90139	-0.917575	-0.919368	-0.8923	-0.834251	-0.743308	-0.636052	-0.515327	-0.372116	-0.217934	-0.067951	0.0731293	0.206894	0.313558	0.387506	0.43866	0.459837	0.433953	0.368156	0.289223	0.212836	0.142843	0.0746874	0.00798164	-0.0495748	-0.0956188	-0.112416	-0.0884784	-0.0389247	0.0390436	0.146995	0.272787	0.394017	0.485299	0.517215	
0.309993	0.309993	0.282454	0.229324	0.148244	0.0519573	-0.0476784	-0.160064	-0.281369	-0.387665	-0.480751	-0.567702	-0.646172	-0.708453	-0.746899	-0.758207	-0.753209	-0.732501	-0.681362	-0.600929	-0.497998	-0.383084	-0.251891	-0.0960985	0.0627192	0.20177	0.327634	0.452403	0.552968	0.617482	0.660764	0.678157	0.646286	0.565577	0.475234	0.394007	0.304886	0.213944	0.128557	0.0578492	-0.00920285	-0.0463861	-0.0392461	-0.00181687	0.0735274	0.186454	0.318318	0.452656	0.55243	0.594444	
0.452753	0.452753	0.42225	0.364056	0.2774	0.17413	0.0737951	-0.0418349	-0.159876	-0.261136	-0.343211	-0.417889	-0.472277	-0.513351	-0.534837	-0.524905	-0.496972	-0.450844	-0.381948	-0.288502	-0.183098	-0.0648991	0.0657739	0.210722	0.35771	0.474635	0.579665	0.673991	0.754749	0.80613	0.837101	0.842396	0.80284	0.726964	0.639754	0.557437	0.469134	0.376041	0.287601	0.208007	0.141983	0.0972363	0.0871306	0.115451	0.179121	0.284816	0.417824	0.554567	0.655105	0.705924	
0.542061	0.542061	0.517058	0.466799	0.390972	0.300634	0.216129	0.116442	0.0144871	-0.0718931	-0.139979	-0.195443	-0.228677	-0.249966	-0.254294	-0.223991	-0.176727	-0.115917	-0.0344057	0.0645849	0.167129	0.273373	0.385927	0.509548	0.629983	0.721893	0.79033	0.851958	0.900842	0.938079	0.954396	0.9518	0.908125	0.839196	0.767188	0.700688	0.625732	0.544955	0.470092	0.402122	0.344365	0.303386	0.286222	0.308053	0.357642	0.451867	0.571071	0.689581	0.778882	0.824447	
0.561086	0.561086	0.54736	0.515769	0.46598	0.405194	0.351873	0.284532	0.214329	0.151305	0.106049	0.0717313	0.0590538	0.0550186	0.0703715	0.111624	0.169221	0.239063	0.329301	0.422197	0.508871	0.595389	0.686447	0.777368	0.857804	0.915623	0.948449	0.973418	0.992456	1.01166	1.01181	0.99766	0.961097	0.911799	0.861329	0.813627	0.763412	0.711645	0.661618	0.614153	0.577135	0.551302	0.537516	0.54834	0.587612	0.663066	0.752965	0.844951	0.910477	0.939498	
0.498244	0.498244	0.497166	0.49058	0.475545	0.455855	0.44212	0.421917	0.395917	0.369536	0.355457	0.350575	0.360437	0.376623	0.409161	0.455058	0.517164	0.590863	0.677097	0.752313	0.818496	0.883358	0.946534	0.995988	1.0325	1.0547	1.05765	1.04525	1.03751	1.03813	1.02902	1.00302	0.974827	0.955369	0.932712	0.906352	0.882075	0.861941	0.838483	0.818023	0.810604	0.801622	0.794437	0.801996	0.830409	0.884696	0.945023	1.00741	1.04226	1.05004	
0.362584	0.362584	0.37247	0.390772	0.412491	0.436918	0.466092	0.49915	0.526507	0.548514	0.576287	0.610505	0.648078	0.689375	0.737811	0.789953	0.84939	0.917768	0.983995	1.03913	1.08173	1.11939	1.14579	1.15605	1.15429	1.14508	1.12302	1.08507	1.05449	1.03862	1.02438	0.998937	0.981559	0.983878	0.985838	0.980312	0.982063	0.98662	0.989426	0.994133	1.00858	1.01801	1.02446	1.03604	1.06467	1.10188	1.13599	1.16223	1.16968	1.15166	
0.197919	0.197919	0.21537	0.252905	0.306652	0.370238	0.438506	0.520351	0.602199	0.679038	0.753998	0.831526	0.902226	0.974316	1.04012	1.0969	1.1487	1.20425	1.24587	1.27256	1.28382	1.28918	1.28282	1.25879	1.22253	1.18616	1.14586	1.0979	1.05789	1.03303	1.00918	0.986582	0.9844	1.00752	1.0288	1.04205	1.06053	1.08151	1.10697	1.13794	1.16909	1.20028	1.22299	1.24058	1.26996	1.29478	1.30664	1.30272	1.28766	1.24574	
0.0498514	0.0498514	0.0718368	0.120925	0.199266	0.29231	0.3923	0.511391	0.6424	0.771541	0.891326	1.00999	1.11648	1.21979	1.30059	1.36028	1.40487	1.4401	1.45149	1.44153	1.42135	1.39096	1.35126	1.29611	1.23396	1.17853	1.1289	1.08685	1.04942	1.01935	0.993957	0.982585	0.996413	1.03143	1.06773	1.09946	1.12247	1.15322	1.19242	1.24962	1.29742	1.34267	1.37839	1.41079	1.44269	1.46055	1.45517	1.42896	1.38384	1.32109	
-0.0398374	-0.0398374	-0.0164591	0.0384748	0.130403	0.242589	0.361975	0.503572	0.670032	0.836533	0.991745	1.13767	1.2766	1.39932	1.49275	1.55211	1.59124	1.60372	1.58329	1.54283	1.49475	1.43507	1.36238	1.28256	1.20641	1.1414	1.09392	1.05802	1.02821	0.996755	0.981707	0.983257	1.00648	1.04587	1.09434	1.13377	1.16242	1.2027	1.25715	1.32152	1.38615	1.44358	1.49446	1.54104	1.57788	1.58543	1.56547	1.51634	1.44848	1.36853	
-0.0795984	-0.0795984	-0.0563086	0.00145086	0.0982424	0.221192	0.34814	0.502054	0.684839	0.873964	1.04628	1.2086	1.36379	1.49936	1.59906	1.65829	1.69138	1.6903	1.65313	1.5936	1.52414	1.44518	1.35573	1.26568	1.1791	1.10772	1.05824	1.0341	1.01527	0.986953	0.969527	0.97994	1.01563	1.05759	1.11209	1.15826	1.19053	1.22374	1.28979	1.36495	1.43875	1.50016	1.55903	1.61279	1.64703	1.65352	1.62884	1.56258	1.48832	1.39119	
-0.0795984	-0.0795984	-0.0563086	0.00145086	0.0982424	0.221192	0.34814	0.502054	0.684839	0.873964	1.04628	1.2086	1.36379	1.49936	1.59906	1.65829	1.69138	1.6903	1.65313	1.5936	1.52414	1.44518	1.35573	1.26568	1.1791	1.10772	1.05824	1.0341	1.01527	0.986953	0.969527	0.97994	1.01563	1.05759	1.11209	1.15826	1.19053	1.22374	1.28979	1.36495	1.43875	1.50016	1.55903	1.61279	1.64703	1.65352	1.62884	1.56258	1.48832	1.39119	
