0.0842139	0.0842139	0.0442338	-0.0341086	-0.121466	-0.178923	-0.180201	-0.153947	-0.1292	-0.101504	-0.0711749	-0.0475084	-0.0172074	-0.00229639	-0.013024	-0.0584874	-0.155994	-0.308807	-0.469329	-0.590241	-0.670623	-0.705362	-0.671989	-0.590635	-0.463093	-0.2828	-0.101166	0.0592211	0.196271	0.295827	0.362269	0.419385	0.448608	0.436926	0.374946	0.267361	0.157207	0.0710971	0.00872152	-0.0168925	-0.00571837	0.0352564	0.0853969	0.0992568	0.0409631	-0.0968601	-0.297783	-0.530937	-0.768534	-0.986472	
0.0842139	0.0842139	0.0442338	-0.0341086	-0.121466	-0.178923	-0.180201	-0.153947	-0.1292	-0.101504	-0.0711749	-0.0475084	-0.0172074	-0.00229639	-0.013024	-0.0584874	-0.155994	-0.308807	-0.469329	-0.590241	-0.670623	-0.705362	-0.671989	-0.590635	-0.463093	-0.2828	-0.101166	0.0592211	0.196271	0.295827	0.362269	0.419385	0.448608	0.436926	0.374946	0.267361	0.157207	0.0710971	0.00872152	-0.0168925	-0.00571837	0.0352564	0.0853969	0.0992568	0.0409631	-0.0968601	-0.297783	-0.530937	-0.768534	-0.986472	
0.0442338	0.0442338	0.00817395	-0.0593205	-0.127203	-0.169325	-0.168828	-0.131494	-0.0949748	-0.0690457	-0.0370764	-0.000293637	0.0270061	0.0344066	0.020729	-0.0320622	-0.141046	-0.295869	-0.458954	-0.586569	-0.668242	-0.704775	-0.689014	-0.617478	-0.492285	-0.322552	-0.141668	0.0313819	0.173403	0.282459	0.360052	0.414984	0.440707	0.422808	0.358988	0.261503	0.155844	0.0682409	0.0119492	-0.0101556	-0.000465199	0.0418227	0.090524	0.106625	0.0554472	-0.0760408	-0.27791	-0.506429	-0.742575	-0.971412	
-0.0341086	-0.0341086	-0.0593205	-0.106281	-0.151415	-0.170492	-0.152819	-0.10413	-0.0582283	-0.0199709	0.0207996	0.0614582	0.0815622	0.0844814	0.0665223	0.0015285	-0.121399	-0.273577	-0.433033	-0.567907	-0.655496	-0.701884	-0.707128	-0.654462	-0.541481	-0.388759	-0.2111	-0.0302388	0.121742	0.24195	0.33282	0.390121	0.407457	0.382322	0.31902	0.233993	0.13606	0.0529592	0.00482339	-0.0113058	0.00533332	0.0518097	0.0983506	0.110618	0.0658734	-0.0576287	-0.2553	-0.484586	-0.717744	-0.945453	
-0.121466	-0.121466	-0.127203	-0.151415	-0.173671	-0.166792	-0.132865	-0.0789612	-0.0289628	0.0182828	0.0655545	0.106528	0.125813	0.131137	0.104266	0.027797	-0.0970507	-0.250982	-0.407521	-0.531466	-0.618526	-0.678333	-0.699401	-0.670906	-0.585728	-0.454034	-0.28605	-0.107262	0.0533791	0.186748	0.28682	0.343863	0.351588	0.319569	0.261555	0.188439	0.106444	0.0385014	-0.00118065	-0.00803442	0.0188053	0.0574659	0.098331	0.11214	0.0648653	-0.0549762	-0.242948	-0.470749	-0.699219	-0.913911	
-0.178923	-0.178923	-0.169325	-0.170492	-0.166792	-0.141961	-0.109584	-0.0620189	-0.0153807	0.0292351	0.0782916	0.126707	0.149735	0.156302	0.122639	0.0421498	-0.0806474	-0.232002	-0.377696	-0.480263	-0.566772	-0.63452	-0.665507	-0.658699	-0.606456	-0.501964	-0.358681	-0.18974	-0.0273765	0.109472	0.211606	0.267388	0.269773	0.235237	0.187773	0.134926	0.0757957	0.0280756	-0.000407867	0.0051412	0.037887	0.0709292	0.0986213	0.108542	0.0556821	-0.0625733	-0.240986	-0.45746	-0.673357	-0.869374	
-0.180201	-0.180201	-0.168828	-0.152819	-0.132865	-0.109584	-0.0830733	-0.0508133	-0.0145574	0.0229624	0.0674131	0.113212	0.142597	0.144902	0.115363	0.0371136	-0.0857528	-0.222128	-0.338046	-0.42707	-0.505185	-0.572067	-0.612408	-0.62588	-0.602868	-0.528336	-0.409819	-0.263077	-0.110447	0.0250575	0.120595	0.16978	0.173091	0.147803	0.114089	0.0780066	0.0443612	0.0214165	0.0127817	0.0251574	0.059855	0.0922704	0.10933	0.101327	0.046142	-0.0685686	-0.242672	-0.445175	-0.642652	-0.814832	
-0.153947	-0.153947	-0.131494	-0.10413	-0.0789612	-0.0620189	-0.0508133	-0.0384686	-0.0237546	-0.00142994	0.0342536	0.0724699	0.0995117	0.101799	0.0729729	-0.00212337	-0.116807	-0.231217	-0.318181	-0.382747	-0.441201	-0.503099	-0.553368	-0.580013	-0.578984	-0.5368	-0.443797	-0.310231	-0.167	-0.0399702	0.0460778	0.08782	0.0924479	0.0750778	0.0500427	0.0358554	0.0283348	0.0249544	0.0360045	0.060591	0.0856304	0.106619	0.110674	0.084317	0.0206221	-0.0964755	-0.26453	-0.452153	-0.629844	-0.771208	
-0.1292	-0.1292	-0.0949748	-0.0582283	-0.0289628	-0.0153807	-0.0145574	-0.0237546	-0.0361278	-0.0358033	-0.0142818	0.00499995	0.0226502	0.0212042	-0.0102308	-0.0805638	-0.173072	-0.261034	-0.31897	-0.354441	-0.39217	-0.446134	-0.499591	-0.535663	-0.550386	-0.525308	-0.45028	-0.326873	-0.190873	-0.0704533	0.00609562	0.0400131	0.0458317	0.0341853	0.0191139	0.0132567	0.0215305	0.0386996	0.0630043	0.0894401	0.102288	0.102588	0.0860076	0.0404978	-0.0417623	-0.162879	-0.322849	-0.49277	-0.646723	-0.751968	
-0.101504	-0.101504	-0.0690457	-0.0199709	0.0182828	0.0292351	0.0229624	-0.00142994	-0.0358033	-0.0572524	-0.0615993	-0.0643144	-0.0661209	-0.0826291	-0.123825	-0.191566	-0.263887	-0.316284	-0.339976	-0.344977	-0.362951	-0.408094	-0.458431	-0.501623	-0.523468	-0.503946	-0.438123	-0.317683	-0.176481	-0.0625843	0.0123253	0.0527296	0.0560769	0.0439293	0.0326479	0.024046	0.0285059	0.0519774	0.0792466	0.1005	0.101397	0.0825392	0.0397436	-0.0334713	-0.13438	-0.262682	-0.412534	-0.563672	-0.69004	-0.756527	
-0.0711749	-0.0711749	-0.0370764	0.0207996	0.0655545	0.0782916	0.0674131	0.0342536	-0.0142818	-0.0615993	-0.0995693	-0.125875	-0.150438	-0.188825	-0.241518	-0.306235	-0.364226	-0.397516	-0.396341	-0.371936	-0.360318	-0.385982	-0.424284	-0.466172	-0.487065	-0.462896	-0.392112	-0.278766	-0.140674	-0.0239243	0.0566263	0.107037	0.119744	0.111883	0.0989331	0.0743944	0.0635893	0.0753349	0.0900061	0.0937489	0.0762905	0.0295084	-0.0339929	-0.121523	-0.229437	-0.360066	-0.502933	-0.633689	-0.729335	-0.764043	
-0.0475084	-0.0475084	-0.000293637	0.0614582	0.106528	0.126707	0.113212	0.0724699	0.00499995	-0.0643144	-0.125875	-0.172533	-0.225908	-0.286823	-0.360118	-0.424003	-0.473881	-0.491986	-0.47063	-0.420385	-0.385678	-0.376299	-0.390784	-0.417269	-0.424583	-0.391709	-0.321302	-0.214827	-0.0877926	0.0277953	0.118573	0.182347	0.211202	0.210737	0.191999	0.160196	0.125088	0.10508	0.0912506	0.0703996	0.0294517	-0.0318217	-0.11266	-0.207787	-0.317366	-0.442181	-0.572613	-0.686552	-0.754316	-0.76128	
-0.0172074	-0.0172074	0.0270061	0.0815622	0.125813	0.149735	0.142597	0.0995117	0.0226502	-0.0661209	-0.150438	-0.225908	-0.30279	-0.390623	-0.479758	-0.544581	-0.582977	-0.583306	-0.540536	-0.470484	-0.402883	-0.3562	-0.344411	-0.350887	-0.340987	-0.293862	-0.217656	-0.125512	-0.0194276	0.0905929	0.189718	0.264764	0.314168	0.327028	0.303155	0.256033	0.197502	0.142404	0.0962526	0.0453599	-0.0136636	-0.0854657	-0.17232	-0.267721	-0.377359	-0.496271	-0.617771	-0.720024	-0.772197	-0.762818	
-0.00229639	-0.00229639	0.0344066	0.0844814	0.131137	0.156302	0.144902	0.101799	0.0212042	-0.0826291	-0.188825	-0.286823	-0.390623	-0.495852	-0.588522	-0.64882	-0.672814	-0.652945	-0.591286	-0.497803	-0.396379	-0.320843	-0.285659	-0.270485	-0.241382	-0.187108	-0.108705	-0.0248627	0.0600065	0.158109	0.261026	0.347371	0.411844	0.434781	0.406934	0.352891	0.277165	0.19018	0.114864	0.0422788	-0.0316039	-0.114432	-0.20331	-0.296835	-0.402665	-0.524649	-0.647158	-0.744264	-0.787652	-0.77022	
-0.013024	-0.013024	0.020729	0.0665223	0.104266	0.122639	0.115363	0.0729729	-0.0102308	-0.123825	-0.241518	-0.360118	-0.479758	-0.588522	-0.67281	-0.719893	-0.716718	-0.67596	-0.601724	-0.4922	-0.36812	-0.266718	-0.212104	-0.179917	-0.140247	-0.081733	-0.00394293	0.0757016	0.145695	0.23257	0.330877	0.421566	0.490752	0.513187	0.486439	0.424575	0.337555	0.241535	0.14619	0.0536016	-0.0321323	-0.11409	-0.198709	-0.29047	-0.40206	-0.531652	-0.661091	-0.758185	-0.801039	-0.779021	
-0.0584874	-0.0584874	-0.0320622	0.0015285	0.027797	0.0421498	0.0371136	-0.00212337	-0.0805638	-0.191566	-0.306235	-0.424003	-0.544581	-0.64882	-0.719893	-0.747687	-0.721111	-0.661223	-0.572	-0.447886	-0.310162	-0.198047	-0.129638	-0.08401	-0.0383466	0.0178267	0.0872714	0.158483	0.220311	0.290785	0.377462	0.467304	0.528642	0.547582	0.521541	0.45376	0.360324	0.263224	0.164558	0.0687762	-0.0169608	-0.0910067	-0.168969	-0.26268	-0.38617	-0.528179	-0.662995	-0.765644	-0.815256	-0.799433	
-0.155994	-0.155994	-0.141046	-0.121399	-0.0970507	-0.0806474	-0.0857528	-0.116807	-0.173072	-0.263887	-0.364226	-0.473881	-0.582977	-0.672814	-0.716718	-0.721111	-0.683971	-0.619211	-0.516267	-0.37915	-0.228974	-0.108336	-0.0197631	0.0401417	0.0802018	0.12576	0.180637	0.228053	0.270903	0.319121	0.385227	0.462996	0.520637	0.542581	0.515815	0.442996	0.360006	0.271107	0.176083	0.088209	0.00868777	-0.063098	-0.130824	-0.221288	-0.351863	-0.508007	-0.657541	-0.769159	-0.827652	-0.825535	
-0.308807	-0.308807	-0.295869	-0.273577	-0.250982	-0.232002	-0.222128	-0.231217	-0.261034	-0.316284	-0.397516	-0.491986	-0.583306	-0.652945	-0.67596	-0.661223	-0.619211	-0.540404	-0.421614	-0.278371	-0.122248	0.0172063	0.12422	0.188487	0.221167	0.243516	0.26216	0.278305	0.299168	0.322709	0.361428	0.41512	0.463977	0.486701	0.467722	0.413974	0.347925	0.276425	0.197133	0.11852	0.0474059	-0.0132485	-0.0731033	-0.16812	-0.304512	-0.47149	-0.634687	-0.757665	-0.826202	-0.838722	
-0.469329	-0.469329	-0.458954	-0.433033	-0.407521	-0.377696	-0.338046	-0.318181	-0.31897	-0.339976	-0.396341	-0.47063	-0.540536	-0.591286	-0.601724	-0.572	-0.516267	-0.421614	-0.293096	-0.137271	0.0255814	0.175991	0.285166	0.343475	0.363383	0.354133	0.326478	0.305253	0.295331	0.284791	0.292628	0.324068	0.368695	0.393472	0.389334	0.363655	0.321023	0.271742	0.215149	0.155254	0.0986139	0.0511733	-0.00326263	-0.0947567	-0.231002	-0.400405	-0.57104	-0.702893	-0.786202	-0.814057	
-0.590241	-0.590241	-0.586569	-0.567907	-0.531466	-0.480263	-0.42707	-0.382747	-0.354441	-0.344977	-0.371936	-0.420385	-0.470484	-0.497803	-0.4922	-0.447886	-0.37915	-0.278371	-0.137271	0.0325265	0.195156	0.337361	0.439392	0.489642	0.488081	0.438768	0.367157	0.30405	0.253509	0.211949	0.190526	0.200198	0.23572	0.267553	0.286738	0.290567	0.279826	0.2507	0.216781	0.180081	0.145202	0.111057	0.0616408	-0.0169945	-0.13721	-0.295314	-0.462015	-0.604568	-0.702264	-0.745526	
-0.670623	-0.670623	-0.668242	-0.655496	-0.618526	-0.566772	-0.505185	-0.441201	-0.39217	-0.362951	-0.360318	-0.385678	-0.402883	-0.396379	-0.36812	-0.310162	-0.228974	-0.122248	0.0255814	0.195156	0.352208	0.487413	0.577982	0.614211	0.578588	0.486541	0.378738	0.276645	0.185228	0.114207	0.0686855	0.0576042	0.0756313	0.10989	0.15094	0.186996	0.209796	0.209828	0.195811	0.179546	0.161749	0.145822	0.112463	0.0552434	-0.0436198	-0.17996	-0.33172	-0.481245	-0.595703	-0.658431	
-0.705362	-0.705362	-0.704775	-0.701884	-0.678333	-0.63452	-0.572067	-0.503099	-0.446134	-0.408094	-0.385982	-0.376299	-0.3562	-0.320843	-0.266718	-0.198047	-0.108336	0.0172063	0.175991	0.337361	0.487413	0.607315	0.678184	0.687389	0.623588	0.501635	0.360574	0.217584	0.0933309	-0.00147929	-0.0636762	-0.0944292	-0.0945393	-0.0589051	0.000388453	0.0628243	0.111155	0.137324	0.152426	0.16026	0.168203	0.170972	0.150228	0.106663	0.0345408	-0.0728452	-0.207479	-0.355934	-0.482256	-0.569708	
-0.671989	-0.671989	-0.689014	-0.707128	-0.699401	-0.665507	-0.612408	-0.553368	-0.499591	-0.458431	-0.424284	-0.390784	-0.344411	-0.285659	-0.212104	-0.129638	-0.0197631	0.12422	0.285166	0.439392	0.577982	0.678184	0.723813	0.700342	0.611258	0.471907	0.306756	0.136453	-0.0101902	-0.121035	-0.195074	-0.239239	-0.247045	-0.210331	-0.145657	-0.0675062	0.00567325	0.0589234	0.101412	0.137569	0.172474	0.193108	0.184934	0.151244	0.0945537	0.00568665	-0.111296	-0.247221	-0.379619	-0.472342	
-0.590635	-0.590635	-0.617478	-0.654462	-0.670906	-0.658699	-0.62588	-0.580013	-0.535663	-0.501623	-0.466172	-0.417269	-0.350887	-0.270485	-0.179917	-0.08401	0.0401417	0.188487	0.343475	0.489642	0.614211	0.687389	0.700342	0.65313	0.548485	0.396264	0.219546	0.0411763	-0.113933	-0.228715	-0.31042	-0.3628	-0.376453	-0.345927	-0.277693	-0.19143	-0.103298	-0.0283624	0.0401947	0.104648	0.161702	0.196505	0.204235	0.183648	0.1364	0.0618334	-0.0397066	-0.159476	-0.286364	-0.37431	
-0.463093	-0.463093	-0.492285	-0.541481	-0.585728	-0.606456	-0.602868	-0.578984	-0.550386	-0.523468	-0.487065	-0.424583	-0.340987	-0.241382	-0.140247	-0.0383466	0.0802018	0.221167	0.363383	0.488081	0.578588	0.623588	0.611258	0.548485	0.436036	0.281063	0.109799	-0.0605585	-0.213735	-0.3275	-0.409089	-0.462452	-0.479356	-0.455677	-0.391559	-0.303208	-0.217536	-0.13414	-0.0482294	0.0401249	0.114357	0.167351	0.193038	0.186798	0.151769	0.0925213	0.00285078	-0.100026	-0.204929	-0.280414	
-0.2828	-0.2828	-0.322552	-0.388759	-0.454034	-0.501964	-0.528336	-0.5368	-0.525308	-0.503946	-0.462896	-0.391709	-0.293862	-0.187108	-0.081733	0.0178267	0.12576	0.243516	0.354133	0.438768	0.486541	0.501635	0.471907	0.396264	0.281063	0.144503	-0.00661527	-0.165199	-0.308709	-0.413708	-0.487807	-0.539623	-0.556782	-0.534049	-0.477043	-0.404439	-0.331461	-0.253223	-0.161523	-0.0631505	0.0222222	0.0930981	0.135546	0.150905	0.13284	0.0850053	0.0129462	-0.0661861	-0.141403	-0.192013	
-0.101166	-0.101166	-0.141668	-0.2111	-0.28605	-0.358681	-0.409819	-0.443797	-0.45028	-0.438123	-0.392112	-0.321302	-0.217656	-0.108705	-0.00394293	0.0872714	0.180637	0.26216	0.326478	0.367157	0.378738	0.360574	0.306756	0.219546	0.109799	-0.00661527	-0.136751	-0.275557	-0.3948	-0.481462	-0.548077	-0.597828	-0.618016	-0.599993	-0.557721	-0.507194	-0.450599	-0.38111	-0.291579	-0.191882	-0.100044	-0.0215907	0.0374312	0.0768678	0.0787269	0.0500826	0.00649503	-0.0451793	-0.0912961	-0.106752	
0.0592211	0.0592211	0.0313819	-0.0302388	-0.107262	-0.18974	-0.263077	-0.310231	-0.326873	-0.317683	-0.278766	-0.214827	-0.125512	-0.0248627	0.0757016	0.158483	0.228053	0.278305	0.305253	0.30405	0.276645	0.217584	0.136453	0.0411763	-0.0605585	-0.165199	-0.275557	-0.382662	-0.469161	-0.537539	-0.598995	-0.646446	-0.672556	-0.670428	-0.649963	-0.621091	-0.575596	-0.515121	-0.429123	-0.329611	-0.228862	-0.141862	-0.0712045	-0.0187186	0.00591674	0.0074875	-0.00683536	-0.0245722	-0.034618	-0.0198089	
0.196271	0.196271	0.173403	0.121742	0.0533791	-0.0273765	-0.110447	-0.167	-0.190873	-0.176481	-0.140674	-0.0877926	-0.0194276	0.0600065	0.145695	0.220311	0.270903	0.299168	0.295331	0.253509	0.185228	0.0933309	-0.0101902	-0.113933	-0.213735	-0.308709	-0.3948	-0.469161	-0.535311	-0.593144	-0.649796	-0.699051	-0.732458	-0.747616	-0.751386	-0.740139	-0.703286	-0.64522	-0.560362	-0.458538	-0.349229	-0.248545	-0.164734	-0.101875	-0.060173	-0.0375247	-0.0228969	-0.0041725	0.0223513	0.0626025	
0.295827	0.295827	0.282459	0.24195	0.186748	0.109472	0.0250575	-0.0399702	-0.0704533	-0.0625843	-0.0239243	0.0277953	0.0905929	0.158109	0.23257	0.290785	0.319121	0.322709	0.284791	0.211949	0.114207	-0.00147929	-0.121035	-0.228715	-0.3275	-0.413708	-0.481462	-0.537539	-0.593144	-0.652086	-0.706789	-0.758699	-0.80339	-0.837124	-0.85491	-0.853301	-0.821753	-0.762384	-0.679516	-0.569709	-0.455186	-0.342437	-0.246948	-0.170878	-0.111234	-0.0701325	-0.0340573	0.00564032	0.0447209	0.100208	
0.362269	0.362269	0.360052	0.33282	0.28682	0.211606	0.120595	0.0460778	0.00609562	0.0123253	0.0566263	0.118573	0.189718	0.261026	0.330877	0.377462	0.385227	0.361428	0.292628	0.190526	0.0686855	-0.0636762	-0.195074	-0.31042	-0.409089	-0.487807	-0.548077	-0.598995	-0.649796	-0.706789	-0.768257	-0.83208	-0.892586	-0.94019	-0.966835	-0.969379	-0.935064	-0.86628	-0.776556	-0.664232	-0.545541	-0.420897	-0.312187	-0.225994	-0.155782	-0.104462	-0.0613058	-0.0180273	0.0181258	0.0717439	
0.419385	0.419385	0.414984	0.390121	0.343863	0.267388	0.16978	0.08782	0.0400131	0.0527296	0.107037	0.182347	0.264764	0.347371	0.421566	0.467304	0.462996	0.41512	0.324068	0.200198	0.0576042	-0.0944292	-0.239239	-0.3628	-0.462452	-0.539623	-0.597828	-0.646446	-0.699051	-0.758699	-0.83208	-0.909356	-0.98146	-1.03893	-1.07876	-1.08206	-1.03814	-0.956707	-0.849573	-0.729841	-0.603766	-0.473599	-0.35548	-0.258575	-0.189013	-0.144732	-0.112886	-0.0808196	-0.0517581	-0.0107552	
0.448608	0.448608	0.440707	0.407457	0.351588	0.269773	0.173091	0.0924479	0.0458317	0.0560769	0.119744	0.211202	0.314168	0.411844	0.490752	0.528642	0.520637	0.463977	0.368695	0.23572	0.0756313	-0.0945393	-0.247045	-0.376453	-0.479356	-0.556782	-0.618016	-0.672556	-0.732458	-0.80339	-0.892586	-0.98146	-1.06423	-1.13075	-1.17083	-1.1666	-1.11134	-1.01501	-0.884439	-0.746633	-0.605037	-0.472807	-0.355829	-0.261116	-0.202006	-0.169829	-0.157799	-0.155271	-0.153295	-0.134293	
0.436926	0.436926	0.422808	0.382322	0.319569	0.235237	0.147803	0.0750778	0.0341853	0.0439293	0.111883	0.210737	0.327028	0.434781	0.513187	0.547582	0.542581	0.486701	0.393472	0.267553	0.10989	-0.0589051	-0.210331	-0.345927	-0.455677	-0.534049	-0.599993	-0.670428	-0.747616	-0.837124	-0.94019	-1.03893	-1.13075	-1.19841	-1.2257	-1.20335	-1.13131	-1.01527	-0.86023	-0.697217	-0.54314	-0.407712	-0.294432	-0.20859	-0.166148	-0.161198	-0.18078	-0.220337	-0.262114	-0.269375	
0.374946	0.374946	0.358988	0.31902	0.261555	0.187773	0.114089	0.0500427	0.0191139	0.0326479	0.0989331	0.191999	0.303155	0.406934	0.486439	0.521541	0.515815	0.467722	0.389334	0.286738	0.15094	0.000388453	-0.145657	-0.277693	-0.391559	-0.477043	-0.557721	-0.649963	-0.751386	-0.85491	-0.966835	-1.07876	-1.17083	-1.2257	-1.22908	-1.18054	-1.08873	-0.951206	-0.77568	-0.587541	-0.420788	-0.282662	-0.179296	-0.107742	-0.0866398	-0.112579	-0.179258	-0.265918	-0.345958	-0.385107	
0.267361	0.267361	0.261503	0.233993	0.188439	0.134926	0.0780066	0.0358554	0.0132567	0.024046	0.0743944	0.160196	0.256033	0.352891	0.424575	0.45376	0.442996	0.413974	0.363655	0.290567	0.186996	0.0628243	-0.0675062	-0.19143	-0.303208	-0.404439	-0.507194	-0.621091	-0.740139	-0.853301	-0.969379	-1.08206	-1.1666	-1.20335	-1.18054	-1.10545	-0.995022	-0.838969	-0.645104	-0.43909	-0.258806	-0.121152	-0.0321671	0.00890755	0.00372682	-0.0480576	-0.152823	-0.279992	-0.396137	-0.472246	
0.157207	0.157207	0.155844	0.13606	0.106444	0.0757957	0.0443612	0.0283348	0.0215305	0.0285059	0.0635893	0.125088	0.197502	0.277165	0.337555	0.360324	0.360006	0.347925	0.321023	0.279826	0.209796	0.111155	0.00567325	-0.103298	-0.217536	-0.331461	-0.450599	-0.575596	-0.703286	-0.821753	-0.935064	-1.03814	-1.11134	-1.13131	-1.08873	-0.995022	-0.860886	-0.685186	-0.47909	-0.262018	-0.0744297	0.0534247	0.121068	0.132395	0.0953591	0.0104432	-0.11948	-0.269399	-0.415144	-0.513553	
0.0710971	0.0710971	0.0682409	0.0529592	0.0385014	0.0280756	0.0214165	0.0249544	0.0386996	0.0519774	0.0753349	0.10508	0.142404	0.19018	0.241535	0.263224	0.271107	0.276425	0.271742	0.2507	0.209828	0.137324	0.0589234	-0.0283624	-0.13414	-0.253223	-0.38111	-0.515121	-0.64522	-0.762384	-0.86628	-0.956707	-1.01501	-1.01527	-0.951206	-0.838969	-0.685186	-0.498819	-0.284708	-0.0672235	0.11842	0.234632	0.278998	0.257539	0.186739	0.070996	-0.0789819	-0.243455	-0.398633	-0.507571	
0.00872152	0.00872152	0.0119492	0.00482339	-0.00118065	-0.000407867	0.0127817	0.0360045	0.0630043	0.0792466	0.0900061	0.0912506	0.0962526	0.114864	0.14619	0.164558	0.176083	0.197133	0.215149	0.216781	0.195811	0.152426	0.101412	0.0401947	-0.0482294	-0.161523	-0.291579	-0.429123	-0.560362	-0.679516	-0.776556	-0.849573	-0.884439	-0.86023	-0.77568	-0.645104	-0.47909	-0.284708	-0.0740432	0.135568	0.308399	0.414102	0.435531	0.38454	0.281402	0.141213	-0.023811	-0.197927	-0.355612	-0.475259	
-0.0168925	-0.0168925	-0.0101556	-0.0113058	-0.00803442	0.0051412	0.0251574	0.060591	0.0894401	0.1005	0.0937489	0.0703996	0.0453599	0.0422788	0.0536016	0.0687762	0.088209	0.11852	0.155254	0.180081	0.179546	0.16026	0.137569	0.104648	0.0401249	-0.0631505	-0.191882	-0.329611	-0.458538	-0.569709	-0.664232	-0.729841	-0.746633	-0.697217	-0.587541	-0.43909	-0.262018	-0.0672235	0.135568	0.327902	0.481643	0.565939	0.568371	0.498841	0.3727	0.208452	0.0292413	-0.154438	-0.307316	-0.423373	
-0.00571837	-0.00571837	-0.000465199	0.00533332	0.0188053	0.037887	0.059855	0.0856304	0.102288	0.101397	0.0762905	0.0294517	-0.0136636	-0.0316039	-0.0321323	-0.0169608	0.00868777	0.0474059	0.0986139	0.145202	0.161749	0.168203	0.172474	0.161702	0.114357	0.0222222	-0.100044	-0.228862	-0.349229	-0.455186	-0.545541	-0.603766	-0.605037	-0.54314	-0.420788	-0.258806	-0.0744297	0.11842	0.308399	0.481643	0.608544	0.667813	0.652732	0.572372	0.433923	0.255282	0.0615455	-0.122742	-0.270536	-0.372477	
0.0352564	0.0352564	0.0418227	0.0518097	0.0574659	0.0709292	0.0922704	0.106619	0.102588	0.0825392	0.0295084	-0.0318217	-0.0854657	-0.114432	-0.11409	-0.0910067	-0.063098	-0.0132485	0.0511733	0.111057	0.145822	0.170972	0.193108	0.196505	0.167351	0.0930981	-0.0215907	-0.141862	-0.248545	-0.342437	-0.420897	-0.473599	-0.472807	-0.407712	-0.282662	-0.121152	0.0534247	0.234632	0.414102	0.565939	0.667813	0.705792	0.675154	0.586176	0.448985	0.267547	0.0667624	-0.110596	-0.247702	-0.340014	
0.0853969	0.0853969	0.090524	0.0983506	0.098331	0.0986213	0.10933	0.110674	0.0860076	0.0397436	-0.0339929	-0.11266	-0.17232	-0.20331	-0.198709	-0.168969	-0.130824	-0.0731033	-0.00326263	0.0616408	0.112463	0.150228	0.184934	0.204235	0.193038	0.135546	0.0374312	-0.0712045	-0.164734	-0.246948	-0.312187	-0.35548	-0.355829	-0.294432	-0.179296	-0.0321671	0.121068	0.278998	0.435531	0.568371	0.652732	0.675154	0.640615	0.548493	0.412284	0.238305	0.0491978	-0.115993	-0.238201	-0.31234	
0.0992568	0.0992568	0.106625	0.110618	0.11214	0.108542	0.101327	0.084317	0.0404978	-0.0334713	-0.121523	-0.207787	-0.267721	-0.296835	-0.29047	-0.26268	-0.221288	-0.16812	-0.0947567	-0.0169945	0.0552434	0.106663	0.151244	0.183648	0.186798	0.150905	0.0768678	-0.0187186	-0.101875	-0.170878	-0.225994	-0.258575	-0.261116	-0.20859	-0.107742	0.00890755	0.132395	0.257539	0.38454	0.498841	0.572372	0.586176	0.548493	0.464225	0.341384	0.187811	0.0235843	-0.121997	-0.228509	-0.280687	
0.0409631	0.0409631	0.0554472	0.0658734	0.0648653	0.0556821	0.046142	0.0206221	-0.0417623	-0.13438	-0.229437	-0.317366	-0.377359	-0.402665	-0.40206	-0.38617	-0.351863	-0.304512	-0.231002	-0.13721	-0.0436198	0.0345408	0.0945537	0.1364	0.151769	0.13284	0.0787269	0.00591674	-0.060173	-0.111234	-0.155782	-0.189013	-0.202006	-0.166148	-0.0866398	0.00372682	0.0953591	0.186739	0.281402	0.3727	0.433923	0.448985	0.412284	0.341384	0.241602	0.118035	-0.0119926	-0.13105	-0.214694	-0.238777	
-0.0968601	-0.0968601	-0.0760408	-0.0576287	-0.0549762	-0.0625733	-0.0685686	-0.0964755	-0.162879	-0.262682	-0.360066	-0.442181	-0.496271	-0.524649	-0.531652	-0.528179	-0.508007	-0.47149	-0.400405	-0.295314	-0.17996	-0.0728452	0.00568665	0.0618334	0.0925213	0.0850053	0.0500826	0.0074875	-0.0375247	-0.0701325	-0.104462	-0.144732	-0.169829	-0.161198	-0.112579	-0.0480576	0.0104432	0.070996	0.141213	0.208452	0.255282	0.267547	0.238305	0.187811	0.118035	0.0332292	-0.0594833	-0.140562	-0.1916	-0.19485	
-0.297783	-0.297783	-0.27791	-0.2553	-0.242948	-0.240986	-0.242672	-0.26453	-0.322849	-0.412534	-0.502933	-0.572613	-0.617771	-0.647158	-0.661091	-0.662995	-0.657541	-0.634687	-0.57104	-0.462015	-0.33172	-0.207479	-0.111296	-0.0397066	0.00285078	0.0129462	0.00649503	-0.00683536	-0.0228969	-0.0340573	-0.0613058	-0.112886	-0.157799	-0.18078	-0.179258	-0.152823	-0.11948	-0.0789819	-0.023811	0.0292413	0.0615455	0.0667624	0.0491978	0.0235843	-0.0119926	-0.0594833	-0.113186	-0.155022	-0.17361	-0.157079	
-0.530937	-0.530937	-0.506429	-0.484586	-0.470749	-0.45746	-0.445175	-0.452153	-0.49277	-0.563672	-0.633689	-0.686552	-0.720024	-0.744264	-0.758185	-0.765644	-0.769159	-0.757665	-0.702893	-0.604568	-0.481245	-0.355934	-0.247221	-0.159476	-0.100026	-0.0661861	-0.0451793	-0.0245722	-0.0041725	0.00564032	-0.0180273	-0.0808196	-0.155271	-0.220337	-0.265918	-0.279992	-0.269399	-0.243455	-0.197927	-0.154438	-0.122742	-0.110596	-0.115993	-0.121997	-0.13105	-0.140562	-0.155022	-0.16638	-0.159202	-0.120612	
-0.768534	-0.768534	-0.742575	-0.717744	-0.699219	-0.673357	-0.642652	-0.629844	-0.646723	-0.69004	-0.729335	-0.754316	-0.772197	-0.787652	-0.801039	-0.815256	-0.827652	-0.826202	-0.786202	-0.702264	-0.595703	-0.482256	-0.379619	-0.286364	-0.204929	-0.141403	-0.0912961	-0.034618	0.0223513	0.0447209	0.0181258	-0.0517581	-0.153295	-0.262114	-0.345958	-0.396137	-0.415144	-0.398633	-0.355612	-0.307316	-0.270536	-0.247702	-0.238201	-0.228509	-0.214694	-0.1916	-0.17361	-0.159202	-0.130847	-0.0733487	
-0.986472	-0.986472	-0.971412	-0.945453	-0.913911	-0.869374	-0.814832	-0.771208	-0.751968	-0.756527	-0.764043	-0.76128	-0.762818	-0.77022	-0.779021	-0.799433	-0.825535	-0.838722	-0.814057	-0.745526	-0.658431	-0.569708	-0.472342	-0.37431	-0.280414	-0.192013	-0.106752	-0.0198089	0.0626025	0.100208	0.0717439	-0.0107552	-0.134293	-0.269375	-0.385107	-0.472246	-0.513553	-0.507571	-0.475259	-0.423373	-0.372477	-0.340014	-0.31234	-0.280687	-0.238777	-0.19485	-0.157079	-0.120612	-0.0733487	0.00305052	
