-0.583034	-0.583034	-0.541873	-0.469849	-0.394705	-0.352862	-0.376756	-0.469614	-0.59892	-0.725245	-0.824697	-0.902688	-0.963233	-0.980144	-0.91574	-0.740164	-0.470152	-0.145812	0.187815	0.481767	0.70582	0.831452	0.862879	0.807609	0.683022	0.518806	0.354768	0.21509	0.101937	0.00652648	-0.0510328	-0.0559783	-0.0214231	0.0410421	0.118585	0.213923	0.301446	0.339977	0.309362	0.192663	-0.0179875	-0.299219	-0.627261	-0.949684	-1.21373	-1.38327	-1.4493	-1.42351	-1.31479	-1.13952	
-0.583034	-0.583034	-0.541873	-0.469849	-0.394705	-0.352862	-0.376756	-0.469614	-0.59892	-0.725245	-0.824697	-0.902688	-0.963233	-0.980144	-0.91574	-0.740164	-0.470152	-0.145812	0.187815	0.481767	0.70582	0.831452	0.862879	0.807609	0.683022	0.518806	0.354768	0.21509	0.101937	0.00652648	-0.0510328	-0.0559783	-0.0214231	0.0410421	0.118585	0.213923	0.301446	0.339977	0.309362	0.192663	-0.0179875	-0.299219	-0.627261	-0.949684	-1.21373	-1.38327	-1.4493	-1.42351	-1.31479	-1.13952	
-0.541873	-0.541873	-0.500794	-0.430453	-0.356373	-0.316877	-0.342444	-0.436136	-0.567916	-0.695804	-0.799889	-0.881711	-0.946593	-0.96874	-0.909743	-0.742181	-0.48095	-0.165633	0.158145	0.443131	0.659062	0.777075	0.80355	0.744036	0.617874	0.454078	0.29198	0.155626	0.0476434	-0.0394592	-0.0886928	-0.0835208	-0.0389001	0.0333317	0.120774	0.225498	0.318696	0.365163	0.340794	0.228908	0.02327	-0.25281	-0.577759	-0.896149	-1.15573	-1.32218	-1.38599	-1.35887	-1.24932	-1.07414	
-0.469849	-0.469849	-0.430453	-0.361687	-0.292497	-0.256905	-0.286444	-0.384346	-0.518319	-0.653454	-0.763096	-0.853662	-0.925287	-0.954053	-0.904101	-0.747076	-0.498574	-0.197203	0.112886	0.384465	0.586467	0.694945	0.711011	0.646168	0.517158	0.354384	0.195533	0.0649416	-0.0348918	-0.110962	-0.145439	-0.127635	-0.0678504	0.0211627	0.126192	0.245346	0.356019	0.415153	0.403666	0.304774	0.111283	-0.155945	-0.468011	-0.777098	-1.03177	-1.19413	-1.25534	-1.22618	-1.11806	-0.948649	
-0.394705	-0.394705	-0.356373	-0.292497	-0.228014	-0.199344	-0.234559	-0.335065	-0.474978	-0.613746	-0.733175	-0.831046	-0.90923	-0.945282	-0.902	-0.757025	-0.52188	-0.233882	0.0613604	0.320295	0.511154	0.609311	0.620007	0.549697	0.420199	0.258865	0.102954	-0.0240023	-0.118043	-0.182195	-0.204751	-0.172157	-0.0959722	0.0102347	0.135137	0.275427	0.401814	0.483894	0.49421	0.415406	0.242991	-0.00342788	-0.300616	-0.595262	-0.838113	-0.996033	-1.05821	-1.03421	-0.934347	-0.776586	
-0.352862	-0.352862	-0.316877	-0.256905	-0.199344	-0.177715	-0.21744	-0.322339	-0.462767	-0.607947	-0.732013	-0.83656	-0.917508	-0.953984	-0.91356	-0.773511	-0.54613	-0.267004	0.019869	0.271128	0.453472	0.548438	0.553542	0.483421	0.354579	0.197834	0.046102	-0.0766929	-0.165319	-0.221168	-0.232669	-0.190941	-0.103263	0.0182899	0.162719	0.32021	0.469954	0.573764	0.608492	0.556298	0.411062	0.186833	-0.0843473	-0.36141	-0.596389	-0.752084	-0.818945	-0.804756	-0.721712	-0.587075	
-0.376756	-0.376756	-0.342444	-0.286444	-0.234559	-0.21744	-0.26033	-0.362065	-0.501398	-0.643509	-0.769435	-0.873292	-0.95011	-0.981679	-0.935685	-0.796398	-0.571956	-0.296612	-0.0147787	0.233632	0.413794	0.508188	0.516641	0.448529	0.32714	0.1772	0.0321802	-0.085753	-0.170287	-0.217437	-0.219894	-0.170798	-0.0731666	0.0595224	0.218492	0.392294	0.555903	0.680832	0.738241	0.709647	0.589871	0.391033	0.139954	-0.118961	-0.342592	-0.499753	-0.577493	-0.579836	-0.519003	-0.413268	
-0.469614	-0.469614	-0.436136	-0.384346	-0.335065	-0.322339	-0.362065	-0.459098	-0.588887	-0.724865	-0.845396	-0.943008	-1.00981	-1.02766	-0.970739	-0.824389	-0.59789	-0.32177	-0.0397489	0.209448	0.390627	0.489993	0.502055	0.442908	0.329485	0.191733	0.057212	-0.0535586	-0.130101	-0.166598	-0.159487	-0.101573	0.00309034	0.143793	0.314705	0.496225	0.669091	0.804612	0.875538	0.862101	0.760297	0.576261	0.3433	0.094005	-0.127104	-0.287419	-0.375736	-0.395704	-0.358569	-0.280344	
-0.59892	-0.59892	-0.567916	-0.518319	-0.474978	-0.462767	-0.501398	-0.588887	-0.708619	-0.834331	-0.947316	-1.03574	-1.08862	-1.08987	-1.01693	-0.861721	-0.62968	-0.351356	-0.0674752	0.185098	0.369343	0.475288	0.496407	0.445869	0.347255	0.223857	0.103291	0.00493504	-0.0619304	-0.0865039	-0.0658215	-0.00141292	0.109526	0.256795	0.433646	0.618376	0.792627	0.929855	1.00155	0.991243	0.893133	0.713442	0.484673	0.241375	0.0209938	-0.148596	-0.251859	-0.285383	-0.263504	-0.206734	
-0.725245	-0.725245	-0.695804	-0.653454	-0.613746	-0.607947	-0.643509	-0.724865	-0.834331	-0.950878	-1.05764	-1.13742	-1.17779	-1.16189	-1.07446	-0.908959	-0.673807	-0.39268	-0.106575	0.149499	0.340613	0.456097	0.488454	0.453576	0.36997	0.264817	0.161589	0.0740081	0.0184391	0.00722755	0.0378749	0.11144	0.227283	0.375328	0.554528	0.735183	0.899784	1.02764	1.09266	1.07435	0.971493	0.786853	0.555966	0.304717	0.0770601	-0.100086	-0.211783	-0.256358	-0.244699	-0.194456	
-0.824697	-0.824697	-0.799889	-0.763096	-0.733175	-0.732013	-0.769435	-0.845396	-0.947316	-1.05764	-1.16059	-1.2349	-1.26544	-1.23475	-1.13312	-0.960265	-0.720641	-0.43939	-0.150992	0.109605	0.306414	0.432753	0.478296	0.457644	0.393	0.307702	0.222288	0.150522	0.105965	0.104517	0.145283	0.220485	0.332337	0.47678	0.649506	0.818777	0.971069	1.0842	1.13121	1.09889	0.982319	0.785687	0.546129	0.291696	0.0581988	-0.130701	-0.255765	-0.304977	-0.292509	-0.241984	
-0.902688	-0.902688	-0.881711	-0.853662	-0.831046	-0.83656	-0.873292	-0.943008	-1.03574	-1.13742	-1.2349	-1.30261	-1.32269	-1.27718	-1.16376	-0.983462	-0.74544	-0.466312	-0.179928	0.0808843	0.283826	0.419031	0.477956	0.473581	0.426162	0.358982	0.290819	0.228384	0.190738	0.195575	0.239491	0.314115	0.420854	0.554167	0.714451	0.866722	0.995465	1.08456	1.11301	1.06348	0.933893	0.728652	0.482997	0.219283	-0.0202786	-0.214296	-0.342705	-0.395797	-0.383414	-0.32651	
-0.963233	-0.963233	-0.946593	-0.925287	-0.90923	-0.917508	-0.95011	-1.00981	-1.08862	-1.17779	-1.26544	-1.32269	-1.32941	-1.26677	-1.13775	-0.950101	-0.710274	-0.435749	-0.152388	0.106011	0.309309	0.448184	0.513037	0.516419	0.478643	0.423132	0.365306	0.30999	0.275746	0.281544	0.324795	0.393591	0.486511	0.604557	0.748036	0.879779	0.987409	1.05484	1.06133	0.994526	0.851646	0.637954	0.389286	0.128882	-0.108262	-0.304243	-0.438301	-0.491762	-0.475666	-0.412738	
-0.980144	-0.980144	-0.96874	-0.954053	-0.945282	-0.953984	-0.981679	-1.02766	-1.08987	-1.16189	-1.23475	-1.27718	-1.26677	-1.18398	-1.03901	-0.842067	-0.604278	-0.336295	-0.0619459	0.1886	0.38736	0.522903	0.588568	0.592236	0.556181	0.502738	0.444408	0.385752	0.343934	0.341245	0.377592	0.437172	0.517259	0.622151	0.748556	0.863168	0.949539	0.995778	0.985002	0.907747	0.758739	0.547235	0.302714	0.0482718	-0.181032	-0.371134	-0.500172	-0.551085	-0.531807	-0.466886	
-0.91574	-0.91574	-0.909743	-0.904101	-0.902	-0.91356	-0.935685	-0.970739	-1.01693	-1.07446	-1.13312	-1.16376	-1.13775	-1.03901	-0.879279	-0.676416	-0.440915	-0.183344	0.080839	0.319277	0.50961	0.637111	0.695074	0.69206	0.647949	0.585671	0.519954	0.448683	0.393351	0.376765	0.399066	0.44492	0.510542	0.597936	0.710326	0.811985	0.886299	0.920656	0.903919	0.82321	0.676813	0.473931	0.243322	0.00618345	-0.207892	-0.38455	-0.506375	-0.553231	-0.534124	-0.466925	
-0.740164	-0.740164	-0.742181	-0.747076	-0.757025	-0.773511	-0.796398	-0.824389	-0.861721	-0.908959	-0.960265	-0.983462	-0.950101	-0.842067	-0.676416	-0.474141	-0.249816	-0.00786301	0.236706	0.459404	0.636224	0.751522	0.801924	0.788847	0.734657	0.663903	0.583135	0.499079	0.425296	0.388103	0.393069	0.423834	0.47041	0.545912	0.643487	0.736402	0.802546	0.83425	0.816299	0.744193	0.611903	0.431644	0.223068	0.0118019	-0.17693	-0.336701	-0.449143	-0.49349	-0.473292	-0.413295	
-0.470152	-0.470152	-0.48095	-0.498574	-0.52188	-0.54613	-0.571956	-0.59789	-0.62968	-0.673807	-0.720641	-0.74544	-0.710274	-0.604278	-0.440915	-0.249816	-0.0432335	0.172528	0.393102	0.592171	0.751621	0.853899	0.892731	0.871369	0.809169	0.727113	0.638731	0.541891	0.453276	0.400713	0.389546	0.404168	0.439446	0.498687	0.583567	0.668614	0.730318	0.758871	0.748655	0.690166	0.579774	0.42895	0.254753	0.0785909	-0.0849317	-0.221769	-0.320632	-0.363605	-0.357303	-0.310997	
-0.145812	-0.145812	-0.165633	-0.197203	-0.233882	-0.267004	-0.296612	-0.32177	-0.351356	-0.39268	-0.43939	-0.466312	-0.435749	-0.336295	-0.183344	-0.00786301	0.172528	0.360057	0.547665	0.720888	0.859009	0.943907	0.972174	0.941421	0.870427	0.784397	0.687641	0.587282	0.492713	0.430662	0.410796	0.41915	0.44346	0.494659	0.568409	0.646979	0.704229	0.735292	0.730931	0.685646	0.598541	0.47975	0.339472	0.199701	0.073003	-0.0396643	-0.130868	-0.182039	-0.18932	-0.167068	
0.187815	0.187815	0.158145	0.112886	0.0613604	0.019869	-0.0147787	-0.0397489	-0.0674752	-0.106575	-0.150992	-0.179928	-0.152388	-0.0619459	0.080839	0.236706	0.393102	0.547665	0.70322	0.847824	0.962445	1.03209	1.04822	1.01009	0.935205	0.843814	0.745354	0.644347	0.547201	0.483466	0.460795	0.467624	0.494645	0.545075	0.615908	0.693847	0.750439	0.781666	0.781097	0.747409	0.680598	0.589373	0.481836	0.377673	0.27286	0.176936	0.0943442	0.0368512	0.00351647	-0.00533545	
0.481767	0.481767	0.443131	0.384465	0.320295	0.271128	0.233632	0.209448	0.185098	0.149499	0.109605	0.0808843	0.106011	0.1886	0.319277	0.459404	0.592171	0.720888	0.847824	0.969387	1.06647	1.12409	1.13207	1.08921	1.00961	0.915307	0.814446	0.714194	0.620611	0.558665	0.53914	0.550412	0.584449	0.639305	0.712968	0.794198	0.856909	0.894792	0.904473	0.880897	0.829567	0.756832	0.670574	0.584838	0.497819	0.412715	0.324542	0.244753	0.183509	0.143539	
0.70582	0.70582	0.659062	0.586467	0.511154	0.453472	0.413794	0.390627	0.369343	0.340613	0.306414	0.283826	0.309309	0.38736	0.50961	0.636224	0.751621	0.859009	0.962445	1.06647	1.15006	1.20183	1.20763	1.16613	1.08891	0.997125	0.897359	0.800881	0.710284	0.651025	0.631444	0.647224	0.689013	0.753118	0.83537	0.926068	0.997763	1.04742	1.06546	1.05104	1.0147	0.956212	0.883924	0.808693	0.720515	0.622233	0.516308	0.410902	0.316554	0.243223	
0.831452	0.831452	0.777075	0.694945	0.609311	0.548438	0.508188	0.489993	0.475288	0.456097	0.432753	0.419031	0.448184	0.522903	0.637111	0.751522	0.853899	0.943907	1.03209	1.12409	1.20183	1.25493	1.26434	1.22885	1.15912	1.07047	0.975217	0.8831	0.798848	0.744649	0.729688	0.748457	0.799286	0.871132	0.959422	1.05604	1.13873	1.19975	1.22992	1.22926	1.20364	1.15269	1.08585	1.00857	0.908209	0.793645	0.661477	0.519642	0.385898	0.277863	
0.862879	0.862879	0.80355	0.711011	0.620007	0.553542	0.516641	0.502055	0.496407	0.488454	0.478296	0.477956	0.513037	0.588568	0.695074	0.801924	0.892731	0.972174	1.04822	1.13207	1.20763	1.26434	1.28034	1.25651	1.1957	1.11774	1.02982	0.944734	0.870122	0.823005	0.810516	0.833901	0.891439	0.970591	1.06779	1.17035	1.26065	1.33016	1.36811	1.36932	1.34859	1.29919	1.2335	1.14771	1.03466	0.895812	0.733472	0.558433	0.391933	0.256431	
0.807609	0.807609	0.744036	0.646168	0.549697	0.483421	0.448529	0.442908	0.445869	0.453576	0.457644	0.473581	0.516419	0.592236	0.69206	0.788847	0.871369	0.941421	1.01009	1.08921	1.16613	1.22885	1.25651	1.24291	1.19661	1.12765	1.04815	0.971373	0.906106	0.86842	0.863529	0.892166	0.958052	1.04798	1.15153	1.25811	1.35153	1.42507	1.46068	1.46081	1.43341	1.3749	1.29746	1.19965	1.07012	0.9115	0.731776	0.5377	0.349274	0.187378	
0.683022	0.683022	0.617874	0.517158	0.420199	0.354579	0.32714	0.329485	0.347255	0.36997	0.393	0.426162	0.478643	0.556181	0.647949	0.734657	0.809169	0.870427	0.935205	1.00961	1.08891	1.15912	1.1957	1.19661	1.16163	1.1049	1.03489	0.965674	0.911919	0.885624	0.888516	0.925331	0.999223	1.09932	1.21217	1.32108	1.41601	1.48623	1.51403	1.50051	1.45299	1.37392	1.27879	1.16298	1.01876	0.851867	0.663045	0.462056	0.263684	0.0949981	
0.518806	0.518806	0.454078	0.354384	0.258865	0.197834	0.1772	0.191733	0.223857	0.264817	0.307702	0.358982	0.423132	0.502738	0.585671	0.663903	0.727113	0.784397	0.843814	0.915307	0.997125	1.07047	1.11774	1.12765	1.1049	1.05896	0.997668	0.937119	0.894356	0.880128	0.895186	0.939882	1.02357	1.13525	1.25555	1.3672	1.45755	1.51737	1.52985	1.4926	1.41704	1.31189	1.19202	1.0579	0.9084	0.735788	0.549615	0.356558	0.165064	-0.00831151	
0.354768	0.354768	0.29198	0.195533	0.102954	0.046102	0.0321802	0.057212	0.103291	0.161589	0.222288	0.290819	0.365306	0.444408	0.519954	0.583135	0.638731	0.687641	0.745354	0.814446	0.897359	0.975217	1.02982	1.04815	1.03489	0.997668	0.943189	0.889202	0.855234	0.854361	0.88112	0.938989	1.03077	1.15443	1.28213	1.39231	1.47199	1.51675	1.50247	1.43776	1.32871	1.1945	1.05083	0.908653	0.755852	0.592732	0.421141	0.244345	0.061171	-0.105481	
0.21509	0.21509	0.155626	0.0649416	-0.0240023	-0.0766929	-0.085753	-0.0535586	0.00493504	0.0740081	0.150522	0.228384	0.30999	0.385752	0.448683	0.499079	0.541891	0.587282	0.644347	0.714194	0.800881	0.8831	0.944734	0.971373	0.965674	0.937119	0.889202	0.841196	0.815311	0.825256	0.866005	0.932409	1.03243	1.16355	1.29326	1.399	1.46469	1.48225	1.44143	1.34308	1.19837	1.03851	0.878429	0.730628	0.589109	0.444094	0.29027	0.132903	-0.0334862	-0.189778	
0.101937	0.101937	0.0476434	-0.0348918	-0.118043	-0.165319	-0.170287	-0.130101	-0.0619304	0.0184391	0.105965	0.190738	0.275746	0.343934	0.393351	0.425296	0.453276	0.492713	0.547201	0.620611	0.710284	0.798848	0.870122	0.906106	0.911919	0.894356	0.855234	0.815311	0.796195	0.816357	0.867611	0.941929	1.04431	1.17447	1.30002	1.39352	1.43453	1.42356	1.3501	1.21726	1.04636	0.867348	0.69654	0.555851	0.429796	0.302988	0.172742	0.0386399	-0.108132	-0.247906	
0.00652648	0.00652648	-0.0394592	-0.110962	-0.182195	-0.221168	-0.217437	-0.166598	-0.0865039	0.00722755	0.104517	0.195575	0.281544	0.341245	0.376765	0.388103	0.400713	0.430662	0.483466	0.558665	0.651025	0.744649	0.823005	0.86842	0.885624	0.880128	0.854361	0.825256	0.816357	0.847616	0.909636	0.989606	1.08885	1.20934	1.3187	1.38959	1.39963	1.35264	1.24595	1.08729	0.896839	0.708463	0.539676	0.410723	0.301665	0.200918	0.0954148	-0.0173572	-0.142334	-0.261916	
-0.0510328	-0.0510328	-0.0886928	-0.145439	-0.204751	-0.232669	-0.219894	-0.159487	-0.0658215	0.0378749	0.145283	0.239491	0.324795	0.377592	0.399066	0.393069	0.389546	0.410796	0.460795	0.53914	0.631444	0.729688	0.810516	0.863529	0.888516	0.895186	0.88112	0.866005	0.867611	0.909636	0.982971	1.06597	1.15887	1.26174	1.34679	1.38785	1.3631	1.27821	1.14202	0.959289	0.759125	0.569505	0.410025	0.298396	0.214253	0.140609	0.0621091	-0.0226136	-0.118269	-0.211259	
-0.0559783	-0.0559783	-0.0835208	-0.127635	-0.172157	-0.190941	-0.170798	-0.101573	-0.00141292	0.11144	0.220485	0.314115	0.393591	0.437172	0.44492	0.423834	0.404168	0.41915	0.467624	0.550412	0.647224	0.748457	0.833901	0.892166	0.925331	0.939882	0.938989	0.932409	0.941929	0.989606	1.06597	1.14719	1.23112	1.30965	1.36875	1.38059	1.32175	1.20544	1.04449	0.844514	0.641701	0.453743	0.306128	0.210742	0.151236	0.10906	0.070909	0.0217409	-0.0376315	-0.105863	
-0.0214231	-0.0214231	-0.0389001	-0.0678504	-0.0959722	-0.103263	-0.0731666	0.00309034	0.109526	0.227283	0.332337	0.420854	0.486511	0.517259	0.510542	0.47041	0.439446	0.44346	0.494645	0.584449	0.689013	0.799286	0.891439	0.958052	0.999223	1.02357	1.03077	1.03243	1.04431	1.08885	1.15887	1.23112	1.29278	1.34436	1.37238	1.35447	1.27272	1.13959	0.962295	0.75964	0.557161	0.370911	0.231239	0.150744	0.112661	0.106639	0.108629	0.101971	0.0808185	0.0398268	
0.0410421	0.0410421	0.0333317	0.0211627	0.0102347	0.0182899	0.0595224	0.143793	0.256795	0.375328	0.47678	0.554167	0.604557	0.622151	0.597936	0.545912	0.498687	0.494659	0.545075	0.639305	0.753118	0.871132	0.970591	1.04798	1.09932	1.13525	1.15443	1.16355	1.17447	1.20934	1.26174	1.30965	1.34436	1.36074	1.3548	1.31418	1.2181	1.07548	0.898147	0.698842	0.501004	0.322514	0.194653	0.124598	0.109938	0.136369	0.178224	0.208978	0.219254	0.197447	
0.118585	0.118585	0.120774	0.126192	0.135137	0.162719	0.218492	0.314705	0.433646	0.554528	0.649506	0.714451	0.748036	0.748556	0.710326	0.643487	0.583567	0.568409	0.615908	0.712968	0.83537	0.959422	1.06779	1.15153	1.21217	1.25555	1.28213	1.29326	1.30002	1.3187	1.34679	1.36875	1.37238	1.3548	1.32041	1.25745	1.15177	1.0117	0.835601	0.644524	0.458232	0.293416	0.180262	0.133589	0.146279	0.20404	0.277449	0.33843	0.369249	0.358437	
0.213923	0.213923	0.225498	0.245346	0.275427	0.32021	0.392294	0.496225	0.618376	0.735183	0.818777	0.866722	0.879779	0.863168	0.811985	0.736402	0.668614	0.646979	0.693847	0.794198	0.926068	1.05604	1.17035	1.25811	1.32108	1.3672	1.39231	1.399	1.39352	1.38959	1.38785	1.38059	1.35447	1.31418	1.25745	1.18244	1.07694	0.939764	0.767968	0.586977	0.407969	0.259216	0.168707	0.147577	0.190012	0.280194	0.383038	0.467033	0.506412	0.499468	
0.301446	0.301446	0.318696	0.356019	0.401814	0.469954	0.555903	0.669091	0.792627	0.899784	0.971069	0.995465	0.987409	0.949539	0.886299	0.802546	0.730318	0.704229	0.750439	0.856909	0.997763	1.13873	1.26065	1.35153	1.41601	1.45755	1.47199	1.46469	1.43453	1.39963	1.3631	1.32175	1.27272	1.2181	1.15177	1.07694	0.978315	0.850319	0.68779	0.513112	0.341829	0.211932	0.140555	0.147674	0.218372	0.331964	0.453508	0.557043	0.609463	0.61331	
0.339977	0.339977	0.365163	0.415153	0.483894	0.573764	0.680832	0.804612	0.929855	1.02764	1.0842	1.08456	1.05484	0.995778	0.920656	0.83425	0.758871	0.735292	0.781666	0.894792	1.04742	1.19975	1.33016	1.42507	1.48623	1.51737	1.51675	1.48225	1.42356	1.35264	1.27821	1.20544	1.13959	1.07548	1.0117	0.939764	0.850319	0.732834	0.586491	0.422685	0.270886	0.160218	0.10859	0.13056	0.21251	0.333952	0.469622	0.590997	0.659479	0.675136	
0.309362	0.309362	0.340794	0.403666	0.49421	0.608492	0.738241	0.875538	1.00155	1.09266	1.13121	1.11301	1.06133	0.985002	0.903919	0.816299	0.748655	0.730931	0.781097	0.904473	1.06546	1.22992	1.36811	1.46068	1.51403	1.52985	1.50247	1.44143	1.3501	1.24595	1.14202	1.04449	0.962295	0.898147	0.835601	0.767968	0.68779	0.586491	0.458812	0.31534	0.185014	0.0914995	0.0517879	0.0834866	0.169022	0.289157	0.427126	0.556323	0.637855	0.666391	
0.192663	0.192663	0.228908	0.304774	0.415406	0.556298	0.709647	0.862101	0.991243	1.07435	1.09889	1.06348	0.994526	0.907747	0.82321	0.744193	0.690166	0.685646	0.747409	0.880897	1.05104	1.22926	1.36932	1.46081	1.50051	1.4926	1.43776	1.34308	1.21726	1.08729	0.959289	0.844514	0.75964	0.698842	0.644524	0.586977	0.513112	0.422685	0.31534	0.191479	0.081675	0.00301766	-0.025475	0.00483882	0.0821482	0.194916	0.331635	0.461308	0.55364	0.592547	
-0.0179875	-0.0179875	0.02327	0.111283	0.242991	0.411062	0.589871	0.760297	0.893133	0.971493	0.982319	0.933893	0.851646	0.758739	0.676813	0.611903	0.579774	0.598541	0.680598	0.829567	1.0147	1.20364	1.34859	1.43341	1.45299	1.41704	1.32871	1.19837	1.04636	0.896839	0.759125	0.641701	0.557161	0.501004	0.458232	0.407969	0.341829	0.270886	0.185014	0.081675	-0.0131296	-0.0903662	-0.128103	-0.109648	-0.0411172	0.0659495	0.19513	0.322695	0.422258	0.464005	
-0.299219	-0.299219	-0.25281	-0.155945	-0.00342788	0.186833	0.391033	0.576261	0.713442	0.786853	0.785687	0.728652	0.637954	0.547235	0.473931	0.431644	0.42895	0.47975	0.589373	0.756832	0.956212	1.15269	1.29919	1.3749	1.37392	1.31189	1.1945	1.03851	0.867348	0.708463	0.569505	0.453743	0.370911	0.322514	0.293416	0.259216	0.211932	0.160218	0.0914995	0.00301766	-0.0903662	-0.180753	-0.230787	-0.22942	-0.177937	-0.0852142	0.0326937	0.152519	0.252254	0.307204	
-0.627261	-0.627261	-0.577759	-0.468011	-0.300616	-0.0843473	0.139954	0.3433	0.484673	0.555966	0.546129	0.482997	0.389286	0.302714	0.243322	0.223068	0.254753	0.339472	0.481836	0.670574	0.883924	1.08585	1.2335	1.29746	1.27879	1.19202	1.05083	0.878429	0.69654	0.539676	0.410025	0.306128	0.231239	0.194653	0.180262	0.168707	0.140555	0.10859	0.0517879	-0.025475	-0.128103	-0.230787	-0.302985	-0.326771	-0.298773	-0.224504	-0.128119	-0.0202997	0.0881958	0.163895	
-0.949684	-0.949684	-0.896149	-0.777098	-0.595262	-0.36141	-0.118961	0.094005	0.241375	0.304717	0.291696	0.219283	0.128882	0.0482718	0.00618345	0.0118019	0.0785909	0.199701	0.377673	0.584838	0.808693	1.00857	1.14771	1.19965	1.16298	1.0579	0.908653	0.730628	0.555851	0.410723	0.298396	0.210742	0.150744	0.124598	0.133589	0.147577	0.147674	0.13056	0.0834866	0.00483882	-0.109648	-0.22942	-0.326771	-0.378079	-0.378824	-0.330194	-0.256716	-0.151485	-0.0405996	0.0522243	
-1.21373	-1.21373	-1.15573	-1.03177	-0.838113	-0.596389	-0.342592	-0.127104	0.0209938	0.0770601	0.0581988	-0.0202786	-0.108262	-0.181032	-0.207892	-0.17693	-0.0849317	0.073003	0.27286	0.497819	0.720515	0.908209	1.03466	1.07012	1.01876	0.9084	0.755852	0.589109	0.429796	0.301665	0.214253	0.151236	0.112661	0.109938	0.146279	0.190012	0.218372	0.21251	0.169022	0.0821482	-0.0411172	-0.177937	-0.298773	-0.378824	-0.405255	-0.384735	-0.325291	-0.224809	-0.112059	-0.0020369	
-1.38327	-1.38327	-1.32218	-1.19413	-0.996033	-0.752084	-0.499753	-0.287419	-0.148596	-0.100086	-0.130701	-0.214296	-0.304243	-0.371134	-0.38455	-0.336701	-0.221769	-0.0396643	0.176936	0.412715	0.622233	0.793645	0.895812	0.9115	0.851867	0.735788	0.592732	0.444094	0.302988	0.200918	0.140609	0.10906	0.106639	0.136369	0.20404	0.280194	0.331964	0.333952	0.289157	0.194916	0.0659495	-0.0852142	-0.224504	-0.330194	-0.384735	-0.386528	-0.330235	-0.231931	-0.115739	0.000816822	
-1.4493	-1.4493	-1.38599	-1.25534	-1.05821	-0.818945	-0.577493	-0.375736	-0.251859	-0.211783	-0.255765	-0.342705	-0.438301	-0.500172	-0.506375	-0.449143	-0.320632	-0.130868	0.0943442	0.324542	0.516308	0.661477	0.733472	0.731776	0.663045	0.549615	0.421141	0.29027	0.172742	0.0954148	0.0621091	0.070909	0.108629	0.178224	0.277449	0.383038	0.453508	0.469622	0.427126	0.331635	0.19513	0.0326937	-0.128119	-0.256716	-0.325291	-0.330235	-0.273666	-0.179299	-0.0643212	0.0429701	
-1.42351	-1.42351	-1.35887	-1.22618	-1.03421	-0.804756	-0.579836	-0.395704	-0.285383	-0.256358	-0.304977	-0.395797	-0.491762	-0.551085	-0.553231	-0.49349	-0.363605	-0.182039	0.0368512	0.244753	0.410902	0.519642	0.558433	0.5377	0.462056	0.356558	0.244345	0.132903	0.0386399	-0.0173572	-0.0226136	0.0217409	0.101971	0.208978	0.33843	0.467033	0.557043	0.590997	0.556323	0.461308	0.322695	0.152519	-0.0202997	-0.151485	-0.224809	-0.231931	-0.179299	-0.0854943	0.0230541	0.125705	
-1.31479	-1.31479	-1.24932	-1.11806	-0.934347	-0.721712	-0.519003	-0.358569	-0.263504	-0.244699	-0.292509	-0.383414	-0.475666	-0.531807	-0.534124	-0.473292	-0.357303	-0.18932	0.00351647	0.183509	0.316554	0.385898	0.391933	0.349274	0.263684	0.165064	0.061171	-0.0334862	-0.108132	-0.142334	-0.118269	-0.0376315	0.0808185	0.219254	0.369249	0.506412	0.609463	0.659479	0.637855	0.55364	0.422258	0.252254	0.0881958	-0.0405996	-0.112059	-0.115739	-0.0643212	0.0230541	0.131371	0.234691	
-1.13952	-1.13952	-1.07414	-0.948649	-0.776586	-0.587075	-0.413268	-0.280344	-0.206734	-0.194456	-0.241984	-0.32651	-0.412738	-0.466886	-0.466925	-0.413295	-0.310997	-0.167068	-0.00533545	0.143539	0.243223	0.277863	0.256431	0.187378	0.0949981	-0.00831151	-0.105481	-0.189778	-0.247906	-0.261916	-0.211259	-0.105863	0.0398268	0.197447	0.358437	0.499468	0.61331	0.675136	0.666391	0.592547	0.464005	0.307204	0.163895	0.0522243	-0.0020369	0.000816822	0.0429701	0.125705	0.234691	0.334179	
