-0.0662281	0.00811433	0.0873764	0.187164	0.321988	0.470439	0.604028	0.716435	0.783615	0.786622	0.7333	0.644249	0.547122	0.450581	0.356902	0.282624	0.230501	0.199798	0.18809	0.185355	0.202275	0.228275	0.246848	0.258506	0.264	0.276706	0.302723	0.336498	0.373484	0.390383	0.381972	0.355129	0.316779	0.284741	0.262808	0.248658	0.255902	0.280738	0.296745	0.294592	0.247464	0.159494	0.0534464	-0.0649875	-0.181959	-0.302665	-0.414275	-0.498824	-0.547436	-0.547436	
0.00811433	0.0783712	0.155602	0.24432	0.35055	0.461315	0.558086	0.644737	0.697428	0.698311	0.656511	0.584375	0.506567	0.433028	0.362018	0.311931	0.280016	0.268771	0.269979	0.27775	0.301364	0.322711	0.331356	0.328012	0.311566	0.296399	0.298083	0.308529	0.327834	0.331253	0.30868	0.273294	0.230721	0.200478	0.188545	0.192392	0.223359	0.274379	0.325464	0.358651	0.342069	0.283871	0.195399	0.0902826	-0.0207046	-0.137098	-0.238203	-0.323513	-0.370429	-0.370429	
0.0873764	0.155602	0.227045	0.299617	0.371731	0.446596	0.510992	0.573242	0.603584	0.596752	0.562571	0.510741	0.453924	0.406574	0.36302	0.338927	0.337418	0.345814	0.358294	0.373165	0.396818	0.410378	0.411659	0.39576	0.358067	0.317837	0.289636	0.274665	0.2762	0.271549	0.24546	0.205223	0.163319	0.133716	0.126227	0.140986	0.184613	0.259247	0.34056	0.403938	0.422517	0.401943	0.34649	0.267937	0.179108	0.0772214	-0.019591	-0.101352	-0.141776	-0.141776	
0.187164	0.24432	0.299617	0.349742	0.39341	0.435231	0.471095	0.499378	0.502768	0.486647	0.460623	0.429511	0.3977	0.371582	0.355224	0.361804	0.3885	0.420895	0.446256	0.463106	0.482728	0.484199	0.469805	0.442208	0.387365	0.326997	0.277718	0.240618	0.223411	0.210044	0.178741	0.137594	0.103852	0.0793731	0.0774939	0.100753	0.155889	0.247574	0.35239	0.448873	0.507494	0.526743	0.508919	0.464728	0.399678	0.314712	0.23525	0.167079	0.132112	0.132112	
0.321988	0.35055	0.371731	0.39341	0.405057	0.419591	0.426989	0.421293	0.400118	0.368497	0.345335	0.329738	0.320878	0.319979	0.332547	0.368207	0.424463	0.477535	0.513194	0.535724	0.545278	0.533409	0.503413	0.459603	0.391489	0.318353	0.252538	0.197403	0.166875	0.141384	0.110471	0.073411	0.0439378	0.0280421	0.0296824	0.0686558	0.140583	0.249314	0.38272	0.503898	0.59757	0.657944	0.679614	0.672445	0.636197	0.5783	0.523304	0.477476	0.452414	0.452414	
0.470439	0.461315	0.446596	0.435231	0.419591	0.40079	0.379561	0.343684	0.297072	0.243946	0.209545	0.203162	0.209105	0.233702	0.276235	0.342635	0.42757	0.503265	0.551899	0.579132	0.580828	0.550338	0.501898	0.436302	0.355473	0.274218	0.196353	0.132597	0.0927242	0.0640562	0.0390524	0.0137808	-0.00301983	-0.00631172	0.0076809	0.0574049	0.14128	0.267547	0.421744	0.565049	0.690252	0.787708	0.851622	0.882406	0.884525	0.86552	0.839068	0.825519	0.818396	0.818396	
0.604028	0.558086	0.510992	0.471095	0.426989	0.379561	0.334418	0.269808	0.194234	0.110758	0.0527975	0.0383493	0.0547034	0.0984792	0.173498	0.275308	0.38929	0.490512	0.559808	0.593055	0.58575	0.538081	0.460017	0.369378	0.27279	0.179202	0.0949108	0.0285113	-0.0139122	-0.0327764	-0.0359755	-0.032891	-0.0196014	-0.00265599	0.0210731	0.0770963	0.172435	0.307221	0.472374	0.636941	0.79197	0.926345	1.0288	1.10149	1.1407	1.15512	1.16232	1.17302	1.17943	1.17943	
0.716435	0.644737	0.573242	0.499378	0.421293	0.343684	0.269808	0.186289	0.0861192	-0.0214338	-0.104998	-0.141464	-0.131373	-0.0771339	0.0197683	0.152442	0.29507	0.426009	0.522522	0.564482	0.550769	0.483601	0.374588	0.255598	0.140923	0.0397035	-0.0415319	-0.0986647	-0.125428	-0.123508	-0.0947064	-0.0541097	-0.0107933	0.0305081	0.0729784	0.140824	0.244559	0.38462	0.552865	0.725696	0.894319	1.05736	1.20141	1.30931	1.37818	1.41851	1.45042	1.4846	1.50333	1.50333	
0.783615	0.697428	0.603584	0.502768	0.400118	0.297072	0.194234	0.0861192	-0.0327299	-0.161979	-0.269952	-0.324992	-0.325505	-0.267154	-0.155089	-0.00420094	0.16098	0.318729	0.434043	0.486896	0.472355	0.393108	0.265367	0.12208	-0.00566092	-0.111394	-0.18477	-0.223052	-0.227587	-0.196161	-0.129552	-0.0484049	0.0312927	0.102082	0.162882	0.237557	0.344173	0.485265	0.647277	0.818804	0.996135	1.17233	1.33432	1.46505	1.56099	1.62888	1.68282	1.73181	1.7641	1.7641	
0.786622	0.698311	0.596752	0.486647	0.368497	0.243946	0.110758	-0.0214338	-0.161979	-0.30495	-0.427923	-0.500126	-0.506148	-0.44889	-0.327745	-0.158248	0.0268718	0.200695	0.33493	0.396941	0.38978	0.308617	0.16444	0.00374277	-0.138413	-0.247731	-0.30873	-0.324583	-0.3055	-0.241703	-0.141151	-0.022289	0.0955927	0.190941	0.267666	0.348322	0.455796	0.585781	0.730321	0.888904	1.05372	1.23195	1.40493	1.55281	1.66668	1.75479	1.83861	1.90694	1.95342	1.95342	
0.7333	0.656511	0.562571	0.460623	0.345335	0.209545	0.0527975	-0.104998	-0.269952	-0.427923	-0.561651	-0.646178	-0.658808	-0.598253	-0.460914	-0.269007	-0.0655951	0.125915	0.27586	0.352062	0.351301	0.265044	0.105588	-0.0734467	-0.233117	-0.350934	-0.40602	-0.409306	-0.366178	-0.272949	-0.136305	0.0193889	0.166419	0.281005	0.368103	0.450039	0.544435	0.65817	0.777393	0.906751	1.04836	1.21142	1.386	1.54766	1.68462	1.79787	1.90424	1.99207	2.04891	2.04891	
0.644249	0.584375	0.510741	0.429511	0.329738	0.203162	0.0383493	-0.141464	-0.324992	-0.500126	-0.646178	-0.739268	-0.756588	-0.680724	-0.518239	-0.304541	-0.0741641	0.140704	0.306881	0.39527	0.389852	0.289752	0.116169	-0.0878791	-0.274321	-0.411358	-0.480043	-0.479248	-0.41653	-0.297274	-0.127804	0.0553493	0.22276	0.351713	0.439598	0.515124	0.595186	0.6828	0.767757	0.860502	0.973765	1.11785	1.28398	1.44919	1.60034	1.73557	1.86113	1.96169	2.02486	2.02486	
0.547122	0.506567	0.453924	0.3977	0.320878	0.209105	0.0547034	-0.131373	-0.325505	-0.506148	-0.658808	-0.756588	-0.764105	-0.672173	-0.492543	-0.252196	0.011051	0.256429	0.442269	0.533417	0.520642	0.405902	0.210299	-0.0223249	-0.244348	-0.412867	-0.499686	-0.50492	-0.436077	-0.300546	-0.121345	0.072948	0.249436	0.377069	0.460847	0.523812	0.580433	0.635156	0.689202	0.747988	0.829503	0.951399	1.09965	1.25969	1.41448	1.55773	1.69472	1.80705	1.87678	1.87678	
0.450581	0.433028	0.406574	0.371582	0.319979	0.233702	0.0984792	-0.0771339	-0.267154	-0.44889	-0.598253	-0.680724	-0.672173	-0.563541	-0.366626	-0.0996234	0.197682	0.467337	0.664216	0.76263	0.74554	0.617144	0.398198	0.132558	-0.128846	-0.331976	-0.45169	-0.479244	-0.418093	-0.288997	-0.107426	0.0845652	0.252508	0.368955	0.433785	0.472228	0.497573	0.518795	0.536831	0.558061	0.603348	0.691141	0.818914	0.971338	1.12943	1.28199	1.42714	1.54775	1.61399	1.61399	
0.356902	0.362018	0.36302	0.355224	0.332547	0.276235	0.173498	0.0197683	-0.155089	-0.327745	-0.460914	-0.518239	-0.492543	-0.366626	-0.14815	0.146146	0.469547	0.761109	0.976378	1.09101	1.07106	0.92095	0.673338	0.369393	0.0658323	-0.182085	-0.347781	-0.411236	-0.371713	-0.254863	-0.0834391	0.095284	0.242467	0.334331	0.370085	0.375141	0.365914	0.346488	0.322359	0.301686	0.310395	0.367827	0.469048	0.6041	0.761295	0.921531	1.06606	1.18523	1.25055	1.25055	
0.282624	0.311931	0.338927	0.361804	0.368207	0.342635	0.275308	0.152442	-0.00420094	-0.158248	-0.269007	-0.304541	-0.252196	-0.0996234	0.146146	0.462194	0.801372	1.11085	1.34921	1.47219	1.4455	1.28056	1.00844	0.672316	0.324582	0.0208104	-0.200367	-0.308999	-0.302484	-0.203963	-0.0525525	0.104362	0.227233	0.291087	0.299314	0.269217	0.217024	0.148518	0.0817222	0.0197289	-0.0134824	0.00709889	0.0766046	0.193646	0.336067	0.485797	0.630006	0.748249	0.811572	0.811572	
0.230501	0.280016	0.337418	0.3885	0.424463	0.42757	0.38929	0.29507	0.16098	0.0268718	-0.0655951	-0.0741641	0.011051	0.197682	0.469547	0.801372	1.15372	1.4808	1.72705	1.84744	1.81727	1.64579	1.35735	0.993034	0.607441	0.255659	-0.0173417	-0.173619	-0.208379	-0.145207	-0.0202349	0.112963	0.215628	0.261006	0.243968	0.17735	0.0799128	-0.034479	-0.150615	-0.253013	-0.323839	-0.346218	-0.313192	-0.229857	-0.108019	0.0317579	0.163707	0.271669	0.327305	0.327305	
0.199798	0.268771	0.345814	0.420895	0.477535	0.503265	0.490512	0.426009	0.318729	0.200695	0.125915	0.140704	0.256429	0.467337	0.761109	1.11085	1.4808	1.81431	2.05564	2.17396	2.14276	1.96493	1.65927	1.27324	0.867056	0.484827	0.174238	-0.0218906	-0.0985431	-0.0711598	0.0244269	0.132378	0.212959	0.239002	0.198919	0.104081	-0.0259739	-0.177484	-0.334088	-0.478523	-0.589343	-0.651359	-0.656779	-0.60532	-0.508877	-0.38776	-0.274122	-0.187209	-0.139657	-0.139657	
0.18809	0.269979	0.358294	0.446256	0.513194	0.551899	0.559808	0.522522	0.434043	0.33493	0.27586	0.306881	0.442269	0.664216	0.976378	1.34921	1.72705	2.05564	2.29582	2.41045	2.37604	2.18714	1.86894	1.47782	1.0658	0.666259	0.335809	0.114677	0.00652545	0.0101509	0.0750461	0.153855	0.210636	0.216105	0.163412	0.0553846	-0.0955655	-0.274594	-0.455928	-0.623992	-0.763919	-0.85904	-0.895936	-0.873432	-0.810259	-0.72031	-0.62778	-0.557263	-0.517651	-0.517651	
0.185355	0.27775	0.373165	0.463106	0.535724	0.579132	0.593055	0.564482	0.486896	0.396941	0.352062	0.39527	0.533417	0.76263	1.09101	1.47219	1.84744	2.17396	2.41045	2.52097	2.47489	2.2807	1.96612	1.57652	1.16415	0.762148	0.425898	0.196688	0.0767697	0.0584983	0.103102	0.162781	0.20757	0.210075	0.154303	0.0396422	-0.122373	-0.308368	-0.502059	-0.676957	-0.818306	-0.926623	-0.987144	-0.999969	-0.968713	-0.903992	-0.838731	-0.791932	-0.76542	-0.76542	
0.202275	0.301364	0.396818	0.482728	0.545278	0.580828	0.58575	0.550769	0.472355	0.38978	0.351301	0.389852	0.520642	0.74554	1.07106	1.4455	1.81727	2.14276	2.37604	2.47489	2.42376	2.23509	1.92586	1.54021	1.13488	0.746609	0.424872	0.205785	0.0875812	0.0647939	0.102617	0.160691	0.208318	0.218615	0.173137	0.0675025	-0.0848259	-0.263492	-0.44632	-0.612801	-0.752413	-0.862156	-0.93099	-0.958233	-0.952132	-0.920795	-0.88685	-0.864334	-0.850254	-0.850254	
0.228275	0.322711	0.410378	0.484199	0.533409	0.550338	0.538081	0.483601	0.393108	0.308617	0.265044	0.289752	0.405902	0.617144	0.92095	1.28056	1.64579	1.96493	2.18714	2.2807	2.23509	2.05341	1.75384	1.38308	0.999373	0.636646	0.339666	0.139065	0.0352105	0.0253407	0.0721645	0.144807	0.208811	0.236868	0.218291	0.143277	0.020669	-0.132256	-0.291311	-0.437449	-0.559894	-0.659068	-0.728492	-0.767286	-0.784257	-0.78175	-0.775604	-0.774936	-0.776222	-0.776222	
0.246848	0.331356	0.411659	0.469805	0.503413	0.501898	0.460017	0.374588	0.265367	0.16444	0.105588	0.116169	0.210299	0.398198	0.673338	1.00844	1.35735	1.65927	1.86894	1.96612	1.92586	1.75384	1.47913	1.14293	0.793037	0.46721	0.201212	0.0283593	-0.0493267	-0.0449362	0.0219271	0.115697	0.206736	0.275203	0.297862	0.264471	0.184603	0.0694636	-0.0600447	-0.177358	-0.272249	-0.352407	-0.416564	-0.467379	-0.502367	-0.520097	-0.535921	-0.547732	-0.55539	-0.55539	
0.258506	0.328012	0.39576	0.442208	0.459603	0.436302	0.369378	0.255598	0.12208	0.00374277	-0.0734467	-0.0878791	-0.0223249	0.132558	0.369393	0.672316	0.993034	1.27324	1.47782	1.57652	1.54021	1.38308	1.14293	0.8488	0.537945	0.260536	0.0440859	-0.0913682	-0.138166	-0.110246	-0.026819	0.0945623	0.22115	0.327327	0.396807	0.414723	0.383166	0.312341	0.228119	0.144698	0.0703394	0.00697134	-0.0487585	-0.100756	-0.145261	-0.18097	-0.214221	-0.235533	-0.251504	-0.251504	
0.264	0.311566	0.358067	0.387365	0.391489	0.355473	0.27279	0.140923	-0.00566092	-0.138413	-0.233117	-0.274321	-0.244348	-0.128846	0.0658323	0.324582	0.607441	0.867056	1.0658	1.16415	1.13488	0.999373	0.793037	0.537945	0.277218	0.0590964	-0.101465	-0.191355	-0.204571	-0.152593	-0.047821	0.0983415	0.249385	0.382467	0.488709	0.55601	0.581751	0.567967	0.533288	0.486171	0.442845	0.401841	0.351416	0.295216	0.234358	0.174605	0.121984	0.0850594	0.0600576	0.0600576	
0.276706	0.296399	0.317837	0.326997	0.318353	0.274218	0.179202	0.0397035	-0.111394	-0.247731	-0.350934	-0.411358	-0.412867	-0.331976	-0.182085	0.0208104	0.255659	0.484827	0.666259	0.762148	0.746609	0.636646	0.46721	0.260536	0.0590964	-0.0966401	-0.203751	-0.251538	-0.231873	-0.160715	-0.0361801	0.124784	0.286896	0.441704	0.576717	0.681362	0.75406	0.794717	0.806456	0.803819	0.79868	0.777757	0.73364	0.663771	0.58184	0.498397	0.421399	0.371015	0.340681	0.340681	
0.302723	0.298083	0.289636	0.277718	0.252538	0.196353	0.0949108	-0.0415319	-0.18477	-0.30873	-0.40602	-0.480043	-0.499686	-0.45169	-0.347781	-0.200367	-0.0173417	0.174238	0.335809	0.425898	0.424872	0.339666	0.201212	0.0440859	-0.101465	-0.203751	-0.256996	-0.264126	-0.220817	-0.131889	-0.001358	0.161792	0.330907	0.494157	0.645883	0.777322	0.886383	0.969312	1.02592	1.06564	1.08684	1.08141	1.04359	0.967157	0.862452	0.753026	0.659457	0.590841	0.554278	0.554278	
0.336498	0.308529	0.274665	0.240618	0.197403	0.132597	0.0285113	-0.0986647	-0.223052	-0.324583	-0.409306	-0.479248	-0.50492	-0.479244	-0.411236	-0.308999	-0.173619	-0.0218906	0.114677	0.196688	0.205785	0.139065	0.0283593	-0.0913682	-0.191355	-0.251538	-0.264126	-0.241324	-0.185552	-0.0900151	0.0384815	0.197733	0.366946	0.528297	0.680994	0.828769	0.966407	1.08195	1.17131	1.24183	1.28559	1.29155	1.25256	1.1659	1.0468	0.921703	0.812826	0.729567	0.691763	0.691763	
0.373484	0.327834	0.2762	0.223411	0.166875	0.0927242	-0.0139122	-0.125428	-0.227587	-0.3055	-0.366178	-0.41653	-0.436077	-0.418093	-0.371713	-0.302484	-0.208379	-0.0985431	0.00652545	0.0767697	0.0875812	0.0352105	-0.0493267	-0.138166	-0.204571	-0.231873	-0.220817	-0.185552	-0.125791	-0.0402617	0.0786176	0.228243	0.382542	0.533131	0.686106	0.837568	0.980842	1.11614	1.22647	1.31467	1.37093	1.38349	1.34281	1.24561	1.12073	0.990431	0.880107	0.800471	0.762697	0.762697	
0.390383	0.331253	0.271549	0.210044	0.141384	0.0640562	-0.0327764	-0.123508	-0.196161	-0.241703	-0.272949	-0.297274	-0.300546	-0.288997	-0.254863	-0.203963	-0.145207	-0.0711598	0.0101509	0.0584983	0.0647939	0.0253407	-0.0449362	-0.110246	-0.152593	-0.160715	-0.131889	-0.0900151	-0.0402617	0.031358	0.128283	0.248434	0.376603	0.508705	0.649974	0.790922	0.931167	1.06697	1.18507	1.2853	1.34981	1.36712	1.32366	1.22761	1.10052	0.965918	0.862691	0.789232	0.754532	0.754532	
0.381972	0.30868	0.24546	0.178741	0.110471	0.0390524	-0.0359755	-0.0947064	-0.129552	-0.141151	-0.136305	-0.127804	-0.121345	-0.107426	-0.0834391	-0.0525525	-0.0202349	0.0244269	0.0750461	0.103102	0.102617	0.0721645	0.0219271	-0.026819	-0.047821	-0.0361801	-0.001358	0.0384815	0.0786176	0.128283	0.191082	0.270598	0.363087	0.467711	0.580479	0.695664	0.821726	0.950667	1.0666	1.17383	1.24705	1.26121	1.21493	1.11685	0.991832	0.868192	0.767908	0.696055	0.66185	0.66185	
0.355129	0.273294	0.205223	0.137594	0.073411	0.0137808	-0.032891	-0.0541097	-0.0484049	-0.022289	0.0193889	0.0553493	0.072948	0.0845652	0.095284	0.104362	0.112963	0.132378	0.153855	0.162781	0.160691	0.144807	0.115697	0.0945623	0.0983415	0.124784	0.161792	0.197733	0.228243	0.248434	0.270598	0.304892	0.353623	0.420309	0.497948	0.586759	0.687911	0.796118	0.908069	1.01287	1.08144	1.09272	1.04496	0.942363	0.813643	0.692591	0.591821	0.523421	0.493215	0.493215	
0.316779	0.230721	0.163319	0.103852	0.0439378	-0.00301983	-0.0196014	-0.0107933	0.0312927	0.0955927	0.166419	0.22276	0.249436	0.252508	0.242467	0.227233	0.215628	0.212959	0.210636	0.20757	0.208318	0.208811	0.206736	0.22115	0.249385	0.286896	0.330907	0.366946	0.382542	0.376603	0.363087	0.353623	0.364611	0.39542	0.442529	0.508899	0.575918	0.648939	0.743026	0.830909	0.885925	0.888498	0.826355	0.712801	0.579884	0.455083	0.353585	0.286977	0.250118	0.250118	
0.284741	0.200478	0.133716	0.0793731	0.0280421	-0.00631172	-0.00265599	0.0305081	0.102082	0.190941	0.281005	0.351713	0.377069	0.368955	0.334331	0.291087	0.261006	0.239002	0.216105	0.210075	0.218615	0.236868	0.275203	0.327327	0.382467	0.441704	0.494157	0.528297	0.533131	0.508705	0.467711	0.420309	0.39542	0.401793	0.426955	0.460387	0.489434	0.532972	0.599004	0.654653	0.685759	0.665672	0.57589	0.449755	0.316448	0.185043	0.0763542	0.00643564	-0.0361327	-0.0361327	
0.262808	0.188545	0.126227	0.0774939	0.0296824	0.0076809	0.0210731	0.0729784	0.162882	0.267666	0.368103	0.439598	0.460847	0.433785	0.370085	0.299314	0.243968	0.198919	0.163412	0.154303	0.173137	0.218291	0.297862	0.396807	0.488709	0.576717	0.645883	0.680994	0.686106	0.649974	0.580479	0.497948	0.442529	0.426955	0.424887	0.429997	0.430939	0.437407	0.463335	0.482535	0.480544	0.432061	0.323326	0.187552	0.0454819	-0.0900281	-0.199372	-0.275449	-0.320132	-0.320132	
0.248658	0.192392	0.140986	0.100753	0.0686558	0.0574049	0.0770963	0.140824	0.237557	0.348322	0.450039	0.515124	0.523812	0.472228	0.375141	0.269217	0.17735	0.104081	0.0553846	0.0396422	0.0675025	0.143277	0.264471	0.414723	0.55601	0.681362	0.777322	0.828769	0.837568	0.790922	0.695664	0.586759	0.508899	0.460387	0.429997	0.40598	0.370042	0.334466	0.315567	0.306072	0.273232	0.195568	0.0792021	-0.0591167	-0.204285	-0.333858	-0.43858	-0.521163	-0.566309	-0.566309	
0.255902	0.223359	0.184613	0.155889	0.140583	0.14128	0.172435	0.244559	0.344173	0.455796	0.544435	0.595186	0.580433	0.497573	0.365914	0.217024	0.0799128	-0.0259739	-0.0955655	-0.122373	-0.0848259	0.020669	0.184603	0.383166	0.581751	0.75406	0.886383	0.966407	0.980842	0.931167	0.821726	0.687911	0.575918	0.489434	0.430939	0.370042	0.2936	0.223917	0.169816	0.1247	0.0612017	-0.0301547	-0.150676	-0.284004	-0.412846	-0.530011	-0.634875	-0.721529	-0.76002	-0.76002	
0.280738	0.274379	0.259247	0.247574	0.249314	0.267547	0.307221	0.38462	0.485265	0.585781	0.65817	0.6828	0.635156	0.518795	0.346488	0.148518	-0.034479	-0.177484	-0.274594	-0.308368	-0.263492	-0.132256	0.0694636	0.312341	0.567967	0.794717	0.969312	1.08195	1.11614	1.06697	0.950667	0.796118	0.648939	0.532972	0.437407	0.334466	0.223917	0.117309	0.0249744	-0.0557672	-0.146233	-0.245545	-0.363124	-0.48366	-0.593605	-0.697029	-0.788139	-0.869062	-0.913572	-0.913572	
0.296745	0.325464	0.34056	0.35239	0.38272	0.421744	0.472374	0.552865	0.647277	0.730321	0.777393	0.767757	0.689202	0.536831	0.322359	0.0817222	-0.150615	-0.334088	-0.455928	-0.502059	-0.44632	-0.291311	-0.0600447	0.228119	0.533288	0.806456	1.02592	1.17131	1.22647	1.18507	1.0666	0.908069	0.743026	0.599004	0.463335	0.315567	0.169816	0.0249744	-0.110285	-0.223946	-0.33697	-0.45247	-0.564453	-0.662603	-0.749948	-0.838736	-0.91739	-0.982651	-1.02564	-1.02564	
0.294592	0.358651	0.403938	0.448873	0.503898	0.565049	0.636941	0.725696	0.818804	0.888904	0.906751	0.860502	0.747988	0.558061	0.301686	0.0197289	-0.253013	-0.478523	-0.623992	-0.676957	-0.612801	-0.437449	-0.177358	0.144698	0.486171	0.803819	1.06564	1.24183	1.31467	1.2853	1.17383	1.01287	0.830909	0.654653	0.482535	0.306072	0.1247	-0.0557672	-0.223946	-0.376813	-0.515301	-0.641116	-0.742919	-0.82497	-0.887171	-0.943908	-1.0095	-1.06119	-1.09799	-1.09799	
0.247464	0.342069	0.422517	0.507494	0.59757	0.690252	0.79197	0.894319	0.996135	1.05372	1.04836	0.973765	0.829503	0.603348	0.310395	-0.0134824	-0.323839	-0.589343	-0.763919	-0.818306	-0.752413	-0.559894	-0.272249	0.0703394	0.442845	0.79868	1.08684	1.28559	1.37093	1.34981	1.24705	1.08144	0.885925	0.685759	0.480544	0.273232	0.0612017	-0.146233	-0.33697	-0.515301	-0.669858	-0.79748	-0.885738	-0.944159	-0.983227	-1.01201	-1.05327	-1.09075	-1.11776	-1.11776	
0.159494	0.283871	0.401943	0.526743	0.657944	0.787708	0.926345	1.05736	1.17233	1.23195	1.21142	1.11785	0.951399	0.691141	0.367827	0.00709889	-0.346218	-0.651359	-0.85904	-0.926623	-0.862156	-0.659068	-0.352407	0.00697134	0.401841	0.777757	1.08141	1.29155	1.38349	1.36712	1.26121	1.09272	0.888498	0.665672	0.432061	0.195568	-0.0301547	-0.245545	-0.45247	-0.641116	-0.79748	-0.918453	-0.986739	-1.01306	-1.02445	-1.02797	-1.04051	-1.05787	-1.06755	-1.06755	
0.0534464	0.195399	0.34649	0.508919	0.679614	0.851622	1.0288	1.20141	1.33432	1.40493	1.386	1.28398	1.09965	0.818914	0.469048	0.0766046	-0.313192	-0.656779	-0.895936	-0.987144	-0.93099	-0.728492	-0.416564	-0.0487585	0.351416	0.73364	1.04359	1.25256	1.34281	1.32366	1.21493	1.04496	0.826355	0.57589	0.323326	0.0792021	-0.150676	-0.363124	-0.564453	-0.742919	-0.885738	-0.986739	-1.03039	-1.03147	-1.01297	-0.9858	-0.97192	-0.973199	-0.971574	-0.971574	
-0.0649875	0.0902826	0.267937	0.464728	0.672445	0.882406	1.10149	1.30931	1.46505	1.55281	1.54766	1.44919	1.25969	0.971338	0.6041	0.193646	-0.229857	-0.60532	-0.873432	-0.999969	-0.958233	-0.767286	-0.467379	-0.100756	0.295216	0.663771	0.967157	1.1659	1.24561	1.22761	1.11685	0.942363	0.712801	0.449755	0.187552	-0.0591167	-0.284004	-0.48366	-0.662603	-0.82497	-0.944159	-1.01306	-1.03147	-1.00318	-0.959338	-0.913281	-0.873498	-0.850075	-0.836129	-0.836129	
-0.181959	-0.0207046	0.179108	0.399678	0.636197	0.884525	1.1407	1.37818	1.56099	1.66668	1.68462	1.60034	1.41448	1.12943	0.761295	0.336067	-0.108019	-0.508877	-0.810259	-0.968713	-0.952132	-0.784257	-0.502367	-0.145261	0.234358	0.58184	0.862452	1.0468	1.12073	1.10052	0.991832	0.813643	0.579884	0.316448	0.0454819	-0.204285	-0.412846	-0.593605	-0.749948	-0.887171	-0.983227	-1.02445	-1.01297	-0.959338	-0.890225	-0.818941	-0.754965	-0.704826	-0.680254	-0.680254	
-0.302665	-0.137098	0.0772214	0.314712	0.5783	0.86552	1.15512	1.41851	1.62888	1.75479	1.79787	1.73557	1.55773	1.28199	0.921531	0.485797	0.0317579	-0.38776	-0.72031	-0.903992	-0.920795	-0.78175	-0.520097	-0.18097	0.174605	0.498397	0.753026	0.921703	0.990431	0.965918	0.868192	0.692591	0.455083	0.185043	-0.0900281	-0.333858	-0.530011	-0.697029	-0.838736	-0.943908	-1.01201	-1.02797	-0.9858	-0.913281	-0.818941	-0.717301	-0.63215	-0.56092	-0.521315	-0.521315	
-0.414275	-0.238203	-0.019591	0.23525	0.523304	0.839068	1.16232	1.45042	1.68282	1.83861	1.90424	1.86113	1.69472	1.42714	1.06606	0.630006	0.163707	-0.274122	-0.62778	-0.838731	-0.88685	-0.775604	-0.535921	-0.214221	0.121984	0.421399	0.659457	0.812826	0.880107	0.862691	0.767908	0.591821	0.353585	0.0763542	-0.199372	-0.43858	-0.634875	-0.788139	-0.91739	-1.0095	-1.05327	-1.04051	-0.97192	-0.873498	-0.754965	-0.63215	-0.51595	-0.417144	-0.362809	-0.362809	
-0.498824	-0.323513	-0.101352	0.167079	0.477476	0.825519	1.17302	1.4846	1.73181	1.90694	1.99207	1.96169	1.80705	1.54775	1.18523	0.748249	0.271669	-0.187209	-0.557263	-0.791932	-0.864334	-0.774936	-0.547732	-0.235533	0.0850594	0.371015	0.590841	0.729567	0.800471	0.789232	0.696055	0.523421	0.286977	0.00643564	-0.275449	-0.521163	-0.721529	-0.869062	-0.982651	-1.06119	-1.09075	-1.05787	-0.973199	-0.850075	-0.704826	-0.56092	-0.417144	-0.300557	-0.237328	-0.237328	
-0.547436	-0.370429	-0.141776	0.132112	0.452414	0.818396	1.17943	1.50333	1.7641	1.95342	2.04891	2.02486	1.87678	1.61399	1.25055	0.811572	0.327305	-0.139657	-0.517651	-0.76542	-0.850254	-0.776222	-0.55539	-0.251504	0.0600576	0.340681	0.554278	0.691763	0.762697	0.754532	0.66185	0.493215	0.250118	-0.0361327	-0.320132	-0.566309	-0.76002	-0.913572	-1.02564	-1.09799	-1.11776	-1.06755	-0.971574	-0.836129	-0.680254	-0.521315	-0.362809	-0.237328	-0.160952	-0.160952	
-0.547436	-0.370429	-0.141776	0.132112	0.452414	0.818396	1.17943	1.50333	1.7641	1.95342	2.04891	2.02486	1.87678	1.61399	1.25055	0.811572	0.327305	-0.139657	-0.517651	-0.76542	-0.850254	-0.776222	-0.55539	-0.251504	0.0600576	0.340681	0.554278	0.691763	0.762697	0.754532	0.66185	0.493215	0.250118	-0.0361327	-0.320132	-0.566309	-0.76002	-0.913572	-1.02564	-1.09799	-1.11776	-1.06755	-0.971574	-0.836129	-0.680254	-0.521315	-0.362809	-0.237328	-0.160952	-0.160952	
