0.705236	0.640821	0.5857	0.522943	0.441979	0.344913	0.239911	0.140418	0.0544859	-0.00437186	-0.0364446	-0.0572445	-0.0774296	-0.0949645	-0.115565	-0.150115	-0.191299	-0.217265	-0.231548	-0.232309	-0.215717	-0.191064	-0.166207	-0.1425	-0.11782	-0.0930258	-0.0573036	-0.0137666	0.0241609	0.0498668	0.0703354	0.107274	0.174884	0.276592	0.397522	0.507282	0.572086	0.585137	0.575972	0.569686	0.575464	0.583766	0.595417	0.636595	0.712399	0.803543	0.881655	0.929712	0.954314	0.954314	
0.640821	0.630161	0.624265	0.611112	0.56193	0.478638	0.379544	0.270957	0.157771	0.0613042	-0.00964562	-0.064882	-0.10988	-0.143082	-0.171819	-0.207604	-0.236491	-0.248868	-0.248705	-0.228695	-0.203393	-0.181669	-0.161896	-0.151197	-0.148162	-0.14331	-0.121621	-0.0815355	-0.0405816	-0.00575044	0.0316698	0.080878	0.152649	0.250529	0.362724	0.462741	0.516001	0.514608	0.486855	0.457451	0.446559	0.449696	0.465489	0.514587	0.590796	0.673394	0.740978	0.787146	0.811717	0.811717	
0.5857	0.624265	0.670176	0.695455	0.671391	0.607027	0.51772	0.406972	0.273041	0.145982	0.0369387	-0.0545017	-0.118847	-0.157469	-0.190089	-0.216401	-0.234602	-0.237429	-0.220302	-0.18644	-0.158286	-0.145418	-0.14145	-0.153339	-0.171973	-0.188891	-0.181847	-0.149194	-0.108698	-0.064906	-0.0105519	0.0573183	0.133155	0.225804	0.3269	0.411447	0.45304	0.437006	0.388085	0.335774	0.302388	0.292067	0.3095	0.360289	0.428332	0.496431	0.546453	0.583679	0.608825	0.608825	
0.522943	0.611112	0.695455	0.751054	0.749217	0.708169	0.635444	0.527782	0.390793	0.242787	0.102179	-0.00812294	-0.0791912	-0.126139	-0.162268	-0.185192	-0.196207	-0.195547	-0.171926	-0.135051	-0.110468	-0.107034	-0.120592	-0.144504	-0.172555	-0.200843	-0.206377	-0.185362	-0.151682	-0.10231	-0.0331603	0.0421494	0.120583	0.203601	0.289273	0.366372	0.395355	0.365753	0.297288	0.212893	0.149694	0.121166	0.130559	0.181505	0.244523	0.293132	0.323839	0.346607	0.364755	0.364755	
0.441979	0.56193	0.671391	0.749217	0.784677	0.780188	0.73739	0.647922	0.515486	0.358414	0.203082	0.080006	-0.00384222	-0.0627579	-0.107737	-0.136354	-0.153455	-0.157568	-0.139795	-0.109569	-0.0848813	-0.0916411	-0.119564	-0.143808	-0.17004	-0.196592	-0.202627	-0.181993	-0.143752	-0.0862408	-0.0100406	0.0689038	0.136928	0.200637	0.268399	0.323893	0.336688	0.294972	0.20595	0.0973422	0.00869424	-0.0440415	-0.0456201	-0.000981361	0.0529381	0.0916966	0.107702	0.11692	0.129249	0.129249	
0.344913	0.478638	0.607027	0.708169	0.780188	0.819723	0.813245	0.746416	0.625081	0.473395	0.315937	0.18044	0.0798944	0.00837401	-0.0505778	-0.101758	-0.134462	-0.148822	-0.145024	-0.123612	-0.106902	-0.117729	-0.142844	-0.160635	-0.176692	-0.190536	-0.184959	-0.153777	-0.100068	-0.0260337	0.0551275	0.128498	0.185309	0.230268	0.273326	0.302924	0.296178	0.235805	0.125361	-0.00145413	-0.113928	-0.182422	-0.191272	-0.155994	-0.10416	-0.072669	-0.0677402	-0.0699796	-0.0693266	-0.0693266	
0.239911	0.379544	0.51772	0.635444	0.73739	0.813245	0.84072	0.797774	0.694435	0.559544	0.407202	0.261119	0.145405	0.0522886	-0.0313456	-0.103156	-0.14897	-0.177048	-0.188499	-0.181115	-0.171227	-0.179704	-0.195493	-0.198657	-0.20362	-0.200802	-0.174725	-0.119069	-0.0395577	0.0508919	0.134678	0.207272	0.256207	0.28499	0.307963	0.307168	0.2768	0.200621	0.0767998	-0.0611929	-0.184814	-0.258538	-0.27647	-0.254117	-0.208951	-0.184039	-0.184464	-0.193164	-0.203364	-0.203364	
0.140418	0.270957	0.406972	0.527782	0.647922	0.746416	0.797774	0.775649	0.697639	0.586164	0.448662	0.300532	0.161957	0.0425834	-0.0633894	-0.153698	-0.213409	-0.250761	-0.272714	-0.272991	-0.267805	-0.262436	-0.26075	-0.257532	-0.24903	-0.222684	-0.168004	-0.0783344	0.0292762	0.131902	0.216432	0.281465	0.325048	0.34432	0.346191	0.323511	0.276033	0.192927	0.064744	-0.0753053	-0.195371	-0.27012	-0.291224	-0.280872	-0.249505	-0.223718	-0.220366	-0.229388	-0.241685	-0.241685	
0.0544859	0.157771	0.273041	0.390793	0.515486	0.625081	0.694435	0.697639	0.643566	0.553879	0.431687	0.28312	0.124042	-0.0230395	-0.153682	-0.258292	-0.332791	-0.381531	-0.40549	-0.409519	-0.397162	-0.373858	-0.351724	-0.331843	-0.308843	-0.257538	-0.165702	-0.038649	0.0943421	0.208299	0.294104	0.35133	0.387287	0.395999	0.378358	0.337803	0.280732	0.200894	0.0829604	-0.0455677	-0.149237	-0.2099	-0.232405	-0.231578	-0.213533	-0.190303	-0.174183	-0.179507	-0.187179	-0.187179	
-0.00437186	0.0613042	0.145982	0.242787	0.358414	0.473395	0.559544	0.586164	0.553879	0.479475	0.364414	0.206069	0.0231555	-0.154243	-0.30526	-0.422453	-0.509368	-0.567541	-0.595216	-0.596708	-0.56727	-0.520621	-0.478159	-0.43799	-0.388397	-0.302143	-0.173104	-0.0103553	0.150135	0.277806	0.367529	0.421837	0.448577	0.444796	0.407235	0.351688	0.291636	0.218483	0.122699	0.0211262	-0.056584	-0.0933429	-0.109223	-0.119024	-0.112277	-0.092784	-0.0698266	-0.0647374	-0.0688884	-0.0688884	
-0.0364446	-0.00964562	0.0369387	0.102179	0.203082	0.315937	0.407202	0.448662	0.431687	0.364414	0.243454	0.0697405	-0.135825	-0.33909	-0.504252	-0.632586	-0.730654	-0.792509	-0.817188	-0.804655	-0.762514	-0.6993	-0.628546	-0.556166	-0.4695	-0.345834	-0.175199	0.0178574	0.196977	0.344098	0.438489	0.487449	0.503896	0.484836	0.430536	0.360937	0.29953	0.238634	0.16952	0.103341	0.0597885	0.0477057	0.0416315	0.0284602	0.0279215	0.0450362	0.0724735	0.0875784	0.0872045	0.0872045	
-0.0572445	-0.064882	-0.0545017	-0.00812294	0.080006	0.18044	0.261119	0.300532	0.28312	0.206069	0.0697405	-0.118638	-0.334739	-0.549749	-0.726831	-0.860391	-0.955245	-1.00996	-1.02398	-0.996502	-0.939525	-0.858994	-0.762072	-0.652215	-0.523289	-0.362017	-0.163849	0.0479264	0.248831	0.409637	0.504966	0.547251	0.545775	0.503105	0.432149	0.352532	0.286361	0.240134	0.201316	0.169129	0.160757	0.171286	0.177152	0.174409	0.177055	0.199543	0.234245	0.254736	0.261275	0.261275	
-0.0774296	-0.10988	-0.118847	-0.0791912	-0.00384222	0.0798944	0.145405	0.161957	0.124042	0.0231555	-0.135825	-0.334739	-0.554002	-0.761044	-0.931206	-1.05581	-1.13645	-1.1769	-1.17134	-1.12654	-1.05307	-0.950242	-0.824161	-0.684077	-0.52368	-0.33542	-0.125273	0.0939151	0.302081	0.461221	0.554949	0.580579	0.555826	0.49434	0.402834	0.311506	0.24056	0.207961	0.198573	0.204494	0.232916	0.262966	0.284146	0.297676	0.307922	0.336769	0.375254	0.394838	0.40732	0.40732	
-0.0949645	-0.143082	-0.157469	-0.126139	-0.0627579	0.00837401	0.0522886	0.0425834	-0.0230395	-0.154243	-0.33909	-0.549749	-0.761044	-0.948195	-1.10225	-1.20649	-1.26169	-1.27505	-1.24291	-1.17638	-1.07952	-0.953444	-0.798366	-0.627342	-0.439177	-0.241735	-0.0376157	0.169856	0.361291	0.503582	0.585346	0.586819	0.534485	0.454392	0.340813	0.240892	0.168429	0.144177	0.162867	0.204508	0.261538	0.314165	0.352296	0.378536	0.400674	0.425246	0.453357	0.46505	0.472582	0.472582	
-0.115565	-0.171819	-0.190089	-0.162268	-0.107737	-0.0505778	-0.0313456	-0.0633894	-0.153682	-0.30526	-0.504252	-0.726831	-0.931206	-1.10225	-1.23213	-1.30791	-1.33044	-1.31049	-1.24176	-1.14541	-1.01116	-0.850684	-0.670458	-0.475356	-0.274036	-0.0733921	0.115755	0.290348	0.442228	0.551436	0.596273	0.568721	0.490726	0.386847	0.261857	0.154771	0.0818812	0.0612835	0.100118	0.166925	0.243318	0.314777	0.361071	0.394324	0.420608	0.434629	0.44831	0.449017	0.449527	0.449527	
-0.150115	-0.207604	-0.216401	-0.185192	-0.136354	-0.101758	-0.103156	-0.153698	-0.258292	-0.422453	-0.632586	-0.860391	-1.05581	-1.20649	-1.30791	-1.35544	-1.34558	-1.28036	-1.16381	-1.01152	-0.83536	-0.642453	-0.441101	-0.235022	-0.032649	0.151517	0.31059	0.438028	0.53515	0.596563	0.598473	0.537549	0.432049	0.308986	0.181963	0.07208	-0.0039994	-0.0250145	0.0130706	0.0854398	0.174704	0.24907	0.300079	0.336389	0.354909	0.363278	0.362347	0.353492	0.34904	0.34904	
-0.191299	-0.236491	-0.234602	-0.196207	-0.153455	-0.134462	-0.14897	-0.213409	-0.332791	-0.509368	-0.730654	-0.955245	-1.13645	-1.26169	-1.33044	-1.34558	-1.29554	-1.17556	-0.999356	-0.787591	-0.568219	-0.349407	-0.139649	0.0636557	0.25162	0.406261	0.518672	0.586301	0.623242	0.631578	0.595466	0.505492	0.379966	0.242167	0.112308	-0.00126304	-0.0872146	-0.119286	-0.0945036	-0.025624	0.0629711	0.136161	0.183931	0.211959	0.220184	0.218308	0.206992	0.188975	0.180015	0.180015	
-0.217265	-0.248868	-0.237429	-0.195547	-0.157568	-0.148822	-0.177048	-0.250761	-0.381531	-0.567541	-0.792509	-1.00996	-1.1769	-1.27505	-1.31049	-1.28036	-1.17556	-0.994772	-0.761528	-0.503489	-0.249136	-0.0184668	0.192333	0.383156	0.542726	0.656489	0.718521	0.730207	0.711885	0.668595	0.592366	0.474406	0.327976	0.182867	0.0530199	-0.0650869	-0.161342	-0.213936	-0.210949	-0.15221	-0.0758543	-0.00938311	0.029174	0.0392187	0.03714	0.023462	0.0037999	-0.019839	-0.034857	-0.034857	
-0.231548	-0.248705	-0.220302	-0.171926	-0.139795	-0.145024	-0.188499	-0.272714	-0.40549	-0.595216	-0.817188	-1.02398	-1.17134	-1.24291	-1.24176	-1.16381	-0.999356	-0.761528	-0.481304	-0.184597	0.0839528	0.31102	0.513292	0.682475	0.807608	0.878776	0.891378	0.853992	0.785214	0.69703	0.586752	0.441902	0.279778	0.129847	-0.00162375	-0.119153	-0.224008	-0.292974	-0.308111	-0.270711	-0.214266	-0.169093	-0.150898	-0.159269	-0.172826	-0.194219	-0.221234	-0.249993	-0.272939	-0.272939	
-0.232309	-0.228695	-0.18644	-0.135051	-0.109569	-0.123612	-0.181115	-0.272991	-0.409519	-0.596708	-0.804655	-0.996502	-1.12654	-1.17638	-1.14541	-1.01152	-0.787591	-0.503489	-0.184597	0.126001	0.404262	0.627854	0.805451	0.939453	1.01455	1.03872	1.00539	0.9292	0.829406	0.706999	0.567179	0.410378	0.2376	0.0879146	-0.0374852	-0.156403	-0.262219	-0.344245	-0.373184	-0.359719	-0.333443	-0.321158	-0.335245	-0.364011	-0.392168	-0.416328	-0.446052	-0.478005	-0.503423	-0.503423	
-0.215717	-0.203393	-0.158286	-0.110468	-0.0848813	-0.106902	-0.171227	-0.267805	-0.397162	-0.56727	-0.762514	-0.939525	-1.05307	-1.07952	-1.01116	-0.83536	-0.568219	-0.249136	0.0839528	0.404262	0.679936	0.89587	1.04722	1.13884	1.1657	1.13422	1.05514	0.947204	0.819402	0.679765	0.533417	0.369457	0.202174	0.0578354	-0.062205	-0.17395	-0.275871	-0.358901	-0.400646	-0.411165	-0.422157	-0.450533	-0.496253	-0.545108	-0.583439	-0.61283	-0.649247	-0.686603	-0.716946	-0.716946	
-0.191064	-0.181669	-0.145418	-0.107034	-0.0916411	-0.117729	-0.179704	-0.262436	-0.373858	-0.520621	-0.6993	-0.858994	-0.950242	-0.953444	-0.850684	-0.642453	-0.349407	-0.0184668	0.31102	0.627854	0.89587	1.09438	1.21739	1.26426	1.24324	1.16278	1.04767	0.912261	0.762254	0.615825	0.46526	0.304541	0.15262	0.0201102	-0.0850843	-0.181245	-0.273427	-0.349058	-0.398047	-0.43087	-0.476665	-0.541543	-0.616172	-0.680409	-0.725786	-0.762087	-0.801128	-0.842625	-0.873037	-0.873037	
-0.166207	-0.161896	-0.14145	-0.120592	-0.119564	-0.142844	-0.195493	-0.26075	-0.351724	-0.478159	-0.628546	-0.762072	-0.824161	-0.798366	-0.670458	-0.441101	-0.139649	0.192333	0.513292	0.805451	1.04722	1.21739	1.30327	1.30203	1.23445	1.11572	0.967951	0.806514	0.649892	0.502529	0.352045	0.205473	0.0702649	-0.042488	-0.123825	-0.196047	-0.266875	-0.32725	-0.374812	-0.423315	-0.495473	-0.586309	-0.681253	-0.754026	-0.803138	-0.842789	-0.878249	-0.917186	-0.941422	-0.941422	
-0.1425	-0.151197	-0.153339	-0.144504	-0.143808	-0.160635	-0.198657	-0.257532	-0.331843	-0.43799	-0.556166	-0.652215	-0.684077	-0.627342	-0.475356	-0.235022	0.0636557	0.383156	0.682475	0.939453	1.13884	1.26426	1.30203	1.25338	1.13751	0.97953	0.803781	0.626454	0.468888	0.328188	0.197797	0.0696756	-0.0438624	-0.12468	-0.183406	-0.229526	-0.273632	-0.312221	-0.349239	-0.400215	-0.476399	-0.578865	-0.676091	-0.749459	-0.8043	-0.84257	-0.877719	-0.909125	-0.927058	-0.927058	
-0.11782	-0.148162	-0.171973	-0.172555	-0.17004	-0.176692	-0.20362	-0.24903	-0.308843	-0.388397	-0.4695	-0.523289	-0.52368	-0.439177	-0.274036	-0.032649	0.25162	0.542726	0.807608	1.01455	1.1657	1.24324	1.23445	1.13751	0.976451	0.78493	0.585467	0.393914	0.238916	0.10779	-0.00759	-0.109358	-0.190351	-0.233036	-0.260682	-0.276818	-0.29463	-0.31338	-0.332438	-0.373804	-0.43965	-0.527311	-0.61145	-0.679648	-0.732706	-0.77157	-0.805142	-0.825261	-0.839177	-0.839177	
-0.0930258	-0.14331	-0.188891	-0.200843	-0.196592	-0.190536	-0.200802	-0.222684	-0.257538	-0.302143	-0.345834	-0.362017	-0.33542	-0.241735	-0.0733921	0.151517	0.406261	0.656489	0.878776	1.03872	1.13422	1.16278	1.11572	0.97953	0.78493	0.567565	0.343331	0.137171	-0.0266125	-0.148364	-0.242966	-0.314108	-0.350114	-0.354989	-0.349256	-0.338789	-0.330149	-0.322235	-0.320374	-0.341782	-0.38902	-0.452305	-0.51739	-0.57357	-0.621681	-0.656662	-0.677762	-0.690081	-0.695107	-0.695107	
-0.0573036	-0.121621	-0.181847	-0.206377	-0.202627	-0.184959	-0.174725	-0.168004	-0.165702	-0.173104	-0.175199	-0.163849	-0.125273	-0.0376157	0.115755	0.31059	0.518672	0.718521	0.891378	1.00539	1.05514	1.04767	0.967951	0.803781	0.585467	0.343331	0.0967938	-0.122643	-0.294418	-0.413551	-0.486754	-0.524011	-0.518474	-0.479586	-0.437486	-0.39591	-0.355171	-0.318766	-0.294841	-0.300896	-0.328222	-0.367243	-0.411289	-0.452698	-0.495112	-0.524752	-0.5382	-0.544508	-0.547657	-0.547657	
-0.0137666	-0.0815355	-0.149194	-0.185362	-0.181993	-0.153777	-0.119069	-0.0783344	-0.038649	-0.0103553	0.0178574	0.0479264	0.0939151	0.169856	0.290348	0.438028	0.586301	0.730207	0.853992	0.9292	0.947204	0.912261	0.806514	0.626454	0.393914	0.137171	-0.122643	-0.357796	-0.537568	-0.652402	-0.709136	-0.712759	-0.666434	-0.594085	-0.520354	-0.448524	-0.374001	-0.305698	-0.256706	-0.243075	-0.254175	-0.272229	-0.298628	-0.333279	-0.374669	-0.404047	-0.417373	-0.424875	-0.430208	-0.430208	
0.0241609	-0.0405816	-0.108698	-0.151682	-0.143752	-0.100068	-0.0395577	0.0292762	0.0943421	0.150135	0.196977	0.248831	0.302081	0.361291	0.442228	0.53515	0.623242	0.711885	0.785214	0.829406	0.819402	0.762254	0.649892	0.468888	0.238916	-0.0266125	-0.294418	-0.537568	-0.726152	-0.833395	-0.875291	-0.856863	-0.785488	-0.696423	-0.601063	-0.502909	-0.395232	-0.291087	-0.219225	-0.188094	-0.183752	-0.187104	-0.197759	-0.224407	-0.265385	-0.297263	-0.315838	-0.331328	-0.342562	-0.342562	
0.0498668	-0.00575044	-0.064906	-0.10231	-0.0862408	-0.0260337	0.0508919	0.131902	0.208299	0.277806	0.344098	0.409637	0.461221	0.503582	0.551436	0.596563	0.631578	0.668595	0.69703	0.706999	0.679765	0.615825	0.502529	0.328188	0.10779	-0.148364	-0.413551	-0.652402	-0.833395	-0.938411	-0.975857	-0.945933	-0.869259	-0.774878	-0.665258	-0.545108	-0.410472	-0.282206	-0.193931	-0.153593	-0.139709	-0.131066	-0.126736	-0.142442	-0.174587	-0.203244	-0.225584	-0.241244	-0.257793	-0.257793	
0.0703354	0.0316698	-0.0105519	-0.0331603	-0.0100406	0.0551275	0.134678	0.216432	0.294104	0.367529	0.438489	0.504966	0.554949	0.585346	0.596273	0.598473	0.595466	0.592366	0.586752	0.567179	0.533417	0.46526	0.352045	0.197797	-0.00759	-0.242966	-0.486754	-0.709136	-0.875291	-0.975857	-1.01034	-0.978106	-0.907714	-0.815449	-0.700862	-0.570512	-0.416669	-0.275875	-0.181737	-0.132864	-0.116584	-0.102768	-0.0865771	-0.0905703	-0.107889	-0.125856	-0.141759	-0.151604	-0.163814	-0.163814	
0.107274	0.080878	0.0573183	0.0421494	0.0689038	0.128498	0.207272	0.281465	0.35133	0.421837	0.487449	0.547251	0.580579	0.586819	0.568721	0.537549	0.505492	0.474406	0.441902	0.410378	0.369457	0.304541	0.205473	0.0696756	-0.109358	-0.314108	-0.524011	-0.712759	-0.856863	-0.945933	-0.978106	-0.956228	-0.89874	-0.821855	-0.715083	-0.581574	-0.426752	-0.283078	-0.188143	-0.135229	-0.113584	-0.0962296	-0.0687681	-0.0571434	-0.0541363	-0.0572201	-0.0636375	-0.0609854	-0.0656955	-0.0656955	
0.174884	0.152649	0.133155	0.120583	0.136928	0.185309	0.256207	0.325048	0.387287	0.448577	0.503896	0.545775	0.555826	0.534485	0.490726	0.432049	0.379966	0.327976	0.279778	0.2376	0.202174	0.15262	0.0702649	-0.0438624	-0.190351	-0.350114	-0.518474	-0.666434	-0.785488	-0.869259	-0.907714	-0.89874	-0.861966	-0.80713	-0.715663	-0.594516	-0.450943	-0.317556	-0.222362	-0.162169	-0.131486	-0.104494	-0.0666204	-0.0347538	-0.00864829	0.00510153	0.0121767	0.0281295	0.0354611	0.0354611	
0.276592	0.250529	0.225804	0.203601	0.200637	0.230268	0.28499	0.34432	0.395999	0.444796	0.484836	0.503105	0.49434	0.454392	0.386847	0.308986	0.242167	0.182867	0.129847	0.0879146	0.0578354	0.0201102	-0.042488	-0.12468	-0.233036	-0.354989	-0.479586	-0.594085	-0.696423	-0.774878	-0.815449	-0.821855	-0.80713	-0.775234	-0.707002	-0.606365	-0.482391	-0.36504	-0.274363	-0.207552	-0.169783	-0.132522	-0.0853211	-0.0300521	0.0244476	0.0556407	0.0816485	0.109506	0.130577	0.130577	
0.397522	0.362724	0.3269	0.289273	0.268399	0.273326	0.307963	0.346191	0.378358	0.407235	0.430536	0.432149	0.402834	0.340813	0.261857	0.181963	0.112308	0.0530199	-0.00162375	-0.0374852	-0.062205	-0.0850843	-0.123825	-0.183406	-0.260682	-0.349256	-0.437486	-0.520354	-0.601063	-0.665258	-0.700862	-0.715083	-0.715663	-0.707002	-0.668303	-0.595224	-0.504815	-0.413735	-0.335957	-0.272777	-0.22693	-0.187224	-0.126633	-0.0457721	0.0323199	0.0904699	0.130939	0.170881	0.204294	0.204294	
0.507282	0.462741	0.411447	0.366372	0.323893	0.302924	0.307168	0.323511	0.337803	0.351688	0.360937	0.352532	0.311506	0.240892	0.154771	0.07208	-0.00126304	-0.0650869	-0.119153	-0.156403	-0.17395	-0.181245	-0.196047	-0.229526	-0.276818	-0.338789	-0.39591	-0.448524	-0.502909	-0.545108	-0.570512	-0.581574	-0.594516	-0.606365	-0.595224	-0.555725	-0.505072	-0.451411	-0.394425	-0.346401	-0.301028	-0.253015	-0.18254	-0.0763087	0.0278003	0.103017	0.153559	0.19875	0.234521	0.234521	
0.572086	0.516001	0.45304	0.395355	0.336688	0.296178	0.2768	0.276033	0.280732	0.291636	0.29953	0.286361	0.24056	0.168429	0.0818812	-0.0039994	-0.0872146	-0.161342	-0.224008	-0.262219	-0.275871	-0.273427	-0.266875	-0.273632	-0.29463	-0.330149	-0.355171	-0.374001	-0.395232	-0.410472	-0.416669	-0.426752	-0.450943	-0.482391	-0.504815	-0.505072	-0.498186	-0.486133	-0.460415	-0.428053	-0.386638	-0.331622	-0.245593	-0.118104	0.00879656	0.101846	0.162444	0.208682	0.245159	0.245159	
0.585137	0.514608	0.437006	0.365753	0.294972	0.235805	0.200621	0.192927	0.200894	0.218483	0.238634	0.240134	0.207961	0.144177	0.0612835	-0.0250145	-0.119286	-0.213936	-0.292974	-0.344245	-0.358901	-0.349058	-0.32725	-0.312221	-0.31338	-0.322235	-0.318766	-0.305698	-0.291087	-0.282206	-0.275875	-0.283078	-0.317556	-0.36504	-0.413735	-0.451411	-0.486133	-0.513916	-0.522514	-0.509874	-0.470659	-0.40945	-0.30483	-0.15831	-0.0150672	0.096159	0.163489	0.208333	0.241386	0.241386	
0.575972	0.486855	0.388085	0.297288	0.20595	0.125361	0.0767998	0.064744	0.0829604	0.122699	0.16952	0.201316	0.198573	0.162867	0.100118	0.0130706	-0.0945036	-0.210949	-0.308111	-0.373184	-0.400646	-0.398047	-0.374812	-0.349239	-0.332438	-0.320374	-0.294841	-0.256706	-0.219225	-0.193931	-0.181737	-0.188143	-0.222362	-0.274363	-0.335957	-0.394425	-0.460415	-0.522514	-0.559409	-0.569043	-0.538739	-0.467802	-0.354168	-0.199046	-0.0403143	0.080443	0.158424	0.206388	0.23308	0.23308	
0.569686	0.457451	0.335774	0.212893	0.0973422	-0.00145413	-0.0611929	-0.0753053	-0.0455677	0.0211262	0.103341	0.169129	0.204494	0.204508	0.166925	0.0854398	-0.025624	-0.15221	-0.270711	-0.359719	-0.411165	-0.43087	-0.423315	-0.400215	-0.373804	-0.341782	-0.300896	-0.243075	-0.188094	-0.153593	-0.132864	-0.135229	-0.162169	-0.207552	-0.272777	-0.346401	-0.428053	-0.509874	-0.569043	-0.588839	-0.566448	-0.495907	-0.380379	-0.231101	-0.0736346	0.0547506	0.144712	0.195002	0.22132	0.22132	
0.575464	0.446559	0.302388	0.149694	0.00869424	-0.113928	-0.184814	-0.195371	-0.149237	-0.056584	0.0597885	0.160757	0.232916	0.261538	0.243318	0.174704	0.0629711	-0.0758543	-0.214266	-0.333443	-0.422157	-0.476665	-0.495473	-0.476399	-0.43965	-0.38902	-0.328222	-0.254175	-0.183752	-0.139709	-0.116584	-0.113584	-0.131486	-0.169783	-0.22693	-0.301028	-0.386638	-0.470659	-0.538739	-0.566448	-0.54937	-0.483291	-0.378859	-0.247355	-0.105431	0.0161845	0.10996	0.158316	0.181483	0.181483	
0.583766	0.449696	0.292067	0.121166	-0.0440415	-0.182422	-0.258538	-0.27012	-0.2099	-0.0933429	0.0477057	0.171286	0.262966	0.314165	0.314777	0.24907	0.136161	-0.00938311	-0.169093	-0.321158	-0.450533	-0.541543	-0.586309	-0.578865	-0.527311	-0.452305	-0.367243	-0.272229	-0.187104	-0.131066	-0.102768	-0.0962296	-0.104494	-0.132522	-0.187224	-0.253015	-0.331622	-0.40945	-0.467802	-0.495907	-0.483291	-0.430402	-0.352684	-0.259084	-0.151909	-0.0501986	0.0350403	0.0823747	0.100959	0.100959	
0.595417	0.465489	0.3095	0.130559	-0.0456201	-0.191272	-0.27647	-0.291224	-0.232405	-0.109223	0.0416315	0.177152	0.284146	0.352296	0.361071	0.300079	0.183931	0.029174	-0.150898	-0.335245	-0.496253	-0.616172	-0.681253	-0.676091	-0.61145	-0.51739	-0.411289	-0.298628	-0.197759	-0.126736	-0.0865771	-0.0687681	-0.0666204	-0.0853211	-0.126633	-0.18254	-0.245593	-0.30483	-0.354168	-0.380379	-0.378859	-0.352684	-0.316431	-0.273682	-0.21799	-0.152345	-0.0867929	-0.0518472	-0.0378286	-0.0378286	
0.636595	0.514587	0.360289	0.181505	-0.000981361	-0.155994	-0.254117	-0.280872	-0.231578	-0.119024	0.0284602	0.174409	0.297676	0.378536	0.394324	0.336389	0.211959	0.0392187	-0.159269	-0.364011	-0.545108	-0.680409	-0.754026	-0.749459	-0.679648	-0.57357	-0.452698	-0.333279	-0.224407	-0.142442	-0.0905703	-0.0571434	-0.0347538	-0.0300521	-0.0457721	-0.0763087	-0.118104	-0.15831	-0.199046	-0.231101	-0.247355	-0.259084	-0.273682	-0.291759	-0.299489	-0.282264	-0.251946	-0.235228	-0.229476	-0.229476	
0.712399	0.590796	0.428332	0.244523	0.0529381	-0.10416	-0.208951	-0.249505	-0.213533	-0.112277	0.0279215	0.177055	0.307922	0.400674	0.420608	0.354909	0.220184	0.03714	-0.172826	-0.392168	-0.583439	-0.725786	-0.803138	-0.8043	-0.732706	-0.621681	-0.495112	-0.374669	-0.265385	-0.174587	-0.107889	-0.0541363	-0.00864829	0.0244476	0.0323199	0.0278003	0.00879656	-0.0150672	-0.0403143	-0.0736346	-0.105431	-0.151909	-0.21799	-0.299489	-0.373566	-0.413915	-0.430075	-0.435568	-0.441976	-0.441976	
0.803543	0.673394	0.496431	0.293132	0.0916966	-0.072669	-0.184039	-0.223718	-0.190303	-0.092784	0.0450362	0.199543	0.336769	0.425246	0.434629	0.363278	0.218308	0.023462	-0.194219	-0.416328	-0.61283	-0.762087	-0.842789	-0.84257	-0.77157	-0.656662	-0.524752	-0.404047	-0.297263	-0.203244	-0.125856	-0.0572201	0.00510153	0.0556407	0.0904699	0.103017	0.101846	0.096159	0.080443	0.0547506	0.0161845	-0.0501986	-0.152345	-0.282264	-0.413915	-0.514769	-0.580415	-0.618756	-0.638564	-0.638564	
0.881655	0.740978	0.546453	0.323839	0.107702	-0.0677402	-0.184464	-0.220366	-0.174183	-0.0698266	0.0724735	0.234245	0.375254	0.453357	0.44831	0.362347	0.206992	0.0037999	-0.221234	-0.446052	-0.649247	-0.801128	-0.878249	-0.877719	-0.805142	-0.677762	-0.5382	-0.417373	-0.315838	-0.225584	-0.141759	-0.0636375	0.0121767	0.0816485	0.130939	0.153559	0.162444	0.163489	0.158424	0.144712	0.10996	0.0350403	-0.0867929	-0.251946	-0.430075	-0.580415	-0.693024	-0.758731	-0.791425	-0.791425	
0.929712	0.787146	0.583679	0.346607	0.11692	-0.0699796	-0.193164	-0.229388	-0.179507	-0.0647374	0.0875784	0.254736	0.394838	0.46505	0.449017	0.353492	0.188975	-0.019839	-0.249993	-0.478005	-0.686603	-0.842625	-0.917186	-0.909125	-0.825261	-0.690081	-0.544508	-0.424875	-0.331328	-0.241244	-0.151604	-0.0609854	0.0281295	0.109506	0.170881	0.19875	0.208682	0.208333	0.206388	0.195002	0.158316	0.0823747	-0.0518472	-0.235228	-0.435568	-0.618756	-0.758731	-0.841531	-0.882184	-0.882184	
0.954314	0.811717	0.608825	0.364755	0.129249	-0.0693266	-0.203364	-0.241685	-0.187179	-0.0688884	0.0872045	0.261275	0.40732	0.472582	0.449527	0.34904	0.180015	-0.034857	-0.272939	-0.503423	-0.716946	-0.873037	-0.941422	-0.927058	-0.839177	-0.695107	-0.547657	-0.430208	-0.342562	-0.257793	-0.163814	-0.0656955	0.0354611	0.130577	0.204294	0.234521	0.245159	0.241386	0.23308	0.22132	0.181483	0.100959	-0.0378286	-0.229476	-0.441976	-0.638564	-0.791425	-0.882184	-0.924978	-0.924978	
0.954314	0.811717	0.608825	0.364755	0.129249	-0.0693266	-0.203364	-0.241685	-0.187179	-0.0688884	0.0872045	0.261275	0.40732	0.472582	0.449527	0.34904	0.180015	-0.034857	-0.272939	-0.503423	-0.716946	-0.873037	-0.941422	-0.927058	-0.839177	-0.695107	-0.547657	-0.430208	-0.342562	-0.257793	-0.163814	-0.0656955	0.0354611	0.130577	0.204294	0.234521	0.245159	0.241386	0.23308	0.22132	0.181483	0.100959	-0.0378286	-0.229476	-0.441976	-0.638564	-0.791425	-0.882184	-0.924978	-0.924978	
