0.17185	0.253552	0.330807	0.383096	0.415108	0.4302	0.433581	0.424133	0.40241	0.363028	0.314544	0.270827	0.232231	0.185445	0.116269	0.0207007	-0.125039	-0.311527	-0.504871	-0.688874	-0.857477	-0.978418	-1.00804	-0.955646	-0.848924	-0.690002	-0.483107	-0.243685	0.023576	0.301371	0.553149	0.745635	0.864501	0.920045	0.915524	0.852358	0.734282	0.55913	0.352407	0.148436	-0.0510218	-0.244588	-0.398215	-0.49135	-0.537307	-0.547237	-0.541155	-0.535012	-0.525952	-0.525952	
0.253552	0.338252	0.396829	0.42604	0.430427	0.400693	0.350373	0.3028	0.266865	0.229467	0.190734	0.159262	0.138132	0.115351	0.0732269	0.00246351	-0.109231	-0.256397	-0.425087	-0.600848	-0.773995	-0.912168	-0.977686	-0.967809	-0.893097	-0.764022	-0.5901	-0.378865	-0.132222	0.131057	0.377412	0.580382	0.73497	0.853923	0.922706	0.918571	0.843331	0.705305	0.516985	0.301679	0.0855459	-0.118165	-0.290265	-0.410496	-0.490841	-0.54353	-0.569789	-0.579839	-0.5819	-0.5819	
0.330807	0.396829	0.434966	0.447264	0.422299	0.347934	0.25728	0.180425	0.123889	0.0799655	0.0511027	0.0351959	0.0343284	0.0395175	0.0290496	-0.00373251	-0.0685973	-0.171015	-0.314868	-0.486125	-0.658804	-0.806627	-0.906927	-0.944443	-0.913725	-0.823767	-0.688073	-0.512046	-0.294784	-0.0555496	0.181086	0.396098	0.582191	0.749681	0.88321	0.946271	0.921013	0.821361	0.665348	0.461818	0.23881	0.0203573	-0.174737	-0.322059	-0.431307	-0.518436	-0.579065	-0.6174	-0.638334	-0.638334	
0.383096	0.42604	0.447264	0.43781	0.378868	0.279017	0.175949	0.0815981	0.0013493	-0.0537208	-0.0782159	-0.0835219	-0.0677337	-0.038699	-0.0116542	0.00229761	-0.0127549	-0.0752369	-0.20045	-0.364339	-0.533605	-0.68564	-0.808211	-0.889013	-0.910175	-0.869056	-0.77639	-0.636669	-0.449641	-0.234834	-0.00859482	0.219375	0.431736	0.622185	0.790046	0.911421	0.944312	0.889606	0.773943	0.604918	0.402978	0.187743	-0.0249839	-0.208937	-0.360344	-0.483915	-0.578935	-0.648256	-0.686195	-0.686195	
0.415108	0.430427	0.422299	0.378868	0.296862	0.194694	0.0918189	-0.0137174	-0.106772	-0.167723	-0.190354	-0.186233	-0.15495	-0.100155	-0.0334163	0.0302717	0.0602573	0.0271245	-0.0787049	-0.233522	-0.404716	-0.567188	-0.711527	-0.828209	-0.899382	-0.909374	-0.855717	-0.744448	-0.581376	-0.383761	-0.163707	0.0670498	0.288958	0.48723	0.65996	0.805518	0.892902	0.901559	0.840839	0.723008	0.563242	0.366246	0.146475	-0.0668332	-0.262324	-0.430431	-0.565599	-0.669656	-0.728699	-0.728699	
0.4302	0.400693	0.347934	0.279017	0.194694	0.0967147	-0.00787902	-0.111869	-0.200249	-0.259741	-0.278786	-0.262073	-0.208853	-0.129647	-0.029282	0.0702484	0.128735	0.121955	0.0403054	-0.0991883	-0.274466	-0.458657	-0.628491	-0.7724	-0.878931	-0.928042	-0.907835	-0.824988	-0.687774	-0.50582	-0.293037	-0.0707654	0.144754	0.341439	0.515869	0.670698	0.787448	0.855132	0.868101	0.814097	0.699053	0.526878	0.311763	0.0856802	-0.1372	-0.346063	-0.527536	-0.671837	-0.755646	-0.755646	
0.433581	0.350373	0.25728	0.175949	0.0918189	-0.00787902	-0.108444	-0.197803	-0.273965	-0.328703	-0.341413	-0.306189	-0.229825	-0.12628	-0.00563092	0.104257	0.176891	0.194362	0.143409	0.0240936	-0.153531	-0.357993	-0.555632	-0.719526	-0.838578	-0.907537	-0.918857	-0.871046	-0.76726	-0.610737	-0.410541	-0.199899	-0.00226136	0.183883	0.362458	0.525161	0.657763	0.769531	0.851492	0.868285	0.808797	0.668546	0.459741	0.222153	-0.0194537	-0.252094	-0.461049	-0.631597	-0.733621	-0.733621	
0.424133	0.3028	0.180425	0.0815981	-0.0137174	-0.111869	-0.197803	-0.26793	-0.327987	-0.368342	-0.364884	-0.313927	-0.216046	-0.0912275	0.0358994	0.139589	0.212885	0.249576	0.220612	0.112525	-0.0607648	-0.272838	-0.489688	-0.66544	-0.782785	-0.856083	-0.892356	-0.880725	-0.810822	-0.681262	-0.506106	-0.319419	-0.142735	0.0208528	0.1859	0.356881	0.514279	0.666435	0.807732	0.889806	0.881787	0.774141	0.580355	0.339733	0.0848075	-0.161179	-0.376456	-0.543763	-0.640094	-0.640094	
0.40241	0.266865	0.123889	0.0013493	-0.106772	-0.200249	-0.273965	-0.327987	-0.36385	-0.371753	-0.346657	-0.282091	-0.170895	-0.0347531	0.0943218	0.189177	0.261571	0.301894	0.270328	0.158678	-0.00933129	-0.211247	-0.426441	-0.605855	-0.721138	-0.792792	-0.84269	-0.855336	-0.808917	-0.708124	-0.573088	-0.426517	-0.280915	-0.140911	0.00904308	0.180234	0.362378	0.557271	0.741741	0.863444	0.894452	0.8268	0.667433	0.443379	0.1915	-0.0515017	-0.259341	-0.416776	-0.506062	-0.506062	
0.363028	0.229467	0.0799655	-0.0537208	-0.167723	-0.259741	-0.328703	-0.368342	-0.371753	-0.342724	-0.28953	-0.210878	-0.0990682	0.0333557	0.158926	0.255416	0.324818	0.349137	0.297505	0.173065	0.0127951	-0.165233	-0.358209	-0.529211	-0.649265	-0.729845	-0.78565	-0.80541	-0.779092	-0.710352	-0.617166	-0.516692	-0.402939	-0.278788	-0.141435	0.0234198	0.21535	0.429231	0.633872	0.781049	0.846446	0.824773	0.716968	0.535262	0.31128	0.0835874	-0.114878	-0.260296	-0.338686	-0.338686	
0.314544	0.190734	0.0511027	-0.0782159	-0.190354	-0.278786	-0.341413	-0.364884	-0.346657	-0.28953	-0.209801	-0.117602	-0.0127869	0.103769	0.227775	0.329057	0.390259	0.392475	0.320831	0.190499	0.0374348	-0.122785	-0.290621	-0.446119	-0.573462	-0.669014	-0.727731	-0.746247	-0.733364	-0.697179	-0.644256	-0.576146	-0.488226	-0.386089	-0.262306	-0.108308	0.0745288	0.284395	0.490185	0.650555	0.748399	0.780225	0.735097	0.604947	0.417752	0.22168	0.0543628	-0.0651661	-0.130059	-0.130059	
0.270827	0.159262	0.0351959	-0.0835219	-0.186233	-0.262073	-0.306189	-0.313927	-0.282091	-0.210878	-0.117602	-0.0175263	0.0798421	0.18871	0.307824	0.401496	0.447516	0.43251	0.357323	0.231883	0.0825016	-0.0736434	-0.230373	-0.372757	-0.495552	-0.597436	-0.66466	-0.687527	-0.687301	-0.676197	-0.647346	-0.599044	-0.532337	-0.453177	-0.355437	-0.226787	-0.0617149	0.13148	0.325326	0.494597	0.623544	0.702529	0.711055	0.633198	0.500375	0.359203	0.240651	0.162844	0.125479	0.125479	
0.232231	0.138132	0.0343284	-0.0677337	-0.15495	-0.208853	-0.229825	-0.216046	-0.170895	-0.0990682	-0.0127869	0.0798421	0.177173	0.284011	0.388023	0.460664	0.491792	0.479139	0.417497	0.304133	0.159043	-0.0029303	-0.167782	-0.310251	-0.424573	-0.520879	-0.593913	-0.633234	-0.646591	-0.639352	-0.618035	-0.584848	-0.540366	-0.492134	-0.426903	-0.326904	-0.186562	-0.0165857	0.160445	0.328726	0.473717	0.586205	0.645474	0.629316	0.563605	0.492668	0.441891	0.416878	0.406839	0.406839	
0.185445	0.115351	0.0395175	-0.038699	-0.100155	-0.129647	-0.12628	-0.0912275	-0.0347531	0.0333557	0.103769	0.18871	0.284011	0.380963	0.460744	0.511472	0.541546	0.543536	0.499204	0.398097	0.256671	0.087541	-0.0916112	-0.247893	-0.36258	-0.446091	-0.515523	-0.567318	-0.592944	-0.590673	-0.571076	-0.547172	-0.526056	-0.502658	-0.463512	-0.397294	-0.289541	-0.151287	-0.00325588	0.151678	0.303419	0.444062	0.552392	0.602009	0.61581	0.628346	0.649004	0.675814	0.695199	0.695199	
0.116269	0.0732269	0.0290496	-0.0116542	-0.0334163	-0.029282	-0.00563092	0.0358994	0.0943218	0.158926	0.227775	0.307824	0.388023	0.460744	0.516312	0.563226	0.605012	0.624799	0.599227	0.512666	0.3764	0.201967	0.00908103	-0.168075	-0.299208	-0.385643	-0.445802	-0.491023	-0.522859	-0.529799	-0.51642	-0.497067	-0.479835	-0.467889	-0.458593	-0.43633	-0.375276	-0.279918	-0.162902	-0.0233882	0.128521	0.288736	0.44232	0.565515	0.668182	0.764342	0.851974	0.924968	0.968013	0.968013	
0.0207007	0.00246351	-0.00373251	0.00229761	0.0302717	0.0702484	0.104257	0.139589	0.189177	0.255416	0.329057	0.401496	0.460664	0.511472	0.563226	0.623827	0.68159	0.717612	0.712452	0.646127	0.515553	0.332092	0.12745	-0.0656778	-0.221508	-0.325845	-0.384084	-0.417666	-0.441398	-0.455564	-0.455329	-0.434651	-0.408618	-0.3962	-0.409064	-0.436702	-0.436329	-0.394641	-0.31583	-0.195012	-0.0416214	0.14128	0.342698	0.535495	0.715183	0.885969	1.03781	1.15405	1.21743	1.21743	
-0.125039	-0.109231	-0.0685973	-0.0127549	0.0602573	0.128735	0.176891	0.212885	0.261571	0.324818	0.390259	0.447516	0.491792	0.541546	0.605012	0.68159	0.749697	0.795877	0.810421	0.768223	0.648354	0.463817	0.259325	0.0616676	-0.109965	-0.237534	-0.314459	-0.350512	-0.367524	-0.378202	-0.376121	-0.353756	-0.324056	-0.309638	-0.339392	-0.405243	-0.456886	-0.472905	-0.441656	-0.346515	-0.191141	0.0169869	0.258806	0.508883	0.757194	0.99225	1.1955	1.3516	1.44074	1.44074	
-0.311527	-0.256397	-0.171015	-0.0752369	0.0271245	0.121955	0.194362	0.249576	0.301894	0.349137	0.392475	0.43251	0.479139	0.543536	0.624799	0.717612	0.795877	0.850681	0.877447	0.85327	0.751332	0.584008	0.393265	0.200929	0.021137	-0.126898	-0.226033	-0.280085	-0.29992	-0.296772	-0.280133	-0.252529	-0.228788	-0.228663	-0.273103	-0.355013	-0.436183	-0.495626	-0.51189	-0.454238	-0.309531	-0.0849416	0.195586	0.500094	0.799349	1.07808	1.32492	1.515	1.61972	1.61972	
-0.504871	-0.425087	-0.314868	-0.20045	-0.0787049	0.0403054	0.143409	0.220612	0.270328	0.297505	0.320831	0.357323	0.417497	0.499204	0.599227	0.712452	0.810421	0.877447	0.908845	0.895896	0.818587	0.683252	0.518222	0.332584	0.142223	-0.019934	-0.13627	-0.208498	-0.234681	-0.222257	-0.182879	-0.137147	-0.116374	-0.13377	-0.198262	-0.296863	-0.397359	-0.48377	-0.531123	-0.500795	-0.36701	-0.134659	0.167291	0.504866	0.841781	1.15326	1.42329	1.63045	1.74794	1.74794	
-0.688874	-0.600848	-0.486125	-0.364339	-0.233522	-0.0991883	0.0240936	0.112525	0.158678	0.173065	0.190499	0.231883	0.304133	0.398097	0.512666	0.646127	0.768223	0.85327	0.895896	0.899661	0.849291	0.748596	0.60874	0.428688	0.232769	0.0619279	-0.0614955	-0.139027	-0.16928	-0.15041	-0.0936134	-0.0336684	-0.00923751	-0.0373122	-0.118067	-0.227524	-0.340014	-0.437865	-0.494831	-0.476859	-0.351444	-0.123492	0.179275	0.531433	0.888507	1.21428	1.49295	1.70289	1.81866	1.81866	
-0.857477	-0.773995	-0.658804	-0.533605	-0.404716	-0.274466	-0.153531	-0.0607648	-0.00933129	0.0127951	0.0374348	0.0825016	0.159043	0.256671	0.3764	0.515553	0.648354	0.751332	0.818587	0.849291	0.826764	0.752175	0.632046	0.470235	0.287558	0.124344	0.00529195	-0.0721178	-0.102894	-0.0866214	-0.0364378	0.0187392	0.0449903	0.0250047	-0.0394652	-0.132319	-0.240545	-0.341612	-0.402898	-0.389918	-0.271004	-0.0532926	0.241285	0.589648	0.940935	1.25895	1.53085	1.73465	1.84602	1.84602	
-0.978418	-0.912168	-0.806627	-0.68564	-0.567188	-0.458657	-0.357993	-0.272838	-0.211247	-0.165233	-0.122785	-0.0736434	-0.0029303	0.087541	0.201967	0.332092	0.463817	0.584008	0.683252	0.748596	0.752175	0.693644	0.588977	0.449083	0.291344	0.147563	0.0383377	-0.0303719	-0.0575038	-0.0523153	-0.0233351	0.0145872	0.0451848	0.0521846	0.0264286	-0.0315246	-0.121296	-0.211084	-0.259459	-0.23809	-0.120666	0.083188	0.351498	0.67062	1.0008	1.30061	1.54887	1.73059	1.83019	1.83019	
-1.00804	-0.977686	-0.906927	-0.808211	-0.711527	-0.628491	-0.555632	-0.489688	-0.426441	-0.358209	-0.290621	-0.230373	-0.167782	-0.0916112	0.00908103	0.12745	0.259325	0.393265	0.518222	0.60874	0.632046	0.588977	0.494164	0.368694	0.231791	0.106584	0.0155085	-0.0364575	-0.0606798	-0.0692005	-0.0628626	-0.0369241	0.00816038	0.0484219	0.0637906	0.0439226	-0.0137461	-0.0678719	-0.0779266	-0.0274781	0.0943633	0.274576	0.506287	0.786693	1.07711	1.33734	1.54969	1.70028	1.77789	1.77789	
-0.955646	-0.967809	-0.944443	-0.889013	-0.828209	-0.7724	-0.719526	-0.66544	-0.605855	-0.529211	-0.446119	-0.372757	-0.310251	-0.247893	-0.168075	-0.0656778	0.0616676	0.200929	0.332584	0.428688	0.470235	0.449083	0.368694	0.254957	0.131459	0.0236826	-0.0528077	-0.100928	-0.132795	-0.15498	-0.159769	-0.132689	-0.0721995	-0.00521916	0.0496814	0.0795825	0.0780842	0.0829535	0.129228	0.220127	0.348442	0.505527	0.696954	0.924979	1.16464	1.37868	1.54203	1.64962	1.70343	1.70343	
-0.848924	-0.893097	-0.913725	-0.910175	-0.899382	-0.878931	-0.838578	-0.782785	-0.721138	-0.649265	-0.573462	-0.495552	-0.424573	-0.36258	-0.299208	-0.221508	-0.109965	0.021137	0.142223	0.232769	0.287558	0.291344	0.231791	0.131459	0.0244681	-0.0702372	-0.15214	-0.219712	-0.271354	-0.301132	-0.30327	-0.273975	-0.212215	-0.12823	-0.0258526	0.0761656	0.158431	0.241541	0.346706	0.472068	0.606734	0.747373	0.903086	1.07803	1.2602	1.4186	1.52865	1.5915	1.61775	1.61775	
-0.690002	-0.764022	-0.823767	-0.869056	-0.909374	-0.928042	-0.907537	-0.856083	-0.792792	-0.729845	-0.669014	-0.597436	-0.520879	-0.446091	-0.385643	-0.325845	-0.237534	-0.126898	-0.019934	0.0619279	0.124344	0.147563	0.106584	0.0236826	-0.0702372	-0.170655	-0.279117	-0.379769	-0.453134	-0.486015	-0.485221	-0.457609	-0.395016	-0.288648	-0.134603	0.0434021	0.214606	0.373808	0.533444	0.697433	0.847181	0.980954	1.11211	1.23837	1.35385	1.44435	1.4988	1.5249	1.533	1.533	
-0.483107	-0.5901	-0.688073	-0.77639	-0.855717	-0.907835	-0.918857	-0.892356	-0.84269	-0.78565	-0.727731	-0.66466	-0.593913	-0.515523	-0.445802	-0.384084	-0.314459	-0.226033	-0.13627	-0.0614955	0.00529195	0.0383377	0.0155085	-0.0528077	-0.15214	-0.279117	-0.421337	-0.547702	-0.635796	-0.68119	-0.691808	-0.663734	-0.585409	-0.447004	-0.246407	-0.00943555	0.231446	0.458361	0.674961	0.879487	1.04997	1.18874	1.29993	1.37476	1.42586	1.45644	1.45866	1.44393	1.42967	1.42967	
-0.243685	-0.378865	-0.512046	-0.636669	-0.744448	-0.824988	-0.871046	-0.880725	-0.855336	-0.80541	-0.746247	-0.687527	-0.633234	-0.567318	-0.491023	-0.417666	-0.350512	-0.280085	-0.208498	-0.139027	-0.0721178	-0.0303719	-0.0364575	-0.100928	-0.219712	-0.379769	-0.547702	-0.6862	-0.788299	-0.858395	-0.887266	-0.857963	-0.761327	-0.587473	-0.34624	-0.067123	0.228976	0.515031	0.778506	1.01381	1.19978	1.33753	1.42939	1.46776	1.46663	1.43804	1.38845	1.33588	1.30093	1.30093	
0.023576	-0.132222	-0.294784	-0.449641	-0.581376	-0.687774	-0.76726	-0.810822	-0.808917	-0.779092	-0.733364	-0.687301	-0.646591	-0.592944	-0.522859	-0.441398	-0.367524	-0.29992	-0.234681	-0.16928	-0.102894	-0.0575038	-0.0606798	-0.132795	-0.271354	-0.453134	-0.635796	-0.788299	-0.908241	-0.993211	-1.02958	-1.00145	-0.892047	-0.690501	-0.41983	-0.106367	0.233134	0.561747	0.858177	1.10924	1.29382	1.41713	1.48424	1.48931	1.44407	1.36675	1.27416	1.18871	1.13609	1.13609	
0.301371	0.131057	-0.0555496	-0.234834	-0.383761	-0.50582	-0.610737	-0.681262	-0.708124	-0.710352	-0.697179	-0.676197	-0.639352	-0.590673	-0.529799	-0.455564	-0.378202	-0.296772	-0.222257	-0.15041	-0.0866214	-0.0523153	-0.0692005	-0.15498	-0.301132	-0.486015	-0.68119	-0.858395	-0.993211	-1.07582	-1.10403	-1.0661	-0.944085	-0.72771	-0.440482	-0.108457	0.25417	0.613616	0.931089	1.17685	1.34108	1.43351	1.45884	1.42072	1.33392	1.2215	1.10214	0.992346	0.922912	0.922912	
0.553149	0.377412	0.181086	-0.00859482	-0.163707	-0.293037	-0.410541	-0.506106	-0.573088	-0.617166	-0.644256	-0.647346	-0.618035	-0.571076	-0.51642	-0.455329	-0.376121	-0.280133	-0.182879	-0.0936134	-0.0364378	-0.0233351	-0.0628626	-0.159769	-0.30327	-0.485221	-0.691808	-0.887266	-1.02958	-1.10403	-1.10879	-1.04462	-0.904157	-0.678451	-0.389952	-0.0562157	0.313324	0.679984	0.992585	1.21788	1.3504	1.39327	1.35849	1.26887	1.14027	0.993942	0.852179	0.732547	0.662537	0.662537	
0.745635	0.580382	0.396098	0.219375	0.0670498	-0.0707654	-0.199899	-0.319419	-0.426517	-0.516692	-0.576146	-0.599044	-0.584848	-0.547172	-0.497067	-0.434651	-0.353756	-0.252529	-0.137147	-0.0336684	0.0187392	0.0145872	-0.0369241	-0.132689	-0.273975	-0.457609	-0.663734	-0.857963	-1.00145	-1.0661	-1.04462	-0.948272	-0.780881	-0.54722	-0.259654	0.0722108	0.422533	0.757845	1.0359	1.21995	1.30767	1.29833	1.20224	1.05374	0.878109	0.700844	0.542238	0.412475	0.336197	0.336197	
0.864501	0.73497	0.582191	0.431736	0.288958	0.144754	-0.00226136	-0.142735	-0.280915	-0.402939	-0.488226	-0.532337	-0.540366	-0.526056	-0.479835	-0.408618	-0.324056	-0.228788	-0.116374	-0.00923751	0.0449903	0.0451848	0.00816038	-0.0721995	-0.212215	-0.395016	-0.585409	-0.761327	-0.892047	-0.944085	-0.904157	-0.780881	-0.592557	-0.351375	-0.0605872	0.255584	0.564887	0.850085	1.06662	1.18106	1.20478	1.13615	0.985446	0.791811	0.580566	0.374028	0.191855	0.046133	-0.0384186	-0.0384186	
0.920045	0.853923	0.749681	0.622185	0.48723	0.341439	0.183883	0.0208528	-0.140911	-0.278788	-0.386089	-0.453177	-0.492134	-0.502658	-0.467889	-0.3962	-0.309638	-0.228663	-0.13377	-0.0373122	0.0250047	0.0521846	0.0484219	-0.00521916	-0.12823	-0.288648	-0.447004	-0.587473	-0.690501	-0.72771	-0.678451	-0.54722	-0.351375	-0.108871	0.165683	0.452184	0.725549	0.95159	1.08107	1.10391	1.04461	0.909314	0.712836	0.486399	0.250456	0.0224983	-0.176088	-0.322735	-0.399412	-0.399412	
0.915524	0.922706	0.88321	0.790046	0.65996	0.515869	0.362458	0.1859	0.00904308	-0.141435	-0.262306	-0.355437	-0.426903	-0.463512	-0.458593	-0.409064	-0.339392	-0.273103	-0.198262	-0.118067	-0.0394652	0.0264286	0.0637906	0.0496814	-0.0258526	-0.134603	-0.246407	-0.34624	-0.41983	-0.440482	-0.389952	-0.259654	-0.0605872	0.165683	0.406088	0.658748	0.882506	1.02375	1.05171	0.978434	0.834516	0.639321	0.405259	0.145183	-0.115475	-0.345375	-0.523559	-0.641408	-0.699712	-0.699712	
0.852358	0.918571	0.946271	0.911421	0.805518	0.670698	0.525161	0.356881	0.180234	0.0234198	-0.108308	-0.226787	-0.326904	-0.397294	-0.43633	-0.436702	-0.405243	-0.355013	-0.296863	-0.227524	-0.132319	-0.0315246	0.0439226	0.0795825	0.0761656	0.0434021	-0.00943555	-0.067123	-0.106367	-0.108457	-0.0562157	0.0722108	0.255584	0.452184	0.658748	0.85882	0.998774	1.0341	0.961319	0.804086	0.585267	0.333819	0.0669977	-0.208504	-0.462841	-0.670188	-0.819902	-0.903403	-0.93371	-0.93371	
0.734282	0.843331	0.921013	0.944312	0.892902	0.787448	0.657763	0.514279	0.362378	0.21535	0.0745288	-0.0617149	-0.186562	-0.289541	-0.375276	-0.436329	-0.456886	-0.436183	-0.397359	-0.340014	-0.240545	-0.121296	-0.0137461	0.0780842	0.158431	0.214606	0.231446	0.228976	0.233134	0.25417	0.313324	0.422533	0.564887	0.725549	0.882506	0.998774	1.03697	0.970731	0.813742	0.586837	0.306667	0.0172419	-0.259996	-0.52221	-0.7474	-0.927344	-1.05147	-1.10534	-1.11451	-1.11451	
0.55913	0.705305	0.821361	0.889606	0.901559	0.855132	0.769531	0.666435	0.557271	0.429231	0.284395	0.13148	-0.0165857	-0.151287	-0.279918	-0.394641	-0.472905	-0.495626	-0.48377	-0.437865	-0.341612	-0.211084	-0.0678719	0.0829535	0.241541	0.373808	0.458361	0.515031	0.561747	0.613616	0.679984	0.757845	0.850085	0.95159	1.02375	1.0341	0.970731	0.824191	0.608146	0.339899	0.0378377	-0.257524	-0.524267	-0.762299	-0.967469	-1.1268	-1.21553	-1.23898	-1.23896	-1.23896	
0.352407	0.516985	0.665348	0.773943	0.840839	0.868101	0.851492	0.807732	0.741741	0.633872	0.490185	0.325326	0.160445	-0.00325588	-0.162902	-0.31583	-0.441656	-0.51189	-0.531123	-0.494831	-0.402898	-0.259459	-0.0779266	0.129228	0.346706	0.533444	0.674961	0.778506	0.858177	0.931089	0.992585	1.0359	1.06662	1.08107	1.05171	0.961319	0.813742	0.608146	0.357804	0.087124	-0.19536	-0.475482	-0.726387	-0.939633	-1.11625	-1.24047	-1.30175	-1.31305	-1.30327	-1.30327	
0.148436	0.301679	0.461818	0.604918	0.723008	0.814097	0.868285	0.889806	0.863444	0.781049	0.650555	0.494597	0.328726	0.151678	-0.0233882	-0.195012	-0.346515	-0.454238	-0.500795	-0.476859	-0.389918	-0.23809	-0.0274781	0.220127	0.472068	0.697433	0.879487	1.01381	1.10924	1.17685	1.21788	1.21995	1.18106	1.10391	0.978434	0.804086	0.586837	0.339899	0.087124	-0.160207	-0.407738	-0.655723	-0.879031	-1.0573	-1.18977	-1.27125	-1.30854	-1.31434	-1.30166	-1.30166	
-0.0510218	0.0855459	0.23881	0.402978	0.563242	0.699053	0.808797	0.881787	0.894452	0.846446	0.748399	0.623544	0.473717	0.303419	0.128521	-0.0416214	-0.191141	-0.309531	-0.36701	-0.351444	-0.271004	-0.120666	0.0943633	0.348442	0.606734	0.847181	1.04997	1.19978	1.29382	1.34108	1.3504	1.30767	1.20478	1.04461	0.834516	0.585267	0.306667	0.0378377	-0.19536	-0.407738	-0.609501	-0.809617	-0.992505	-1.12252	-1.2023	-1.24199	-1.24362	-1.23181	-1.22654	-1.22654	
-0.244588	-0.118165	0.0203573	0.187743	0.366246	0.526878	0.668546	0.774141	0.8268	0.824773	0.780225	0.702529	0.586205	0.444062	0.288736	0.14128	0.0169869	-0.0849416	-0.134659	-0.123492	-0.0532926	0.083188	0.274576	0.505527	0.747373	0.980954	1.18874	1.33753	1.41713	1.43351	1.39327	1.29833	1.13615	0.909314	0.639321	0.333819	0.0172419	-0.257524	-0.475482	-0.655723	-0.809617	-0.950805	-1.07497	-1.15071	-1.17122	-1.15529	-1.11933	-1.091	-1.08615	-1.08615	
-0.398215	-0.290265	-0.174737	-0.0249839	0.146475	0.311763	0.459741	0.580355	0.667433	0.716968	0.735097	0.711055	0.645474	0.552392	0.44232	0.342698	0.258806	0.195586	0.167291	0.179275	0.241285	0.351498	0.506287	0.696954	0.903086	1.11211	1.29993	1.42939	1.48424	1.45884	1.35849	1.20224	0.985446	0.712836	0.405259	0.0669977	-0.259996	-0.524267	-0.726387	-0.879031	-0.992505	-1.07497	-1.12785	-1.14586	-1.11161	-1.03669	-0.965882	-0.923606	-0.906688	-0.906688	
-0.49135	-0.410496	-0.322059	-0.208937	-0.0668332	0.0856802	0.222153	0.339733	0.443379	0.535262	0.604947	0.633198	0.629316	0.602009	0.565515	0.535495	0.508883	0.500094	0.504866	0.531433	0.589648	0.67062	0.786693	0.924979	1.07803	1.23837	1.37476	1.46776	1.48931	1.42072	1.26887	1.05374	0.791811	0.486399	0.145183	-0.208504	-0.52221	-0.762299	-0.939633	-1.0573	-1.12252	-1.15071	-1.14586	-1.10986	-1.02804	-0.90996	-0.814521	-0.765013	-0.741454	-0.741454	
-0.537307	-0.490841	-0.431307	-0.360344	-0.262324	-0.1372	-0.0194537	0.0848075	0.1915	0.31128	0.417752	0.500375	0.563605	0.61581	0.668182	0.715183	0.757194	0.799349	0.841781	0.888507	0.940935	1.0008	1.07711	1.16464	1.2602	1.35385	1.42586	1.46663	1.44407	1.33392	1.14027	0.878109	0.580566	0.250456	-0.115475	-0.462841	-0.7474	-0.967469	-1.11625	-1.18977	-1.2023	-1.17122	-1.11161	-1.02804	-0.915236	-0.79138	-0.698719	-0.651482	-0.632416	-0.632416	
-0.547237	-0.54353	-0.518436	-0.483915	-0.430431	-0.346063	-0.252094	-0.161179	-0.0515017	0.0835874	0.22168	0.359203	0.492668	0.628346	0.764342	0.885969	0.99225	1.07808	1.15326	1.21428	1.25895	1.30061	1.33734	1.37868	1.4186	1.44435	1.45644	1.43804	1.36675	1.2215	0.993942	0.700844	0.374028	0.0224983	-0.345375	-0.670188	-0.927344	-1.1268	-1.24047	-1.27125	-1.24199	-1.15529	-1.03669	-0.90996	-0.79138	-0.700528	-0.63281	-0.590265	-0.579648	-0.579648	
-0.541155	-0.569789	-0.579065	-0.578935	-0.565599	-0.527536	-0.461049	-0.376456	-0.259341	-0.114878	0.0543628	0.240651	0.441891	0.649004	0.851974	1.03781	1.1955	1.32492	1.42329	1.49295	1.53085	1.54887	1.54969	1.54203	1.52865	1.4988	1.45866	1.38845	1.27416	1.10214	0.852179	0.542238	0.191855	-0.176088	-0.523559	-0.819902	-1.05147	-1.21553	-1.30175	-1.30854	-1.24362	-1.11933	-0.965882	-0.814521	-0.698719	-0.63281	-0.590061	-0.564835	-0.565294	-0.565294	
-0.535012	-0.579839	-0.6174	-0.648256	-0.669656	-0.671837	-0.631597	-0.543763	-0.416776	-0.260296	-0.0651661	0.162844	0.416878	0.675814	0.924968	1.15405	1.3516	1.515	1.63045	1.70289	1.73465	1.73059	1.70028	1.64962	1.5915	1.5249	1.44393	1.33588	1.18871	0.992346	0.732547	0.412475	0.046133	-0.322735	-0.641408	-0.903403	-1.10534	-1.23898	-1.31305	-1.31434	-1.23181	-1.091	-0.923606	-0.765013	-0.651482	-0.590265	-0.564835	-0.556503	-0.553514	-0.553514	
-0.525952	-0.5819	-0.638334	-0.686195	-0.728699	-0.755646	-0.733621	-0.640094	-0.506062	-0.338686	-0.130059	0.125479	0.406839	0.695199	0.968013	1.21743	1.44074	1.61972	1.74794	1.81866	1.84602	1.83019	1.77789	1.70343	1.61775	1.533	1.42967	1.30093	1.13609	0.922912	0.662537	0.336197	-0.0384186	-0.399412	-0.699712	-0.93371	-1.11451	-1.23896	-1.30327	-1.30166	-1.22654	-1.08615	-0.906688	-0.741454	-0.632416	-0.579648	-0.565294	-0.553514	-0.530225	-0.530225	
-0.525952	-0.5819	-0.638334	-0.686195	-0.728699	-0.755646	-0.733621	-0.640094	-0.506062	-0.338686	-0.130059	0.125479	0.406839	0.695199	0.968013	1.21743	1.44074	1.61972	1.74794	1.81866	1.84602	1.83019	1.77789	1.70343	1.61775	1.533	1.42967	1.30093	1.13609	0.922912	0.662537	0.336197	-0.0384186	-0.399412	-0.699712	-0.93371	-1.11451	-1.23896	-1.30327	-1.30166	-1.22654	-1.08615	-0.906688	-0.741454	-0.632416	-0.579648	-0.565294	-0.553514	-0.530225	-0.530225	
