-0.204763	-0.204763	-0.228386	-0.25878	-0.283948	-0.293695	-0.298955	-0.29493	-0.277521	-0.240474	-0.203403	-0.207306	-0.27168	-0.396362	-0.541123	-0.68596	-0.806518	-0.891096	-0.92279	-0.882378	-0.75787	-0.531681	-0.218919	0.133685	0.468013	0.753766	0.982785	1.15163	1.24662	1.28984	1.30294	1.29107	1.23511	1.11533	0.927098	0.670967	0.352137	0.00991749	-0.323445	-0.599208	-0.786132	-0.886859	-0.915591	-0.886847	-0.821201	-0.734009	-0.652539	-0.575199	-0.52409	-0.528	
-0.204763	-0.204763	-0.228386	-0.25878	-0.283948	-0.293695	-0.298955	-0.29493	-0.277521	-0.240474	-0.203403	-0.207306	-0.27168	-0.396362	-0.541123	-0.68596	-0.806518	-0.891096	-0.92279	-0.882378	-0.75787	-0.531681	-0.218919	0.133685	0.468013	0.753766	0.982785	1.15163	1.24662	1.28984	1.30294	1.29107	1.23511	1.11533	0.927098	0.670967	0.352137	0.00991749	-0.323445	-0.599208	-0.786132	-0.886859	-0.915591	-0.886847	-0.821201	-0.734009	-0.652539	-0.575199	-0.52409	-0.528	
-0.228386	-0.228386	-0.251218	-0.280881	-0.304757	-0.31363	-0.31693	-0.311067	-0.291168	-0.253146	-0.21464	-0.217648	-0.279777	-0.401088	-0.543534	-0.683959	-0.8024	-0.882517	-0.910768	-0.866471	-0.737598	-0.508503	-0.193627	0.160843	0.496712	0.784135	1.01464	1.18335	1.27906	1.32142	1.3324	1.31555	1.2546	1.1271	0.931167	0.666603	0.33983	-0.0112483	-0.349718	-0.632412	-0.82354	-0.925681	-0.952298	-0.919934	-0.844606	-0.747401	-0.653883	-0.564049	-0.49927	-0.489688	
-0.25878	-0.25878	-0.280881	-0.309619	-0.332891	-0.341173	-0.343044	-0.334518	-0.312763	-0.272332	-0.234404	-0.234517	-0.293847	-0.409776	-0.545501	-0.681903	-0.792508	-0.868242	-0.889147	-0.83819	-0.703085	-0.468416	-0.15046	0.205558	0.543907	0.832713	1.06254	1.22971	1.32257	1.3613	1.36553	1.3412	1.26884	1.13244	0.924989	0.648061	0.309994	-0.0503265	-0.400495	-0.68796	-0.884201	-0.987812	-1.01158	-0.969216	-0.884301	-0.770172	-0.654501	-0.54145	-0.4549	-0.421548	
-0.283948	-0.283948	-0.304757	-0.332891	-0.355045	-0.363772	-0.363786	-0.354021	-0.329508	-0.290314	-0.25269	-0.253736	-0.310407	-0.419769	-0.55127	-0.678009	-0.784143	-0.849824	-0.86309	-0.803735	-0.659891	-0.420941	-0.102144	0.252953	0.588669	0.875038	1.10087	1.2609	1.3492	1.38108	1.37748	1.34086	1.25843	1.1097	0.891953	0.60567	0.261331	-0.106993	-0.457229	-0.750159	-0.949002	-1.05197	-1.0703	-1.02215	-0.920071	-0.789526	-0.652385	-0.515426	-0.399831	-0.334534	
-0.293695	-0.293695	-0.31363	-0.341173	-0.363772	-0.373595	-0.374005	-0.362916	-0.338911	-0.300271	-0.267891	-0.269716	-0.326066	-0.431339	-0.556541	-0.680833	-0.779603	-0.842597	-0.849186	-0.784858	-0.636592	-0.395963	-0.0800165	0.268951	0.600368	0.88058	1.09904	1.24989	1.32993	1.35441	1.34087	1.29519	1.20228	1.04821	0.825778	0.535825	0.190872	-0.174693	-0.52528	-0.812846	-1.00963	-1.10949	-1.12289	-1.06347	-0.953271	-0.806304	-0.645629	-0.483528	-0.342544	-0.244275	
-0.298955	-0.298955	-0.31693	-0.343044	-0.363786	-0.374005	-0.372075	-0.359885	-0.333596	-0.298212	-0.270168	-0.276515	-0.33471	-0.436634	-0.562351	-0.682596	-0.783334	-0.843567	-0.850189	-0.785227	-0.636609	-0.400722	-0.0939553	0.244151	0.564255	0.836701	1.0455	1.18712	1.26227	1.28223	1.26536	1.21389	1.11754	0.963006	0.741599	0.455304	0.118257	-0.241265	-0.580235	-0.8614	-1.05301	-1.14708	-1.15223	-1.08592	-0.960419	-0.800757	-0.621964	-0.439012	-0.271916	-0.14383	
-0.29493	-0.29493	-0.311067	-0.334518	-0.354021	-0.362916	-0.359885	-0.344551	-0.31759	-0.283891	-0.262092	-0.273336	-0.333654	-0.435575	-0.560222	-0.683617	-0.785627	-0.851275	-0.860685	-0.801269	-0.658036	-0.431796	-0.139135	0.182378	0.490684	0.751716	0.953436	1.08695	1.15997	1.18161	1.16595	1.11577	1.02333	0.8747	0.66249	0.386358	0.0616706	-0.284018	-0.609888	-0.878513	-1.06175	-1.14802	-1.14502	-1.0661	-0.930076	-0.753657	-0.553534	-0.351709	-0.168224	-0.017126	
-0.277521	-0.277521	-0.291168	-0.312763	-0.329508	-0.338911	-0.333596	-0.31759	-0.289734	-0.259716	-0.245468	-0.262414	-0.327308	-0.427965	-0.554632	-0.678677	-0.785499	-0.854133	-0.868928	-0.814603	-0.677788	-0.462932	-0.185841	0.118146	0.410685	0.663296	0.854755	0.982953	1.05562	1.08033	1.07036	1.02675	0.940354	0.806305	0.608021	0.34837	0.0432402	-0.283412	-0.590981	-0.842809	-1.01296	-1.08725	-1.07108	-0.978055	-0.825134	-0.635605	-0.418909	-0.200919	-0.0030055	0.158582	
-0.240474	-0.240474	-0.253146	-0.272332	-0.290314	-0.300271	-0.298212	-0.283891	-0.259716	-0.237769	-0.232973	-0.26069	-0.32988	-0.432308	-0.558801	-0.68368	-0.790946	-0.860853	-0.874882	-0.8224	-0.687311	-0.479459	-0.215529	0.0722942	0.352676	0.59385	0.780078	0.901494	0.974207	1.00413	1.00049	0.961293	0.88597	0.76299	0.581817	0.343178	0.0625165	-0.238855	-0.516936	-0.744515	-0.895484	-0.952698	-0.921	-0.811882	-0.644547	-0.438561	-0.207247	0.0161833	0.211026	0.37065	
-0.203403	-0.203403	-0.21464	-0.234404	-0.25269	-0.267891	-0.270168	-0.262092	-0.245468	-0.232973	-0.242231	-0.27976	-0.356129	-0.459037	-0.584589	-0.708089	-0.813451	-0.879763	-0.890526	-0.833702	-0.6956	-0.489719	-0.231525	0.0462526	0.318402	0.557504	0.738779	0.858339	0.931251	0.963814	0.963763	0.930452	0.859177	0.751419	0.588004	0.371927	0.118255	-0.151297	-0.400696	-0.598049	-0.72211	-0.756695	-0.705514	-0.577313	-0.39727	-0.187757	0.0441463	0.262939	0.4451	0.582513	
-0.207306	-0.207306	-0.217648	-0.234517	-0.253736	-0.269716	-0.276515	-0.273336	-0.262414	-0.26069	-0.27976	-0.329102	-0.409824	-0.513294	-0.636569	-0.755966	-0.856422	-0.915799	-0.917425	-0.85228	-0.706438	-0.496503	-0.241357	0.0308803	0.299287	0.537029	0.721005	0.842588	0.920425	0.961902	0.970836	0.942299	0.880079	0.781747	0.632728	0.437612	0.210604	-0.029825	-0.243353	-0.408922	-0.507536	-0.521761	-0.454952	-0.316579	-0.132288	0.0767655	0.298392	0.492697	0.638166	0.737686	
-0.27168	-0.27168	-0.279777	-0.293847	-0.310407	-0.326066	-0.33471	-0.333654	-0.327308	-0.32988	-0.356129	-0.409824	-0.490417	-0.589848	-0.704976	-0.81748	-0.909379	-0.959603	-0.95249	-0.878567	-0.725877	-0.513441	-0.258573	0.00928314	0.277511	0.520238	0.711562	0.841936	0.930033	0.983804	1.0044	0.987155	0.934913	0.851272	0.720998	0.54788	0.344461	0.132083	-0.0572752	-0.200114	-0.279633	-0.281425	-0.209257	-0.068538	0.107006	0.295677	0.488774	0.647754	0.750371	0.800411	
-0.396362	-0.396362	-0.401088	-0.409776	-0.419769	-0.431339	-0.436634	-0.435575	-0.427965	-0.432308	-0.459037	-0.513294	-0.589848	-0.681146	-0.786058	-0.886977	-0.967373	-1.00476	-0.985494	-0.900415	-0.740336	-0.523633	-0.271508	-0.00761122	0.256793	0.503101	0.701283	0.842767	0.94446	1.01624	1.0559	1.05638	1.02016	0.954163	0.842726	0.690564	0.510691	0.321457	0.154191	0.0274661	-0.0453217	-0.0522195	0.00740218	0.127323	0.2765	0.433471	0.587151	0.699735	0.750623	0.751469	
-0.541123	-0.541123	-0.543534	-0.545501	-0.55127	-0.556541	-0.562351	-0.560222	-0.554632	-0.558801	-0.584589	-0.636569	-0.704976	-0.786058	-0.875301	-0.961666	-1.0254	-1.04706	-1.01311	-0.915688	-0.748165	-0.527912	-0.276922	-0.0182917	0.245609	0.493757	0.701503	0.8543	0.968258	1.05628	1.11304	1.12845	1.11015	1.06147	0.971471	0.84394	0.686711	0.518896	0.366463	0.245699	0.166859	0.142362	0.172151	0.255638	0.358954	0.465911	0.567012	0.628945	0.633652	0.594882	
-0.68596	-0.68596	-0.683959	-0.681903	-0.678009	-0.680833	-0.682596	-0.683617	-0.678677	-0.68368	-0.708089	-0.755966	-0.81748	-0.886977	-0.961666	-1.03075	-1.07685	-1.07886	-1.0276	-0.914417	-0.736451	-0.509801	-0.25872	-0.000866753	0.258824	0.510907	0.724349	0.88588	1.01073	1.11014	1.17886	1.20884	1.20078	1.16473	1.09213	0.980978	0.843209	0.693719	0.552898	0.432918	0.344352	0.290438	0.279034	0.309105	0.356748	0.404882	0.446859	0.458544	0.423951	0.357654	
-0.806518	-0.806518	-0.8024	-0.792508	-0.784143	-0.779603	-0.783334	-0.785627	-0.785499	-0.790946	-0.813451	-0.856422	-0.909379	-0.967373	-1.0254	-1.07685	-1.1018	-1.08382	-1.01335	-0.883638	-0.696419	-0.463096	-0.21084	0.0440092	0.304059	0.555791	0.775748	0.946293	1.07657	1.18346	1.25944	1.29239	1.28972	1.25764	1.19064	1.09115	0.965002	0.825689	0.689349	0.566573	0.458605	0.372147	0.314748	0.290284	0.277431	0.267974	0.258032	0.225591	0.158686	0.0743201	
-0.891096	-0.891096	-0.882517	-0.868242	-0.849824	-0.842597	-0.843567	-0.851275	-0.854133	-0.860853	-0.879763	-0.915799	-0.959603	-1.00476	-1.04706	-1.07886	-1.08382	-1.04505	-0.95647	-0.813427	-0.618427	-0.382577	-0.13325	0.119605	0.373073	0.624264	0.847463	1.02108	1.15685	1.26496	1.34042	1.37488	1.36964	1.33296	1.26862	1.16891	1.04615	0.908304	0.768237	0.630045	0.499917	0.37684	0.274999	0.19712	0.136478	0.0819491	0.0283399	-0.0338747	-0.114388	-0.201586	
-0.92279	-0.92279	-0.910768	-0.889147	-0.86309	-0.849186	-0.850189	-0.860685	-0.868928	-0.874882	-0.890526	-0.917425	-0.95249	-0.985494	-1.01311	-1.0276	-1.01335	-0.95647	-0.853265	-0.699561	-0.502613	-0.269427	-0.0263774	0.216121	0.461041	0.703408	0.922502	1.0972	1.23139	1.33766	1.41193	1.4429	1.43366	1.39163	1.32002	1.21573	1.08838	0.943348	0.790247	0.634259	0.475016	0.313818	0.168235	0.0450835	-0.0550152	-0.140218	-0.210423	-0.281463	-0.364752	-0.449763	
-0.882378	-0.882378	-0.866471	-0.83819	-0.803735	-0.784858	-0.785227	-0.801269	-0.814603	-0.8224	-0.833702	-0.85228	-0.878567	-0.900415	-0.915688	-0.914417	-0.883638	-0.813427	-0.699561	-0.544068	-0.352266	-0.130288	0.0965721	0.325043	0.553803	0.783434	0.996133	1.16679	1.29944	1.40113	1.46884	1.49501	1.47916	1.42778	1.34965	1.23756	1.10317	0.946705	0.776369	0.594999	0.402654	0.205161	0.0231993	-0.136101	-0.260426	-0.357486	-0.436487	-0.507411	-0.577449	-0.642123	
-0.75787	-0.75787	-0.737598	-0.703085	-0.659891	-0.636592	-0.636609	-0.658036	-0.677788	-0.687311	-0.6956	-0.706438	-0.725877	-0.740336	-0.748165	-0.736451	-0.696419	-0.618427	-0.502613	-0.352266	-0.172345	0.0298132	0.236811	0.444139	0.653384	0.865234	1.06547	1.22905	1.35832	1.45411	1.51769	1.53998	1.52019	1.46073	1.37309	1.24868	1.10159	0.928903	0.740649	0.536275	0.319673	0.0958182	-0.113219	-0.297736	-0.436063	-0.539724	-0.612629	-0.669409	-0.722687	-0.769404	
-0.531681	-0.531681	-0.508503	-0.468416	-0.420941	-0.395963	-0.400722	-0.431796	-0.462932	-0.479459	-0.489719	-0.496503	-0.513441	-0.523633	-0.527912	-0.509801	-0.463096	-0.382577	-0.269427	-0.130288	0.0298132	0.206138	0.385517	0.56745	0.754298	0.947568	1.13447	1.29423	1.42145	1.51525	1.5744	1.59305	1.56579	1.49837	1.39658	1.25905	1.09833	0.91124	0.70485	0.484612	0.24789	0.00785259	-0.213274	-0.406338	-0.547719	-0.646055	-0.710168	-0.759493	-0.796979	-0.817983	
-0.218919	-0.218919	-0.193627	-0.15046	-0.102144	-0.0800165	-0.0939553	-0.139135	-0.185841	-0.215529	-0.231525	-0.241357	-0.258573	-0.271508	-0.276922	-0.25872	-0.21084	-0.13325	-0.0263774	0.0965721	0.236811	0.385517	0.538871	0.697824	0.865768	1.04185	1.21892	1.37252	1.50055	1.59255	1.64824	1.66221	1.6306	1.551	1.43463	1.27932	1.10063	0.896272	0.678883	0.44873	0.206998	-0.0304295	-0.250455	-0.442672	-0.581585	-0.673452	-0.729631	-0.764571	-0.783336	-0.779272	
0.133685	0.133685	0.160843	0.205558	0.252953	0.268951	0.244151	0.182378	0.118146	0.0722942	0.0462526	0.0308803	0.00928314	-0.00761122	-0.0182917	-0.000866753	0.0440092	0.119605	0.216121	0.325043	0.444139	0.56745	0.697824	0.8379	0.99239	1.16113	1.33129	1.48845	1.6209	1.71501	1.76771	1.77444	1.72893	1.63368	1.49328	1.31534	1.11825	0.902238	0.679512	0.451829	0.217843	-0.0104604	-0.220139	-0.403482	-0.535866	-0.622769	-0.667364	-0.691951	-0.696488	-0.670071	
0.468013	0.468013	0.496712	0.543907	0.588669	0.600368	0.564255	0.490684	0.410685	0.352676	0.318402	0.299287	0.277511	0.256793	0.245609	0.258824	0.304059	0.373073	0.461041	0.553803	0.653384	0.754298	0.865768	0.99239	1.14372	1.31014	1.48464	1.64837	1.78948	1.88936	1.93737	1.93236	1.87043	1.75138	1.58274	1.37966	1.16099	0.93566	0.713875	0.498299	0.279826	0.0738084	-0.118811	-0.288155	-0.417835	-0.497568	-0.535057	-0.550151	-0.539948	-0.491968	
0.753766	0.753766	0.784135	0.832713	0.875038	0.88058	0.836701	0.751716	0.663296	0.59385	0.557504	0.537029	0.520238	0.503101	0.493757	0.510907	0.555791	0.624264	0.703408	0.783434	0.865234	0.947568	1.04185	1.16113	1.31014	1.48279	1.66235	1.83581	1.98716	2.09158	2.13527	2.1154	2.03193	1.88691	1.68865	1.45838	1.22305	0.991437	0.779175	0.579979	0.385432	0.201815	0.0288961	-0.126892	-0.246908	-0.31919	-0.346804	-0.348107	-0.327423	-0.271747	
0.982785	0.982785	1.01464	1.06254	1.10087	1.09904	1.0455	0.953436	0.854755	0.780078	0.738779	0.721005	0.711562	0.701283	0.701503	0.724349	0.775748	0.847463	0.922502	0.996133	1.06547	1.13447	1.21892	1.33129	1.48464	1.66235	1.84853	2.02806	2.18344	2.28832	2.3208	2.28047	2.17235	1.99999	1.77656	1.52787	1.28161	1.05556	0.85645	0.677566	0.507351	0.344176	0.189461	0.0519344	-0.0578291	-0.119853	-0.132096	-0.124247	-0.099475	-0.0440603	
1.15163	1.15163	1.18335	1.22971	1.2609	1.24989	1.18712	1.08695	0.982953	0.901494	0.858339	0.842588	0.841936	0.842767	0.8543	0.88588	0.946293	1.02108	1.0972	1.16679	1.22905	1.29423	1.37252	1.48845	1.64837	1.83581	2.02806	2.20783	2.35862	2.45294	2.46502	2.39637	2.25821	2.06059	1.81771	1.55805	1.31376	1.09852	0.919297	0.766171	0.619211	0.477181	0.343436	0.221833	0.123367	0.0742711	0.0671714	0.0799629	0.104177	0.151109	
1.24662	1.24662	1.27906	1.32257	1.3492	1.32993	1.26227	1.15997	1.05562	0.974207	0.931251	0.920425	0.930033	0.94446	0.968258	1.01073	1.07657	1.15685	1.23139	1.29944	1.35832	1.42145	1.50055	1.6209	1.78948	1.98716	2.18344	2.35862	2.49836	2.57435	2.56097	2.45933	2.29046	2.0661	1.80952	1.54489	1.30601	1.10757	0.953678	0.825333	0.71024	0.594358	0.484886	0.383854	0.301457	0.253593	0.244412	0.250479	0.260042	0.286758	
1.28984	1.28984	1.32142	1.3613	1.38108	1.35441	1.28223	1.18161	1.08033	1.00413	0.963814	0.961902	0.983804	1.01624	1.05628	1.11014	1.18346	1.26496	1.33766	1.40113	1.45411	1.51525	1.59255	1.71501	1.88936	2.09158	2.28832	2.45294	2.57435	2.6281	2.58783	2.45696	2.26086	2.01804	1.75336	1.4874	1.25642	1.07311	0.93869	0.840527	0.758493	0.674902	0.601535	0.527913	0.460202	0.41385	0.392374	0.376093	0.363434	0.367388	
1.30294	1.30294	1.3324	1.36553	1.37748	1.34087	1.26536	1.16595	1.07036	1.00049	0.963763	0.970836	1.0044	1.0559	1.11304	1.17886	1.25944	1.34042	1.41193	1.46884	1.51769	1.5744	1.64824	1.76771	1.93737	2.13527	2.3208	2.46502	2.56097	2.58783	2.52372	2.37231	2.15889	1.90862	1.64423	1.38334	1.16074	0.989955	0.87435	0.803911	0.755519	0.712723	0.67588	0.629782	0.579548	0.53135	0.491377	0.456918	0.42338	0.40189	
1.29107	1.29107	1.31555	1.3412	1.34086	1.29519	1.21389	1.11577	1.02675	0.961293	0.930452	0.942299	0.987155	1.05638	1.12845	1.20884	1.29239	1.37488	1.4429	1.49501	1.53998	1.59305	1.66221	1.77444	1.93236	2.1154	2.28047	2.39637	2.45933	2.45696	2.37231	2.20602	1.98646	1.73515	1.47748	1.22587	1.015	0.858049	0.765308	0.724068	0.712525	0.705707	0.699795	0.673086	0.633224	0.579278	0.527214	0.475694	0.42331	0.382229	
1.23511	1.23511	1.2546	1.26884	1.25843	1.20228	1.11754	1.02333	0.940354	0.88597	0.859177	0.880079	0.934913	1.02016	1.11015	1.20078	1.28972	1.36964	1.43366	1.47916	1.52019	1.56579	1.6306	1.72893	1.87043	2.03193	2.17235	2.25821	2.29046	2.26086	2.15889	1.98646	1.76127	1.51233	1.26146	1.02015	0.822907	0.687727	0.619023	0.612823	0.635868	0.662933	0.678642	0.663869	0.62479	0.562275	0.494025	0.425577	0.36027	0.304753	
1.11533	1.11533	1.1271	1.13244	1.1097	1.04821	0.963006	0.8747	0.806305	0.76299	0.751419	0.781747	0.851272	0.954163	1.06147	1.16473	1.25764	1.33296	1.39163	1.42778	1.46073	1.49837	1.551	1.63368	1.75138	1.88691	1.99999	2.06059	2.0661	2.01804	1.90862	1.73515	1.51233	1.26751	1.01877	0.787315	0.604641	0.486688	0.447124	0.474777	0.527722	0.585085	0.617194	0.608307	0.567202	0.497719	0.412373	0.32521	0.238597	0.169665	
0.927098	0.927098	0.931167	0.924989	0.891953	0.825778	0.741599	0.66249	0.608021	0.581817	0.588004	0.632728	0.720998	0.842726	0.971471	1.09213	1.19064	1.26862	1.32002	1.34965	1.37309	1.39658	1.43463	1.49328	1.58274	1.68865	1.77656	1.81771	1.80952	1.75336	1.64423	1.47748	1.26146	1.01877	0.77624	0.555208	0.385992	0.289216	0.273088	0.319715	0.395025	0.470135	0.511647	0.511301	0.473124	0.395963	0.296643	0.185755	0.0778325	-0.00468506	
0.670967	0.670967	0.666603	0.648061	0.60567	0.535825	0.455304	0.386358	0.34837	0.343178	0.371927	0.437612	0.54788	0.690564	0.84394	0.980978	1.09115	1.16891	1.21573	1.23756	1.24868	1.25905	1.27932	1.31534	1.37966	1.45838	1.52787	1.55805	1.54489	1.4874	1.38334	1.22587	1.02015	0.787315	0.555208	0.347924	0.197882	0.116317	0.112345	0.169048	0.250338	0.33032	0.380231	0.386753	0.346821	0.268615	0.158326	0.0273755	-0.0991854	-0.188621	
0.352137	0.352137	0.33983	0.309994	0.261331	0.190872	0.118257	0.0616706	0.0432402	0.0625165	0.118255	0.210604	0.344461	0.510691	0.686711	0.843209	0.965002	1.04615	1.08838	1.10317	1.10159	1.09833	1.10063	1.11825	1.16099	1.22305	1.28161	1.31376	1.30601	1.25642	1.16074	1.015	0.822907	0.604641	0.385992	0.197882	0.0631008	-0.0077707	-0.00659649	0.0461468	0.124622	0.205523	0.257943	0.265318	0.22342	0.137415	0.0162765	-0.126574	-0.259806	-0.352545	
0.00991749	0.00991749	-0.0112483	-0.0503265	-0.106993	-0.174693	-0.241265	-0.284018	-0.283412	-0.238855	-0.151297	-0.029825	0.132083	0.321457	0.518896	0.693719	0.825689	0.908304	0.943348	0.946705	0.928903	0.91124	0.896272	0.902238	0.93566	0.991437	1.05556	1.09852	1.10757	1.07311	0.989955	0.858049	0.687727	0.486688	0.289216	0.116317	-0.0077707	-0.0757958	-0.0789032	-0.0360267	0.038286	0.112491	0.165069	0.170917	0.121675	0.0302398	-0.0924597	-0.240632	-0.381354	-0.482812	
-0.323445	-0.323445	-0.349718	-0.400495	-0.457229	-0.52528	-0.580235	-0.609888	-0.590981	-0.516936	-0.400696	-0.243353	-0.0572752	0.154191	0.366463	0.552898	0.689349	0.768237	0.790247	0.776369	0.740649	0.70485	0.678883	0.679512	0.713875	0.779175	0.85645	0.919297	0.953678	0.93869	0.87435	0.765308	0.619023	0.447124	0.273088	0.112345	-0.00659649	-0.0789032	-0.0954481	-0.0641477	0.00142306	0.0680321	0.12223	0.126313	0.0772599	-0.0152192	-0.136948	-0.286937	-0.434044	-0.552407	
-0.599208	-0.599208	-0.632412	-0.68796	-0.750159	-0.812846	-0.8614	-0.878513	-0.842809	-0.744515	-0.598049	-0.408922	-0.200114	0.0274661	0.245699	0.432918	0.566573	0.630045	0.634259	0.594999	0.536275	0.484612	0.44873	0.451829	0.498299	0.579979	0.677566	0.766171	0.825333	0.840527	0.803911	0.724068	0.612823	0.474777	0.319715	0.169048	0.0461468	-0.0360267	-0.0641477	-0.039395	0.0153275	0.0769091	0.127918	0.133027	0.0897382	0.00852468	-0.101975	-0.247889	-0.40985	-0.556022	
-0.786132	-0.786132	-0.82354	-0.884201	-0.949002	-1.00963	-1.05301	-1.06175	-1.01296	-0.895484	-0.72211	-0.507536	-0.279633	-0.0453217	0.166859	0.344352	0.458605	0.499917	0.475016	0.402654	0.319673	0.24789	0.206998	0.217843	0.279826	0.385432	0.507351	0.619211	0.71024	0.758493	0.755519	0.712525	0.635868	0.527722	0.395025	0.250338	0.124622	0.038286	0.00142306	0.0153275	0.059232	0.11453	0.165485	0.184906	0.166795	0.104376	0.00293987	-0.143044	-0.320693	-0.494656	
-0.886859	-0.886859	-0.925681	-0.987812	-1.05197	-1.10949	-1.14708	-1.14802	-1.08725	-0.952698	-0.756695	-0.521761	-0.281425	-0.0522195	0.142362	0.290438	0.372147	0.37684	0.313818	0.205161	0.0958182	0.00785259	-0.0304295	-0.0104604	0.0738084	0.201815	0.344176	0.477181	0.594358	0.674902	0.712723	0.705707	0.662933	0.585085	0.470135	0.33032	0.205523	0.112491	0.0680321	0.0769091	0.11453	0.171424	0.233435	0.278189	0.285475	0.243031	0.153852	0.0124797	-0.179092	-0.373196	
-0.915591	-0.915591	-0.952298	-1.01158	-1.0703	-1.12289	-1.15223	-1.14502	-1.07108	-0.921	-0.705514	-0.454952	-0.209257	0.00740218	0.172151	0.279034	0.314748	0.274999	0.168235	0.0231993	-0.113219	-0.213274	-0.250455	-0.220139	-0.118811	0.0288961	0.189461	0.343436	0.484886	0.601535	0.67588	0.699795	0.678642	0.617194	0.511647	0.380231	0.257943	0.165069	0.12223	0.127918	0.165485	0.233435	0.313797	0.385826	0.425818	0.40713	0.330534	0.192834	-0.000858664	-0.207482	
-0.886847	-0.886847	-0.919934	-0.969216	-1.02215	-1.06347	-1.08592	-1.0661	-0.978055	-0.811882	-0.577313	-0.316579	-0.068538	0.127323	0.255638	0.309105	0.290284	0.19712	0.0450835	-0.136101	-0.297736	-0.406338	-0.442672	-0.403482	-0.288155	-0.126892	0.0519344	0.221833	0.383854	0.527913	0.629782	0.673086	0.663869	0.608307	0.511301	0.386753	0.265318	0.170917	0.126313	0.133027	0.184906	0.278189	0.385826	0.493348	0.561998	0.56548	0.505786	0.381723	0.193753	-0.0194828	
-0.821201	-0.821201	-0.844606	-0.884301	-0.920071	-0.953271	-0.960419	-0.930076	-0.825134	-0.644547	-0.39727	-0.132288	0.107006	0.2765	0.358954	0.356748	0.277431	0.136478	-0.0550152	-0.260426	-0.436063	-0.547719	-0.581585	-0.535866	-0.417835	-0.246908	-0.0578291	0.123367	0.301457	0.460202	0.579548	0.633224	0.62479	0.567202	0.473124	0.346821	0.22342	0.121675	0.0772599	0.0897382	0.166795	0.285475	0.425818	0.561998	0.659838	0.69329	0.661096	0.554667	0.380165	0.175011	
-0.734009	-0.734009	-0.747401	-0.770172	-0.789526	-0.806304	-0.800757	-0.753657	-0.635605	-0.438561	-0.187757	0.0767655	0.295677	0.433471	0.465911	0.404882	0.267974	0.0819491	-0.140218	-0.357486	-0.539724	-0.646055	-0.673452	-0.622769	-0.497568	-0.31919	-0.119853	0.0742711	0.253593	0.41385	0.53135	0.579278	0.562275	0.497719	0.395963	0.268615	0.137415	0.0302398	-0.0152192	0.00852468	0.104376	0.243031	0.40713	0.56548	0.69329	0.764276	0.771095	0.691156	0.543655	0.351579	
-0.652539	-0.652539	-0.653883	-0.654501	-0.652385	-0.645629	-0.621964	-0.553534	-0.418909	-0.207247	0.0441463	0.298392	0.488774	0.587151	0.567012	0.446859	0.258032	0.0283399	-0.210423	-0.436487	-0.612629	-0.710168	-0.729631	-0.667364	-0.535057	-0.346804	-0.132096	0.0671714	0.244412	0.392374	0.491377	0.527214	0.494025	0.412373	0.296643	0.158326	0.0162765	-0.0924597	-0.136948	-0.101975	0.00293987	0.153852	0.330534	0.505786	0.661096	0.771095	0.813848	0.771654	0.663551	0.502386	
-0.575199	-0.575199	-0.564049	-0.54145	-0.515426	-0.483528	-0.439012	-0.351709	-0.200919	0.0161833	0.262939	0.492697	0.647754	0.699735	0.628945	0.458544	0.225591	-0.0338747	-0.281463	-0.507411	-0.669409	-0.759493	-0.764571	-0.691951	-0.550151	-0.348107	-0.124247	0.0799629	0.250479	0.376093	0.456918	0.475694	0.425577	0.32521	0.185755	0.0273755	-0.126574	-0.240632	-0.286937	-0.247889	-0.143044	0.0124797	0.192834	0.381723	0.554667	0.691156	0.771654	0.781653	0.71773	0.595296	
-0.52409	-0.52409	-0.49927	-0.4549	-0.399831	-0.342544	-0.271916	-0.168224	-0.0030055	0.211026	0.4451	0.638166	0.750371	0.750623	0.633652	0.423951	0.158686	-0.114388	-0.364752	-0.577449	-0.722687	-0.796979	-0.783336	-0.696488	-0.539948	-0.327423	-0.099475	0.104177	0.260042	0.363434	0.42338	0.42331	0.36027	0.238597	0.0778325	-0.0991854	-0.259806	-0.381354	-0.434044	-0.40985	-0.320693	-0.179092	-0.000858664	0.193753	0.380165	0.543655	0.663551	0.71773	0.689376	0.602359	
-0.528	-0.528	-0.489688	-0.421548	-0.334534	-0.244275	-0.14383	-0.017126	0.158582	0.37065	0.582513	0.737686	0.800411	0.751469	0.594882	0.357654	0.0743201	-0.201586	-0.449763	-0.642123	-0.769404	-0.817983	-0.779272	-0.670071	-0.491968	-0.271747	-0.0440603	0.151109	0.286758	0.367388	0.40189	0.382229	0.304753	0.169665	-0.00468506	-0.188621	-0.352545	-0.482812	-0.552407	-0.556022	-0.494656	-0.373196	-0.207482	-0.0194828	0.175011	0.351579	0.502386	0.595296	0.602359	0.535998	
