-0.134055	-0.134055	-0.103408	-0.0512124	0.00448832	0.0542923	0.0972972	0.137359	0.147412	0.124395	0.0557173	-0.0564021	-0.221803	-0.413552	-0.612616	-0.776323	-0.88108	-0.906138	-0.865062	-0.762567	-0.612357	-0.412697	-0.162257	0.122792	0.4129	0.666501	0.864476	1.00049	1.08438	1.11612	1.09608	1.03238	0.93808	0.820011	0.679745	0.525529	0.381311	0.270712	0.199764	0.162612	0.140252	0.119915	0.103244	0.0908711	0.0974108	0.120726	0.157017	0.183139	0.188063	0.167022	
0.0761737	0.0761737	0.100737	0.131303	0.16387	0.196124	0.219796	0.239988	0.241309	0.206332	0.126172	0.00152236	-0.180413	-0.395715	-0.612695	-0.807877	-0.947091	-1.00262	-0.991646	-0.915487	-0.776565	-0.584005	-0.332964	-0.0368802	0.264887	0.531393	0.740586	0.8858	0.977851	1.02295	1.0302	1.0045	0.947397	0.85575	0.730434	0.57983	0.431463	0.310091	0.2232	0.163182	0.120055	0.0864304	0.0538539	0.015158	-0.000122882	0.00911926	0.0318217	0.0576501	0.0821484	0.0905866	
0.251561	0.251561	0.270537	0.284001	0.297073	0.315433	0.323988	0.326673	0.321237	0.289002	0.211049	0.0885444	-0.0898598	-0.310646	-0.541857	-0.760453	-0.932416	-1.02553	-1.04915	-1.005	-0.888628	-0.714528	-0.479299	-0.194186	0.109865	0.384919	0.602954	0.757872	0.861479	0.922008	0.953166	0.95698	0.929372	0.862385	0.75435	0.609327	0.456648	0.323942	0.217139	0.129672	0.0647559	0.0174814	-0.0343694	-0.0959712	-0.129261	-0.12752	-0.106452	-0.0704445	-0.0233564	0.00969317	
0.400123	0.400123	0.402866	0.393275	0.38712	0.39117	0.395216	0.397695	0.395562	0.368828	0.303239	0.193988	0.0312408	-0.185397	-0.422025	-0.652839	-0.846311	-0.97244	-1.03042	-1.01828	-0.937755	-0.797054	-0.583605	-0.314336	-0.0276289	0.243161	0.466424	0.631649	0.750159	0.826765	0.874471	0.898954	0.892106	0.845477	0.752472	0.619744	0.469838	0.3202	0.179793	0.0665558	-0.0190116	-0.0874092	-0.159159	-0.233705	-0.271848	-0.267282	-0.234562	-0.179736	-0.117749	-0.0662005	
0.49658	0.49658	0.48429	0.457606	0.438756	0.430512	0.431829	0.442874	0.448012	0.429903	0.38161	0.28984	0.148953	-0.0483712	-0.27541	-0.508178	-0.710899	-0.857788	-0.942252	-0.963313	-0.912739	-0.801443	-0.616933	-0.375052	-0.111619	0.14105	0.357499	0.525761	0.646561	0.730066	0.791925	0.836294	0.85495	0.828991	0.74899	0.623748	0.467684	0.29372	0.127905	-0.0132952	-0.125515	-0.217168	-0.301608	-0.376964	-0.4101	-0.392438	-0.340996	-0.273246	-0.198726	-0.126394	
0.524254	0.524254	0.507756	0.481648	0.467397	0.451826	0.443896	0.450533	0.45482	0.445701	0.425046	0.359764	0.243757	0.0692874	-0.138135	-0.355605	-0.550174	-0.696947	-0.792151	-0.835218	-0.814824	-0.73257	-0.580395	-0.368173	-0.133931	0.0926489	0.286498	0.438847	0.547941	0.625425	0.692933	0.755881	0.798573	0.793029	0.732166	0.61608	0.449975	0.256533	0.0671536	-0.0951762	-0.231891	-0.347658	-0.447596	-0.521782	-0.549381	-0.517742	-0.448086	-0.357817	-0.264139	-0.173688	
0.50856	0.50856	0.496402	0.472681	0.45815	0.443009	0.430358	0.425061	0.419008	0.416642	0.415	0.37666	0.291737	0.150498	-0.0273521	-0.216132	-0.388046	-0.515388	-0.601136	-0.649381	-0.648144	-0.587982	-0.466384	-0.295549	-0.10761	0.0802237	0.240331	0.364437	0.455124	0.525423	0.592247	0.658825	0.710667	0.722687	0.680382	0.576335	0.417119	0.222257	0.017419	-0.165897	-0.327022	-0.468383	-0.588689	-0.668895	-0.691172	-0.652496	-0.566033	-0.450387	-0.335571	-0.226665	
0.473234	0.473234	0.462693	0.437045	0.412947	0.391614	0.373379	0.35506	0.336456	0.337345	0.348239	0.335684	0.285586	0.183788	0.0382883	-0.111697	-0.240179	-0.330913	-0.394688	-0.427628	-0.423472	-0.376906	-0.285667	-0.16128	-0.0266702	0.100732	0.212439	0.305674	0.379693	0.438272	0.502542	0.56661	0.616716	0.632947	0.604561	0.522624	0.377585	0.185906	-0.0261307	-0.226221	-0.409548	-0.57374	-0.712081	-0.801793	-0.829351	-0.791901	-0.688524	-0.553829	-0.418657	-0.292739	
0.429678	0.429678	0.410615	0.375878	0.339021	0.304257	0.267693	0.232905	0.208853	0.210273	0.226691	0.238455	0.22129	0.156985	0.0590289	-0.0414021	-0.118001	-0.159363	-0.178624	-0.186599	-0.174828	-0.138757	-0.0724399	0.0102109	0.0953466	0.16949	0.230187	0.281805	0.327814	0.374411	0.426312	0.479356	0.524306	0.54789	0.533394	0.463478	0.331175	0.144905	-0.0689581	-0.277915	-0.466194	-0.645633	-0.804376	-0.91274	-0.946493	-0.908548	-0.803706	-0.658721	-0.506978	-0.369388	
0.390901	0.390901	0.352902	0.301704	0.24827	0.193156	0.137054	0.0842115	0.0526693	0.0488084	0.0653886	0.0930291	0.105437	0.0804974	0.0386263	0.00528598	-0.00608808	0.00326274	0.0231158	0.0437127	0.0656156	0.0977514	0.147927	0.203075	0.249652	0.281398	0.299789	0.308005	0.317169	0.336918	0.369883	0.407151	0.446017	0.470406	0.459582	0.394724	0.273129	0.0982654	-0.106787	-0.304843	-0.488439	-0.670798	-0.840165	-0.957366	-1.00079	-0.976688	-0.886102	-0.745117	-0.590012	-0.447211	
0.354409	0.354409	0.3108	0.250434	0.173647	0.0878278	0.00662592	-0.0701563	-0.123087	-0.136367	-0.111485	-0.0645725	-0.0265397	-0.0115912	-0.002142	0.0211818	0.0695906	0.134471	0.199727	0.252484	0.292088	0.327968	0.366795	0.400982	0.420288	0.415482	0.396727	0.373237	0.350353	0.338155	0.344948	0.362577	0.381581	0.388763	0.36785	0.309977	0.204882	0.0510522	-0.126236	-0.300309	-0.469523	-0.64385	-0.810845	-0.930944	-0.981999	-0.972806	-0.900833	-0.778163	-0.637833	-0.505669	
0.332225	0.332225	0.288583	0.213174	0.105141	-0.0118141	-0.121519	-0.224898	-0.300084	-0.322217	-0.292285	-0.226012	-0.15698	-0.099531	-0.0469477	0.0182297	0.10827	0.221512	0.341284	0.439141	0.506773	0.552857	0.582808	0.595562	0.591301	0.56191	0.514347	0.456166	0.401037	0.363545	0.343594	0.333472	0.322811	0.306609	0.271231	0.210345	0.120977	0.00629523	-0.124391	-0.263006	-0.407738	-0.572141	-0.733634	-0.852753	-0.906142	-0.905039	-0.852868	-0.753957	-0.642793	-0.538203	
0.339867	0.339867	0.284028	0.186622	0.0492977	-0.103884	-0.248069	-0.378709	-0.466107	-0.485747	-0.450255	-0.380809	-0.287906	-0.193295	-0.102634	0.00495381	0.140817	0.294155	0.45489	0.593771	0.694395	0.757564	0.784329	0.784688	0.761925	0.713031	0.644867	0.56198	0.476599	0.406686	0.357117	0.314373	0.276028	0.231287	0.178902	0.115561	0.0479063	-0.0289152	-0.113696	-0.216238	-0.339235	-0.482201	-0.625316	-0.73352	-0.794722	-0.809346	-0.772579	-0.696314	-0.611381	-0.523849	
0.36613	0.36613	0.289619	0.164021	-0.00188972	-0.188545	-0.365412	-0.509541	-0.604857	-0.629743	-0.598699	-0.522387	-0.411497	-0.280566	-0.150516	0.00433901	0.180219	0.367833	0.551817	0.719563	0.846795	0.928703	0.962994	0.961902	0.926605	0.858268	0.766944	0.663606	0.560842	0.465305	0.380763	0.304531	0.230265	0.162196	0.0946682	0.033297	-0.0210431	-0.0653692	-0.11577	-0.182602	-0.271351	-0.377328	-0.489296	-0.592113	-0.665473	-0.698673	-0.683751	-0.63278	-0.571324	-0.497867	
0.393633	0.393633	0.311097	0.166895	-0.0292463	-0.251664	-0.452986	-0.605913	-0.709134	-0.745707	-0.718139	-0.635193	-0.504451	-0.345109	-0.173902	0.0202641	0.225197	0.432522	0.640883	0.828969	0.975836	1.07049	1.11074	1.10533	1.06465	0.98724	0.885353	0.768625	0.647395	0.52594	0.407828	0.2918	0.190845	0.10283	0.0239874	-0.0413589	-0.0837292	-0.104005	-0.119352	-0.155089	-0.205897	-0.275058	-0.3627	-0.456299	-0.531909	-0.576086	-0.580441	-0.563279	-0.531297	-0.477407	
0.429999	0.429999	0.349937	0.193385	-0.0295596	-0.278964	-0.500788	-0.667371	-0.778584	-0.817728	-0.789179	-0.699443	-0.554637	-0.372565	-0.171844	0.0457793	0.266292	0.489804	0.716229	0.924394	1.08907	1.19115	1.2323	1.22291	1.17591	1.09629	0.991422	0.867684	0.731172	0.582057	0.427407	0.280664	0.156219	0.0493086	-0.0441824	-0.112739	-0.140932	-0.1363	-0.12307	-0.124352	-0.145605	-0.192237	-0.261408	-0.342077	-0.412644	-0.460489	-0.484697	-0.498267	-0.497701	-0.464227	
0.471204	0.471204	0.387962	0.220899	-0.014782	-0.281542	-0.525479	-0.710877	-0.823693	-0.856694	-0.816214	-0.716087	-0.561392	-0.366119	-0.147244	0.0758392	0.300827	0.538152	0.778396	1.00006	1.17765	1.28748	1.32943	1.31683	1.26229	1.17692	1.06434	0.932718	0.783458	0.611431	0.426959	0.250186	0.0986078	-0.0280531	-0.128345	-0.186949	-0.196737	-0.168157	-0.131331	-0.10735	-0.109512	-0.13879	-0.194825	-0.263625	-0.325575	-0.375111	-0.418563	-0.460522	-0.483254	-0.468028	
0.509594	0.509594	0.4232	0.246159	-0.00086011	-0.282604	-0.545502	-0.745821	-0.855171	-0.8809	-0.830799	-0.715	-0.536863	-0.329085	-0.106078	0.115173	0.341652	0.578063	0.81923	1.04378	1.2309	1.34931	1.39454	1.37805	1.31809	1.22174	1.09616	0.954279	0.791451	0.602567	0.396167	0.189554	0.0124502	-0.126259	-0.222648	-0.263047	-0.249	-0.202409	-0.147732	-0.112403	-0.107879	-0.128709	-0.170897	-0.224258	-0.277353	-0.326899	-0.379747	-0.440503	-0.488341	-0.496884	
0.543821	0.543821	0.454088	0.263237	-0.00487913	-0.308209	-0.585156	-0.786442	-0.89011	-0.914895	-0.855488	-0.714703	-0.511312	-0.286343	-0.0499814	0.172711	0.3858	0.605756	0.83057	1.04573	1.23268	1.35502	1.40436	1.38872	1.31702	1.20836	1.07224	0.917299	0.747936	0.556014	0.336899	0.11229	-0.080998	-0.224842	-0.311014	-0.335194	-0.302613	-0.238308	-0.179157	-0.142687	-0.136385	-0.150998	-0.180791	-0.221352	-0.266195	-0.311367	-0.376305	-0.455587	-0.5234	-0.552603	
0.555364	0.555364	0.458251	0.247862	-0.0452385	-0.369847	-0.660444	-0.867356	-0.970291	-0.982894	-0.898336	-0.73035	-0.500448	-0.251302	-0.000863931	0.223796	0.425266	0.61969	0.816724	1.01344	1.18827	1.30391	1.34834	1.32971	1.25095	1.13181	0.986104	0.834906	0.67371	0.485802	0.267736	0.0353841	-0.170581	-0.320523	-0.401453	-0.410644	-0.361832	-0.289618	-0.227323	-0.193289	-0.19178	-0.197156	-0.211657	-0.239411	-0.276842	-0.322453	-0.393858	-0.488887	-0.57518	-0.616132	
0.519148	0.519148	0.408931	0.179861	-0.127668	-0.464982	-0.77036	-0.990763	-1.09699	-1.09344	-0.976874	-0.773422	-0.510528	-0.234291	0.0289683	0.253015	0.436541	0.606763	0.777358	0.943134	1.08897	1.18853	1.22311	1.19495	1.11024	0.989987	0.849338	0.70278	0.553078	0.381961	0.176388	-0.0519201	-0.257469	-0.407695	-0.490434	-0.497807	-0.443547	-0.362019	-0.298809	-0.267498	-0.258609	-0.252236	-0.254058	-0.270231	-0.300109	-0.34704	-0.429901	-0.5396	-0.638402	-0.690904	
0.412341	0.412341	0.296367	0.0643899	-0.246621	-0.590511	-0.907468	-1.13612	-1.24646	-1.22779	-1.08358	-0.843415	-0.544012	-0.240705	0.0244397	0.23762	0.407357	0.559742	0.706706	0.842825	0.95851	1.02792	1.04033	0.999861	0.913628	0.799967	0.670669	0.536117	0.401094	0.24868	0.0635542	-0.141512	-0.333443	-0.481731	-0.567615	-0.58148	-0.530763	-0.44975	-0.379811	-0.338348	-0.317003	-0.30428	-0.299505	-0.309793	-0.335721	-0.383957	-0.47408	-0.594394	-0.702619	-0.763472	
0.247713	0.247713	0.131455	-0.0974778	-0.406731	-0.747924	-1.05888	-1.28016	-1.38375	-1.35249	-1.1897	-0.925748	-0.603122	-0.286575	-0.0226203	0.18753	0.352509	0.487148	0.6088	0.720167	0.807945	0.851383	0.841327	0.787142	0.697723	0.588167	0.469237	0.353393	0.23642	0.102131	-0.0516348	-0.222309	-0.389098	-0.527532	-0.611921	-0.630201	-0.590586	-0.520711	-0.449789	-0.398792	-0.372087	-0.35451	-0.344824	-0.344851	-0.365495	-0.419275	-0.512542	-0.63556	-0.748988	-0.817239	
0.0606623	0.0606623	-0.0646079	-0.292946	-0.593197	-0.916645	-1.19934	-1.39804	-1.48927	-1.44794	-1.27285	-0.998972	-0.672309	-0.350742	-0.080481	0.129799	0.283179	0.395887	0.491918	0.576205	0.642158	0.675462	0.657708	0.589441	0.489577	0.376938	0.26248	0.155301	0.0579918	-0.0385635	-0.15477	-0.291291	-0.429952	-0.540516	-0.611456	-0.633246	-0.61203	-0.556759	-0.495865	-0.453257	-0.425207	-0.403323	-0.382814	-0.371114	-0.385947	-0.439375	-0.534213	-0.655001	-0.769867	-0.846445	
-0.132219	-0.132219	-0.262627	-0.486506	-0.771092	-1.06322	-1.31391	-1.49115	-1.56242	-1.49869	-1.31105	-1.03099	-0.707366	-0.393558	-0.131366	0.0723342	0.21732	0.309151	0.37986	0.441414	0.489494	0.509689	0.48678	0.416237	0.312108	0.191622	0.0784822	-0.0147694	-0.0910935	-0.160931	-0.242412	-0.339585	-0.440805	-0.524302	-0.575205	-0.59319	-0.583744	-0.553905	-0.513203	-0.483139	-0.463587	-0.442539	-0.412876	-0.389242	-0.399976	-0.447889	-0.525921	-0.631174	-0.747339	-0.842262	
-0.301455	-0.301455	-0.433118	-0.646646	-0.910783	-1.17346	-1.38812	-1.53343	-1.57453	-1.48948	-1.28857	-1.00554	-0.689914	-0.388916	-0.141561	0.0402339	0.16723	0.245483	0.300232	0.341793	0.369305	0.379101	0.348063	0.273307	0.172144	0.0612105	-0.0426116	-0.12366	-0.183357	-0.228644	-0.279393	-0.341794	-0.405729	-0.457393	-0.494159	-0.515492	-0.519642	-0.507784	-0.48718	-0.475728	-0.468578	-0.450247	-0.422187	-0.395687	-0.393395	-0.420352	-0.476581	-0.56845	-0.688993	-0.802044	
-0.429346	-0.429346	-0.551891	-0.744698	-0.981208	-1.2092	-1.38733	-1.49917	-1.50955	-1.40105	-1.18989	-0.905379	-0.604444	-0.328001	-0.109559	0.0513507	0.162111	0.226305	0.264327	0.287849	0.294008	0.287274	0.246841	0.171413	0.0793608	-0.0158652	-0.0975868	-0.158569	-0.200606	-0.224683	-0.251687	-0.283579	-0.318893	-0.348317	-0.378551	-0.400599	-0.414694	-0.418991	-0.420815	-0.426144	-0.427874	-0.418951	-0.39509	-0.364842	-0.349394	-0.355389	-0.392053	-0.472071	-0.598375	-0.730875	
-0.505458	-0.505458	-0.61367	-0.780906	-0.979107	-1.15999	-1.29481	-1.37317	-1.35504	-1.22877	-1.01299	-0.738879	-0.461458	-0.217244	-0.0242382	0.11847	0.215401	0.262138	0.279214	0.276662	0.259434	0.233623	0.184336	0.116004	0.0420148	-0.0308558	-0.0850668	-0.122111	-0.14919	-0.164815	-0.175203	-0.185722	-0.197236	-0.215226	-0.235416	-0.255604	-0.275738	-0.302463	-0.323836	-0.340914	-0.349594	-0.34653	-0.326972	-0.293189	-0.267698	-0.261512	-0.284946	-0.356927	-0.483753	-0.629379	
-0.521182	-0.521182	-0.618921	-0.762861	-0.919307	-1.04665	-1.13148	-1.1633	-1.11689	-0.97883	-0.768882	-0.516085	-0.27508	-0.060542	0.10739	0.231422	0.309825	0.340957	0.333743	0.302989	0.257288	0.21654	0.170543	0.117511	0.0654819	0.0228472	-0.00670891	-0.0312223	-0.0529349	-0.0637046	-0.0654374	-0.0603367	-0.0590462	-0.0585701	-0.0663132	-0.084407	-0.117856	-0.164541	-0.20936	-0.237932	-0.248019	-0.245503	-0.226956	-0.196195	-0.167427	-0.155871	-0.172075	-0.231741	-0.349214	-0.496378	
-0.495247	-0.495247	-0.575773	-0.692655	-0.807778	-0.888478	-0.925456	-0.912849	-0.830224	-0.673566	-0.467382	-0.244247	-0.0401925	0.130644	0.260136	0.358493	0.418079	0.430148	0.405265	0.355812	0.296523	0.250007	0.207725	0.169323	0.140655	0.121454	0.110151	0.0942949	0.0754281	0.0683696	0.0743749	0.0851055	0.0977006	0.109915	0.112807	0.0970287	0.0547775	-0.00778521	-0.0692483	-0.113552	-0.134538	-0.136531	-0.117913	-0.0849821	-0.0616407	-0.0533704	-0.0599189	-0.100704	-0.197613	-0.33501	
-0.439726	-0.439726	-0.500562	-0.58825	-0.660497	-0.692317	-0.683699	-0.626873	-0.513979	-0.346134	-0.14675	0.0513272	0.217084	0.342831	0.428142	0.484631	0.512922	0.509288	0.477553	0.425261	0.367862	0.3204	0.284696	0.259866	0.245224	0.240067	0.238827	0.2313	0.220415	0.217377	0.227758	0.248578	0.267935	0.281078	0.283646	0.266015	0.224034	0.158508	0.0871925	0.0289526	-0.00380908	-0.0140065	-0.000707441	0.0250764	0.0466066	0.057957	0.0577796	0.0295812	-0.0499682	-0.176177	
-0.385534	-0.385534	-0.419195	-0.461649	-0.478449	-0.46027	-0.41188	-0.322918	-0.193485	-0.020762	0.170423	0.340831	0.464177	0.54031	0.575254	0.591386	0.593814	0.578612	0.544643	0.496692	0.443288	0.398857	0.370622	0.353735	0.350303	0.361055	0.370988	0.369704	0.36014	0.356314	0.37092	0.400918	0.426222	0.439067	0.433907	0.409248	0.365665	0.305788	0.234901	0.172153	0.132239	0.115795	0.119978	0.137466	0.153608	0.164957	0.167095	0.142901	0.0764833	-0.0367784	
-0.350209	-0.350209	-0.354319	-0.349944	-0.308224	-0.235068	-0.139815	-0.0227196	0.120489	0.284621	0.452239	0.581456	0.663232	0.691108	0.687308	0.670599	0.653887	0.631473	0.599994	0.556445	0.510122	0.472568	0.450994	0.447018	0.457664	0.480924	0.497166	0.49594	0.476623	0.464781	0.48078	0.519221	0.555231	0.568039	0.555866	0.522135	0.468689	0.405274	0.343468	0.295301	0.263817	0.246468	0.239524	0.245512	0.253339	0.259472	0.254195	0.22543	0.164804	0.071139	
-0.32615	-0.32615	-0.305437	-0.258138	-0.16337	-0.0356422	0.104657	0.254731	0.408333	0.557417	0.68851	0.772788	0.800984	0.7824	0.74456	0.703981	0.674383	0.652093	0.623656	0.587136	0.553608	0.528663	0.525406	0.535307	0.555561	0.58566	0.604324	0.59574	0.565055	0.540944	0.55259	0.599152	0.64026	0.654961	0.643539	0.604459	0.541347	0.472063	0.415369	0.384006	0.36898	0.357028	0.344755	0.336144	0.332743	0.331013	0.314483	0.281155	0.231654	0.15296	
-0.323658	-0.323658	-0.280505	-0.193002	-0.0504608	0.125111	0.3079	0.483382	0.641952	0.772114	0.865749	0.901339	0.882369	0.82265	0.753338	0.6892	0.647423	0.621464	0.59862	0.580991	0.574225	0.575858	0.587209	0.606757	0.634754	0.666172	0.674241	0.653123	0.614365	0.588501	0.595979	0.629155	0.664887	0.685099	0.681276	0.643293	0.576218	0.51083	0.471636	0.457712	0.449547	0.442073	0.427628	0.40839	0.387442	0.368882	0.345529	0.312899	0.2716	0.208181	
-0.341442	-0.341442	-0.275167	-0.150345	0.0347893	0.252453	0.46635	0.655829	0.812513	0.918043	0.97164	0.967681	0.908772	0.81325	0.718434	0.633536	0.57478	0.548491	0.540595	0.547095	0.567678	0.595318	0.629197	0.666894	0.699228	0.72055	0.717611	0.686777	0.640317	0.603747	0.596146	0.618768	0.650253	0.669798	0.668955	0.639802	0.585774	0.535544	0.510173	0.508179	0.508421	0.504159	0.487705	0.453723	0.415593	0.384645	0.355397	0.33074	0.301433	0.24778	
-0.368264	-0.368264	-0.280988	-0.120257	0.0999255	0.346352	0.576754	0.772232	0.918854	1.00242	1.02146	0.980736	0.880786	0.754235	0.634053	0.535171	0.475018	0.457765	0.463005	0.489278	0.53647	0.590279	0.648226	0.699991	0.738955	0.754772	0.740863	0.694995	0.635913	0.583725	0.561892	0.575481	0.603587	0.624325	0.627654	0.60438	0.565249	0.533151	0.525261	0.530808	0.534322	0.534578	0.521988	0.478509	0.424259	0.380165	0.350291	0.334661	0.323178	0.284741	
-0.385383	-0.385383	-0.286633	-0.10902	0.129891	0.39781	0.642429	0.841261	0.977451	1.0358	1.01704	0.938472	0.803299	0.649391	0.512631	0.410953	0.356515	0.353721	0.377042	0.423743	0.491158	0.569369	0.644841	0.708855	0.748954	0.758804	0.734239	0.674583	0.600864	0.538343	0.507321	0.508468	0.528673	0.545702	0.549057	0.534287	0.510179	0.496547	0.50378	0.521644	0.532941	0.537508	0.525591	0.480069	0.422873	0.372377	0.341739	0.332189	0.330836	0.311361	
-0.394948	-0.394948	-0.293226	-0.106883	0.143106	0.419934	0.672096	0.870419	0.991	1.01995	0.963868	0.847002	0.680556	0.508244	0.366692	0.273528	0.232613	0.243648	0.285237	0.352901	0.442142	0.536342	0.623278	0.689617	0.729625	0.733153	0.70224	0.635505	0.557254	0.487142	0.443938	0.429295	0.429394	0.432405	0.436412	0.434927	0.432986	0.439728	0.46277	0.489104	0.505949	0.509992	0.501714	0.463059	0.412865	0.366533	0.333633	0.323202	0.327913	0.320132	
-0.409799	-0.409799	-0.300879	-0.106663	0.149114	0.430997	0.680462	0.868704	0.964897	0.960242	0.862265	0.708695	0.520094	0.346479	0.213166	0.13462	0.111081	0.141151	0.202306	0.292163	0.398672	0.501395	0.589737	0.655792	0.695191	0.69733	0.661362	0.591366	0.515015	0.445077	0.388685	0.346308	0.3217	0.31549	0.32397	0.33373	0.348499	0.376375	0.414703	0.447232	0.463793	0.468055	0.464807	0.438076	0.398598	0.355274	0.326795	0.314706	0.318108	0.318567	
-0.415194	-0.415194	-0.299895	-0.0952152	0.166811	0.441937	0.680491	0.848801	0.915586	0.873179	0.737612	0.548213	0.342932	0.167101	0.0476438	-0.00539324	0.00139377	0.0583363	0.147207	0.255555	0.364482	0.463714	0.549462	0.612891	0.649929	0.650263	0.613853	0.548538	0.473935	0.397104	0.325053	0.26504	0.230468	0.222886	0.233872	0.249135	0.273222	0.310211	0.349916	0.380549	0.399686	0.410306	0.41802	0.409739	0.384344	0.349911	0.326346	0.31846	0.324178	0.330035	
-0.397537	-0.397537	-0.280308	-0.0730043	0.187117	0.451097	0.673168	0.815759	0.848852	0.771033	0.60287	0.384049	0.164571	-0.0110303	-0.115217	-0.139284	-0.0930935	-0.00221186	0.109018	0.226519	0.336574	0.431887	0.511875	0.56544	0.591309	0.583807	0.546312	0.486583	0.412179	0.327464	0.246116	0.183936	0.150996	0.144347	0.155478	0.171828	0.198144	0.233551	0.264222	0.284879	0.305137	0.329574	0.35917	0.376107	0.370602	0.350631	0.33674	0.331929	0.339936	0.351266	
-0.355222	-0.355222	-0.24307	-0.0463072	0.199695	0.446284	0.647789	0.763485	0.765205	0.654197	0.457021	0.218608	-0.00382666	-0.167765	-0.249621	-0.24639	-0.173825	-0.061162	0.067861	0.200548	0.318141	0.414742	0.488671	0.529123	0.538949	0.521027	0.476864	0.413658	0.339595	0.25893	0.180391	0.115432	0.0789092	0.0710926	0.0823363	0.100014	0.125124	0.156447	0.175339	0.187623	0.207537	0.24003	0.28269	0.326523	0.350214	0.351959	0.350983	0.350052	0.360241	0.379832	
-0.29479	-0.29479	-0.19279	-0.00924382	0.214887	0.429105	0.60345	0.692085	0.667719	0.532186	0.31756	0.0656678	-0.151176	-0.29934	-0.35835	-0.334352	-0.243983	-0.119486	0.0285876	0.180526	0.311419	0.411379	0.478037	0.50601	0.502775	0.471372	0.415304	0.350935	0.280199	0.206775	0.136427	0.0754749	0.034499	0.017275	0.022159	0.0396706	0.0650629	0.0892102	0.102373	0.112924	0.134989	0.168527	0.212975	0.26703	0.31001	0.335889	0.351431	0.363348	0.385235	0.419694	
-0.229672	-0.229672	-0.131815	0.0369564	0.235078	0.420469	0.562653	0.622491	0.576319	0.423227	0.192169	-0.0649545	-0.277482	-0.410389	-0.451253	-0.411238	-0.307614	-0.162907	0.00656649	0.176305	0.318259	0.418851	0.475411	0.4896	0.466791	0.417129	0.351843	0.288132	0.228497	0.171857	0.113877	0.0570654	0.0119433	-0.01502	-0.022324	-0.0133303	0.00529284	0.0273046	0.0425458	0.0611573	0.0900582	0.124763	0.161593	0.209667	0.258106	0.299791	0.337293	0.372208	0.415307	0.469942	
-0.176723	-0.176723	-0.0832139	0.0800609	0.26525	0.427756	0.543898	0.575332	0.5018	0.324982	0.0796814	-0.182204	-0.388555	-0.506621	-0.528564	-0.467425	-0.344945	-0.185767	-0.00228537	0.179119	0.328658	0.429992	0.478047	0.473349	0.42537	0.351909	0.276123	0.219202	0.179815	0.143286	0.0972776	0.0420099	-0.00991617	-0.0468331	-0.0665687	-0.0660189	-0.050061	-0.0280069	-0.00644528	0.0184824	0.0488971	0.0801596	0.111678	0.157851	0.210396	0.262695	0.313522	0.37033	0.438731	0.521266	
-0.141316	-0.141316	-0.0476867	0.114987	0.293087	0.445309	0.540069	0.543182	0.439245	0.239107	-0.0221338	-0.284056	-0.480402	-0.580465	-0.580091	-0.497221	-0.360186	-0.19082	-0.00271937	0.17569	0.328613	0.439076	0.485946	0.46924	0.394837	0.297291	0.216694	0.174048	0.149515	0.12373	0.0834226	0.0301469	-0.0275737	-0.0804493	-0.11376	-0.110636	-0.0821403	-0.0552774	-0.0371242	-0.0213348	0.00136266	0.0316913	0.0663251	0.113158	0.172269	0.232646	0.290415	0.362094	0.455236	0.570831	
-0.107147	-0.107147	-0.0162005	0.139454	0.306799	0.445839	0.524681	0.512122	0.394171	0.179401	-0.0928269	-0.35509	-0.544209	-0.626057	-0.607243	-0.509533	-0.367322	-0.195858	-0.00762414	0.174383	0.330793	0.438163	0.479886	0.459175	0.383393	0.283053	0.199246	0.149647	0.128819	0.111762	0.0764951	0.0200234	-0.0470778	-0.103509	-0.135337	-0.126532	-0.0954478	-0.0697824	-0.0548478	-0.0433781	-0.0268725	-0.000800804	0.0343285	0.0865419	0.150032	0.210475	0.266655	0.347427	0.4614	0.604853	
-0.0765942	-0.0765942	0.0101398	0.15819	0.311983	0.437494	0.505404	0.488315	0.369065	0.154874	-0.119657	-0.383078	-0.570382	-0.647203	-0.622178	-0.520153	-0.376129	-0.201192	-0.00639655	0.176387	0.329097	0.431062	0.467198	0.449322	0.380313	0.285405	0.201828	0.149143	0.120862	0.100058	0.0669116	0.0148772	-0.0498849	-0.108256	-0.140582	-0.128143	-0.0940841	-0.0738553	-0.064608	-0.0555121	-0.0369147	-0.00721828	0.029499	0.0776549	0.138363	0.196356	0.250938	0.337989	0.465919	0.625402	
-0.0765942	-0.0765942	0.0101398	0.15819	0.311983	0.437494	0.505404	0.488315	0.369065	0.154874	-0.119657	-0.383078	-0.570382	-0.647203	-0.622178	-0.520153	-0.376129	-0.201192	-0.00639655	0.176387	0.329097	0.431062	0.467198	0.449322	0.380313	0.285405	0.201828	0.149143	0.120862	0.100058	0.0669116	0.0148772	-0.0498849	-0.108256	-0.140582	-0.128143	-0.0940841	-0.0738553	-0.064608	-0.0555121	-0.0369147	-0.00721828	0.029499	0.0776549	0.138363	0.196356	0.250938	0.337989	0.465919	0.625402	
