-0.646092	-0.459624	-0.231012	0.0242064	0.275173	0.496485	0.680555	0.8311	0.943655	1.00834	1.00136	0.941778	0.841665	0.716444	0.583424	0.444341	0.307201	0.178985	0.0727838	0.0142446	0.0233177	0.0784611	0.156007	0.233405	0.305596	0.369384	0.411542	0.421512	0.401667	0.357408	0.292556	0.19808	0.0932853	-0.00294679	-0.0954837	-0.179812	-0.246793	-0.289286	-0.295627	-0.265545	-0.205987	-0.116223	-0.0090049	0.113163	0.229961	0.33131	0.418726	0.477179	0.507242	0.507242	
-0.459624	-0.332436	-0.157278	0.0499069	0.263573	0.462933	0.639712	0.796725	0.921525	0.998429	1.01418	0.979775	0.902231	0.795156	0.674811	0.533572	0.382667	0.238925	0.1216	0.0567033	0.0536334	0.0985184	0.177496	0.264763	0.34843	0.415795	0.452682	0.459708	0.438345	0.395158	0.323892	0.22813	0.124177	0.0273327	-0.0624367	-0.147898	-0.203221	-0.217195	-0.186916	-0.125866	-0.0455699	0.0511798	0.160229	0.282934	0.399415	0.50335	0.585272	0.632376	0.64872	0.64872	
-0.231012	-0.157278	-0.0435701	0.100909	0.261858	0.429119	0.591765	0.746024	0.876139	0.970474	1.0121	1.00334	0.947288	0.863012	0.756533	0.625226	0.479488	0.338311	0.222556	0.153932	0.13601	0.162885	0.228456	0.309871	0.390304	0.446223	0.470733	0.471338	0.445188	0.398317	0.327396	0.233331	0.133881	0.0378635	-0.0504182	-0.122341	-0.154065	-0.137023	-0.0735885	0.0149008	0.112159	0.208114	0.309817	0.422533	0.530931	0.634046	0.71066	0.754967	0.76495	0.76495	
0.0242064	0.0499069	0.100909	0.177053	0.270179	0.394364	0.534061	0.671553	0.802116	0.908305	0.975477	0.993939	0.970266	0.917655	0.831299	0.722306	0.59764	0.468341	0.366596	0.29386	0.262412	0.271602	0.310735	0.373516	0.429174	0.46276	0.469796	0.456171	0.421774	0.363209	0.291504	0.203968	0.109943	0.0196045	-0.0585499	-0.104176	-0.103465	-0.0573274	0.0331103	0.143894	0.254148	0.348715	0.435711	0.531941	0.623575	0.711952	0.782246	0.823653	0.835569	0.835569	
0.275173	0.263573	0.261858	0.270179	0.303755	0.37549	0.476585	0.59425	0.716494	0.827361	0.90908	0.955851	0.971564	0.950912	0.89653	0.820991	0.723267	0.616551	0.525257	0.452088	0.411108	0.400714	0.410961	0.438295	0.456485	0.456548	0.446355	0.416469	0.367748	0.299716	0.221619	0.139813	0.0535641	-0.0256165	-0.0799689	-0.0908008	-0.0549229	0.0201258	0.126263	0.251282	0.366312	0.455878	0.531184	0.606914	0.678515	0.742415	0.799854	0.836786	0.852202	0.852202	
0.496485	0.462933	0.429119	0.394364	0.37549	0.392648	0.452676	0.541609	0.638691	0.737849	0.832868	0.907964	0.95974	0.969714	0.951692	0.907536	0.837515	0.757193	0.673542	0.60279	0.550597	0.517876	0.49684	0.480619	0.456875	0.423037	0.389176	0.342348	0.277381	0.203788	0.124045	0.0507952	-0.0185809	-0.0744295	-0.0947962	-0.0738467	-0.00506184	0.0908776	0.203622	0.331078	0.439575	0.523547	0.58908	0.645897	0.696182	0.732695	0.770302	0.800123	0.815246	0.815246	
0.680555	0.639712	0.591765	0.534061	0.476585	0.452676	0.475288	0.521828	0.581849	0.661516	0.756055	0.84625	0.920649	0.964976	0.981805	0.974987	0.937389	0.879937	0.808103	0.738492	0.673145	0.612534	0.555726	0.49048	0.418637	0.347677	0.284748	0.220306	0.151652	0.0818616	0.0117967	-0.0447831	-0.0874175	-0.105245	-0.0909591	-0.0386903	0.0512979	0.156921	0.266195	0.376316	0.474957	0.55031	0.609619	0.655499	0.681619	0.691862	0.700848	0.711377	0.71907	0.71907	
0.8311	0.796725	0.746024	0.671553	0.59425	0.541609	0.521828	0.522316	0.547554	0.603365	0.684824	0.777338	0.859491	0.929327	0.983679	1.01767	1.01891	0.987097	0.931399	0.851359	0.763134	0.670022	0.57024	0.465417	0.351967	0.243778	0.149308	0.0679209	0.000821085	-0.0590057	-0.107091	-0.13527	-0.136931	-0.107703	-0.0584767	0.0193241	0.119741	0.219633	0.311622	0.399068	0.479975	0.547421	0.598888	0.629113	0.635013	0.615971	0.593039	0.579365	0.57208	0.57208	
0.943655	0.921525	0.876139	0.802116	0.716494	0.638691	0.581849	0.547554	0.543175	0.572096	0.63062	0.707051	0.788622	0.875492	0.963606	1.03	1.06721	1.05862	1.00979	0.923736	0.812928	0.685106	0.548182	0.406837	0.255156	0.114345	-0.00517001	-0.0889138	-0.147526	-0.186207	-0.206571	-0.199828	-0.155794	-0.08809	-0.00407811	0.0934716	0.194179	0.277461	0.34226	0.40342	0.466782	0.518735	0.555192	0.569055	0.551127	0.509674	0.459739	0.421277	0.40073	0.40073	
1.00834	0.998429	0.970474	0.908305	0.827361	0.737849	0.661516	0.603365	0.572096	0.572031	0.608826	0.668786	0.743182	0.832334	0.926426	1.01009	1.06148	1.06497	1.0219	0.934523	0.805175	0.653653	0.488316	0.319234	0.141034	-0.0213331	-0.147557	-0.227744	-0.268005	-0.285713	-0.273453	-0.227534	-0.146108	-0.0488037	0.0586603	0.16824	0.26037	0.319451	0.356786	0.39782	0.439642	0.472241	0.48498	0.475413	0.439219	0.379795	0.317205	0.265815	0.236336	0.236336	
1.00136	1.01418	1.0121	0.975477	0.90908	0.832868	0.756055	0.684824	0.63062	0.608826	0.622594	0.667362	0.724061	0.796367	0.877144	0.955009	1.0014	1.0051	0.967769	0.881012	0.748065	0.584986	0.406071	0.220115	0.0316537	-0.135974	-0.256654	-0.323929	-0.348772	-0.343438	-0.298542	-0.217398	-0.107871	0.00800404	0.12212	0.228824	0.301505	0.33027	0.343828	0.36342	0.384634	0.393402	0.38385	0.359893	0.311497	0.252887	0.19567	0.145921	0.116944	0.116944	
0.941778	0.979775	1.00334	0.993939	0.955851	0.907964	0.84625	0.777338	0.707051	0.668786	0.667362	0.689344	0.718992	0.759808	0.813801	0.86735	0.897256	0.898419	0.864269	0.783926	0.659625	0.495607	0.313748	0.123269	-0.0639134	-0.222806	-0.327882	-0.379894	-0.384286	-0.353843	-0.286189	-0.178937	-0.0562858	0.0618259	0.169777	0.261044	0.316997	0.328427	0.326374	0.32586	0.31737	0.295485	0.262201	0.225156	0.176184	0.13148	0.0974272	0.0668443	0.0458192	0.0458192	
0.841665	0.902231	0.947288	0.970266	0.971564	0.95974	0.920649	0.859491	0.788622	0.743182	0.724061	0.718992	0.715683	0.713518	0.7294	0.751218	0.763554	0.759124	0.726932	0.658421	0.542175	0.382702	0.208176	0.0261743	-0.141151	-0.276254	-0.360081	-0.389828	-0.375048	-0.3253	-0.244126	-0.126604	0.00223883	0.11422	0.20473	0.273476	0.315363	0.31662	0.303162	0.283383	0.243046	0.195703	0.146053	0.101703	0.0598532	0.0303496	0.0177381	0.00677319	-0.0070998	-0.0070998	
0.716444	0.795156	0.863012	0.917655	0.950912	0.969714	0.964976	0.929327	0.875492	0.832334	0.796367	0.759808	0.713518	0.668912	0.646575	0.635004	0.623839	0.603627	0.563495	0.496973	0.390033	0.244875	0.0927968	-0.0595426	-0.192555	-0.295573	-0.35333	-0.358436	-0.325382	-0.26526	-0.181482	-0.0677709	0.053025	0.149425	0.21626	0.265634	0.296305	0.296876	0.277599	0.236553	0.176628	0.104621	0.0428967	0.00126795	-0.0349989	-0.0460404	-0.0419897	-0.0391428	-0.0425549	-0.0425549	
0.583424	0.674811	0.756533	0.831299	0.89653	0.951692	0.981805	0.983679	0.963606	0.926426	0.877144	0.813801	0.7294	0.646575	0.582486	0.532662	0.487368	0.437238	0.384924	0.314161	0.216287	0.0946702	-0.0252039	-0.133113	-0.224812	-0.283085	-0.304449	-0.285468	-0.239149	-0.181399	-0.104409	-0.00876762	0.0910531	0.168783	0.215531	0.250578	0.271999	0.264279	0.235502	0.181434	0.104985	0.0232863	-0.0432823	-0.0804984	-0.0994349	-0.0986378	-0.0845908	-0.0701487	-0.0658567	-0.0658567	
0.444341	0.533572	0.625226	0.722306	0.820991	0.907536	0.974987	1.01767	1.03	1.01009	0.955009	0.86735	0.751218	0.635004	0.532662	0.441383	0.362733	0.2858	0.213679	0.137108	0.0492998	-0.0423967	-0.125057	-0.189514	-0.23463	-0.247703	-0.229903	-0.189224	-0.138806	-0.0800514	-0.0104987	0.0633434	0.135543	0.187796	0.220138	0.238531	0.240488	0.218451	0.176012	0.116803	0.0397286	-0.0436783	-0.107668	-0.13856	-0.145411	-0.137088	-0.122753	-0.103748	-0.0927112	-0.0927112	
0.307201	0.382667	0.479488	0.59764	0.723267	0.837515	0.937389	1.01891	1.06721	1.06148	1.0014	0.897256	0.763554	0.623839	0.487368	0.362733	0.249746	0.143098	0.0498311	-0.0309403	-0.100721	-0.153897	-0.196337	-0.220241	-0.221756	-0.190728	-0.139287	-0.083375	-0.0269233	0.0363321	0.102898	0.154833	0.19437	0.217556	0.231874	0.228756	0.204195	0.164966	0.114007	0.0571546	-0.0107671	-0.0856479	-0.146747	-0.175262	-0.180011	-0.175793	-0.166483	-0.151661	-0.13579	-0.13579	
0.178985	0.238925	0.338311	0.468341	0.616551	0.757193	0.879937	0.987097	1.05862	1.06497	1.0051	0.898419	0.759124	0.603627	0.437238	0.2858	0.143098	0.0101807	-0.100764	-0.183006	-0.227939	-0.241428	-0.242531	-0.223287	-0.181193	-0.114338	-0.0366337	0.0266821	0.086615	0.151513	0.213386	0.248227	0.255808	0.253083	0.242046	0.211855	0.163842	0.110013	0.0574249	0.0086787	-0.0465401	-0.105697	-0.158601	-0.190969	-0.201191	-0.208614	-0.210572	-0.201554	-0.186485	-0.186485	
0.0727838	0.1216	0.222556	0.366596	0.525257	0.673542	0.808103	0.931399	1.00979	1.0219	0.967769	0.864269	0.726932	0.563495	0.384924	0.213679	0.0498311	-0.100764	-0.223717	-0.303369	-0.322099	-0.297006	-0.254632	-0.192978	-0.115335	-0.0242912	0.0661513	0.132831	0.186182	0.244064	0.293591	0.315477	0.30099	0.270758	0.234097	0.177634	0.11488	0.0576359	0.00894399	-0.0314065	-0.0722477	-0.113464	-0.152778	-0.185837	-0.205045	-0.223254	-0.236718	-0.23244	-0.220373	-0.220373	
0.0142446	0.0567033	0.153932	0.29386	0.452088	0.60279	0.738492	0.851359	0.923736	0.934523	0.881012	0.783926	0.658421	0.496973	0.314161	0.137108	-0.0309403	-0.183006	-0.303369	-0.369278	-0.366384	-0.308877	-0.227887	-0.134733	-0.0353166	0.0710595	0.167795	0.230934	0.269325	0.304576	0.335436	0.344822	0.31623	0.263814	0.204832	0.134565	0.0662722	0.0136926	-0.0292781	-0.0635856	-0.0940048	-0.11855	-0.14157	-0.16875	-0.192012	-0.220097	-0.239918	-0.242099	-0.232069	-0.232069	
0.0233177	0.0536334	0.13601	0.262412	0.411108	0.550597	0.673145	0.763134	0.812928	0.805175	0.748065	0.659625	0.542175	0.390033	0.216287	0.0492998	-0.100721	-0.227939	-0.322099	-0.366384	-0.342719	-0.265043	-0.169824	-0.0647845	0.0426832	0.157486	0.256939	0.3132	0.331343	0.336156	0.345483	0.340774	0.301055	0.239338	0.171365	0.101752	0.0388075	-0.00902219	-0.047261	-0.0789261	-0.105825	-0.12095	-0.129676	-0.147935	-0.172308	-0.20903	-0.238595	-0.249531	-0.245255	-0.245255	
0.0784611	0.0985184	0.162885	0.271602	0.400714	0.517876	0.612534	0.670022	0.685106	0.653653	0.584986	0.495607	0.382702	0.244875	0.0946702	-0.0423967	-0.153897	-0.241428	-0.297006	-0.308877	-0.265043	-0.182245	-0.0874267	0.0143738	0.121048	0.237441	0.329998	0.375145	0.373687	0.355203	0.342	0.319546	0.272435	0.209324	0.146587	0.0880242	0.0326028	-0.0118787	-0.0483176	-0.0829354	-0.11064	-0.126181	-0.126599	-0.134559	-0.157992	-0.196659	-0.23592	-0.255615	-0.259813	-0.259813	
0.156007	0.177496	0.228456	0.310735	0.410961	0.49684	0.555726	0.57024	0.548182	0.488316	0.406071	0.313748	0.208176	0.0927968	-0.0252039	-0.125057	-0.196337	-0.242531	-0.254632	-0.227887	-0.169824	-0.0874267	-3.9138e-05	0.0990873	0.20378	0.311086	0.3888	0.415978	0.400733	0.363667	0.327904	0.284184	0.233263	0.176413	0.128154	0.0872992	0.0434768	0.00458966	-0.0329857	-0.0696256	-0.106555	-0.126252	-0.129002	-0.13498	-0.152131	-0.19044	-0.228892	-0.255677	-0.267158	-0.267158	
0.233405	0.264763	0.309871	0.373516	0.438295	0.480619	0.49048	0.465417	0.406837	0.319234	0.220115	0.123269	0.0261743	-0.0595426	-0.133113	-0.189514	-0.220241	-0.223287	-0.192978	-0.134733	-0.0647845	0.0143738	0.0990873	0.188417	0.280103	0.358497	0.40604	0.418074	0.394557	0.350187	0.29801	0.2413	0.188641	0.140798	0.108049	0.0855818	0.0598806	0.0336628	-0.000147772	-0.0401238	-0.0787503	-0.108955	-0.12191	-0.132206	-0.154383	-0.185126	-0.219887	-0.251263	-0.266291	-0.266291	
0.305596	0.34843	0.390304	0.429174	0.456485	0.456875	0.418637	0.351967	0.255156	0.141034	0.0316537	-0.0639134	-0.141151	-0.192555	-0.224812	-0.23463	-0.221756	-0.181193	-0.115335	-0.0353166	0.0426832	0.121048	0.20378	0.280103	0.342413	0.377762	0.390738	0.381039	0.351307	0.305262	0.248764	0.193251	0.146139	0.108639	0.0840043	0.0750125	0.0692445	0.0561398	0.0336113	0.00120936	-0.0349932	-0.0653398	-0.0910887	-0.118975	-0.148575	-0.179962	-0.212917	-0.24004	-0.258434	-0.258434	
0.369384	0.415795	0.446223	0.46276	0.456548	0.423037	0.347677	0.243778	0.114345	-0.0213331	-0.135974	-0.222806	-0.276254	-0.295573	-0.283085	-0.247703	-0.190728	-0.114338	-0.0242912	0.0710595	0.157486	0.237441	0.311086	0.358497	0.377762	0.365272	0.342592	0.315228	0.280928	0.240877	0.188378	0.140877	0.102057	0.0698805	0.0533687	0.0536671	0.0638425	0.0685751	0.0610599	0.0419167	0.0170231	-0.010794	-0.0474271	-0.0907152	-0.134322	-0.169635	-0.199435	-0.221873	-0.23441	-0.23441	
0.411542	0.452682	0.470733	0.469796	0.446355	0.389176	0.284748	0.149308	-0.00517001	-0.147557	-0.256654	-0.327882	-0.360081	-0.35333	-0.304449	-0.229903	-0.139287	-0.0366337	0.0661513	0.167795	0.256939	0.329998	0.3888	0.40604	0.390738	0.342592	0.290112	0.246745	0.208906	0.173175	0.128841	0.0916582	0.0628368	0.0420449	0.0316844	0.0346809	0.0463145	0.0599665	0.0648171	0.0597417	0.0511611	0.0298186	-0.00622762	-0.0554501	-0.10731	-0.144813	-0.17229	-0.18755	-0.190937	-0.190937	
0.421512	0.459708	0.471338	0.456171	0.416469	0.342348	0.220306	0.0679209	-0.0889138	-0.227744	-0.323929	-0.379894	-0.389828	-0.358436	-0.285468	-0.189224	-0.083375	0.0266821	0.132831	0.230934	0.3132	0.375145	0.415978	0.418074	0.381039	0.315228	0.246745	0.195875	0.161329	0.128122	0.0875288	0.0529403	0.0304205	0.0229668	0.0175695	0.0179397	0.0269426	0.0391069	0.0563047	0.0662057	0.0664527	0.0571121	0.026102	-0.0226511	-0.0696469	-0.108384	-0.135364	-0.144099	-0.144854	-0.144854	
0.401667	0.438345	0.445188	0.421774	0.367748	0.277381	0.151652	0.000821085	-0.147526	-0.268005	-0.348772	-0.384286	-0.375048	-0.325382	-0.239149	-0.138806	-0.0269233	0.086615	0.186182	0.269325	0.331343	0.373687	0.400733	0.394557	0.351307	0.280928	0.208906	0.161329	0.130517	0.0984825	0.0546362	0.0174195	0.00191328	0.00176873	0.00435546	0.00496439	0.00590927	0.022707	0.0485383	0.0683116	0.0819864	0.0771525	0.0539158	0.0150069	-0.0268666	-0.0597405	-0.0883097	-0.105044	-0.10911	-0.10911	
0.357408	0.395158	0.398317	0.363209	0.299716	0.203788	0.0818616	-0.0590057	-0.186207	-0.285713	-0.343438	-0.353843	-0.3253	-0.26526	-0.181399	-0.0800514	0.0363321	0.151513	0.244064	0.304576	0.336156	0.355203	0.363667	0.350187	0.305262	0.240877	0.173175	0.128122	0.0984825	0.0581152	0.0132286	-0.0242314	-0.0341889	-0.024482	-0.015334	-0.0115583	-0.0112509	0.00739629	0.0384159	0.0688676	0.08801	0.0907199	0.0766036	0.0482378	0.0237731	0.000441797	-0.0256869	-0.0524258	-0.0665386	-0.0665386	
0.292556	0.323892	0.327396	0.291504	0.221619	0.124045	0.0117967	-0.107091	-0.206571	-0.273453	-0.298542	-0.286189	-0.244126	-0.181482	-0.104409	-0.0104987	0.102898	0.213386	0.293591	0.335436	0.345483	0.342	0.327904	0.29801	0.248764	0.188378	0.128841	0.0875288	0.0546362	0.0132286	-0.033479	-0.0698391	-0.0798756	-0.0687752	-0.0538092	-0.041614	-0.0320873	-0.0073862	0.0312569	0.0661576	0.088131	0.094017	0.0868915	0.0728837	0.0687235	0.0656018	0.051366	0.027057	0.00792909	0.00792909	
0.19808	0.22813	0.233331	0.203968	0.139813	0.0507952	-0.0447831	-0.13527	-0.199828	-0.227534	-0.217398	-0.178937	-0.126604	-0.0677709	-0.00876762	0.0633434	0.154833	0.248227	0.315477	0.344822	0.340774	0.319546	0.284184	0.2413	0.193251	0.140877	0.0916582	0.0529403	0.0174195	-0.0242314	-0.0698391	-0.106467	-0.117618	-0.110286	-0.0934245	-0.0774006	-0.0651927	-0.0364117	0.00174972	0.0382786	0.0656111	0.0793547	0.0889779	0.0967307	0.113456	0.132903	0.138419	0.127661	0.115172	0.115172	
0.0932853	0.124177	0.133881	0.109943	0.0535641	-0.0185809	-0.0874175	-0.136931	-0.155794	-0.146108	-0.107871	-0.0562858	0.00223883	0.053025	0.0910531	0.135543	0.19437	0.255808	0.30099	0.31623	0.301055	0.272435	0.233263	0.188641	0.146139	0.102057	0.0628368	0.0304205	0.00191328	-0.0341889	-0.0798756	-0.117618	-0.13854	-0.138932	-0.127458	-0.11611	-0.102558	-0.0745969	-0.0394893	-0.00389911	0.0253224	0.0522647	0.0819287	0.111791	0.150281	0.18879	0.22045	0.235806	0.239628	0.239628	
-0.00294679	0.0273327	0.0378635	0.0196045	-0.0256165	-0.0744295	-0.105245	-0.107703	-0.08809	-0.0488037	0.00800404	0.0618259	0.11422	0.149425	0.168783	0.187796	0.217556	0.253083	0.270758	0.263814	0.239338	0.209324	0.176413	0.140798	0.108639	0.0698805	0.0420449	0.0229668	0.00176873	-0.024482	-0.0687752	-0.110286	-0.138932	-0.148072	-0.147629	-0.146658	-0.138326	-0.117189	-0.0889362	-0.058485	-0.0241238	0.0184441	0.0715903	0.125324	0.182067	0.23931	0.292354	0.33332	0.353037	0.353037	
-0.0954837	-0.0624367	-0.0504182	-0.0585499	-0.0799689	-0.0947962	-0.0909591	-0.0584767	-0.00407811	0.0586603	0.12212	0.169777	0.20473	0.21626	0.215531	0.220138	0.231874	0.242046	0.234097	0.204832	0.171365	0.146587	0.128154	0.108049	0.0840043	0.0533687	0.0316844	0.0175695	0.00435546	-0.015334	-0.0538092	-0.0934245	-0.127458	-0.147629	-0.162569	-0.17938	-0.18406	-0.173088	-0.152609	-0.123317	-0.0776226	-0.0136175	0.0639792	0.143705	0.221672	0.297037	0.365649	0.419768	0.446677	0.446677	
-0.179812	-0.147898	-0.122341	-0.104176	-0.0908008	-0.0738467	-0.0386903	0.0193241	0.0934716	0.16824	0.228824	0.261044	0.273476	0.265634	0.250578	0.238531	0.228756	0.211855	0.177634	0.134565	0.101752	0.0880242	0.0872992	0.0855818	0.0750125	0.0536671	0.0346809	0.0179397	0.00496439	-0.0115583	-0.041614	-0.0774006	-0.11611	-0.146658	-0.17938	-0.215499	-0.235736	-0.235466	-0.220672	-0.187774	-0.127894	-0.0425451	0.0581359	0.163883	0.267259	0.361576	0.440641	0.494315	0.519507	0.519507	
-0.246793	-0.203221	-0.154065	-0.103465	-0.0549229	-0.00506184	0.0512979	0.119741	0.194179	0.26037	0.301505	0.316997	0.315363	0.296305	0.271999	0.240488	0.204195	0.163842	0.11488	0.0662722	0.0388075	0.0326028	0.0434768	0.0598806	0.0692445	0.0638425	0.0463145	0.0269426	0.00590927	-0.0112509	-0.0320873	-0.0651927	-0.102558	-0.138326	-0.18406	-0.235736	-0.268923	-0.27987	-0.268701	-0.233312	-0.164463	-0.0639012	0.0523386	0.178047	0.300942	0.409894	0.492335	0.541221	0.560966	0.560966	
-0.289286	-0.217195	-0.137023	-0.0573274	0.0201258	0.0908776	0.156921	0.219633	0.277461	0.319451	0.33027	0.328427	0.31662	0.296876	0.264279	0.218451	0.164966	0.110013	0.0576359	0.0136926	-0.00902219	-0.0118787	0.00458966	0.0336628	0.0561398	0.0685751	0.0599665	0.0391069	0.022707	0.00739629	-0.0073862	-0.0364117	-0.0745969	-0.117189	-0.173088	-0.235466	-0.27987	-0.29815	-0.290687	-0.259132	-0.187806	-0.0798828	0.043797	0.1803	0.310081	0.423575	0.507106	0.556123	0.575573	0.575573	
-0.295627	-0.186916	-0.0735885	0.0331103	0.126263	0.203622	0.266195	0.311622	0.34226	0.356786	0.343828	0.326374	0.303162	0.277599	0.235502	0.176012	0.114007	0.0574249	0.00894399	-0.0292781	-0.047261	-0.0483176	-0.0329857	-0.000147772	0.0336113	0.0610599	0.0648171	0.0563047	0.0485383	0.0384159	0.0312569	0.00174972	-0.0394893	-0.0889362	-0.152609	-0.220672	-0.268701	-0.290687	-0.289519	-0.262795	-0.195377	-0.0871046	0.0380856	0.172622	0.293802	0.401987	0.488455	0.543668	0.573052	0.573052	
-0.265545	-0.125866	0.0149008	0.143894	0.251282	0.331078	0.376316	0.399068	0.40342	0.39782	0.36342	0.32586	0.283383	0.236553	0.181434	0.116803	0.0571546	0.0086787	-0.0314065	-0.0635856	-0.0789261	-0.0829354	-0.0696256	-0.0401238	0.00120936	0.0419167	0.0597417	0.0662057	0.0683116	0.0688676	0.0661576	0.0382786	-0.00389911	-0.058485	-0.123317	-0.187774	-0.233312	-0.259132	-0.262795	-0.244534	-0.18797	-0.0857415	0.0300886	0.150154	0.257812	0.356642	0.446951	0.517408	0.55655	0.55655	
-0.205987	-0.0455699	0.112159	0.254148	0.366312	0.439575	0.474957	0.479975	0.466782	0.439642	0.384634	0.31737	0.243046	0.176628	0.104985	0.0397286	-0.0107671	-0.0465401	-0.0722477	-0.0940048	-0.105825	-0.11064	-0.106555	-0.0787503	-0.0349932	0.0170231	0.0511611	0.0664527	0.0819864	0.08801	0.088131	0.0656111	0.0253224	-0.0241238	-0.0776226	-0.127894	-0.164463	-0.187806	-0.195377	-0.18797	-0.14756	-0.0724051	0.016355	0.111492	0.196298	0.288496	0.380776	0.458464	0.504293	0.504293	
-0.116223	0.0511798	0.208114	0.348715	0.455878	0.523547	0.55031	0.547421	0.518735	0.472241	0.393402	0.295485	0.195703	0.104621	0.0232863	-0.0436783	-0.0856479	-0.105697	-0.113464	-0.11855	-0.12095	-0.126181	-0.126252	-0.108955	-0.0653398	-0.010794	0.0298186	0.0571121	0.0771525	0.0907199	0.094017	0.0793547	0.0522647	0.0184441	-0.0136175	-0.0425451	-0.0639012	-0.0798828	-0.0871046	-0.0857415	-0.0724051	-0.037396	0.00833461	0.0636443	0.124818	0.199639	0.282667	0.351002	0.39046	0.39046	
-0.0090049	0.160229	0.309817	0.435711	0.531184	0.58908	0.609619	0.598888	0.555192	0.48498	0.38385	0.262201	0.146053	0.0428967	-0.0432823	-0.107668	-0.146747	-0.158601	-0.152778	-0.14157	-0.129676	-0.126599	-0.129002	-0.12191	-0.0910887	-0.0474271	-0.00622762	0.026102	0.0539158	0.0766036	0.0868915	0.0889779	0.0819287	0.0715903	0.0639792	0.0581359	0.0523386	0.043797	0.0380856	0.0300886	0.016355	0.00833461	0.010743	0.0268711	0.0600854	0.108823	0.163467	0.207777	0.228846	0.228846	
0.113163	0.282934	0.422533	0.531941	0.606914	0.645897	0.655499	0.629113	0.569055	0.475413	0.359893	0.225156	0.101703	0.00126795	-0.0804984	-0.13856	-0.175262	-0.190969	-0.185837	-0.16875	-0.147935	-0.134559	-0.13498	-0.132206	-0.118975	-0.0907152	-0.0554501	-0.0226511	0.0150069	0.0482378	0.0728837	0.0967307	0.111791	0.125324	0.143705	0.163883	0.178047	0.1803	0.172622	0.150154	0.111492	0.0636443	0.0268711	0.0069635	0.001939	0.0139271	0.0302333	0.041571	0.0456692	0.0456692	
0.229961	0.399415	0.530931	0.623575	0.678515	0.696182	0.681619	0.635013	0.551127	0.439219	0.311497	0.176184	0.0598532	-0.0349989	-0.0994349	-0.145411	-0.180011	-0.201191	-0.205045	-0.192012	-0.172308	-0.157992	-0.152131	-0.154383	-0.148575	-0.134322	-0.10731	-0.0696469	-0.0268666	0.0237731	0.0687235	0.113456	0.150281	0.182067	0.221672	0.267259	0.300942	0.310081	0.293802	0.257812	0.196298	0.124818	0.0600854	0.001939	-0.0412839	-0.0808083	-0.109591	-0.13022	-0.143292	-0.143292	
0.33131	0.50335	0.634046	0.711952	0.742415	0.732695	0.691862	0.615971	0.509674	0.379795	0.252887	0.13148	0.0303496	-0.0460404	-0.0986378	-0.137088	-0.175793	-0.208614	-0.223254	-0.220097	-0.20903	-0.196659	-0.19044	-0.185126	-0.179962	-0.169635	-0.144813	-0.108384	-0.0597405	0.000441797	0.0656018	0.132903	0.18879	0.23931	0.297037	0.361576	0.409894	0.423575	0.401987	0.356642	0.288496	0.199639	0.108823	0.0139271	-0.0808083	-0.172362	-0.251172	-0.305244	-0.332653	-0.332653	
0.418726	0.585272	0.71066	0.782246	0.799854	0.770302	0.700848	0.593039	0.459739	0.317205	0.19567	0.0974272	0.0177381	-0.0419897	-0.0845908	-0.122753	-0.166483	-0.210572	-0.236718	-0.239918	-0.238595	-0.23592	-0.228892	-0.219887	-0.212917	-0.199435	-0.17229	-0.135364	-0.0883097	-0.0256869	0.051366	0.138419	0.22045	0.292354	0.365649	0.440641	0.492335	0.507106	0.488455	0.446951	0.380776	0.282667	0.163467	0.0302333	-0.109591	-0.251172	-0.375235	-0.462536	-0.506402	-0.506402	
0.477179	0.632376	0.754967	0.823653	0.836786	0.800123	0.711377	0.579365	0.421277	0.265815	0.145921	0.0668443	0.00677319	-0.0391428	-0.0701487	-0.103748	-0.151661	-0.201554	-0.23244	-0.242099	-0.249531	-0.255615	-0.255677	-0.251263	-0.24004	-0.221873	-0.18755	-0.144099	-0.105044	-0.0524258	0.027057	0.127661	0.235806	0.33332	0.419768	0.494315	0.541221	0.556123	0.543668	0.517408	0.458464	0.351002	0.207777	0.041571	-0.13022	-0.305244	-0.462536	-0.577573	-0.636124	-0.636124	
0.507242	0.64872	0.76495	0.835569	0.852202	0.815246	0.71907	0.57208	0.40073	0.236336	0.116944	0.0458192	-0.0070998	-0.0425549	-0.0658567	-0.0927112	-0.13579	-0.186485	-0.220373	-0.232069	-0.245255	-0.259813	-0.267158	-0.266291	-0.258434	-0.23441	-0.190937	-0.144854	-0.10911	-0.0665386	0.00792909	0.115172	0.239628	0.353037	0.446677	0.519507	0.560966	0.575573	0.573052	0.55655	0.504293	0.39046	0.228846	0.0456692	-0.143292	-0.332653	-0.506402	-0.636124	-0.703521	-0.703521	
0.507242	0.64872	0.76495	0.835569	0.852202	0.815246	0.71907	0.57208	0.40073	0.236336	0.116944	0.0458192	-0.0070998	-0.0425549	-0.0658567	-0.0927112	-0.13579	-0.186485	-0.220373	-0.232069	-0.245255	-0.259813	-0.267158	-0.266291	-0.258434	-0.23441	-0.190937	-0.144854	-0.10911	-0.0665386	0.00792909	0.115172	0.239628	0.353037	0.446677	0.519507	0.560966	0.575573	0.573052	0.55655	0.504293	0.39046	0.228846	0.0456692	-0.143292	-0.332653	-0.506402	-0.636124	-0.703521	-0.703521	
