-0.322817	-0.497143	-0.665767	-0.813755	-0.929942	-1.00212	-1.02741	-1.00641	-0.940462	-0.838529	-0.721793	-0.605412	-0.503161	-0.405245	-0.316363	-0.234251	-0.167446	-0.125219	-0.101402	-0.0831661	-0.071381	-0.0652379	-0.0665029	-0.0810584	-0.108865	-0.151396	-0.208708	-0.277764	-0.35857	-0.450733	-0.541274	-0.622869	-0.67771	-0.685092	-0.635128	-0.53073	-0.390754	-0.232418	-0.0554102	0.141073	0.348657	0.547024	0.729668	0.888017	0.999537	1.06742	1.1009	1.11659	1.12396	1.12396	
-0.497143	-0.634846	-0.758574	-0.864446	-0.953461	-1.00531	-1.00788	-0.96658	-0.892258	-0.785019	-0.667505	-0.550909	-0.439316	-0.339155	-0.245691	-0.14693	-0.0539814	0.0260013	0.0871618	0.12056	0.133973	0.127443	0.101916	0.0611495	0.00190755	-0.0708587	-0.152935	-0.24691	-0.348232	-0.448221	-0.536652	-0.605878	-0.654993	-0.670374	-0.631809	-0.540704	-0.415627	-0.268923	-0.103018	0.0755603	0.262526	0.442246	0.607122	0.747754	0.850801	0.917507	0.951721	0.975376	0.990504	0.990504	
-0.665767	-0.758574	-0.835405	-0.906746	-0.969116	-0.991151	-0.971909	-0.91593	-0.824061	-0.710537	-0.588987	-0.468963	-0.355991	-0.253834	-0.156971	-0.0544031	0.0546255	0.158832	0.243671	0.293003	0.304715	0.289512	0.251191	0.18716	0.103623	0.0115072	-0.0852681	-0.184681	-0.295345	-0.398562	-0.477771	-0.537976	-0.584803	-0.601075	-0.569059	-0.49358	-0.386795	-0.268876	-0.130961	0.0203451	0.170125	0.313835	0.445257	0.563008	0.651982	0.709799	0.748132	0.77735	0.79528	0.79528	
-0.813755	-0.864446	-0.906746	-0.946919	-0.974351	-0.970255	-0.938844	-0.869402	-0.762679	-0.643512	-0.52349	-0.411206	-0.300056	-0.194375	-0.0904338	0.0211022	0.140551	0.266514	0.376314	0.442516	0.457518	0.429672	0.366575	0.277092	0.17145	0.0701944	-0.0239335	-0.119509	-0.21966	-0.311695	-0.381024	-0.428762	-0.465417	-0.475318	-0.450092	-0.394215	-0.311977	-0.226919	-0.130145	-0.0224277	0.0816104	0.179401	0.267752	0.350848	0.422182	0.474219	0.512011	0.54396	0.566019	0.566019	
-0.929942	-0.953461	-0.969116	-0.974351	-0.968445	-0.946961	-0.906091	-0.827656	-0.719016	-0.608529	-0.497662	-0.395418	-0.28522	-0.171078	-0.0549732	0.0703173	0.206542	0.357434	0.496405	0.581554	0.594488	0.543264	0.447853	0.330566	0.204885	0.0933831	0.00346383	-0.0788507	-0.161517	-0.234019	-0.282118	-0.304881	-0.322828	-0.323326	-0.298774	-0.254765	-0.204431	-0.160834	-0.105351	-0.0469277	0.00636203	0.0520352	0.0968448	0.146109	0.195676	0.24052	0.276971	0.313568	0.333459	0.333459	
-1.00212	-1.00531	-0.991151	-0.970255	-0.946961	-0.915683	-0.868593	-0.795777	-0.700908	-0.605439	-0.502905	-0.402805	-0.295429	-0.175079	-0.0461537	0.0956881	0.256198	0.432427	0.592203	0.689429	0.695282	0.619977	0.496126	0.350351	0.204465	0.086293	-0.00268509	-0.0733681	-0.138369	-0.186745	-0.209905	-0.213188	-0.209105	-0.186344	-0.1466	-0.105944	-0.0777227	-0.0765243	-0.075296	-0.0704055	-0.0655683	-0.0618018	-0.0555002	-0.031445	0.00632799	0.0483151	0.0873448	0.122541	0.142969	0.142969	
-1.02741	-1.00788	-0.971909	-0.938844	-0.906091	-0.868593	-0.824287	-0.765391	-0.688378	-0.605329	-0.510437	-0.418199	-0.320573	-0.201296	-0.0637114	0.0975604	0.282689	0.478174	0.649364	0.752916	0.752467	0.657537	0.506763	0.334583	0.172921	0.0503128	-0.0353603	-0.0967425	-0.140999	-0.17003	-0.175636	-0.159698	-0.13146	-0.0823343	-0.024427	0.0193276	0.0262295	-0.00804711	-0.0548988	-0.101552	-0.139685	-0.170058	-0.184706	-0.172301	-0.137298	-0.0854079	-0.0329307	0.00967281	0.0361768	0.0361768	
-1.00641	-0.96658	-0.91593	-0.869402	-0.827656	-0.795777	-0.765391	-0.721362	-0.661866	-0.589917	-0.511219	-0.43189	-0.344336	-0.233365	-0.0946201	0.0763958	0.27592	0.480975	0.659383	0.761607	0.754885	0.644176	0.473653	0.288073	0.122037	0.000653573	-0.0808932	-0.132698	-0.164017	-0.175368	-0.16184	-0.127344	-0.0757943	-0.00855135	0.0637636	0.111144	0.0948386	0.0265624	-0.0640835	-0.152475	-0.21762	-0.269275	-0.29373	-0.278951	-0.23251	-0.160941	-0.0852055	-0.0246361	0.00870808	0.00870808	
-0.940462	-0.892258	-0.824061	-0.762679	-0.719016	-0.700908	-0.688378	-0.661866	-0.617494	-0.567667	-0.505859	-0.431414	-0.352143	-0.248649	-0.117866	0.0455908	0.245495	0.449665	0.618215	0.710689	0.695147	0.579342	0.409891	0.225413	0.0673847	-0.0461944	-0.12484	-0.171025	-0.192745	-0.185774	-0.150596	-0.101923	-0.0365491	0.0473583	0.128454	0.170506	0.137903	0.0381135	-0.0924	-0.217164	-0.308435	-0.363654	-0.381961	-0.353347	-0.287604	-0.192492	-0.0897763	-0.015251	0.0318831	0.0318831	
-0.838529	-0.785019	-0.710537	-0.643512	-0.608529	-0.605439	-0.605329	-0.589917	-0.567667	-0.535387	-0.488252	-0.423366	-0.348082	-0.2544	-0.135067	0.0149033	0.202165	0.38935	0.537007	0.611643	0.592762	0.483555	0.325651	0.159312	0.0147457	-0.0877796	-0.156852	-0.194032	-0.197706	-0.174062	-0.128886	-0.0715892	0.00557105	0.0934566	0.172193	0.204333	0.149062	0.0251307	-0.137858	-0.290535	-0.398613	-0.45804	-0.462334	-0.411241	-0.316846	-0.192729	-0.0634084	0.030094	0.0856722	0.0856722	
-0.721793	-0.667505	-0.588987	-0.52349	-0.497662	-0.502905	-0.510437	-0.511219	-0.505859	-0.488252	-0.457261	-0.4039	-0.333802	-0.244004	-0.136611	-0.00659282	0.1521	0.304767	0.422462	0.478036	0.454727	0.357467	0.222983	0.0795842	-0.0394695	-0.121115	-0.175241	-0.19967	-0.193222	-0.153477	-0.0905963	-0.0193744	0.0625061	0.145183	0.209866	0.219819	0.136194	-0.017796	-0.206444	-0.380133	-0.496032	-0.547567	-0.534468	-0.457836	-0.332785	-0.175777	-0.0112886	0.112909	0.183475	0.183475	
-0.605412	-0.550909	-0.468963	-0.411206	-0.395418	-0.402805	-0.418199	-0.43189	-0.431414	-0.423366	-0.4039	-0.361335	-0.294429	-0.214749	-0.122762	-0.0208165	0.0942264	0.207972	0.292357	0.323474	0.293	0.208962	0.097054	-0.0136858	-0.101722	-0.159511	-0.19729	-0.209535	-0.184952	-0.128021	-0.052275	0.0287602	0.110534	0.185637	0.229592	0.207342	0.10321	-0.0681481	-0.27199	-0.456461	-0.583566	-0.630046	-0.595682	-0.488393	-0.323367	-0.12611	0.0700657	0.217403	0.301657	0.301657	
-0.503161	-0.439316	-0.355991	-0.300056	-0.28522	-0.295429	-0.320573	-0.344336	-0.352143	-0.348082	-0.333802	-0.294429	-0.237277	-0.17317	-0.106506	-0.0430983	0.024284	0.0919709	0.137671	0.14296	0.108986	0.039702	-0.0471694	-0.127224	-0.184079	-0.219145	-0.236945	-0.227686	-0.185674	-0.113256	-0.0245636	0.0637114	0.144916	0.210362	0.236202	0.193159	0.0697053	-0.115775	-0.328627	-0.519777	-0.648685	-0.690657	-0.637236	-0.500959	-0.299534	-0.063207	0.167456	0.346927	0.443682	0.443682	
-0.405245	-0.339155	-0.253834	-0.194375	-0.171078	-0.175079	-0.201296	-0.233365	-0.248649	-0.2544	-0.244004	-0.214749	-0.17317	-0.133857	-0.10061	-0.0779834	-0.0643145	-0.0493033	-0.0482332	-0.0657175	-0.0977966	-0.149821	-0.213327	-0.261981	-0.292418	-0.304117	-0.291873	-0.26085	-0.201731	-0.110254	-0.00559794	0.0944674	0.177136	0.233069	0.237675	0.174118	0.040901	-0.149276	-0.357192	-0.545836	-0.676268	-0.715931	-0.654754	-0.500073	-0.268876	-0.000180371	0.260673	0.470109	0.579672	0.579672	
-0.316363	-0.245691	-0.156971	-0.0904338	-0.0549732	-0.0461537	-0.0637114	-0.0946201	-0.117866	-0.135067	-0.136611	-0.122762	-0.106506	-0.10061	-0.104818	-0.127211	-0.168255	-0.21241	-0.258531	-0.297871	-0.330844	-0.36539	-0.39461	-0.407144	-0.40496	-0.384421	-0.347391	-0.297183	-0.218017	-0.108067	0.00780979	0.117556	0.203951	0.253589	0.246686	0.168507	0.0304196	-0.154731	-0.35261	-0.53426	-0.667444	-0.710301	-0.646827	-0.485769	-0.239247	0.0517014	0.329063	0.551978	0.671817	0.671817	
-0.234251	-0.14693	-0.0544031	0.0211022	0.0703173	0.0956881	0.0975604	0.0763958	0.0455908	0.0149033	-0.00659282	-0.0208165	-0.0430983	-0.0779834	-0.127211	-0.197535	-0.293559	-0.396132	-0.489528	-0.558805	-0.596406	-0.602356	-0.585153	-0.552942	-0.506686	-0.446855	-0.377336	-0.301599	-0.20573	-0.0889242	0.0362149	0.155503	0.242028	0.281149	0.264599	0.186076	0.0476101	-0.130798	-0.325211	-0.509609	-0.643299	-0.695965	-0.640875	-0.476209	-0.225118	0.0714607	0.363188	0.600296	0.725356	0.725356	
-0.167446	-0.0539814	0.0546255	0.140551	0.206542	0.256198	0.282689	0.27592	0.245495	0.202165	0.1521	0.0942264	0.024284	-0.0643145	-0.168255	-0.293559	-0.441274	-0.593791	-0.732303	-0.83225	-0.868399	-0.843299	-0.781897	-0.698203	-0.599537	-0.492239	-0.380369	-0.267769	-0.152159	-0.0280308	0.100935	0.217169	0.295116	0.325547	0.301239	0.214881	0.0783116	-0.0940017	-0.287442	-0.474189	-0.619794	-0.686269	-0.643028	-0.488633	-0.239795	0.0644283	0.366454	0.611697	0.749496	0.749496	
-0.125219	0.0260013	0.158832	0.266514	0.357434	0.432427	0.478174	0.480975	0.449665	0.38935	0.304767	0.207972	0.0919709	-0.0493033	-0.21241	-0.396132	-0.593791	-0.79613	-0.977995	-1.09687	-1.12554	-1.07095	-0.957713	-0.816486	-0.664223	-0.509805	-0.354244	-0.206346	-0.0736392	0.0565365	0.187873	0.296293	0.364578	0.381523	0.339693	0.249655	0.115251	-0.0567994	-0.253036	-0.447436	-0.607504	-0.688588	-0.657419	-0.51183	-0.268096	0.0358008	0.347714	0.60293	0.750094	0.750094	
-0.101402	0.0871618	0.243671	0.376314	0.496405	0.592203	0.649364	0.659383	0.618215	0.537007	0.422462	0.292357	0.137671	-0.0482332	-0.258531	-0.489528	-0.732303	-0.977995	-1.18448	-1.31191	-1.33234	-1.24618	-1.08057	-0.886157	-0.693422	-0.500253	-0.308083	-0.136426	0.00958439	0.14618	0.27416	0.372888	0.430148	0.425754	0.370441	0.279277	0.141761	-0.0287397	-0.232679	-0.440705	-0.609725	-0.697745	-0.674735	-0.533245	-0.29221	0.00526949	0.321537	0.583941	0.735487	0.735487	
-0.0831661	0.12056	0.293003	0.442516	0.581554	0.689429	0.752916	0.761607	0.710689	0.611643	0.478036	0.323474	0.14296	-0.0657175	-0.297871	-0.558805	-0.83225	-1.09687	-1.31191	-1.43939	-1.4493	-1.332	-1.12434	-0.894154	-0.66914	-0.451557	-0.247633	-0.0683304	0.0828601	0.212793	0.32418	0.410142	0.455326	0.438601	0.377313	0.28221	0.144933	-0.0232931	-0.227886	-0.439453	-0.61418	-0.702777	-0.678297	-0.541179	-0.30941	-0.0156134	0.299694	0.560548	0.720708	0.720708	
-0.071381	0.133973	0.304715	0.457518	0.594488	0.695282	0.752467	0.754885	0.695147	0.592762	0.454727	0.293	0.108986	-0.0977966	-0.330844	-0.596406	-0.868399	-1.12554	-1.33234	-1.4493	-1.44104	-1.30271	-1.07672	-0.828594	-0.58811	-0.36682	-0.171045	-0.00316313	0.12941	0.232209	0.321553	0.389596	0.419019	0.397001	0.338638	0.250014	0.124576	-0.0302721	-0.231639	-0.444303	-0.614565	-0.702156	-0.676122	-0.534943	-0.307291	-0.0212703	0.290691	0.551557	0.709779	0.709779	
-0.0652379	0.127443	0.289512	0.429672	0.543264	0.619977	0.657537	0.644176	0.579342	0.483555	0.357467	0.208962	0.039702	-0.149821	-0.36539	-0.602356	-0.843299	-1.07095	-1.24618	-1.332	-1.30271	-1.16069	-0.940681	-0.69604	-0.46483	-0.264824	-0.0933068	0.0476768	0.1468	0.217203	0.278623	0.319745	0.334415	0.31559	0.265102	0.190611	0.0850515	-0.0577984	-0.247716	-0.452095	-0.6189	-0.698509	-0.664089	-0.522365	-0.295705	-0.0118165	0.293835	0.554911	0.710848	0.710848	
-0.0665029	0.101916	0.251191	0.366575	0.447853	0.496126	0.506763	0.473653	0.409891	0.325651	0.222983	0.097054	-0.0471694	-0.213327	-0.39461	-0.585153	-0.781897	-0.957713	-1.08057	-1.12434	-1.07672	-0.940681	-0.744892	-0.528424	-0.331298	-0.162871	-0.0236521	0.0786039	0.149644	0.195208	0.224589	0.240663	0.24506	0.231469	0.187292	0.117472	0.0267086	-0.105835	-0.278456	-0.463835	-0.622594	-0.690864	-0.646641	-0.50493	-0.277762	0.00340656	0.296323	0.550051	0.697207	0.697207	
-0.0810584	0.0611495	0.18716	0.277092	0.330566	0.350351	0.334583	0.288073	0.225413	0.159312	0.0795842	-0.0136858	-0.127224	-0.261981	-0.407144	-0.552942	-0.698203	-0.816486	-0.886157	-0.894154	-0.828594	-0.69604	-0.528424	-0.353222	-0.188641	-0.0512676	0.055782	0.12378	0.162578	0.184909	0.18995	0.190128	0.186249	0.166187	0.124571	0.0575209	-0.0363913	-0.163968	-0.324046	-0.495332	-0.631923	-0.684607	-0.632826	-0.488495	-0.264533	0.00693954	0.283537	0.525357	0.657108	0.657108	
-0.108865	0.00190755	0.103623	0.17145	0.204885	0.204465	0.172921	0.122037	0.0673847	0.0147457	-0.0394695	-0.101722	-0.184079	-0.292418	-0.40496	-0.506686	-0.599537	-0.664223	-0.693422	-0.66914	-0.58811	-0.46483	-0.331298	-0.188641	-0.045722	0.0679904	0.14961	0.194183	0.213803	0.214336	0.193628	0.176435	0.164216	0.142245	0.0992465	0.0199894	-0.0868225	-0.21893	-0.372117	-0.530083	-0.651994	-0.69282	-0.637325	-0.491886	-0.271711	-0.00848145	0.253295	0.472994	0.590875	0.590875	
-0.151396	-0.0708587	0.0115072	0.0701944	0.0933831	0.086293	0.0503128	0.000653573	-0.0461944	-0.0877796	-0.121115	-0.159511	-0.219145	-0.304117	-0.384421	-0.446855	-0.492239	-0.509805	-0.500253	-0.451557	-0.36682	-0.264824	-0.162871	-0.0512676	0.0679904	0.171166	0.24294	0.277152	0.282653	0.268492	0.237946	0.208654	0.185048	0.164434	0.116186	0.0213317	-0.0985794	-0.245127	-0.401355	-0.552093	-0.665779	-0.704413	-0.653825	-0.517621	-0.307428	-0.0534219	0.190631	0.39045	0.493512	0.493512	
-0.208708	-0.152935	-0.0852681	-0.0239335	0.00346383	-0.00268509	-0.0353603	-0.0808932	-0.12484	-0.156852	-0.175241	-0.19729	-0.236945	-0.291873	-0.347391	-0.377336	-0.380369	-0.354244	-0.308083	-0.247633	-0.171045	-0.0933068	-0.0236521	0.055782	0.14961	0.24294	0.31199	0.344046	0.348904	0.329184	0.295852	0.264623	0.243094	0.225179	0.170429	0.0662587	-0.0693133	-0.228797	-0.389128	-0.535795	-0.643818	-0.68803	-0.654352	-0.542009	-0.357633	-0.129874	0.0890136	0.264876	0.350424	0.350424	
-0.277764	-0.24691	-0.184681	-0.119509	-0.0788507	-0.0733681	-0.0967425	-0.132698	-0.171025	-0.194032	-0.19967	-0.209535	-0.227686	-0.26085	-0.297183	-0.301599	-0.267769	-0.206346	-0.136426	-0.0683304	-0.00316313	0.0476768	0.0786039	0.12378	0.194183	0.277152	0.344046	0.38101	0.397721	0.386747	0.358562	0.334708	0.324736	0.311095	0.257436	0.142304	-0.00702596	-0.172591	-0.336515	-0.472061	-0.578993	-0.633322	-0.620472	-0.544906	-0.400829	-0.212137	-0.0318168	0.102269	0.171163	0.171163	
-0.35857	-0.348232	-0.295345	-0.21966	-0.161517	-0.138369	-0.140999	-0.164017	-0.192745	-0.197706	-0.193222	-0.184952	-0.185674	-0.201731	-0.218017	-0.20573	-0.152159	-0.0736392	0.00958439	0.0828601	0.12941	0.1468	0.149644	0.162578	0.213803	0.282653	0.348904	0.397721	0.419061	0.423745	0.414708	0.407046	0.414423	0.405421	0.350166	0.237234	0.0803317	-0.0877576	-0.246633	-0.379979	-0.480119	-0.53738	-0.552606	-0.516047	-0.419561	-0.286285	-0.151035	-0.0533615	-0.00498165	-0.00498165	
-0.450733	-0.448221	-0.398562	-0.311695	-0.234019	-0.186745	-0.17003	-0.175368	-0.185774	-0.174062	-0.153477	-0.128021	-0.113256	-0.110254	-0.108067	-0.0889242	-0.0280308	0.0565365	0.14618	0.212793	0.232209	0.217203	0.195208	0.184909	0.214336	0.268492	0.329184	0.386747	0.423745	0.443673	0.452821	0.467979	0.496233	0.501765	0.454309	0.346498	0.187441	0.0202644	-0.131046	-0.260893	-0.35529	-0.420107	-0.463424	-0.462891	-0.415125	-0.336031	-0.243014	-0.17558	-0.145321	-0.145321	
-0.541274	-0.536652	-0.477771	-0.381024	-0.282118	-0.209905	-0.175636	-0.16184	-0.150596	-0.128886	-0.0905963	-0.052275	-0.0245636	-0.00559794	0.00780979	0.0362149	0.100935	0.187873	0.27416	0.32418	0.321553	0.278623	0.224589	0.18995	0.193628	0.237946	0.295852	0.358562	0.414708	0.452821	0.488746	0.533452	0.581228	0.603049	0.565054	0.462155	0.315644	0.156236	0.00719298	-0.118264	-0.213099	-0.291875	-0.354178	-0.388185	-0.391749	-0.354844	-0.304141	-0.268245	-0.243943	-0.243943	
-0.622869	-0.605878	-0.537976	-0.428762	-0.304881	-0.213188	-0.159698	-0.127344	-0.101923	-0.0715892	-0.0193744	0.0287602	0.0637114	0.0944674	0.117556	0.155503	0.217169	0.296293	0.372888	0.410142	0.389596	0.319745	0.240663	0.190128	0.176435	0.208654	0.264623	0.334708	0.407046	0.467979	0.533452	0.605233	0.671143	0.703975	0.675645	0.583375	0.447991	0.299586	0.159569	0.0400814	-0.0517063	-0.139418	-0.220742	-0.285066	-0.335796	-0.347948	-0.337732	-0.326574	-0.311973	-0.311973	
-0.67771	-0.654993	-0.584803	-0.465417	-0.322828	-0.209105	-0.13146	-0.0757943	-0.0365491	0.00557105	0.0625061	0.110534	0.144916	0.177136	0.203951	0.242028	0.295116	0.364578	0.430148	0.455326	0.419019	0.334415	0.24506	0.186249	0.164216	0.185048	0.243094	0.324736	0.414423	0.496233	0.581228	0.671143	0.747894	0.781974	0.757553	0.68015	0.561708	0.433527	0.315629	0.215014	0.130658	0.0443257	-0.0479489	-0.142711	-0.230703	-0.293315	-0.328388	-0.342236	-0.341759	-0.341759	
-0.685092	-0.670374	-0.601075	-0.475318	-0.323326	-0.186344	-0.0823343	-0.00855135	0.0473583	0.0934566	0.145183	0.185637	0.210362	0.233069	0.253589	0.281149	0.325547	0.381523	0.425754	0.438601	0.397001	0.31559	0.231469	0.166187	0.142245	0.164434	0.225179	0.311095	0.405421	0.501765	0.603049	0.703975	0.781974	0.822258	0.804087	0.739613	0.651964	0.553467	0.468972	0.396366	0.328155	0.255209	0.15946	0.0476397	-0.0658068	-0.171848	-0.245917	-0.28189	-0.295505	-0.295505	
-0.635128	-0.631809	-0.569059	-0.450092	-0.298774	-0.1466	-0.024427	0.0637636	0.128454	0.172193	0.209866	0.229592	0.236202	0.237675	0.246686	0.264599	0.301239	0.339693	0.370441	0.377313	0.338638	0.265102	0.187292	0.124571	0.0992465	0.116186	0.170429	0.257436	0.350166	0.454309	0.565054	0.675645	0.757553	0.804087	0.804947	0.770502	0.724832	0.665776	0.625036	0.593216	0.552855	0.49353	0.405743	0.289855	0.157809	0.0271347	-0.0787501	-0.134776	-0.161312	-0.161312	
-0.53073	-0.540704	-0.49358	-0.394215	-0.254765	-0.105944	0.0193276	0.111144	0.170506	0.204333	0.219819	0.207342	0.193159	0.174118	0.168507	0.186076	0.214881	0.249655	0.279277	0.28221	0.250014	0.190611	0.117472	0.0575209	0.0199894	0.0213317	0.0662587	0.142304	0.237234	0.346498	0.462155	0.583375	0.68015	0.739613	0.770502	0.77927	0.782347	0.78364	0.796646	0.80977	0.802453	0.764505	0.688341	0.57458	0.434193	0.286766	0.159013	0.0789433	0.0449638	0.0449638	
-0.390754	-0.415627	-0.386795	-0.311977	-0.204431	-0.0777227	0.0262295	0.0948386	0.137903	0.149062	0.136194	0.10321	0.0697053	0.040901	0.0304196	0.0476101	0.0783116	0.115251	0.141761	0.144933	0.124576	0.0850515	0.0267086	-0.0363913	-0.0868225	-0.0985794	-0.0693133	-0.00702596	0.0803317	0.187441	0.315644	0.447991	0.561708	0.651964	0.724832	0.782347	0.840849	0.904277	0.974043	1.03901	1.07028	1.05627	0.987491	0.881471	0.740107	0.575809	0.434024	0.329894	0.282454	0.282454	
-0.232418	-0.268923	-0.268876	-0.226919	-0.160834	-0.0765243	-0.00804711	0.0265624	0.0381135	0.0251307	-0.017796	-0.0681481	-0.115775	-0.149276	-0.154731	-0.130798	-0.0940017	-0.0567994	-0.0287397	-0.0232931	-0.0302721	-0.0577984	-0.105835	-0.163968	-0.21893	-0.245127	-0.228797	-0.172591	-0.0877576	0.0202644	0.156236	0.299586	0.433527	0.553467	0.665776	0.78364	0.904277	1.03466	1.16628	1.2799	1.34857	1.35085	1.29341	1.1866	1.03582	0.860065	0.691284	0.559394	0.494554	0.494554	
-0.0554102	-0.103018	-0.130961	-0.130145	-0.105351	-0.075296	-0.0548988	-0.0640835	-0.0924	-0.137858	-0.206444	-0.27199	-0.328627	-0.357192	-0.35261	-0.325211	-0.287442	-0.253036	-0.232679	-0.227886	-0.231639	-0.247716	-0.278456	-0.324046	-0.372117	-0.401355	-0.389128	-0.336515	-0.246633	-0.131046	0.00719298	0.159569	0.315629	0.468972	0.625036	0.796646	0.974043	1.16628	1.35251	1.50924	1.60956	1.62117	1.56507	1.44908	1.2819	1.08941	0.892796	0.734059	0.649879	0.649879	
0.141073	0.0755603	0.0203451	-0.0224277	-0.0469277	-0.0704055	-0.101552	-0.152475	-0.217164	-0.290535	-0.380133	-0.456461	-0.519777	-0.545836	-0.53426	-0.509609	-0.474189	-0.447436	-0.440705	-0.439453	-0.444303	-0.452095	-0.463835	-0.495332	-0.530083	-0.552093	-0.535795	-0.472061	-0.379979	-0.260893	-0.118264	0.0400814	0.215014	0.396366	0.593216	0.80977	1.03901	1.2799	1.50924	1.70159	1.81838	1.83707	1.77093	1.6367	1.45331	1.23543	1.00975	0.822762	0.715328	0.715328	
0.348657	0.262526	0.170125	0.0816104	0.00636203	-0.0655683	-0.139685	-0.21762	-0.308435	-0.398613	-0.496032	-0.583566	-0.648685	-0.676268	-0.667444	-0.643299	-0.619794	-0.607504	-0.609725	-0.61418	-0.614565	-0.6189	-0.622594	-0.631923	-0.651994	-0.665779	-0.643818	-0.578993	-0.480119	-0.35529	-0.213099	-0.0517063	0.130658	0.328155	0.552855	0.802453	1.07028	1.34857	1.60956	1.81838	1.93833	1.96006	1.88076	1.72579	1.52247	1.27706	1.02598	0.814182	0.689593	0.689593	
0.547024	0.442246	0.313835	0.179401	0.0520352	-0.0618018	-0.170058	-0.269275	-0.363654	-0.45804	-0.547567	-0.630046	-0.690657	-0.715931	-0.710301	-0.695965	-0.686269	-0.688588	-0.697745	-0.702777	-0.702156	-0.698509	-0.690864	-0.684607	-0.69282	-0.704413	-0.68803	-0.633322	-0.53738	-0.420107	-0.291875	-0.139418	0.0443257	0.255209	0.49353	0.764505	1.05627	1.35085	1.62117	1.83707	1.96006	1.96985	1.87706	1.70266	1.47258	1.20488	0.931748	0.701094	0.56307	0.56307	
0.729668	0.607122	0.445257	0.267752	0.0968448	-0.0555002	-0.184706	-0.29373	-0.381961	-0.462334	-0.534468	-0.595682	-0.637236	-0.654754	-0.646827	-0.640875	-0.643028	-0.657419	-0.674735	-0.678297	-0.676122	-0.664089	-0.646641	-0.632826	-0.637325	-0.653825	-0.654352	-0.620472	-0.552606	-0.463424	-0.354178	-0.220742	-0.0479489	0.15946	0.405743	0.688341	0.987491	1.29341	1.56507	1.77093	1.88076	1.87706	1.76702	1.56462	1.30488	1.01145	0.714038	0.465244	0.32077	0.32077	
0.888017	0.747754	0.563008	0.350848	0.146109	-0.031445	-0.172301	-0.278951	-0.353347	-0.411241	-0.457836	-0.488393	-0.500959	-0.500073	-0.485769	-0.476209	-0.488633	-0.51183	-0.533245	-0.541179	-0.534943	-0.522365	-0.50493	-0.488495	-0.491886	-0.517621	-0.542009	-0.544906	-0.516047	-0.462891	-0.388185	-0.285066	-0.142711	0.0476397	0.289855	0.57458	0.881471	1.1866	1.44908	1.6367	1.72579	1.70266	1.56462	1.33141	1.03316	0.699801	0.377127	0.111126	-0.0408572	-0.0408572	
0.999537	0.850801	0.651982	0.422182	0.195676	0.00632799	-0.137298	-0.23251	-0.287604	-0.316846	-0.332785	-0.323367	-0.299534	-0.268876	-0.239247	-0.225118	-0.239795	-0.268096	-0.29221	-0.30941	-0.307291	-0.295705	-0.277762	-0.264533	-0.271711	-0.307428	-0.357633	-0.400829	-0.419561	-0.415125	-0.391749	-0.335796	-0.230703	-0.0658068	0.157809	0.434193	0.740107	1.03582	1.2819	1.45331	1.52247	1.47258	1.30488	1.03316	0.685371	0.307101	-0.0478818	-0.333952	-0.492708	-0.492708	
1.06742	0.917507	0.709799	0.474219	0.24052	0.0483151	-0.0854079	-0.160941	-0.192492	-0.192729	-0.175777	-0.12611	-0.063207	-0.000180371	0.0517014	0.0714607	0.0644283	0.0358008	0.00526949	-0.0156134	-0.0212703	-0.0118165	0.00340656	0.00693954	-0.00848145	-0.0534219	-0.129874	-0.212137	-0.286285	-0.336031	-0.354844	-0.347948	-0.293315	-0.171848	0.0271347	0.286766	0.575809	0.860065	1.08941	1.23543	1.27706	1.20488	1.01145	0.699801	0.307101	-0.112412	-0.500399	-0.802608	-0.963533	-0.963533	
1.1009	0.951721	0.748132	0.512011	0.276971	0.0873448	-0.0329307	-0.0852055	-0.0897763	-0.0634084	-0.0112886	0.0700657	0.167456	0.260673	0.329063	0.363188	0.366454	0.347714	0.321537	0.299694	0.290691	0.293835	0.296323	0.283537	0.253295	0.190631	0.0890136	-0.0318168	-0.151035	-0.243014	-0.304141	-0.337732	-0.328388	-0.245917	-0.0787501	0.159013	0.434024	0.691284	0.892796	1.00975	1.02598	0.931748	0.714038	0.377127	-0.0478818	-0.500399	-0.911153	-1.2196	-1.38554	-1.38554	
1.11659	0.975376	0.77735	0.54396	0.313568	0.122541	0.00967281	-0.0246361	-0.015251	0.030094	0.112909	0.217403	0.346927	0.470109	0.551978	0.600296	0.611697	0.60293	0.583941	0.560548	0.551557	0.554911	0.550051	0.525357	0.472994	0.39045	0.264876	0.102269	-0.0533615	-0.17558	-0.268245	-0.326574	-0.342236	-0.28189	-0.134776	0.0789433	0.329894	0.559394	0.734059	0.822762	0.814182	0.701094	0.465244	0.111126	-0.333952	-0.802608	-1.2196	-1.52558	-1.68773	-1.68773	
1.12396	0.990504	0.79528	0.566019	0.333459	0.142969	0.0361768	0.00870808	0.0318831	0.0856722	0.183475	0.301657	0.443682	0.579672	0.671817	0.725356	0.749496	0.750094	0.735487	0.720708	0.709779	0.710848	0.697207	0.657108	0.590875	0.493512	0.350424	0.171163	-0.00498165	-0.145321	-0.243943	-0.311973	-0.341759	-0.295505	-0.161312	0.0449638	0.282454	0.494554	0.649879	0.715328	0.689593	0.56307	0.32077	-0.0408572	-0.492708	-0.963533	-1.38554	-1.68773	-1.84781	-1.84781	
1.12396	0.990504	0.79528	0.566019	0.333459	0.142969	0.0361768	0.00870808	0.0318831	0.0856722	0.183475	0.301657	0.443682	0.579672	0.671817	0.725356	0.749496	0.750094	0.735487	0.720708	0.709779	0.710848	0.697207	0.657108	0.590875	0.493512	0.350424	0.171163	-0.00498165	-0.145321	-0.243943	-0.311973	-0.341759	-0.295505	-0.161312	0.0449638	0.282454	0.494554	0.649879	0.715328	0.689593	0.56307	0.32077	-0.0408572	-0.492708	-0.963533	-1.38554	-1.68773	-1.84781	-1.84781	
