-0.899535	-0.899535	-0.828287	-0.69211	-0.517157	-0.326614	-0.132837	0.0480698	0.193972	0.300046	0.365505	0.397744	0.408793	0.410174	0.403517	0.391402	0.362124	0.309542	0.233629	0.145184	0.0708282	0.0233245	0.0116652	0.0539108	0.129888	0.220584	0.333502	0.439283	0.530061	0.62395	0.699332	0.753545	0.801631	0.816988	0.783292	0.722897	0.635486	0.515917	0.382151	0.245498	0.101772	-0.032384	-0.152583	-0.268217	-0.36597	-0.436928	-0.472944	-0.458199	-0.405468	-0.336864	
-1.06353	-1.06353	-0.993221	-0.848444	-0.655316	-0.446871	-0.238123	-0.0452372	0.124489	0.264641	0.365444	0.425862	0.460081	0.473579	0.474074	0.458973	0.415956	0.345755	0.251216	0.142885	0.0567566	0.0103979	0.00686166	0.0636409	0.161835	0.278765	0.408319	0.522518	0.616846	0.699219	0.758339	0.801417	0.831206	0.823427	0.776908	0.708621	0.627976	0.529987	0.425718	0.321314	0.213132	0.108771	0.0113883	-0.0846097	-0.167117	-0.234537	-0.280721	-0.290952	-0.27652	-0.249974	
-1.15849	-1.15849	-1.08986	-0.956194	-0.776618	-0.570039	-0.356311	-0.149993	0.0422813	0.215301	0.346427	0.434139	0.48382	0.511296	0.51713	0.497344	0.442888	0.365067	0.257498	0.133142	0.0414958	0.00168291	0.00786681	0.0715381	0.19108	0.333358	0.473823	0.593389	0.687242	0.755944	0.801476	0.83453	0.841484	0.812393	0.751418	0.674715	0.597236	0.515771	0.4359	0.3584	0.281858	0.217351	0.151025	0.0780604	0.0116082	-0.0459477	-0.0957704	-0.131737	-0.15814	-0.176127	
-1.17731	-1.17731	-1.11956	-1.01048	-0.86289	-0.681628	-0.477423	-0.260842	-0.0507031	0.14468	0.306962	0.422836	0.488935	0.526463	0.539033	0.514775	0.455238	0.373278	0.261735	0.132678	0.0378794	0.00710902	0.0313548	0.11384	0.250881	0.40734	0.546838	0.658033	0.742273	0.794312	0.827278	0.843213	0.829545	0.776279	0.701309	0.619361	0.541591	0.472505	0.412236	0.35786	0.317342	0.289041	0.25138	0.201318	0.156526	0.111379	0.0638191	0.00453321	-0.0580743	-0.117405	
-1.14075	-1.14075	-1.09657	-1.01363	-0.902174	-0.762133	-0.581394	-0.365972	-0.147496	0.0580329	0.245077	0.389347	0.474396	0.522281	0.540646	0.517293	0.45348	0.366677	0.256469	0.13837	0.0542531	0.0371067	0.0836242	0.18875	0.339375	0.496569	0.620656	0.712944	0.776947	0.810426	0.819555	0.814886	0.777284	0.709505	0.627817	0.544068	0.465204	0.403494	0.358252	0.328501	0.319451	0.318601	0.307675	0.28765	0.25924	0.224677	0.1734	0.0959964	-0.000786081	-0.104442	
-1.05378	-1.05378	-1.02814	-0.971611	-0.890029	-0.78593	-0.637115	-0.4447	-0.233036	-0.0228861	0.177127	0.335267	0.440807	0.501013	0.52037	0.494457	0.435897	0.351436	0.250009	0.15556	0.0998833	0.105961	0.178834	0.303062	0.45336	0.59285	0.691336	0.75285	0.790639	0.798731	0.784659	0.752141	0.695424	0.620484	0.537211	0.452102	0.380359	0.329845	0.299409	0.29349	0.303875	0.320378	0.337819	0.343662	0.33109	0.30504	0.247589	0.147039	0.011602	-0.135935	
-0.926683	-0.926683	-0.918981	-0.885115	-0.828001	-0.750384	-0.635449	-0.478055	-0.289762	-0.0827965	0.118395	0.279168	0.388505	0.451782	0.473411	0.450716	0.397859	0.326629	0.252339	0.193644	0.174711	0.212841	0.307863	0.437848	0.571433	0.683252	0.748358	0.778646	0.781458	0.759936	0.720688	0.668169	0.603483	0.529154	0.446623	0.365899	0.305238	0.265866	0.252004	0.261938	0.282585	0.313889	0.345755	0.371108	0.377112	0.352977	0.285132	0.161799	-0.00333904	-0.184748	
-0.776162	-0.776162	-0.777103	-0.759787	-0.723817	-0.674081	-0.59111	-0.468021	-0.304344	-0.120165	0.0655931	0.220994	0.326527	0.379362	0.400229	0.390067	0.354136	0.308927	0.266575	0.248195	0.2697	0.339478	0.445375	0.569831	0.678638	0.753333	0.786035	0.785277	0.755495	0.704237	0.643769	0.575321	0.505821	0.433764	0.355814	0.288552	0.24054	0.215605	0.21507	0.236505	0.264106	0.302451	0.342778	0.383992	0.400386	0.375047	0.297642	0.1625	-0.0171536	-0.226542	
-0.607228	-0.607228	-0.60985	-0.607752	-0.598193	-0.573478	-0.518297	-0.42507	-0.29227	-0.137194	0.0216951	0.160637	0.257252	0.306535	0.325945	0.324179	0.316631	0.308045	0.296402	0.307737	0.360393	0.447397	0.553603	0.666014	0.750366	0.796281	0.799864	0.769633	0.712658	0.639418	0.559408	0.481131	0.406081	0.332083	0.264588	0.214177	0.177571	0.169292	0.18186	0.212766	0.252938	0.301621	0.350675	0.395824	0.413445	0.384964	0.305044	0.165652	-0.0244995	-0.24927	
-0.410597	-0.410597	-0.415956	-0.431751	-0.450859	-0.458672	-0.434763	-0.370186	-0.260437	-0.133078	-0.00463576	0.106983	0.192091	0.241686	0.266229	0.275036	0.284939	0.298008	0.313832	0.348111	0.411551	0.50192	0.602224	0.695371	0.76302	0.794109	0.778974	0.730487	0.657782	0.568624	0.475258	0.391589	0.305832	0.230029	0.172279	0.136186	0.117873	0.124704	0.15083	0.193593	0.247793	0.307052	0.364216	0.41143	0.435942	0.417895	0.330556	0.18462	-0.015138	-0.245605	
-0.197999	-0.197999	-0.214337	-0.255757	-0.30825	-0.347831	-0.355117	-0.322013	-0.240024	-0.12922	-0.0147539	0.0774712	0.148619	0.197216	0.225473	0.236559	0.247339	0.26261	0.29302	0.341338	0.41304	0.498305	0.582653	0.659477	0.719298	0.741135	0.721597	0.670017	0.588222	0.491294	0.396879	0.308501	0.222057	0.147986	0.0998689	0.0753771	0.0778728	0.0983033	0.139383	0.194688	0.254364	0.31911	0.381026	0.439334	0.479086	0.467537	0.377259	0.224084	0.0205276	-0.213485	
0.00937877	0.00937877	-0.0288937	-0.098437	-0.180987	-0.249031	-0.29202	-0.290028	-0.238677	-0.139156	-0.0277421	0.0697354	0.13629	0.174828	0.18508	0.184783	0.182669	0.189548	0.217327	0.267717	0.341432	0.425517	0.503382	0.577933	0.631927	0.647466	0.631609	0.58295	0.503145	0.414925	0.32754	0.242379	0.169212	0.107365	0.072396	0.0642775	0.0800446	0.107835	0.152204	0.206605	0.262328	0.331606	0.40471	0.474958	0.52618	0.518597	0.437471	0.286864	0.0801342	-0.162048	
0.175862	0.175862	0.125994	0.0372513	-0.0749813	-0.178816	-0.252859	-0.27534	-0.243137	-0.152226	-0.0427092	0.0570802	0.126102	0.158273	0.145039	0.117679	0.090688	0.0802121	0.0910564	0.132218	0.201444	0.289269	0.376804	0.464043	0.51556	0.527145	0.51677	0.477377	0.411539	0.343851	0.27078	0.20288	0.150884	0.116305	0.104869	0.11587	0.139502	0.163917	0.191522	0.230599	0.281128	0.352438	0.437491	0.51642	0.571962	0.57498	0.505541	0.359332	0.151599	-0.0943031	
0.311994	0.311994	0.251068	0.14529	0.0104105	-0.121312	-0.216121	-0.256686	-0.238819	-0.160334	-0.0550939	0.043189	0.108049	0.126602	0.0946172	0.0397684	-0.0198791	-0.060313	-0.071205	-0.0457348	0.0178363	0.10548	0.203628	0.301094	0.360963	0.378491	0.383213	0.362835	0.320885	0.277733	0.231429	0.19438	0.175739	0.177293	0.192171	0.216617	0.24314	0.256063	0.264641	0.286162	0.325213	0.390265	0.479292	0.562856	0.622442	0.631756	0.565618	0.427795	0.227143	-0.0132282	
0.427651	0.427651	0.362793	0.245979	0.0941126	-0.0547248	-0.170106	-0.224811	-0.214845	-0.147472	-0.0589887	0.0314666	0.0870397	0.0855832	0.0306672	-0.051064	-0.141969	-0.217793	-0.251551	-0.237253	-0.174758	-0.0918099	0.00269491	0.0959333	0.164507	0.206579	0.241024	0.255083	0.245512	0.234275	0.223587	0.229877	0.254733	0.289538	0.324815	0.351285	0.373765	0.375499	0.373914	0.376851	0.397899	0.451187	0.534277	0.615199	0.67079	0.676003	0.61525	0.491408	0.305832	0.072816	
0.531681	0.531681	0.463768	0.342542	0.183837	0.0212888	-0.112228	-0.180992	-0.181254	-0.12513	-0.0468763	0.0270644	0.0571766	0.0330498	-0.0425376	-0.152288	-0.269104	-0.365298	-0.418202	-0.414327	-0.356587	-0.277889	-0.192418	-0.106494	-0.0270449	0.0437911	0.112636	0.167495	0.203821	0.233153	0.269821	0.32297	0.38721	0.444378	0.490018	0.511864	0.521325	0.512236	0.495451	0.478129	0.482084	0.522678	0.592106	0.660492	0.703934	0.703577	0.652965	0.549479	0.386569	0.172233	
0.618775	0.618775	0.544996	0.416218	0.254279	0.0888351	-0.0509947	-0.133256	-0.147918	-0.106796	-0.0421381	0.00988313	0.0174097	-0.0272471	-0.121659	-0.249039	-0.378015	-0.485695	-0.547047	-0.54803	-0.504187	-0.432838	-0.351516	-0.267253	-0.175094	-0.0759559	0.0187494	0.112265	0.200384	0.277167	0.36103	0.454257	0.543461	0.611852	0.662436	0.679129	0.670603	0.64574	0.60701	0.568799	0.557492	0.581991	0.634097	0.686069	0.716527	0.710946	0.672851	0.595495	0.461339	0.269288	
0.674967	0.674967	0.603528	0.472075	0.306917	0.140849	0.00163143	-0.0891329	-0.120674	-0.104107	-0.0632909	-0.0298777	-0.0353733	-0.0895984	-0.194376	-0.327922	-0.461302	-0.56732	-0.62874	-0.634847	-0.602765	-0.537558	-0.46099	-0.377864	-0.271755	-0.15257	-0.0356624	0.093936	0.225189	0.346651	0.466353	0.586855	0.686676	0.76312	0.810174	0.8213	0.796519	0.755641	0.699293	0.643142	0.613323	0.61826	0.651573	0.691572	0.711804	0.709481	0.680255	0.620535	0.501627	0.322612	
0.698144	0.698144	0.630203	0.506193	0.348024	0.178793	0.0340908	-0.0701348	-0.122162	-0.133644	-0.111363	-0.0912691	-0.0994786	-0.150828	-0.250828	-0.388857	-0.518136	-0.611255	-0.663891	-0.67384	-0.647303	-0.591492	-0.5196	-0.435027	-0.318354	-0.184381	-0.0450685	0.105023	0.262173	0.410771	0.55791	0.697749	0.813525	0.890596	0.928037	0.921621	0.879366	0.827693	0.763053	0.698737	0.655771	0.639337	0.652366	0.68073	0.69663	0.696068	0.67099	0.60715	0.495081	0.333939	
0.675104	0.675104	0.611801	0.497455	0.340165	0.167516	0.00962074	-0.108824	-0.18371	-0.205154	-0.19161	-0.172888	-0.181899	-0.219821	-0.301348	-0.419694	-0.533028	-0.615641	-0.661849	-0.66665	-0.634976	-0.578811	-0.502158	-0.416678	-0.303836	-0.163802	-0.0136149	0.14753	0.315298	0.47865	0.634959	0.78478	0.904783	0.979426	1.00514	0.98501	0.933583	0.875135	0.805349	0.733713	0.678355	0.642477	0.644301	0.666306	0.682681	0.678909	0.647539	0.57797	0.472033	0.324717	
0.607564	0.607564	0.538828	0.416263	0.253798	0.0720084	-0.0949135	-0.227442	-0.305429	-0.328536	-0.30489	-0.274954	-0.26725	-0.292881	-0.346369	-0.431843	-0.512946	-0.574242	-0.607252	-0.603506	-0.563329	-0.497666	-0.413414	-0.325115	-0.219467	-0.0873354	0.0578858	0.215405	0.380439	0.541519	0.697309	0.839439	0.951497	1.0196	1.039	1.01598	0.96882	0.909278	0.834546	0.755557	0.689662	0.644489	0.642202	0.659373	0.668054	0.657497	0.618579	0.549741	0.448656	0.314052	
0.504611	0.504611	0.431772	0.295567	0.115033	-0.0854411	-0.262727	-0.396733	-0.463627	-0.474962	-0.434	-0.384256	-0.351139	-0.348084	-0.36538	-0.415761	-0.46613	-0.500991	-0.512968	-0.490124	-0.435343	-0.360009	-0.272498	-0.185748	-0.093253	0.0208048	0.149926	0.291804	0.442097	0.589898	0.733618	0.858505	0.956253	1.01506	1.03393	1.01854	0.98328	0.931354	0.859245	0.778939	0.71021	0.66449	0.654391	0.663245	0.661687	0.643944	0.599239	0.529351	0.430731	0.304894	
0.388001	0.388001	0.304868	0.156806	-0.0355618	-0.246523	-0.437661	-0.571065	-0.632101	-0.625936	-0.567246	-0.482972	-0.412454	-0.364831	-0.348845	-0.361506	-0.385609	-0.396829	-0.382383	-0.330333	-0.260272	-0.181275	-0.0949606	-0.0180941	0.0594824	0.151143	0.254946	0.368465	0.490397	0.612065	0.732325	0.840731	0.923852	0.978018	0.999239	0.995844	0.973523	0.938238	0.881424	0.81404	0.751901	0.709009	0.691781	0.691339	0.684117	0.659013	0.607081	0.531587	0.427988	0.297063	
0.249286	0.249286	0.168106	0.0155815	-0.185096	-0.398131	-0.591346	-0.726478	-0.788654	-0.770708	-0.690258	-0.569245	-0.44969	-0.354447	-0.303274	-0.279557	-0.269455	-0.252483	-0.210075	-0.137814	-0.0601706	0.0176414	0.0958683	0.164567	0.231505	0.299229	0.369228	0.443907	0.521242	0.60136	0.690714	0.780655	0.856046	0.911611	0.943003	0.950112	0.940378	0.921774	0.888026	0.840696	0.797979	0.765808	0.749091	0.741998	0.72748	0.690286	0.632063	0.545235	0.430036	0.288982	
0.0972349	0.0972349	0.0200112	-0.130596	-0.330217	-0.53899	-0.733493	-0.867735	-0.923253	-0.889218	-0.791995	-0.644283	-0.485406	-0.348733	-0.255167	-0.181594	-0.126454	-0.0797457	-0.0148573	0.0650889	0.145899	0.22567	0.301923	0.362737	0.412325	0.446635	0.476211	0.509766	0.546106	0.586964	0.640037	0.702719	0.761123	0.811586	0.854171	0.876799	0.886282	0.888856	0.879676	0.853619	0.831274	0.809381	0.795671	0.782845	0.761877	0.717078	0.649955	0.552627	0.425305	0.272871	
-0.0541355	-0.0541355	-0.13277	-0.280803	-0.469835	-0.669873	-0.854966	-0.986747	-1.03639	-0.992385	-0.875278	-0.709322	-0.521623	-0.352429	-0.219583	-0.101219	0.00359522	0.0903131	0.179938	0.272395	0.360767	0.438963	0.506609	0.556847	0.581778	0.58146	0.577642	0.576286	0.577879	0.587162	0.60541	0.635063	0.670837	0.71006	0.755167	0.790489	0.818326	0.840944	0.855581	0.854053	0.845223	0.830211	0.813769	0.79486	0.767151	0.715854	0.640539	0.535773	0.399499	0.239624	
-0.207453	-0.207453	-0.27213	-0.406096	-0.585898	-0.776092	-0.950762	-1.07905	-1.12395	-1.06925	-0.941716	-0.768347	-0.566601	-0.374515	-0.208685	-0.0476497	0.104239	0.235116	0.355344	0.46738	0.566266	0.643413	0.698565	0.730851	0.731534	0.703796	0.674635	0.646108	0.622556	0.60438	0.595423	0.596319	0.607158	0.630616	0.667309	0.704277	0.743305	0.784846	0.822301	0.844186	0.846869	0.829686	0.806081	0.778076	0.743188	0.689025	0.610617	0.499995	0.3543	0.189896	
-0.342322	-0.342322	-0.394187	-0.510378	-0.673448	-0.84976	-1.0152	-1.13575	-1.17135	-1.11448	-0.994762	-0.827009	-0.622499	-0.416175	-0.220825	-0.0227111	0.169454	0.339999	0.492825	0.626502	0.735208	0.806677	0.849634	0.865629	0.846113	0.803047	0.758069	0.710351	0.663911	0.626962	0.595808	0.573357	0.56486	0.574155	0.598625	0.633547	0.680085	0.731508	0.786162	0.82445	0.831502	0.808199	0.771572	0.730676	0.687248	0.629911	0.547138	0.432434	0.286621	0.123775	
-0.442492	-0.442492	-0.493585	-0.598586	-0.74124	-0.89898	-1.04396	-1.15054	-1.1842	-1.14009	-1.02899	-0.87104	-0.6747	-0.463449	-0.246269	-0.0268714	0.193886	0.401349	0.580813	0.732699	0.849223	0.918965	0.953631	0.963029	0.934686	0.884122	0.830257	0.769953	0.707857	0.654543	0.609556	0.566492	0.54353	0.54542	0.56347	0.599152	0.646848	0.697146	0.749348	0.788223	0.789029	0.75716	0.707655	0.65608	0.602133	0.537417	0.448391	0.334339	0.196239	0.0463793	
-0.512261	-0.512261	-0.557125	-0.653368	-0.782722	-0.921359	-1.04652	-1.14186	-1.17384	-1.13733	-1.03694	-0.887259	-0.698481	-0.491563	-0.27465	-0.047878	0.183374	0.405915	0.602204	0.771359	0.895311	0.975089	1.02232	1.03433	1.00669	0.956922	0.897292	0.830009	0.764032	0.702955	0.648491	0.594419	0.560816	0.558952	0.574094	0.607932	0.643148	0.675893	0.704298	0.72098	0.705829	0.662324	0.602389	0.545761	0.488584	0.4233	0.337093	0.228048	0.102905	-0.0258784	
-0.555003	-0.555003	-0.598733	-0.683859	-0.796284	-0.918578	-1.03502	-1.11901	-1.14768	-1.11119	-1.01179	-0.858887	-0.677503	-0.483079	-0.280507	-0.0692626	0.14841	0.364919	0.567068	0.743397	0.878173	0.974286	1.04103	1.06709	1.05252	1.01398	0.95781	0.895555	0.828538	0.76652	0.706555	0.649066	0.612935	0.610316	0.620964	0.642057	0.651307	0.648582	0.640521	0.621416	0.583686	0.525465	0.455597	0.398499	0.351041	0.297646	0.226965	0.130406	0.0248314	-0.0814554	
-0.578898	-0.578898	-0.617279	-0.688263	-0.782554	-0.896318	-1.00301	-1.07643	-1.09331	-1.05056	-0.93851	-0.785808	-0.615304	-0.445192	-0.265028	-0.0812549	0.112273	0.307448	0.498702	0.666599	0.800253	0.908332	0.992618	1.03863	1.05152	1.04126	1.00497	0.956773	0.900317	0.834111	0.771785	0.71339	0.677331	0.668236	0.671227	0.66613	0.638034	0.596871	0.546586	0.492763	0.433138	0.360682	0.284474	0.231805	0.197934	0.166201	0.121778	0.05034	-0.0311135	-0.111348	
-0.596212	-0.596212	-0.622651	-0.677025	-0.75615	-0.856913	-0.947781	-1.00186	-0.997567	-0.938232	-0.823331	-0.68369	-0.534304	-0.391275	-0.240796	-0.0809055	0.0866383	0.254217	0.419915	0.567135	0.683539	0.789485	0.883934	0.953554	1.00113	1.03187	1.02864	1.00413	0.962141	0.90003	0.834495	0.778338	0.737523	0.716925	0.697746	0.659134	0.59013	0.510789	0.426854	0.346319	0.270573	0.1906	0.110009	0.0587813	0.0357432	0.0275428	0.0134784	-0.0210426	-0.0667494	-0.108089	
-0.623173	-0.623173	-0.644763	-0.683795	-0.738648	-0.808026	-0.86625	-0.888056	-0.863704	-0.795405	-0.688571	-0.567669	-0.447019	-0.332366	-0.208519	-0.0727051	0.0701373	0.215265	0.357753	0.476725	0.573791	0.668169	0.762575	0.848789	0.929029	0.99547	1.02388	1.02248	0.997288	0.943394	0.879905	0.82639	0.779922	0.74119	0.696472	0.624119	0.521504	0.414545	0.307843	0.209859	0.122954	0.0367469	-0.0476719	-0.0993257	-0.113753	-0.103798	-0.085812	-0.0814746	-0.0829578	-0.0764611	
-0.66613	-0.66613	-0.677619	-0.694634	-0.714646	-0.74054	-0.750536	-0.73596	-0.694005	-0.630897	-0.544008	-0.452178	-0.360589	-0.274418	-0.177683	-0.0668466	0.0550224	0.18413	0.3079	0.408329	0.490448	0.571188	0.655984	0.747118	0.842652	0.927676	0.975211	0.988202	0.975618	0.931293	0.874973	0.826333	0.777971	0.728645	0.666438	0.571152	0.45376	0.33112	0.211204	0.104012	0.00619438	-0.0867577	-0.171078	-0.222621	-0.235287	-0.209983	-0.16976	-0.131685	-0.090456	-0.0388972	
-0.722686	-0.722686	-0.718816	-0.703653	-0.68003	-0.648709	-0.611368	-0.565013	-0.516784	-0.458802	-0.398984	-0.339014	-0.283013	-0.221945	-0.150534	-0.0604661	0.0454883	0.165913	0.277351	0.365623	0.438042	0.505824	0.575031	0.656702	0.743879	0.821128	0.866821	0.880325	0.873112	0.841624	0.796778	0.755204	0.71353	0.664714	0.598713	0.507272	0.39861	0.281166	0.165703	0.0554161	-0.0529454	-0.15502	-0.245044	-0.307609	-0.325001	-0.30085	-0.251146	-0.18888	-0.113501	-0.0178481	
-0.782526	-0.782526	-0.752008	-0.696352	-0.626403	-0.547777	-0.470144	-0.401866	-0.349123	-0.304315	-0.269846	-0.239358	-0.213777	-0.177148	-0.125472	-0.0501496	0.0456102	0.16141	0.266364	0.349113	0.418452	0.475047	0.523765	0.580098	0.640216	0.687532	0.716407	0.720363	0.709978	0.68723	0.65072	0.615327	0.585487	0.551839	0.502689	0.439333	0.361553	0.266397	0.165194	0.05884	-0.0569412	-0.168067	-0.267668	-0.344756	-0.381064	-0.372445	-0.327162	-0.25274	-0.148897	-0.0211697	
-0.817203	-0.817203	-0.766721	-0.672599	-0.558665	-0.443777	-0.345284	-0.265954	-0.211574	-0.175573	-0.159314	-0.151817	-0.152372	-0.137616	-0.100252	-0.0349267	0.0575017	0.172878	0.27816	0.358229	0.423439	0.468461	0.493506	0.518874	0.543061	0.551426	0.5487	0.531113	0.502997	0.478918	0.450213	0.427857	0.42229	0.419942	0.405085	0.379203	0.341686	0.275094	0.195013	0.100552	-0.014729	-0.134771	-0.246833	-0.349008	-0.416314	-0.431149	-0.397372	-0.313401	-0.184333	-0.0337707	
-0.795664	-0.795664	-0.730372	-0.616111	-0.481967	-0.343583	-0.226236	-0.138738	-0.0867591	-0.0590579	-0.0578364	-0.0728314	-0.0961406	-0.100142	-0.0747789	-0.0186477	0.07236	0.18744	0.297203	0.378901	0.439263	0.470182	0.470262	0.461364	0.443827	0.409051	0.3699	0.319436	0.267439	0.236939	0.218415	0.215694	0.249301	0.286288	0.314409	0.334468	0.335608	0.302008	0.247738	0.166464	0.0523304	-0.0773667	-0.210135	-0.343608	-0.437416	-0.477811	-0.451591	-0.356886	-0.211856	-0.0430348	
-0.699786	-0.699786	-0.636931	-0.523557	-0.38088	-0.232692	-0.10006	-0.00218544	0.0543801	0.0635848	0.039529	-0.00231724	-0.0467813	-0.0723899	-0.0617639	-0.0123579	0.0737713	0.1892	0.304402	0.393078	0.449359	0.467138	0.439931	0.395291	0.338001	0.262256	0.188432	0.110004	0.0342873	-0.00232408	-0.0104061	0.0133344	0.0803194	0.161796	0.231963	0.295033	0.33409	0.333367	0.300725	0.232422	0.118768	-0.0214231	-0.173011	-0.326575	-0.445838	-0.502519	-0.488009	-0.389167	-0.234114	-0.0589091	
-0.571353	-0.571353	-0.517911	-0.410887	-0.265593	-0.107519	0.0369051	0.142908	0.192738	0.180861	0.126988	0.0521556	-0.0225753	-0.0716344	-0.0718525	-0.0283311	0.055224	0.16763	0.28852	0.378763	0.432052	0.441531	0.401698	0.331227	0.240529	0.134028	0.0282583	-0.0731131	-0.159969	-0.197867	-0.195732	-0.1512	-0.0627135	0.0406377	0.14516	0.24088	0.313891	0.346085	0.334857	0.274943	0.16232	0.0152839	-0.148669	-0.31352	-0.445181	-0.517135	-0.513428	-0.422252	-0.268333	-0.0907365	
-0.461486	-0.461486	-0.403782	-0.29173	-0.141132	0.0242243	0.17421	0.278606	0.314835	0.276654	0.185712	0.0735274	-0.0293628	-0.0980943	-0.110448	-0.0711638	0.0076963	0.113663	0.228954	0.321937	0.377258	0.389004	0.350644	0.275549	0.169022	0.0443826	-0.0773781	-0.192691	-0.284317	-0.325906	-0.318691	-0.269557	-0.177728	-0.0658709	0.05471	0.1725	0.269194	0.323035	0.325537	0.271361	0.161677	0.0160525	-0.146991	-0.312561	-0.446309	-0.528988	-0.539345	-0.459875	-0.315303	-0.139194	
-0.36227	-0.36227	-0.297053	-0.169957	-0.00311233	0.169087	0.314349	0.405906	0.419285	0.349745	0.222957	0.0797989	-0.0532155	-0.147091	-0.177123	-0.145461	-0.0765273	0.0207576	0.129027	0.221218	0.28087	0.303722	0.283832	0.222719	0.12446	0.00458656	-0.122203	-0.242718	-0.338143	-0.386795	-0.384737	-0.334021	-0.25012	-0.140239	-0.0171438	0.102574	0.202309	0.26171	0.267624	0.218402	0.118454	-0.0152259	-0.170622	-0.326529	-0.460491	-0.547499	-0.564921	-0.494495	-0.355471	-0.18344	
-0.253329	-0.253329	-0.178229	-0.0355454	0.144893	0.323865	0.463971	0.538607	0.524221	0.424253	0.262391	0.0825919	-0.0835305	-0.203201	-0.256351	-0.245904	-0.193903	-0.11077	-0.0103195	0.0857438	0.159325	0.200853	0.207648	0.168325	0.0861219	-0.0181636	-0.136687	-0.250699	-0.337853	-0.387663	-0.389613	-0.343865	-0.273086	-0.178963	-0.0662523	0.0392902	0.128412	0.181174	0.1846	0.13631	0.0469866	-0.0748241	-0.21943	-0.363832	-0.489874	-0.570544	-0.580383	-0.511836	-0.373605	-0.20213	
-0.130922	-0.130922	-0.0488581	0.103868	0.293902	0.483009	0.622454	0.685095	0.644042	0.510327	0.306236	0.0884957	-0.109319	-0.255384	-0.339155	-0.358262	-0.331214	-0.26493	-0.170713	-0.0601008	0.0399662	0.107848	0.13623	0.113823	0.0454903	-0.0453806	-0.143755	-0.233387	-0.297142	-0.33629	-0.335433	-0.304313	-0.256149	-0.185936	-0.0980823	-0.0111632	0.0643487	0.105703	0.101874	0.0504191	-0.0370744	-0.153216	-0.285547	-0.417945	-0.526564	-0.591829	-0.587737	-0.510188	-0.368846	-0.193393	
-0.0146063	-0.0146063	0.0729967	0.232306	0.432276	0.632441	0.780939	0.835512	0.76976	0.598586	0.355718	0.0970759	-0.136137	-0.312103	-0.424599	-0.473927	-0.470678	-0.419975	-0.326231	-0.199708	-0.0714726	0.0254365	0.0768015	0.0654885	0.00645012	-0.0703376	-0.148719	-0.206058	-0.23571	-0.250728	-0.248039	-0.231063	-0.212616	-0.178061	-0.119177	-0.0511242	0.0109095	0.0459706	0.0343805	-0.0268801	-0.121664	-0.23993	-0.370684	-0.489463	-0.582086	-0.626726	-0.600986	-0.509647	-0.358542	-0.170798	
0.0667639	0.0667639	0.156301	0.321164	0.53454	0.746937	0.903446	0.953316	0.877713	0.682256	0.404595	0.0991191	-0.170649	-0.375508	-0.514422	-0.587442	-0.595799	-0.549954	-0.455809	-0.31557	-0.167324	-0.0480128	0.0192826	0.0228148	-0.020807	-0.0833837	-0.141433	-0.172107	-0.176833	-0.174522	-0.166545	-0.160431	-0.163565	-0.154287	-0.122954	-0.0757447	-0.0294178	-0.00463996	-0.0268108	-0.096771	-0.197856	-0.325344	-0.458716	-0.577159	-0.667183	-0.696147	-0.652586	-0.541554	-0.369991	-0.156857	
0.10886	0.10886	0.206363	0.375618	0.58881	0.80804	0.975573	1.03193	0.951139	0.743195	0.443896	0.105081	-0.203715	-0.443814	-0.606853	-0.691175	-0.694189	-0.641216	-0.538404	-0.394181	-0.239017	-0.111039	-0.0305653	-0.00781898	-0.0267223	-0.0697684	-0.112374	-0.132817	-0.132972	-0.126373	-0.115371	-0.113476	-0.117143	-0.121168	-0.111063	-0.0857578	-0.0645468	-0.0587894	-0.0907297	-0.162547	-0.264231	-0.390773	-0.527906	-0.657118	-0.74992	-0.780935	-0.725217	-0.59115	-0.396598	-0.154381	
0.12398	0.12398	0.220049	0.388763	0.607105	0.827727	0.999528	1.05789	0.985786	0.777356	0.470108	0.106366	-0.227303	-0.489978	-0.667156	-0.755124	-0.750104	-0.685764	-0.577417	-0.431398	-0.279319	-0.149386	-0.0628063	-0.0255455	-0.0253784	-0.053321	-0.0893537	-0.109325	-0.114352	-0.110215	-0.0993908	-0.0907194	-0.090826	-0.0948972	-0.0957322	-0.088172	-0.0883488	-0.096622	-0.136626	-0.206966	-0.301716	-0.426548	-0.567932	-0.704383	-0.8119	-0.844117	-0.783796	-0.636485	-0.423163	-0.159339	
0.12398	0.12398	0.220049	0.388763	0.607105	0.827727	0.999528	1.05789	0.985786	0.777356	0.470108	0.106366	-0.227303	-0.489978	-0.667156	-0.755124	-0.750104	-0.685764	-0.577417	-0.431398	-0.279319	-0.149386	-0.0628063	-0.0255455	-0.0253784	-0.053321	-0.0893537	-0.109325	-0.114352	-0.110215	-0.0993908	-0.0907194	-0.090826	-0.0948972	-0.0957322	-0.088172	-0.0883488	-0.096622	-0.136626	-0.206966	-0.301716	-0.426548	-0.567932	-0.704383	-0.8119	-0.844117	-0.783796	-0.636485	-0.423163	-0.159339	
