-0.0912735	-0.0867971	-0.079168	-0.0880592	-0.0981542	-0.0962087	-0.0945132	-0.108162	-0.119712	-0.11878	-0.116363	-0.12245	-0.146985	-0.17336	-0.176972	-0.168279	-0.166114	-0.186582	-0.251477	-0.356008	-0.469911	-0.572531	-0.643316	-0.650891	-0.582469	-0.450221	-0.262759	-0.024261	0.241139	0.493649	0.706537	0.872572	0.983644	1.02003	0.965656	0.828516	0.64257	0.45112	0.28776	0.167566	0.0895194	0.0440874	0.0201063	0.00852624	0.0033746	0.001251	0.000436426	0.000146423	5.71973e-05	5.71973e-05	
-0.0867971	-0.0763288	-0.0841632	-0.0987448	-0.101269	-0.0968738	-0.0994623	-0.114785	-0.122556	-0.119017	-0.119425	-0.134505	-0.162985	-0.179676	-0.173985	-0.166699	-0.174831	-0.215375	-0.301822	-0.414836	-0.523853	-0.612085	-0.656081	-0.62875	-0.528986	-0.371904	-0.163203	0.0884323	0.351581	0.588523	0.780838	0.924361	1.00775	1.0106	0.92364	0.764481	0.572224	0.388187	0.23964	0.135272	0.0701655	0.033601	0.0149207	0.00616839	0.00238271	0.000862914	0.00029431	9.65129e-05	3.68089e-05	3.68089e-05	
-0.079168	-0.0841632	-0.100205	-0.103664	-0.0972735	-0.0946098	-0.108586	-0.125999	-0.123014	-0.117163	-0.127271	-0.151537	-0.176308	-0.180247	-0.169876	-0.169836	-0.194246	-0.25822	-0.361937	-0.475693	-0.573739	-0.641195	-0.652353	-0.588679	-0.459502	-0.279044	-0.0513332	0.207865	0.462032	0.679203	0.84896	0.967434	1.0196	0.986909	0.869015	0.692656	0.499643	0.327107	0.195207	0.106705	0.053686	0.0249757	0.0107892	0.00434468	0.00163659	0.000578572	0.000192778	6.17473e-05	2.29739e-05	2.29739e-05	
-0.0880592	-0.0987448	-0.103664	-0.0963339	-0.0939145	-0.106197	-0.124993	-0.126509	-0.116573	-0.123072	-0.143864	-0.168424	-0.182876	-0.176085	-0.168243	-0.182304	-0.228252	-0.314956	-0.428025	-0.534407	-0.615396	-0.655228	-0.62891	-0.529725	-0.373795	-0.171694	0.0712636	0.330902	0.569471	0.763618	0.90898	0.999319	1.01682	0.947879	0.8025	0.614946	0.426902	0.269405	0.155255	0.0821028	0.0400316	0.0180765	0.00759046	0.00297496	0.00109199	0.000376573	0.000122495	3.82987e-05	1.3891e-05	1.3891e-05	
-0.0981542	-0.101269	-0.0972735	-0.0939145	-0.106321	-0.121747	-0.127094	-0.120192	-0.120696	-0.138166	-0.16085	-0.180618	-0.182687	-0.17062	-0.174565	-0.209128	-0.27852	-0.382509	-0.494994	-0.586384	-0.643964	-0.649551	-0.583574	-0.451781	-0.271962	-0.0506238	0.201836	0.453745	0.670942	0.839785	0.958679	1.01727	0.997312	0.893254	0.725688	0.533788	0.356177	0.216436	0.120335	0.0615102	0.0290405	0.0127185	0.00518738	0.00197742	0.000706806	0.000237608	7.54107e-05	2.30019e-05	8.12751e-06	8.12751e-06	
-0.0962087	-0.0968738	-0.0946098	-0.106197	-0.121747	-0.126565	-0.124857	-0.120404	-0.131399	-0.15586	-0.177554	-0.186091	-0.175905	-0.170414	-0.195759	-0.253258	-0.343461	-0.455606	-0.557032	-0.62647	-0.654118	-0.620295	-0.515556	-0.355379	-0.154486	0.0822944	0.336428	0.572286	0.763778	0.905696	0.995433	1.01845	0.959608	0.823831	0.641047	0.451984	0.28956	0.169268	0.0907188	0.0447878	0.0204605	0.0086849	0.00343837	0.00127401	0.000443175	0.000145151	4.49224e-05	1.33613e-05	4.59661e-06	4.59661e-06	
-0.0945132	-0.0994623	-0.108586	-0.124993	-0.127094	-0.124857	-0.120758	-0.125743	-0.152916	-0.177473	-0.185945	-0.180165	-0.170677	-0.185904	-0.235574	-0.31402	-0.418903	-0.527256	-0.607692	-0.649133	-0.640793	-0.565087	-0.425409	-0.241462	-0.0225474	0.223728	0.470112	0.682574	0.845672	0.959107	1.01622	1.0003	0.903295	0.741613	0.551791	0.372462	0.228872	0.128603	0.0663919	0.0316371	0.0139759	0.00574635	0.00220704	0.000794444	0.00026881	8.57355e-05	2.58629e-05	7.49799e-06	2.51024e-06	2.51024e-06	
-0.108162	-0.114785	-0.125999	-0.126509	-0.120192	-0.120404	-0.125743	-0.151834	-0.179134	-0.184593	-0.18091	-0.174051	-0.180314	-0.22171	-0.293434	-0.388895	-0.49783	-0.588766	-0.640636	-0.649097	-0.59993	-0.483415	-0.314722	-0.111343	0.121467	0.368761	0.597528	0.781227	0.91454	0.997315	1.01781	0.961028	0.829364	0.649803	0.461623	0.297997	0.175496	0.0947218	0.047076	0.0216403	0.00923952	0.00367802	0.00136981	0.000478801	0.000157519	4.89038e-05	1.43737e-05	4.06048e-06	1.32238e-06	1.32238e-06	
-0.119712	-0.122556	-0.123014	-0.116573	-0.120696	-0.131399	-0.152916	-0.179134	-0.183964	-0.179795	-0.177584	-0.179072	-0.210629	-0.27871	-0.367791	-0.47164	-0.569493	-0.631685	-0.650748	-0.621551	-0.52907	-0.376746	-0.185757	0.0330374	0.273454	0.511178	0.713618	0.865618	0.968179	1.01707	0.997239	0.900187	0.740429	0.552602	0.374369	0.230927	0.130255	0.067496	0.0322785	0.0143079	0.00590193	0.00227377	0.000820855	0.000278516	8.90594e-05	2.69059e-05	7.70294e-06	2.11984e-06	6.71365e-07	6.71365e-07	
-0.11878	-0.119017	-0.117163	-0.123072	-0.138166	-0.15586	-0.177473	-0.184593	-0.179795	-0.179001	-0.179791	-0.203294	-0.268048	-0.354921	-0.451809	-0.550818	-0.622782	-0.650166	-0.633576	-0.562246	-0.428258	-0.248345	-0.0410976	0.188557	0.427344	0.644239	0.814315	0.933684	1.00386	1.0148	0.952515	0.819207	0.640697	0.454802	0.29355	0.172918	0.0933752	0.0464362	0.0213619	0.009128	0.00363671	0.00135561	0.000474261	0.000156166	4.85249e-05	1.42624e-05	3.97643e-06	1.06588e-06	3.28207e-07	3.28207e-07	
-0.116363	-0.119425	-0.127271	-0.143864	-0.16085	-0.177554	-0.185945	-0.18091	-0.177584	-0.179791	-0.200737	-0.262051	-0.348257	-0.439541	-0.53507	-0.614	-0.649425	-0.640183	-0.584312	-0.468961	-0.300823	-0.102385	0.116402	0.350147	0.575408	0.761796	0.896855	0.983361	1.01811	0.987231	0.883449	0.72167	0.53562	0.361224	0.221988	0.124825	0.0645141	0.030785	0.0136207	0.00560974	0.00215837	0.000778331	0.000263843	8.43019e-05	2.5451e-05	7.27668e-06	1.97548e-06	5.15729e-07	1.5438e-07	1.5438e-07	
-0.12245	-0.134505	-0.151537	-0.168424	-0.180618	-0.186091	-0.180165	-0.174051	-0.179072	-0.203294	-0.262051	-0.346211	-0.434006	-0.524655	-0.606424	-0.648904	-0.644347	-0.597906	-0.498854	-0.343649	-0.152633	0.0572698	0.282843	0.510207	0.709406	0.859381	0.959445	1.0119	1.00703	0.932438	0.792353	0.61317	0.431249	0.276108	0.161502	0.0866761	0.0428735	0.0196302	0.00835329	0.0033159	0.00123204	0.000429796	0.000141165	4.37648e-05	1.28369e-05	3.57e-06	9.43685e-07	2.39945e-07	6.98221e-08	6.98221e-08	
-0.146985	-0.162985	-0.176308	-0.182876	-0.182687	-0.175905	-0.170677	-0.180314	-0.210629	-0.268048	-0.348257	-0.434006	-0.521037	-0.601922	-0.648529	-0.647258	-0.60579	-0.51891	-0.376634	-0.192967	0.0102528	0.227196	0.451753	0.65908	0.822407	0.934604	1.00028	1.01552	0.967201	0.850994	0.68432	0.500703	0.333393	0.202578	0.112776	0.0577738	0.0273539	0.012019	0.00491967	0.0018825	0.000675528	0.00022799	7.25598e-05	2.18284e-05	6.22078e-06	1.68286e-06	4.33153e-07	1.07273e-07	3.03463e-08	3.03463e-08	
-0.17336	-0.179676	-0.180247	-0.176085	-0.17062	-0.170414	-0.185904	-0.22171	-0.27871	-0.354921	-0.439541	-0.524655	-0.601922	-0.648375	-0.648876	-0.609904	-0.530825	-0.399711	-0.223637	-0.02574	0.183599	0.40248	0.613157	0.787147	0.910367	0.986331	1.01641	0.989961	0.897279	0.746829	0.566815	0.39164	0.246788	0.142321	0.0754272	0.0368953	0.0167264	0.0070551	0.0027786	0.00102515	0.000355368	0.000116057	3.57963e-05	1.0451e-05	2.89417e-06	7.61679e-07	1.90918e-07	4.606e-08	1.26684e-08	1.26684e-08	
-0.176972	-0.173985	-0.169876	-0.168243	-0.174565	-0.195759	-0.235574	-0.293434	-0.367791	-0.451809	-0.53507	-0.606424	-0.648529	-0.648876	-0.611192	-0.53628	-0.413217	-0.244383	-0.0513758	0.151647	0.363811	0.573927	0.755113	0.887811	0.972144	1.01289	1.0035	0.932081	0.799499	0.62728	0.448576	0.292539	0.174475	0.0955348	0.048226	0.0225366	0.00978771	0.00396494	0.00150314	0.000534916	0.000179184	5.66422e-05	1.69358e-05	4.79974e-06	1.29187e-06	3.30821e-07	8.07653e-08	1.89852e-08	5.07783e-09	5.07783e-09	
-0.168279	-0.166699	-0.169836	-0.182304	-0.209128	-0.253258	-0.31402	-0.388895	-0.47164	-0.550818	-0.614	-0.648904	-0.647258	-0.609904	-0.53628	-0.417643	-0.254857	-0.0668231	0.130731	0.336278	0.543214	0.727985	0.867932	0.959045	1.00737	1.01057	0.957053	0.842128	0.680458	0.502103	0.338068	0.208122	0.117551	0.0611582	0.0294282	0.0131477	0.00547388	0.00213092	0.000778038	0.000267191	8.65262e-05	2.6485e-05	7.67918e-06	2.11326e-06	5.52977e-07	1.37821e-07	3.27799e-08	7.50971e-09	1.95371e-09	1.95371e-09	
-0.166114	-0.174831	-0.194246	-0.228252	-0.27852	-0.343461	-0.418903	-0.49783	-0.569493	-0.622782	-0.649425	-0.644347	-0.60579	-0.530825	-0.413217	-0.254857	-0.0719945	0.120385	0.319877	0.522221	0.707347	0.851767	0.947928	1.00152	1.01356	0.974175	0.875295	0.725435	0.550482	0.381614	0.241953	0.140709	0.0753356	0.037279	0.0171152	0.00731698	0.00292269	0.00109416	0.000385007	0.000127666	3.99883e-05	1.18576e-05	3.33534e-06	8.91595e-07	2.26894e-07	5.50555e-08	1.27607e-08	2.85001e-09	7.21418e-10	7.21418e-10	
-0.186582	-0.215375	-0.25822	-0.314956	-0.382509	-0.455606	-0.527256	-0.588766	-0.631685	-0.650166	-0.640183	-0.597906	-0.51891	-0.399711	-0.244383	-0.0668231	0.120385	0.314438	0.511595	0.694446	0.840312	0.939456	0.996416	1.0143	0.985388	0.900061	0.761939	0.592434	0.421568	0.274581	0.164074	0.0902447	0.0458583	0.0216097	0.00947688	0.00388085	0.00148861	0.000536372	0.000182021	5.8317e-05	1.76784e-05	5.08097e-06	1.38715e-06	3.60351e-07	8.92178e-08	2.1084e-08	4.76381e-09	1.0376e-09	2.55638e-10	2.55638e-10	
-0.251477	-0.301822	-0.361937	-0.428025	-0.494994	-0.557032	-0.607692	-0.640636	-0.650748	-0.633576	-0.584312	-0.498854	-0.376634	-0.223637	-0.0513758	0.130731	0.319877	0.511595	0.690059	0.834363	0.934144	0.992709	1.01405	0.992349	0.917667	0.790183	0.627148	0.456578	0.304657	0.18662	0.105247	0.0548331	0.0264854	0.0119016	0.00499193	0.00196034	0.000722812	0.000250892	8.21792e-05	2.54573e-05	7.47355e-06	2.08317e-06	5.52285e-07	1.39491e-07	3.36148e-08	7.73976e-09	1.70536e-09	3.62372e-10	8.69313e-11	8.69313e-11	
-0.356008	-0.414836	-0.475693	-0.534407	-0.586384	-0.62647	-0.649133	-0.649097	-0.621551	-0.562246	-0.468961	-0.343649	-0.192967	-0.02574	0.151647	0.336278	0.522221	0.694446	0.834363	0.932332	0.990771	1.01361	0.99631	0.929291	0.810652	0.654211	0.485602	0.330962	0.207306	0.119624	0.063787	0.0315351	0.0145025	0.00622393	0.00250013	0.000942645	0.000334463	0.000111944	3.54213e-05	1.06176e-05	3.02069e-06	8.17082e-07	2.1048e-07	5.17128e-08	1.21351e-08	2.72347e-09	5.85423e-10	1.21408e-10	2.83709e-11	2.83709e-11	
-0.469911	-0.523853	-0.573739	-0.615396	-0.643964	-0.654118	-0.640793	-0.59993	-0.52907	-0.428258	-0.300823	-0.152633	0.0102528	0.183599	0.363811	0.543214	0.707347	0.840312	0.934144	0.990771	1.01342	0.99809	0.935869	0.823901	0.673494	0.507896	0.352472	0.22516	0.132641	0.0722523	0.0365029	0.0171575	0.00752581	0.00308946	0.00119021	0.000431396	0.000147457	4.76366e-05	1.4574e-05	4.23057e-06	1.16723e-06	3.06592e-07	7.67837e-08	1.8361e-08	4.19774e-09	9.187e-10	1.92736e-10	3.90267e-11	8.88757e-12	8.88757e-12	
-0.572531	-0.612085	-0.641195	-0.655228	-0.649551	-0.620295	-0.565087	-0.483415	-0.376746	-0.248345	-0.102385	0.0572698	0.227196	0.40248	0.573927	0.727985	0.851767	0.939456	0.992709	1.01361	0.99809	0.937994	0.830396	0.685018	0.522983	0.368391	0.239336	0.1436	0.0797489	0.0411044	0.019719	0.00882982	0.00370071	0.00145553	0.00053855	0.000187888	6.19401e-05	1.93334e-05	5.72424e-06	1.61046e-06	4.31231e-07	1.10065e-07	2.68155e-08	6.24444e-09	1.39159e-09	2.97135e-10	6.0866e-11	1.20388e-11	2.67299e-12	2.67299e-12	
-0.643316	-0.656081	-0.652353	-0.62891	-0.583574	-0.515556	-0.425409	-0.314722	-0.185757	-0.0410976	0.116402	0.282843	0.451753	0.613157	0.755113	0.867932	0.947928	0.996416	1.01405	0.99631	0.935869	0.830396	0.68885	0.530587	0.378161	0.249169	0.151898	0.0858274	0.0450529	0.0220269	0.0100566	0.00429875	0.00172463	0.000650936	0.000231649	7.78894e-05	2.47929e-05	7.48464e-06	2.14659e-06	5.85808e-07	1.52349e-07	3.78106e-08	8.96704e-09	2.03463e-09	4.42211e-10	9.21646e-11	1.84422e-11	3.56468e-12	7.72031e-13	7.72031e-13	
-0.650891	-0.62875	-0.588679	-0.529725	-0.451781	-0.355379	-0.241462	-0.111343	0.0330374	0.188557	0.350147	0.510207	0.65908	0.787147	0.887811	0.959045	1.00152	1.0143	0.992349	0.929291	0.823901	0.685018	0.530587	0.381454	0.254202	0.157071	0.0901092	0.048087	0.0239242	0.011123	0.00484397	0.00198055	0.000761966	0.000276422	9.47472e-05	3.07423e-05	9.45919e-06	2.76468e-06	7.68757e-07	2.03671e-07	5.14834e-08	1.24329e-08	2.87197e-09	6.35322e-10	1.34739e-10	2.74243e-11	5.36302e-12	1.01348e-12	2.14206e-13	2.14206e-13	
-0.582469	-0.528986	-0.459502	-0.373795	-0.271962	-0.154486	-0.0225474	0.121467	0.273454	0.427344	0.575408	0.709406	0.822407	0.910367	0.972144	1.00737	1.01356	0.985388	0.917667	0.810652	0.673494	0.522983	0.378161	0.254202	0.158829	0.0923216	0.0499978	0.0252744	0.0119505	0.00529646	0.00220495	0.000864019	0.000319318	0.000111514	3.68657e-05	1.15572e-05	3.44127e-06	9.74744e-07	2.63024e-07	6.77057e-08	1.66472e-08	3.91449e-09	8.81306e-10	1.90183e-10	3.93785e-11	7.83106e-12	1.49733e-12	2.76766e-13	5.71142e-14	5.71142e-14	
-0.450221	-0.371904	-0.279044	-0.171694	-0.0506238	0.0822944	0.223728	0.368761	0.511178	0.644239	0.761796	0.859381	0.934604	0.986331	1.01289	1.01057	0.974175	0.900061	0.790183	0.654211	0.507896	0.368391	0.249169	0.157071	0.0923216	0.0506502	0.0259764	0.0124752	0.00562068	0.00238028	0.000949264	0.000357163	0.000127011	4.27623e-05	1.36532e-05	4.14042e-06	1.19435e-06	3.28178e-07	8.6012e-08	2.15293e-08	5.15283e-09	1.1806e-09	2.59219e-10	5.45997e-11	1.10432e-11	2.14679e-12	4.01524e-13	7.26258e-14	1.46401e-14	1.46401e-14	
-0.262759	-0.163203	-0.0513332	0.0712636	0.201836	0.336428	0.470112	0.597528	0.713618	0.814315	0.896855	0.959445	1.00028	1.01641	1.0035	0.957053	0.875295	0.761939	0.627148	0.485602	0.352472	0.239336	0.151898	0.0901092	0.0499978	0.0259764	0.0126549	0.00578994	0.00249196	0.00101063	0.000386869	0.000140014	4.7986e-05	1.5598e-05	4.81594e-06	1.4144e-06	3.95671e-07	1.05568e-07	2.68968e-08	6.55172e-09	1.52751e-09	3.41232e-10	7.31131e-11	1.50398e-11	2.97299e-12	5.65239e-13	1.0346e-13	1.83202e-14	3.60919e-15	3.60919e-15	
-0.024261	0.0884323	0.207865	0.330902	0.453745	0.572286	0.682574	0.781227	0.865618	0.933684	0.983361	1.0119	1.01552	0.989961	0.932081	0.842128	0.725435	0.592434	0.456578	0.330962	0.22516	0.1436	0.0858274	0.048087	0.0252744	0.0124752	0.00578994	0.00253031	0.00104276	0.000405848	0.000149405	5.20994e-05	1.72346e-05	5.41602e-06	1.61906e-06	4.61019e-07	1.25197e-07	3.24643e-08	8.04748e-09	1.90911e-09	4.33889e-10	9.45664e-11	1.97844e-11	3.97681e-12	7.68696e-13	1.43004e-13	2.56274e-14	4.44455e-15	8.56129e-16	8.56129e-16	
0.241139	0.351581	0.462032	0.569471	0.670942	0.763778	0.845672	0.91454	0.968179	1.00386	1.01811	1.00703	0.967201	0.897279	0.799499	0.680458	0.550482	0.421568	0.304657	0.207306	0.132641	0.0797489	0.0450529	0.0239242	0.0119505	0.00562068	0.00249196	0.00104276	0.000412376	0.000154331	5.47329e-05	1.84191e-05	5.88953e-06	1.79162e-06	5.19169e-07	1.43479e-07	3.78611e-08	9.55009e-09	2.30514e-09	5.32976e-10	1.1816e-10	2.51417e-11	5.13895e-12	1.00992e-12	1.90983e-13	3.47812e-14	6.10533e-15	1.0375e-15	1.95492e-16	1.95492e-16	
0.493649	0.588523	0.679203	0.763618	0.839785	0.905696	0.959107	0.997315	1.01707	1.0148	0.987231	0.932438	0.850994	0.746829	0.62728	0.502103	0.381614	0.274581	0.18662	0.119624	0.0722523	0.0411044	0.0220269	0.011123	0.00529646	0.00238028	0.00101063	0.000405848	0.000154331	5.56398e-05	1.90412e-05	6.19311e-06	1.91669e-06	5.65112e-07	1.58912e-07	4.26678e-08	1.09506e-08	2.68917e-09	6.32529e-10	1.4264e-10	3.08679e-11	6.416e-12	1.28199e-12	2.4645e-13	4.56181e-14	8.13663e-15	1.3996e-15	2.33139e-16	4.29921e-17	4.29921e-17	
0.706537	0.780838	0.84896	0.90898	0.958679	0.995433	1.01622	1.01781	0.997239	0.952515	0.883449	0.792353	0.68432	0.566815	0.448576	0.338068	0.241953	0.164074	0.105247	0.063787	0.0365029	0.019719	0.0100566	0.00484397	0.00220495	0.000949264	0.000386869	0.000149405	5.47329e-05	1.90412e-05	6.29772e-06	1.98244e-06	5.94594e-07	1.70106e-07	4.64682e-08	1.21334e-08	3.03134e-09	7.25328e-10	1.66377e-10	3.66188e-11	7.74013e-12	1.57251e-12	3.07323e-13	5.78218e-14	1.04812e-14	1.83177e-15	3.08891e-16	5.04581e-17	9.11015e-18	9.11015e-18	
0.872572	0.924361	0.967434	0.999319	1.01727	1.01845	1.0003	0.961028	0.900187	0.819207	0.72167	0.61317	0.500703	0.39164	0.292539	0.208122	0.140709	0.0902447	0.0548331	0.0315351	0.0171575	0.00882982	0.00429875	0.00198055	0.000864019	0.000357163	0.000140014	5.20994e-05	1.84191e-05	6.19311e-06	1.98244e-06	6.04757e-07	1.75993e-07	4.89082e-08	1.29917e-08	3.30194e-09	8.03709e-10	1.87523e-10	4.19777e-11	9.02331e-12	1.86405e-12	3.70374e-13	7.08357e-14	1.30502e-14	2.31765e-15	3.97053e-16	6.56658e-17	1.05233e-17	1.86104e-18	1.86104e-18	
0.983644	1.00775	1.0196	1.01682	0.997312	0.959608	0.903295	0.829364	0.740429	0.640697	0.53562	0.431249	0.333393	0.246788	0.174475	0.117551	0.0753356	0.0458583	0.0264854	0.0145025	0.00752581	0.00370071	0.00172463	0.000761966	0.000319318	0.000127011	4.7986e-05	1.72346e-05	5.88953e-06	1.91669e-06	5.94594e-07	1.75993e-07	4.97495e-08	1.34432e-08	3.4757e-09	8.6059e-10	2.04245e-10	4.65029e-11	1.01659e-11	2.13554e-12	4.3142e-13	8.38801e-14	1.57074e-14	2.83496e-15	4.93498e-16	8.29107e-17	1.34533e-17	2.1159e-18	3.66685e-19	3.66685e-19	
1.02003	1.0106	0.986909	0.947879	0.893254	0.823831	0.741613	0.649803	0.552602	0.454802	0.361224	0.276108	0.202578	0.142321	0.0955348	0.0611582	0.037279	0.0216097	0.0119016	0.00622393	0.00308946	0.00145553	0.000650936	0.000276422	0.000111514	4.27623e-05	1.5598e-05	5.41602e-06	1.79162e-06	5.65112e-07	1.70106e-07	4.89082e-08	1.34432e-08	3.53561e-09	8.90515e-10	2.14982e-10	4.97862e-11	1.10692e-11	2.36467e-12	4.85741e-13	9.60164e-14	1.82772e-14	3.35277e-15	5.93096e-16	1.01242e-16	1.66874e-17	2.65768e-18	4.10381e-19	6.97193e-20	6.97193e-20	
0.965656	0.92364	0.869015	0.8025	0.725688	0.641047	0.551791	0.461623	0.374369	0.29355	0.221988	0.161502	0.112776	0.0754272	0.048226	0.0294282	0.0171152	0.00947688	0.00499193	0.00250013	0.00119021	0.00053855	0.000231649	9.47472e-05	3.68657e-05	1.36532e-05	4.81594e-06	1.61906e-06	5.19169e-07	1.58912e-07	4.64682e-08	1.29917e-08	3.4757e-09	8.90515e-10	2.18684e-10	5.15134e-11	1.16491e-11	2.53086e-12	5.2866e-13	1.06252e-13	2.05618e-14	3.83399e-15	6.89288e-16	1.19562e-16	2.0022e-17	3.239e-18	5.06507e-19	7.68147e-20	1.27983e-20	1.27983e-20	
0.828516	0.764481	0.692656	0.614946	0.533788	0.451984	0.372462	0.297997	0.230927	0.172918	0.124825	0.0866761	0.0577738	0.0368953	0.0225366	0.0131477	0.00731698	0.00388085	0.00196034	0.000942645	0.000431396	0.000187888	7.78894e-05	3.07423e-05	1.15572e-05	4.14042e-06	1.4144e-06	4.61019e-07	1.43479e-07	4.26678e-08	1.21334e-08	3.30194e-09	8.6059e-10	2.14982e-10	5.15134e-11	1.1849e-11	2.61827e-12	5.56203e-13	1.13672e-13	2.23657e-14	4.2395e-15	7.74714e-16	1.36567e-16	2.32379e-17	3.81915e-18	6.06612e-19	9.31754e-20	1.38831e-20	2.26937e-21	2.26937e-21	
0.64257	0.572224	0.499643	0.426902	0.356177	0.28956	0.228872	0.175496	0.130255	0.0933752	0.0645141	0.0428735	0.0273539	0.0167264	0.00978771	0.00547388	0.00292269	0.00148861	0.000722812	0.000334463	0.000147457	6.19401e-05	2.47929e-05	9.45919e-06	3.44127e-06	1.19435e-06	3.95671e-07	1.25197e-07	3.78611e-08	1.09506e-08	3.03134e-09	8.03709e-10	2.04245e-10	4.97862e-11	1.16491e-11	2.61827e-12	5.65698e-13	1.17574e-13	2.35228e-14	4.53328e-15	8.4211e-16	1.50881e-16	2.60905e-17	4.35688e-18	7.03023e-19	1.09677e-19	1.65529e-20	2.42402e-21	3.88886e-22	3.88886e-22	
0.45112	0.388187	0.327107	0.269405	0.216436	0.169268	0.128603	0.0947218	0.067496	0.0464362	0.030785	0.0196302	0.012019	0.0070551	0.00396494	0.00213092	0.00109416	0.000536372	0.000250892	0.000111944	4.76366e-05	1.93334e-05	7.48464e-06	2.76468e-06	9.74744e-07	3.28178e-07	1.05568e-07	3.24643e-08	9.55009e-09	2.68917e-09	7.25328e-10	1.87523e-10	4.65029e-11	1.10692e-11	2.53086e-12	5.56203e-13	1.17574e-13	2.39215e-14	4.68769e-15	8.85318e-16	1.61245e-16	2.8339e-17	4.80906e-18	7.88434e-19	1.24953e-19	1.91536e-20	2.84134e-21	4.09075e-22	6.44341e-23	6.44341e-23	
0.28776	0.23964	0.195207	0.155255	0.120335	0.0907188	0.0663919	0.047076	0.0322785	0.0213619	0.0136207	0.00835329	0.00491967	0.0027786	0.00150314	0.000778038	0.000385007	0.000182021	8.21792e-05	3.54213e-05	1.4574e-05	5.72424e-06	2.14659e-06	7.68757e-07	2.63024e-07	8.6012e-08	2.68968e-08	8.04748e-09	2.30514e-09	6.32529e-10	1.66377e-10	4.19777e-11	1.01659e-11	2.36467e-12	5.2866e-13	1.13672e-13	2.35228e-14	4.68769e-15	9.00205e-16	1.66689e-16	2.97797e-17	5.13618e-18	8.55694e-19	1.37785e-19	2.14551e-20	3.23249e-21	4.71485e-22	6.67581e-23	1.03274e-23	1.03274e-23	
0.167566	0.135272	0.106705	0.0821028	0.0615102	0.0447878	0.0316371	0.0216403	0.0143079	0.009128	0.00560974	0.0033159	0.0018825	0.00102515	0.000534916	0.000267191	0.000127666	5.8317e-05	2.54573e-05	1.06176e-05	4.23057e-06	1.61046e-06	5.85808e-07	2.03671e-07	6.77057e-08	2.15293e-08	6.55172e-09	1.90911e-09	5.32976e-10	1.4264e-10	3.66188e-11	9.02331e-12	2.13554e-12	4.85741e-13	1.06252e-13	2.23657e-14	4.53328e-15	8.85318e-16	1.66689e-16	3.0276e-17	5.30795e-18	8.98761e-19	1.4706e-19	2.32657e-20	3.56075e-21	5.2747e-22	7.56697e-23	1.05402e-23	1.60198e-24	1.60198e-24	
0.0895194	0.0701655	0.053686	0.0400316	0.0290405	0.0204605	0.0139759	0.00923952	0.00590193	0.00363671	0.00215837	0.00123204	0.000675528	0.000355368	0.000179184	8.65262e-05	3.99883e-05	1.76784e-05	7.47355e-06	3.02069e-06	1.16723e-06	4.31231e-07	1.52349e-07	5.14834e-08	1.66472e-08	5.15283e-09	1.52751e-09	4.33889e-10	1.1816e-10	3.08679e-11	7.74013e-12	1.86405e-12	4.3142e-13	9.60164e-14	2.05618e-14	4.2395e-15	8.4211e-16	1.61245e-16	2.97797e-17	5.30795e-18	9.13592e-19	1.51928e-19	2.44243e-20	3.79783e-21	5.71483e-22	8.32622e-23	1.17516e-23	1.61079e-24	2.4061e-25	2.4061e-25	
0.0440874	0.033601	0.0249757	0.0180765	0.0127185	0.0086849	0.00574635	0.00367802	0.00227377	0.00135561	0.000778331	0.000429796	0.00022799	0.000116057	5.66422e-05	2.6485e-05	1.18576e-05	5.08097e-06	2.08317e-06	8.17082e-07	3.06592e-07	1.10065e-07	3.78106e-08	1.24329e-08	3.91449e-09	1.1806e-09	3.41232e-10	9.45664e-11	2.51417e-11	6.416e-12	1.57251e-12	3.70374e-13	8.38801e-14	1.82772e-14	3.83399e-15	7.74714e-16	1.50881e-16	2.8339e-17	5.13618e-18	8.98761e-19	1.51928e-19	2.48231e-20	3.92219e-21	5.99627e-22	8.87427e-23	1.27203e-23	1.76685e-24	2.38387e-25	3.50071e-26	3.50071e-26	
0.0201063	0.0149207	0.0107892	0.00759046	0.00518738	0.00343837	0.00220704	0.00136981	0.000820855	0.000474261	0.000263843	0.000141165	7.25598e-05	3.57963e-05	1.69358e-05	7.67918e-06	3.33534e-06	1.38715e-06	5.52285e-07	2.1048e-07	7.67837e-08	2.68155e-08	8.96704e-09	2.87197e-09	8.81306e-10	2.59219e-10	7.31131e-11	1.97844e-11	5.13895e-12	1.28199e-12	3.07323e-13	7.08357e-14	1.57074e-14	3.35277e-15	6.89288e-16	1.36567e-16	2.60905e-17	4.80906e-18	8.55694e-19	1.4706e-19	2.44243e-20	3.92219e-21	6.09312e-22	9.16163e-23	1.33396e-23	1.88173e-24	2.57296e-25	3.41804e-26	4.93606e-27	4.93606e-27	
0.00852624	0.00616839	0.00434468	0.00297496	0.00197742	0.00127401	0.000794444	0.000478801	0.000278516	0.000156166	8.43019e-05	4.37648e-05	2.18284e-05	1.0451e-05	4.79974e-06	2.11326e-06	8.91595e-07	3.60351e-07	1.39491e-07	5.17128e-08	1.8361e-08	6.24444e-09	2.03463e-09	6.35322e-10	1.90183e-10	5.45997e-11	1.50398e-11	3.97681e-12	1.00992e-12	2.4645e-13	5.78218e-14	1.30502e-14	2.83496e-15	5.93096e-16	1.19562e-16	2.32379e-17	4.35688e-18	7.88434e-19	1.37785e-19	2.32657e-20	3.79783e-21	5.99627e-22	9.16163e-23	1.35526e-23	1.94196e-24	2.69667e-25	3.63077e-26	4.75026e-27	6.74803e-28	6.74803e-28	
0.0033746	0.00238271	0.00163659	0.00109199	0.000706806	0.000443175	0.00026881	0.000157519	8.90594e-05	4.85249e-05	2.5451e-05	1.28369e-05	6.22078e-06	2.89417e-06	1.29187e-06	5.52977e-07	2.26894e-07	8.92178e-08	3.36148e-08	1.21351e-08	4.19774e-09	1.39159e-09	4.42211e-10	1.34739e-10	3.93785e-11	1.10432e-11	2.97299e-12	7.68696e-13	1.90983e-13	4.56181e-14	1.04812e-14	2.31765e-15	4.93498e-16	1.01242e-16	2.0022e-17	3.81915e-18	7.03023e-19	1.24953e-19	2.14551e-20	3.56075e-21	5.71483e-22	8.87427e-23	1.33396e-23	1.94196e-24	2.73924e-25	3.74551e-26	4.96693e-27	6.40167e-28	8.94813e-29	8.94813e-29	
0.001251	0.000862914	0.000578572	0.000376573	0.000237608	0.000145151	8.57355e-05	4.89038e-05	2.69059e-05	1.42624e-05	7.27668e-06	3.57e-06	1.68286e-06	7.61679e-07	3.30821e-07	1.37821e-07	5.50555e-08	2.1084e-08	7.73976e-09	2.72347e-09	9.187e-10	2.97135e-10	9.21646e-11	2.74243e-11	7.83106e-12	2.14679e-12	5.65239e-13	1.43004e-13	3.47812e-14	8.13663e-15	1.83177e-15	3.97053e-16	8.29107e-17	1.66874e-17	3.239e-18	6.06612e-19	1.09677e-19	1.91536e-20	3.23249e-21	5.2747e-22	8.32622e-23	1.27203e-23	1.88173e-24	2.69667e-25	3.74551e-26	5.04428e-27	6.59014e-28	8.36938e-29	1.15141e-29	1.15141e-29	
0.000436426	0.00029431	0.000192778	0.000122495	7.54107e-05	4.49224e-05	2.58629e-05	1.43737e-05	7.70294e-06	3.97643e-06	1.97548e-06	9.43685e-07	4.33153e-07	1.90918e-07	8.07653e-08	3.27799e-08	1.27607e-08	4.76381e-09	1.70536e-09	5.85423e-10	1.92736e-10	6.0866e-11	1.84422e-11	5.36302e-12	1.49733e-12	4.01524e-13	1.0346e-13	2.56274e-14	6.10533e-15	1.3996e-15	3.08891e-16	6.56658e-17	1.34533e-17	2.65768e-18	5.06507e-19	9.31754e-20	1.65529e-20	2.84134e-21	4.71485e-22	7.56697e-23	1.17516e-23	1.76685e-24	2.57296e-25	3.63077e-26	4.96693e-27	6.59014e-28	8.48424e-29	1.06196e-29	1.43831e-30	1.43831e-30	
0.000146423	9.65129e-05	6.17473e-05	3.82987e-05	2.30019e-05	1.33613e-05	7.49799e-06	4.06048e-06	2.11984e-06	1.06588e-06	5.15729e-07	2.39945e-07	1.07273e-07	4.606e-08	1.89852e-08	7.50971e-09	2.85001e-09	1.0376e-09	3.62372e-10	1.21408e-10	3.90267e-11	1.20388e-11	3.56468e-12	1.01348e-12	2.76766e-13	7.26258e-14	1.83202e-14	4.44455e-15	1.0375e-15	2.33139e-16	5.04581e-17	1.05233e-17	2.1159e-18	4.10381e-19	7.68147e-20	1.38831e-20	2.42402e-21	4.09075e-22	6.67581e-23	1.05402e-23	1.61079e-24	2.38387e-25	3.41804e-26	4.75026e-27	6.40167e-28	8.36938e-29	1.06196e-29	1.3103e-30	1.74747e-31	1.74747e-31	
5.71973e-05	3.68089e-05	2.29739e-05	1.3891e-05	8.12751e-06	4.59661e-06	2.51024e-06	1.32238e-06	6.71365e-07	3.28207e-07	1.5438e-07	6.98221e-08	3.03463e-08	1.26684e-08	5.07783e-09	1.95371e-09	7.21418e-10	2.55638e-10	8.69313e-11	2.83709e-11	8.88757e-12	2.67299e-12	7.72031e-13	2.14206e-13	5.71142e-14	1.46401e-14	3.60919e-15	8.56129e-16	1.95492e-16	4.29921e-17	9.11015e-18	1.86104e-18	3.66685e-19	6.97193e-20	1.27983e-20	2.26937e-21	3.88886e-22	6.44341e-23	1.03274e-23	1.60198e-24	2.4061e-25	3.50071e-26	4.93606e-27	6.74803e-28	8.94813e-29	1.15141e-29	1.43831e-30	1.74747e-31	2.2921e-32	2.2921e-32	
5.71973e-05	3.68089e-05	2.29739e-05	1.3891e-05	8.12751e-06	4.59661e-06	2.51024e-06	1.32238e-06	6.71365e-07	3.28207e-07	1.5438e-07	6.98221e-08	3.03463e-08	1.26684e-08	5.07783e-09	1.95371e-09	7.21418e-10	2.55638e-10	8.69313e-11	2.83709e-11	8.88757e-12	2.67299e-12	7.72031e-13	2.14206e-13	5.71142e-14	1.46401e-14	3.60919e-15	8.56129e-16	1.95492e-16	4.29921e-17	9.11015e-18	1.86104e-18	3.66685e-19	6.97193e-20	1.27983e-20	2.26937e-21	3.88886e-22	6.44341e-23	1.03274e-23	1.60198e-24	2.4061e-25	3.50071e-26	4.93606e-27	6.74803e-28	8.94813e-29	1.15141e-29	1.43831e-30	1.74747e-31	2.2921e-32	2.2921e-32	
