0.473358	0.473358	0.476193	0.484995	0.478771	0.430926	0.318621	0.165634	-0.00267009	-0.165704	-0.313241	-0.412014	-0.428542	-0.35422	-0.216089	-0.0420238	0.143104	0.322997	0.479914	0.600459	0.675582	0.707345	0.705621	0.688056	0.661099	0.644062	0.637348	0.633351	0.616641	0.594696	0.573923	0.553601	0.518516	0.474846	0.431385	0.39817	0.374307	0.354731	0.324724	0.273709	0.182622	0.0562073	-0.0936794	-0.26639	-0.450293	-0.62956	-0.765246	-0.833565	-0.812246	-0.700936	
0.75729	0.75729	0.763061	0.772371	0.763121	0.71459	0.607871	0.465689	0.304957	0.142745	-0.0153766	-0.135507	-0.177881	-0.130362	-0.0130272	0.142045	0.315317	0.488195	0.643362	0.766138	0.853762	0.905128	0.927041	0.918951	0.889176	0.853709	0.819031	0.784547	0.737287	0.683858	0.631336	0.577866	0.522426	0.469316	0.421239	0.385642	0.356928	0.331403	0.29716	0.237268	0.138518	0.0182899	-0.11965	-0.269402	-0.427561	-0.575835	-0.679712	-0.711924	-0.654432	-0.511276	
1.01235	1.01235	1.01805	1.02166	1.00644	0.955281	0.858792	0.727925	0.576468	0.414948	0.252062	0.118404	0.053326	0.0747271	0.1695	0.309875	0.473272	0.639428	0.78943	0.91687	1.01887	1.0941	1.13498	1.13205	1.09711	1.04124	0.98087	0.913904	0.835289	0.754633	0.668681	0.589061	0.52113	0.464946	0.420997	0.388487	0.36754	0.350297	0.311252	0.24314	0.145843	0.0332511	-0.0872273	-0.213238	-0.34507	-0.460803	-0.533389	-0.537308	-0.456928	-0.307638	
1.20618	1.20618	1.20705	1.20222	1.1776	1.12846	1.04293	0.925683	0.780794	0.62113	0.4598	0.321007	0.24131	0.238458	0.314556	0.442111	0.599437	0.756509	0.904129	1.03747	1.15787	1.25337	1.30545	1.30388	1.25857	1.18502	1.10116	1.00451	0.903077	0.798663	0.690874	0.595947	0.518921	0.466572	0.425957	0.401636	0.397505	0.387897	0.34502	0.274842	0.181396	0.0831287	-0.020362	-0.124993	-0.229685	-0.31506	-0.362602	-0.344657	-0.2599	-0.121121	
1.32453	1.32453	1.31799	1.30114	1.26927	1.22323	1.15074	1.04395	0.903962	0.746187	0.592409	0.456982	0.372182	0.352142	0.414064	0.532194	0.682426	0.83299	0.978191	1.1217	1.25604	1.3629	1.41555	1.40727	1.34681	1.25588	1.14995	1.03505	0.918141	0.803183	0.691068	0.591244	0.513095	0.462951	0.42707	0.415887	0.423795	0.419328	0.377078	0.307974	0.225691	0.142305	0.0542879	-0.0298235	-0.112102	-0.176594	-0.206095	-0.178982	-0.0998307	0.0299481	
1.35975	1.35975	1.34604	1.31699	1.28326	1.24075	1.18222	1.0818	0.945573	0.791284	0.646851	0.5229	0.438843	0.411459	0.461744	0.569939	0.712533	0.856527	1.00438	1.15751	1.30104	1.41019	1.45547	1.43538	1.35797	1.24741	1.12682	1.00067	0.879171	0.764909	0.661229	0.565523	0.489032	0.439493	0.416902	0.419258	0.438247	0.43988	0.404621	0.340174	0.265498	0.18738	0.109632	0.0379446	-0.0287502	-0.0787262	-0.0956764	-0.065668	0.00686947	0.126171	
1.31126	1.31126	1.29208	1.25827	1.22551	1.19129	1.14262	1.04913	0.917261	0.770288	0.638258	0.530436	0.45466	0.429805	0.469783	0.568774	0.698594	0.839402	0.988449	1.14746	1.29058	1.39307	1.42387	1.39013	1.29208	1.16733	1.03708	0.91327	0.797824	0.696697	0.608333	0.52323	0.445423	0.399766	0.390447	0.406034	0.433967	0.446747	0.42598	0.369465	0.295971	0.215738	0.141957	0.0715624	0.0111191	-0.0354597	-0.0463702	-0.0182418	0.0525734	0.159247	
1.20002	1.20002	1.17955	1.14992	1.12002	1.0965	1.05025	0.966316	0.838098	0.705903	0.586314	0.499207	0.43852	0.423773	0.459769	0.546884	0.665709	0.800172	0.948614	1.10083	1.23392	1.31721	1.32924	1.27473	1.15779	1.0221	0.891996	0.782875	0.687804	0.608442	0.541234	0.466606	0.389596	0.348617	0.346772	0.374319	0.409855	0.440455	0.43868	0.391557	0.312461	0.228978	0.147518	0.0724598	0.00832035	-0.0404244	-0.0492886	-0.0193826	0.0520717	0.144948	
1.05455	1.05455	1.04021	1.02036	0.999818	0.980705	0.937252	0.856438	0.739716	0.61901	0.516349	0.443285	0.401659	0.396527	0.431613	0.506041	0.612602	0.739034	0.880387	1.01797	1.13597	1.19663	1.19182	1.11533	0.986201	0.844723	0.720897	0.633569	0.562141	0.506661	0.456077	0.391145	0.32427	0.288532	0.297427	0.337351	0.38568	0.435936	0.44635	0.398132	0.307964	0.211054	0.116253	0.0385784	-0.0299834	-0.0736957	-0.080201	-0.0483651	0.0146828	0.0981019	
0.90311	0.90311	0.901461	0.895692	0.888327	0.868624	0.826436	0.746942	0.643616	0.535941	0.44735	0.384643	0.356221	0.358284	0.392069	0.45378	0.544369	0.657614	0.778718	0.898713	0.992443	1.03668	1.01324	0.922149	0.790866	0.651029	0.544844	0.48052	0.43712	0.40355	0.362489	0.310892	0.256151	0.226498	0.244344	0.292199	0.359671	0.421293	0.436388	0.3841	0.282044	0.168158	0.0623595	-0.0230097	-0.090028	-0.129817	-0.13501	-0.103328	-0.043109	0.0399304	
0.758961	0.758961	0.772866	0.785934	0.7911	0.771887	0.729469	0.654378	0.564896	0.472972	0.395172	0.339708	0.313939	0.319506	0.349002	0.398316	0.469541	0.55652	0.651138	0.743316	0.814374	0.842539	0.802587	0.708068	0.580898	0.456598	0.373193	0.33268	0.320752	0.303931	0.275582	0.239934	0.198973	0.178169	0.196642	0.250869	0.329356	0.389401	0.401214	0.3422	0.232091	0.105328	-0.0100765	-0.0981452	-0.160703	-0.198076	-0.203405	-0.173748	-0.1093	-0.0161786	
0.627661	0.627661	0.657108	0.690282	0.707043	0.691975	0.651241	0.585151	0.509461	0.433597	0.364066	0.309353	0.276743	0.277852	0.300669	0.339134	0.386234	0.441914	0.505074	0.570217	0.623893	0.637428	0.590473	0.498574	0.383913	0.282542	0.218464	0.201653	0.212708	0.21292	0.203916	0.186705	0.166464	0.156628	0.175096	0.232905	0.305778	0.352431	0.349522	0.280376	0.163162	0.0260331	-0.0928256	-0.178614	-0.234067	-0.266996	-0.275268	-0.246517	-0.171958	-0.0679047	
0.512142	0.512142	0.554156	0.605861	0.633726	0.629038	0.596591	0.545225	0.485433	0.42399	0.362024	0.301444	0.255947	0.243806	0.258635	0.284642	0.306639	0.328267	0.361163	0.403462	0.443883	0.446809	0.400179	0.317097	0.222149	0.144625	0.098916	0.100784	0.126362	0.147052	0.158975	0.161844	0.16041	0.159923	0.18008	0.233649	0.288912	0.319138	0.301541	0.225168	0.103621	-0.0379198	-0.161238	-0.245186	-0.299398	-0.331812	-0.338426	-0.302168	-0.2146	-0.0930347	
0.437772	0.437772	0.487297	0.549922	0.587915	0.595631	0.577035	0.541968	0.494529	0.440942	0.378557	0.304363	0.238571	0.204996	0.20709	0.219131	0.216419	0.211636	0.218145	0.248571	0.276432	0.276148	0.233689	0.165669	0.0931491	0.0387096	0.0104813	0.0257754	0.0622725	0.104063	0.136425	0.155685	0.163973	0.169036	0.189493	0.227734	0.262156	0.275949	0.251184	0.173259	0.0536763	-0.0857083	-0.207886	-0.294253	-0.351346	-0.384599	-0.385084	-0.341695	-0.239964	-0.103128	
0.404489	0.404489	0.456252	0.520984	0.569811	0.5905	0.592767	0.573429	0.533434	0.478933	0.401437	0.308476	0.210119	0.150417	0.128483	0.121691	0.100456	0.0753458	0.0717361	0.0939101	0.11858	0.120032	0.0905612	0.0436158	-0.00122763	-0.0345413	-0.0421484	-0.0200042	0.0274261	0.0840211	0.131714	0.158467	0.169382	0.175469	0.194556	0.212731	0.225145	0.223516	0.192501	0.114658	0.000340629	-0.127888	-0.241367	-0.327703	-0.384136	-0.416943	-0.414534	-0.368318	-0.263655	-0.125072	
0.393268	0.393268	0.440924	0.504852	0.561592	0.601252	0.627921	0.626004	0.592548	0.525242	0.428417	0.306571	0.178292	0.0862054	0.0344909	0.00682345	-0.0280697	-0.0593467	-0.0642019	-0.0478113	-0.0229884	-0.0200094	-0.0310147	-0.0533011	-0.0692118	-0.0758307	-0.063549	-0.0297375	0.0283276	0.0938646	0.148109	0.175001	0.181647	0.18541	0.197147	0.195764	0.187608	0.170701	0.130823	0.056375	-0.0484404	-0.160176	-0.260319	-0.344334	-0.401869	-0.4323	-0.432436	-0.384318	-0.284685	-0.147253	
0.398542	0.398542	0.438674	0.498421	0.561892	0.622187	0.67302	0.689665	0.657539	0.572511	0.448958	0.297009	0.143142	0.0188934	-0.0614189	-0.109834	-0.148296	-0.171032	-0.173043	-0.156598	-0.138043	-0.129466	-0.124546	-0.121278	-0.107936	-0.0887448	-0.0583397	-0.0115434	0.0520903	0.118653	0.169891	0.193012	0.198016	0.200218	0.201224	0.189691	0.163069	0.126825	0.0788721	0.00501113	-0.0835763	-0.175657	-0.264367	-0.343969	-0.403605	-0.43926	-0.440871	-0.393377	-0.295433	-0.154836	
0.430174	0.430174	0.460682	0.515193	0.581294	0.659577	0.727059	0.756888	0.717647	0.608106	0.450438	0.267035	0.0892088	-0.0633223	-0.169941	-0.234404	-0.265646	-0.269865	-0.259576	-0.240168	-0.22382	-0.204736	-0.182954	-0.150389	-0.110809	-0.0685924	-0.0265923	0.0248247	0.0850964	0.140394	0.178491	0.19896	0.206475	0.209097	0.2033	0.188909	0.149066	0.0963788	0.0390124	-0.0295801	-0.0976541	-0.174862	-0.25776	-0.335003	-0.406222	-0.44992	-0.451683	-0.404937	-0.299168	-0.148271	
0.485778	0.485778	0.508903	0.555232	0.624243	0.709364	0.78656	0.817382	0.76493	0.627303	0.432387	0.220354	0.0187253	-0.154823	-0.28431	-0.358521	-0.379586	-0.363244	-0.337982	-0.314378	-0.293211	-0.261701	-0.215207	-0.154195	-0.0853731	-0.0246785	0.0243525	0.0724361	0.120834	0.155876	0.176456	0.190496	0.201772	0.200702	0.192312	0.17463	0.132529	0.0691833	0.0081959	-0.0445465	-0.0965855	-0.164345	-0.244189	-0.332763	-0.413003	-0.463488	-0.467803	-0.411559	-0.293164	-0.135415	
0.555064	0.555064	0.572691	0.612986	0.680339	0.763404	0.837456	0.857542	0.787492	0.622194	0.395601	0.159312	-0.0624249	-0.248971	-0.393511	-0.471016	-0.482398	-0.45109	-0.409103	-0.379866	-0.345298	-0.298968	-0.225255	-0.138596	-0.0451144	0.0269501	0.0780497	0.116363	0.149397	0.168257	0.173309	0.183416	0.195011	0.188555	0.177382	0.154475	0.110875	0.0461467	-0.0157137	-0.0518732	-0.0951042	-0.157678	-0.239729	-0.338829	-0.422749	-0.474518	-0.475183	-0.40485	-0.278986	-0.117854	
0.626965	0.626965	0.64138	0.67884	0.738356	0.81172	0.866917	0.86847	0.777616	0.591951	0.346691	0.0918665	-0.13935	-0.33526	-0.481268	-0.558875	-0.565333	-0.523951	-0.470823	-0.424943	-0.374231	-0.306061	-0.209886	-0.101792	0.00402039	0.0817652	0.126825	0.152402	0.169927	0.176727	0.174325	0.178766	0.185949	0.181203	0.168523	0.14642	0.10517	0.0433939	-0.0158927	-0.0531742	-0.100176	-0.167987	-0.255921	-0.355397	-0.434028	-0.472046	-0.457477	-0.377898	-0.248233	-0.0888008	
0.705752	0.705752	0.719743	0.753021	0.800719	0.851144	0.87592	0.848523	0.736741	0.540173	0.287889	0.0258019	-0.210209	-0.408486	-0.548621	-0.624169	-0.629053	-0.584138	-0.518796	-0.446487	-0.373921	-0.279269	-0.168375	-0.0487362	0.0566502	0.129246	0.164204	0.174163	0.176398	0.176854	0.171775	0.169396	0.172801	0.176177	0.169238	0.15491	0.115582	0.0586902	0.000416605	-0.0557986	-0.113847	-0.191021	-0.284668	-0.374544	-0.440973	-0.461298	-0.425362	-0.33908	-0.207193	-0.0479691	
0.796062	0.796062	0.808969	0.83667	0.864035	0.881708	0.864469	0.80122	0.670912	0.470671	0.225086	-0.0360569	-0.2705	-0.466832	-0.599798	-0.671879	-0.679608	-0.634739	-0.553994	-0.45441	-0.351995	-0.237836	-0.117564	0.000965564	0.0964739	0.159888	0.185598	0.182625	0.174177	0.170351	0.163055	0.15526	0.153243	0.166457	0.171614	0.161402	0.126567	0.0742686	0.00989914	-0.0604231	-0.135933	-0.22062	-0.314447	-0.395497	-0.447229	-0.446065	-0.393874	-0.294978	-0.162684	-0.00404144	
0.878872	0.878872	0.891142	0.90747	0.91397	0.890374	0.831787	0.732142	0.590146	0.397314	0.166306	-0.0815883	-0.312805	-0.50334	-0.634364	-0.705965	-0.718401	-0.674432	-0.576758	-0.451416	-0.318152	-0.18996	-0.063553	0.0452764	0.130449	0.182687	0.201871	0.189659	0.171982	0.161979	0.154195	0.142646	0.144056	0.165252	0.18268	0.173304	0.140388	0.0846029	0.0117445	-0.0703833	-0.161487	-0.250911	-0.340295	-0.413168	-0.442713	-0.42268	-0.357663	-0.247544	-0.117437	0.0319574	
0.955515	0.955515	0.962503	0.964491	0.943461	0.880473	0.779579	0.651188	0.501547	0.323608	0.112064	-0.115654	-0.337719	-0.521093	-0.652769	-0.726171	-0.740063	-0.692183	-0.579579	-0.433208	-0.280357	-0.141934	-0.0202574	0.0775512	0.147953	0.188929	0.201915	0.184508	0.161463	0.150057	0.143572	0.140929	0.151386	0.176749	0.196304	0.183558	0.145275	0.0844252	0.00135626	-0.0884228	-0.186717	-0.28327	-0.369751	-0.428267	-0.437714	-0.397094	-0.313567	-0.199847	-0.0686107	0.0696053	
1.01086	1.01086	1.00822	0.992694	0.943532	0.848892	0.714841	0.569839	0.420571	0.261312	0.0745069	-0.131183	-0.333993	-0.512116	-0.643948	-0.723371	-0.736546	-0.680648	-0.561652	-0.403708	-0.245918	-0.102551	0.0120662	0.100523	0.157169	0.188826	0.192977	0.175022	0.15067	0.138917	0.138307	0.147654	0.168419	0.1936	0.204061	0.189081	0.149707	0.0834123	-0.0040344	-0.100517	-0.205031	-0.309252	-0.396375	-0.440663	-0.430427	-0.368508	-0.267308	-0.146915	-0.0130645	0.120327	
1.04097	1.04097	1.02549	0.989369	0.917251	0.800271	0.649803	0.497239	0.356013	0.212726	0.0493605	-0.133528	-0.315759	-0.484808	-0.620626	-0.70561	-0.717337	-0.653846	-0.531634	-0.375722	-0.218648	-0.075541	0.0371002	0.119069	0.164813	0.185641	0.179756	0.163204	0.140849	0.132487	0.137923	0.157444	0.185759	0.205793	0.204799	0.190752	0.152418	0.0867882	-0.00427274	-0.10755	-0.217041	-0.327261	-0.416035	-0.451248	-0.426794	-0.348597	-0.230921	-0.0952337	0.0448797	0.178505	
1.04206	1.04206	1.01191	0.956075	0.867772	0.743295	0.591782	0.443538	0.311914	0.182739	0.0379175	-0.121749	-0.283724	-0.440609	-0.580498	-0.671217	-0.683647	-0.618696	-0.498487	-0.355394	-0.20381	-0.0641601	0.0491378	0.128701	0.165076	0.175367	0.163806	0.146937	0.133226	0.125452	0.135241	0.159198	0.187001	0.205196	0.200803	0.187491	0.155466	0.0902606	-0.00564782	-0.11553	-0.232256	-0.34498	-0.430165	-0.461336	-0.42647	-0.330046	-0.193972	-0.0403931	0.108978	0.236607	
0.99784	0.99784	0.95673	0.884008	0.794765	0.675992	0.544331	0.409414	0.291567	0.174985	0.046845	-0.0894576	-0.232171	-0.376807	-0.51843	-0.616392	-0.635412	-0.577107	-0.468525	-0.33905	-0.199836	-0.0630883	0.0505285	0.129096	0.162713	0.164917	0.154924	0.139707	0.13089	0.122498	0.131804	0.152379	0.178332	0.197215	0.200279	0.187215	0.158034	0.0909047	-0.00338443	-0.121878	-0.24049	-0.351953	-0.433349	-0.463989	-0.42325	-0.314014	-0.15396	0.0184736	0.177309	0.299929	
0.906576	0.906576	0.85841	0.781506	0.69986	0.605896	0.504591	0.394293	0.291664	0.186882	0.0776132	-0.039292	-0.163523	-0.300848	-0.442309	-0.547348	-0.580071	-0.535522	-0.44539	-0.328378	-0.202005	-0.070939	0.0425897	0.121563	0.159313	0.162031	0.156482	0.143931	0.127325	0.116188	0.117394	0.135385	0.159897	0.184667	0.203592	0.193418	0.160184	0.0960835	0.000730899	-0.121862	-0.245561	-0.356627	-0.435508	-0.461219	-0.415409	-0.290838	-0.108685	0.0807408	0.243053	0.360404	
0.771806	0.771806	0.724382	0.656621	0.592592	0.536099	0.472321	0.395573	0.309572	0.22076	0.130076	0.0315717	-0.081796	-0.217079	-0.359562	-0.470964	-0.518587	-0.495329	-0.422449	-0.3206	-0.200482	-0.0806697	0.0338793	0.114839	0.160325	0.171246	0.164646	0.14664	0.112942	0.0881002	0.0876145	0.105783	0.137673	0.176988	0.21189	0.21105	0.17163	0.104427	0.0044437	-0.124498	-0.256825	-0.362647	-0.432223	-0.443702	-0.385684	-0.249186	-0.059812	0.13745	0.300487	0.414791	
0.6022	0.6022	0.565475	0.517601	0.481688	0.465667	0.445334	0.406028	0.343042	0.275838	0.204113	0.123455	0.0106122	-0.126068	-0.273552	-0.38755	-0.449795	-0.449612	-0.397912	-0.312248	-0.202292	-0.0914023	0.0189371	0.107038	0.161742	0.18298	0.17208	0.14074	0.0876276	0.0487533	0.0473521	0.0719626	0.11353	0.165354	0.211036	0.221152	0.179814	0.108673	0.00420497	-0.127914	-0.256848	-0.354704	-0.409006	-0.409256	-0.343703	-0.208808	-0.0187152	0.181644	0.359082	0.484452	
0.403143	0.403143	0.38573	0.36799	0.367019	0.392421	0.417416	0.420063	0.389338	0.34848	0.29735	0.225867	0.107459	-0.0404653	-0.193725	-0.311481	-0.385281	-0.406396	-0.37954	-0.309162	-0.211142	-0.100442	0.00882179	0.107898	0.173163	0.198528	0.179711	0.126772	0.0565827	0.00432394	-0.00211305	0.0319868	0.084993	0.149302	0.20539	0.223934	0.189509	0.111737	-0.000703925	-0.130438	-0.247944	-0.333081	-0.370524	-0.363646	-0.29603	-0.166591	0.018706	0.220688	0.4107	0.553793	
0.187328	0.187328	0.195124	0.211679	0.250721	0.312735	0.384831	0.430189	0.443169	0.431349	0.401848	0.330893	0.20481	0.0424615	-0.114083	-0.235678	-0.316407	-0.356573	-0.353155	-0.302253	-0.213292	-0.102627	0.0116472	0.113538	0.183886	0.203689	0.17174	0.100938	0.0203725	-0.0398465	-0.0488515	-0.00953085	0.0626258	0.138534	0.199657	0.221567	0.190545	0.106866	-0.00789129	-0.130722	-0.228185	-0.295359	-0.321167	-0.306168	-0.238415	-0.111279	0.0673748	0.269964	0.459346	0.612898	
-0.0292972	-0.0292972	0.00261917	0.0563517	0.131278	0.23055	0.342999	0.436638	0.496186	0.519695	0.508137	0.436108	0.303753	0.134263	-0.0215735	-0.145353	-0.233104	-0.289318	-0.308574	-0.278214	-0.201789	-0.0930601	0.020151	0.116066	0.179284	0.188188	0.144942	0.0654699	-0.0165939	-0.0766173	-0.0901921	-0.0447488	0.0410904	0.128319	0.186722	0.204846	0.174624	0.0974923	-0.00838839	-0.112763	-0.193251	-0.244099	-0.261239	-0.237255	-0.165038	-0.0365176	0.135644	0.333814	0.516742	0.666794	
-0.228289	-0.228289	-0.176675	-0.0894257	0.0171878	0.151364	0.298189	0.438169	0.541239	0.598533	0.598334	0.523794	0.387925	0.21966	0.0676585	-0.0599722	-0.156199	-0.22576	-0.258209	-0.242164	-0.175216	-0.0717235	0.0341433	0.117378	0.165606	0.161599	0.110173	0.0254812	-0.0556025	-0.115239	-0.132414	-0.0818105	0.0101853	0.105421	0.161428	0.175779	0.151194	0.089865	0.00329674	-0.0808604	-0.154609	-0.194318	-0.199199	-0.160567	-0.0781233	0.0506511	0.210296	0.395616	0.568643	0.708763	
-0.403316	-0.403316	-0.337407	-0.226566	-0.0895066	0.0723644	0.252176	0.427681	0.570663	0.654511	0.665525	0.59276	0.462852	0.30737	0.162376	0.0314058	-0.0776202	-0.157506	-0.197327	-0.189969	-0.135083	-0.0497574	0.0386171	0.101211	0.134921	0.122453	0.0683373	-0.0122019	-0.0920083	-0.147005	-0.163093	-0.115295	-0.0259831	0.060558	0.115959	0.134032	0.118831	0.0793009	0.0195799	-0.0458859	-0.108344	-0.139817	-0.126586	-0.0688949	0.0234193	0.148303	0.29221	0.456226	0.614762	0.741078	
-0.553259	-0.553259	-0.480428	-0.353347	-0.192708	-0.00529697	0.198424	0.402246	0.572076	0.680579	0.703962	0.647041	0.536054	0.405324	0.273378	0.141647	0.0220083	-0.0667207	-0.110908	-0.111585	-0.0776845	-0.0247353	0.0296452	0.0674995	0.0858442	0.070195	0.019937	-0.0509868	-0.120676	-0.167307	-0.175449	-0.13316	-0.0583017	0.012182	0.0641287	0.090286	0.0852283	0.0592991	0.024387	-0.0152433	-0.054784	-0.0644327	-0.0282501	0.0489479	0.150492	0.264315	0.388121	0.520399	0.651803	0.758397	
-0.669461	-0.669461	-0.59542	-0.459296	-0.282873	-0.0771699	0.140587	0.358724	0.543886	0.66959	0.711951	0.681934	0.602882	0.503288	0.389019	0.262721	0.1392	0.0436883	-0.00525678	-0.0190722	-0.0112931	0.00107567	0.0134932	0.0262199	0.0278815	0.0136047	-0.0305409	-0.0887612	-0.14459	-0.183556	-0.186334	-0.151977	-0.0957862	-0.0379412	0.0105226	0.0453979	0.0521068	0.0370137	0.0235622	0.0157784	0.00869436	0.0261185	0.0818974	0.174102	0.283902	0.391729	0.497093	0.597555	0.690752	0.76366	
-0.743527	-0.743527	-0.670543	-0.53467	-0.349928	-0.141932	0.0791874	0.293813	0.484607	0.620432	0.687787	0.694154	0.656191	0.591977	0.500178	0.388852	0.269594	0.170268	0.10631	0.0717385	0.0452708	0.0175903	-0.0118928	-0.026818	-0.0395344	-0.0520787	-0.0836358	-0.124294	-0.167344	-0.198206	-0.20392	-0.181369	-0.139652	-0.0944823	-0.051626	-0.0173499	0.00090444	0.00753583	0.0213927	0.0466776	0.0801824	0.123603	0.197105	0.298534	0.414535	0.517847	0.606918	0.677494	0.730165	0.755333	
-0.786575	-0.786575	-0.716185	-0.585308	-0.404369	-0.206507	0.00275954	0.206099	0.393964	0.54205	0.637772	0.689814	0.699629	0.6757	0.615311	0.52701	0.422656	0.316783	0.228758	0.159086	0.0935447	0.0272856	-0.0397753	-0.0854314	-0.113468	-0.124756	-0.135994	-0.157075	-0.182568	-0.206043	-0.211017	-0.199917	-0.170296	-0.138524	-0.1134	-0.0942017	-0.06863	-0.0343168	0.0167296	0.0763472	0.151677	0.234152	0.330824	0.443211	0.559326	0.648719	0.712807	0.746223	0.752819	0.725828	
-0.804521	-0.804521	-0.739081	-0.615715	-0.453137	-0.275308	-0.0906612	0.0978617	0.283415	0.44516	0.577038	0.675884	0.741778	0.763445	0.743208	0.685897	0.597501	0.483583	0.361641	0.245374	0.136768	0.0315967	-0.0666887	-0.141839	-0.187076	-0.19437	-0.18648	-0.184526	-0.193004	-0.203886	-0.20468	-0.201959	-0.191506	-0.177368	-0.174892	-0.172135	-0.140029	-0.07423	0.0148704	0.113157	0.224691	0.348117	0.475105	0.601072	0.713477	0.793157	0.826914	0.818609	0.770785	0.682865	
-0.77875	-0.77875	-0.720915	-0.61555	-0.482929	-0.341392	-0.190315	-0.02327	0.157577	0.333406	0.497404	0.643512	0.763409	0.838821	0.864049	0.841745	0.768184	0.646213	0.489534	0.326713	0.1706	0.0279253	-0.098281	-0.199097	-0.258239	-0.268658	-0.246129	-0.224138	-0.214113	-0.203107	-0.196917	-0.202232	-0.217218	-0.229982	-0.244095	-0.248955	-0.21128	-0.119963	0.00261915	0.142051	0.293624	0.451531	0.609557	0.752677	0.864059	0.930194	0.934705	0.879469	0.775948	0.628497	
-0.726854	-0.726854	-0.681605	-0.603166	-0.5094	-0.409979	-0.295132	-0.148986	0.0263479	0.217994	0.411137	0.603295	0.775156	0.907063	0.979727	0.988067	0.925718	0.79299	0.608931	0.402166	0.200431	0.017799	-0.131867	-0.24994	-0.317119	-0.334513	-0.30475	-0.265236	-0.228277	-0.193855	-0.178736	-0.198938	-0.242932	-0.286195	-0.313843	-0.316948	-0.27251	-0.167742	-0.0171284	0.163416	0.360437	0.554767	0.739033	0.902094	1.01371	1.05703	1.0241	0.918328	0.762403	0.565444	
-0.660677	-0.660677	-0.635561	-0.590325	-0.542274	-0.481081	-0.399914	-0.27161	-0.100125	0.105228	0.332247	0.566365	0.793399	0.978225	1.09647	1.13081	1.072	0.930925	0.721957	0.477515	0.230289	0.00456771	-0.169535	-0.298819	-0.37178	-0.392131	-0.361489	-0.298066	-0.22864	-0.169717	-0.151863	-0.189071	-0.262292	-0.333305	-0.377562	-0.379441	-0.325881	-0.210415	-0.0401387	0.179457	0.421281	0.659389	0.873521	1.04839	1.1549	1.17621	1.10005	0.949876	0.746706	0.503411	
-0.578298	-0.578298	-0.577755	-0.575146	-0.569911	-0.545845	-0.489671	-0.380599	-0.216792	0.000122272	0.255427	0.533845	0.806652	1.04011	1.19462	1.24949	1.19537	1.04702	0.821313	0.547237	0.260072	-0.00238864	-0.205297	-0.346504	-0.424735	-0.448893	-0.413022	-0.328494	-0.22819	-0.150209	-0.135079	-0.184115	-0.275157	-0.368598	-0.429477	-0.435154	-0.375307	-0.24792	-0.0630077	0.181485	0.46496	0.749596	0.997323	1.17851	1.27288	1.27148	1.16906	0.978162	0.728202	0.443121	
-0.498083	-0.498083	-0.523799	-0.563721	-0.595436	-0.599211	-0.559482	-0.46736	-0.313332	-0.0895935	0.191285	0.508175	0.818735	1.08638	1.26632	1.33446	1.2863	1.13268	0.895589	0.599465	0.285845	-0.00262581	-0.231085	-0.38654	-0.470542	-0.491266	-0.445048	-0.344218	-0.224762	-0.141744	-0.129394	-0.185917	-0.28589	-0.394729	-0.469179	-0.478925	-0.414556	-0.277931	-0.0764888	0.185746	0.497291	0.817316	1.0916	1.27869	1.36265	1.34361	1.22318	1.00009	0.705634	0.387251	
-0.433227	-0.433227	-0.482465	-0.555631	-0.616936	-0.636667	-0.608015	-0.528315	-0.38318	-0.15787	0.146722	0.490202	0.832215	1.11858	1.31535	1.39269	1.34891	1.19451	0.945354	0.634565	0.303777	-0.00130556	-0.251124	-0.422716	-0.514	-0.522953	-0.463758	-0.347844	-0.221277	-0.138824	-0.12627	-0.184134	-0.292249	-0.412965	-0.498237	-0.512428	-0.448185	-0.308396	-0.0887014	0.197693	0.525289	0.861741	1.15177	1.34714	1.43147	1.39962	1.25237	1.00624	0.683944	0.3492	
-0.401664	-0.401664	-0.463179	-0.556663	-0.630506	-0.659504	-0.632799	-0.559974	-0.419933	-0.191405	0.12376	0.486994	0.841817	1.14028	1.34314	1.42502	1.38617	1.2289	0.975051	0.655003	0.316167	0.00483975	-0.259119	-0.441602	-0.537074	-0.539929	-0.467859	-0.346812	-0.218281	-0.136855	-0.122803	-0.177902	-0.289497	-0.418275	-0.507416	-0.523945	-0.465578	-0.326789	-0.0957215	0.206456	0.545272	0.883747	1.17979	1.3888	1.4803	1.43626	1.26989	1.00155	0.668046	0.332795	
-0.401664	-0.401664	-0.463179	-0.556663	-0.630506	-0.659504	-0.632799	-0.559974	-0.419933	-0.191405	0.12376	0.486994	0.841817	1.14028	1.34314	1.42502	1.38617	1.2289	0.975051	0.655003	0.316167	0.00483975	-0.259119	-0.441602	-0.537074	-0.539929	-0.467859	-0.346812	-0.218281	-0.136855	-0.122803	-0.177902	-0.289497	-0.418275	-0.507416	-0.523945	-0.465578	-0.326789	-0.0957215	0.206456	0.545272	0.883747	1.17979	1.3888	1.4803	1.43626	1.26989	1.00155	0.668046	0.332795	
