0.481078	0.558898	0.630906	0.671968	0.69359	0.683849	0.63473	0.565618	0.506727	0.460802	0.426695	0.432231	0.491506	0.592417	0.734081	0.906902	1.10082	1.30135	1.50155	1.67251	1.78059	1.82601	1.81139	1.73148	1.58562	1.37421	1.11987	0.860826	0.623232	0.438297	0.332054	0.316386	0.367812	0.452069	0.541168	0.616173	0.684488	0.754104	0.836756	0.956335	1.08066	1.17177	1.21057	1.20009	1.17779	1.14824	1.12824	1.12809	1.13436	1.13436	
0.481078	0.558898	0.630906	0.671968	0.69359	0.683849	0.63473	0.565618	0.506727	0.460802	0.426695	0.432231	0.491506	0.592417	0.734081	0.906902	1.10082	1.30135	1.50155	1.67251	1.78059	1.82601	1.81139	1.73148	1.58562	1.37421	1.11987	0.860826	0.623232	0.438297	0.332054	0.316386	0.367812	0.452069	0.541168	0.616173	0.684488	0.754104	0.836756	0.956335	1.08066	1.17177	1.21057	1.20009	1.17779	1.14824	1.12824	1.12809	1.13436	1.13436	
0.444052	0.522264	0.603743	0.6555	0.674614	0.666822	0.634063	0.57498	0.515141	0.465316	0.43099	0.427756	0.47103	0.563403	0.695796	0.857259	1.04682	1.24885	1.44849	1.62296	1.73804	1.78026	1.75997	1.68113	1.53052	1.32102	1.08107	0.835095	0.614439	0.445635	0.3425	0.314912	0.351059	0.420808	0.500921	0.57653	0.642163	0.711772	0.795565	0.907095	1.0221	1.09966	1.13054	1.12682	1.11285	1.09546	1.08743	1.0939	1.10786	1.10786	
0.391095	0.473078	0.560172	0.625706	0.655777	0.6586	0.640497	0.598817	0.548624	0.49199	0.441961	0.418907	0.433344	0.501416	0.621739	0.777937	0.963763	1.16531	1.36717	1.54341	1.66106	1.69788	1.66801	1.58276	1.42646	1.2204	0.996546	0.775052	0.581363	0.434941	0.341753	0.305844	0.324601	0.375562	0.441459	0.509079	0.565584	0.628129	0.709942	0.813644	0.91169	0.971967	0.993194	0.995419	0.995571	0.991158	0.994808	1.00934	1.02952	1.02952	
0.320985	0.409796	0.504008	0.583618	0.640373	0.665855	0.663975	0.642441	0.603291	0.541432	0.47047	0.415632	0.392865	0.420566	0.520208	0.676786	0.860505	1.06009	1.26357	1.43776	1.55052	1.58555	1.54935	1.44947	1.2885	1.0908	0.887867	0.698337	0.540826	0.42102	0.337864	0.296948	0.295016	0.327001	0.375769	0.419546	0.456604	0.504621	0.574232	0.66934	0.750703	0.792561	0.807406	0.813236	0.829188	0.838936	0.851301	0.876995	0.899716	0.899716	
0.231958	0.331022	0.442511	0.544055	0.628518	0.686599	0.709013	0.69677	0.659762	0.603105	0.523017	0.437949	0.369911	0.348984	0.414667	0.5558	0.741617	0.939968	1.141	1.31574	1.42271	1.45392	1.4131	1.30067	1.13989	0.957967	0.784172	0.640499	0.520287	0.42118	0.340278	0.289393	0.267878	0.273403	0.297548	0.312529	0.324736	0.351705	0.404025	0.482031	0.539831	0.562046	0.567972	0.579521	0.612385	0.642851	0.673024	0.709961	0.738734	0.738734	
0.139326	0.25517	0.38798	0.518731	0.639605	0.729403	0.773497	0.767609	0.735448	0.684254	0.599539	0.48283	0.371352	0.306592	0.327807	0.440846	0.62146	0.824548	1.02428	1.19577	1.29703	1.32092	1.26945	1.15112	0.994094	0.833426	0.698447	0.594113	0.507126	0.424206	0.342644	0.279514	0.242293	0.229564	0.224439	0.206132	0.185759	0.185243	0.213084	0.266853	0.308974	0.314486	0.310302	0.32254	0.360023	0.407804	0.455171	0.503309	0.538688	0.538688	
0.0549891	0.194985	0.355023	0.521735	0.675951	0.792818	0.854534	0.865901	0.84953	0.791022	0.681077	0.53485	0.38294	0.279748	0.263334	0.345659	0.511958	0.714863	0.915686	1.08004	1.17543	1.18751	1.12437	1.01009	0.865513	0.728024	0.625797	0.557448	0.494907	0.422605	0.349606	0.285149	0.246182	0.217107	0.175627	0.122606	0.0609657	0.0163211	0.00976361	0.0329797	0.0577965	0.0648397	0.0618228	0.0754383	0.115028	0.164634	0.215484	0.260313	0.292255	0.292255	
-0.0172759	0.145737	0.335578	0.526377	0.705885	0.849111	0.937837	0.977414	0.970917	0.899439	0.762252	0.583874	0.403121	0.268121	0.217208	0.271683	0.4106	0.604342	0.802701	0.955666	1.04345	1.0502	0.98903	0.889015	0.76692	0.656365	0.58287	0.533264	0.492017	0.438313	0.374412	0.315391	0.270082	0.222115	0.148602	0.0561647	-0.0464964	-0.132917	-0.18314	-0.190678	-0.174991	-0.161571	-0.156919	-0.146154	-0.112357	-0.070869	-0.0256237	0.0157488	0.0402642	0.0402642	
-0.0651942	0.1133	0.323614	0.533348	0.72811	0.896647	1.01296	1.07044	1.06456	0.987741	0.831331	0.629529	0.427896	0.266496	0.185588	0.200411	0.307394	0.47512	0.660436	0.810894	0.894065	0.900533	0.853546	0.774876	0.687295	0.611489	0.561081	0.532338	0.504393	0.464931	0.410727	0.360923	0.307689	0.233018	0.136413	0.0159876	-0.115268	-0.2352	-0.325703	-0.366242	-0.365064	-0.348472	-0.335802	-0.324505	-0.301015	-0.269703	-0.233621	-0.202774	-0.183084	-0.183084	
-0.0909772	0.0893675	0.31078	0.541341	0.756102	0.937641	1.07231	1.14025	1.13067	1.04053	0.870127	0.648869	0.431584	0.250762	0.141373	0.119515	0.187022	0.321179	0.484546	0.631488	0.715907	0.73471	0.707589	0.656018	0.602132	0.559065	0.533067	0.51883	0.507042	0.488174	0.45266	0.412803	0.352766	0.26642	0.155365	0.0127889	-0.137997	-0.285081	-0.408616	-0.473028	-0.47813	-0.459508	-0.438265	-0.426129	-0.420906	-0.4078	-0.392821	-0.377821	-0.365583	-0.365583	
-0.0951776	0.0787274	0.301705	0.545368	0.769403	0.958832	1.10339	1.17339	1.15398	1.04248	0.857598	0.628393	0.388947	0.186451	0.0563422	0.00539633	0.0368597	0.132452	0.265636	0.402128	0.493879	0.535243	0.538783	0.521879	0.50047	0.485046	0.477491	0.482648	0.490151	0.49494	0.494309	0.468798	0.411998	0.31924	0.192883	0.0434868	-0.119139	-0.283151	-0.41602	-0.491986	-0.507402	-0.485009	-0.458212	-0.446801	-0.451769	-0.462932	-0.476957	-0.482268	-0.483341	-0.483341	
-0.0609614	0.0931893	0.300807	0.529499	0.751184	0.946552	1.08978	1.15191	1.1166	0.989146	0.796686	0.560374	0.306835	0.0877156	-0.0692132	-0.149526	-0.163609	-0.110406	-0.00908861	0.107864	0.209512	0.282976	0.329349	0.35662	0.373274	0.387289	0.404568	0.426047	0.457538	0.489698	0.513487	0.502753	0.454831	0.368694	0.243105	0.0953122	-0.0666222	-0.223182	-0.343353	-0.409622	-0.427628	-0.411226	-0.393642	-0.392777	-0.409385	-0.445786	-0.48101	-0.501317	-0.511563	-0.511563	
0.0108422	0.139859	0.314476	0.516411	0.722643	0.90892	1.03599	1.08402	1.03431	0.894917	0.688304	0.442369	0.185607	-0.0473274	-0.234186	-0.35761	-0.415741	-0.405144	-0.331965	-0.228833	-0.116271	-0.0157708	0.0699266	0.140854	0.202496	0.254584	0.301004	0.350059	0.403554	0.45732	0.499021	0.508719	0.47727	0.406583	0.299675	0.16711	0.020418	-0.10866	-0.197516	-0.246842	-0.26249	-0.261852	-0.26192	-0.271632	-0.302476	-0.353599	-0.404467	-0.440261	-0.45569	-0.45569	
0.113186	0.209702	0.343748	0.513198	0.695438	0.854867	0.958659	0.987053	0.921886	0.767409	0.546536	0.28658	0.0228116	-0.225337	-0.441627	-0.601417	-0.694862	-0.715431	-0.666671	-0.576088	-0.459974	-0.337833	-0.218233	-0.102716	-0.00225834	0.0821056	0.158649	0.234207	0.313356	0.392516	0.452625	0.484131	0.478223	0.436732	0.356404	0.244423	0.129211	0.0381779	-0.0084641	-0.0261763	-0.0331641	-0.0502086	-0.0742557	-0.103442	-0.154429	-0.213621	-0.273345	-0.317822	-0.33501	-0.33501	
0.244178	0.307955	0.392561	0.518014	0.664919	0.788687	0.862606	0.863458	0.781639	0.621549	0.392415	0.12192	-0.157633	-0.42584	-0.662456	-0.851278	-0.971762	-1.01872	-0.99966	-0.921058	-0.803825	-0.66361	-0.510996	-0.357286	-0.218074	-0.0985375	0.00355445	0.102588	0.200995	0.297644	0.376941	0.431328	0.45783	0.445955	0.398492	0.323496	0.249504	0.206335	0.206742	0.219512	0.220455	0.191009	0.139405	0.0801507	0.010704	-0.0569685	-0.122519	-0.16423	-0.1862	-0.1862	
0.383153	0.407986	0.450651	0.529199	0.629671	0.715362	0.75298	0.72983	0.636101	0.471906	0.238393	-0.038895	-0.33118	-0.612038	-0.865891	-1.07573	-1.22142	-1.2928	-1.29825	-1.23184	-1.11427	-0.956257	-0.774954	-0.592685	-0.419627	-0.269348	-0.140039	-0.0200725	0.0920212	0.193343	0.280992	0.355259	0.41223	0.435055	0.428406	0.396131	0.370575	0.374426	0.408642	0.450024	0.457107	0.420561	0.344765	0.25207	0.162052	0.0838332	0.0229839	-0.0159168	-0.0359206	-0.0359206	
0.496474	0.489478	0.503321	0.546026	0.598513	0.64114	0.646714	0.604648	0.499245	0.329079	0.097815	-0.183068	-0.483273	-0.774991	-1.03812	-1.25123	-1.40479	-1.49329	-1.51689	-1.46478	-1.34138	-1.16868	-0.971975	-0.774849	-0.585366	-0.415947	-0.267386	-0.131277	-0.0111635	0.0908208	0.184864	0.274382	0.349976	0.40614	0.440624	0.457407	0.482667	0.524652	0.579075	0.627242	0.638434	0.596834	0.50501	0.389295	0.278885	0.193739	0.136618	0.102398	0.0842032	0.0842032	
0.585	0.554899	0.547128	0.559667	0.571412	0.573991	0.55042	0.485201	0.37038	0.201426	-0.0168568	-0.292784	-0.599282	-0.892376	-1.15409	-1.35905	-1.50952	-1.60496	-1.63621	-1.59474	-1.47145	-1.28851	-1.08301	-0.880377	-0.694967	-0.521704	-0.362159	-0.219462	-0.098801	-0.00204447	0.0928019	0.188197	0.282127	0.373008	0.44471	0.511492	0.579557	0.64077	0.702008	0.743595	0.749421	0.703527	0.604073	0.471124	0.34206	0.251985	0.194428	0.16442	0.148891	0.148891	
0.64014	0.602928	0.576324	0.560179	0.542848	0.509812	0.461085	0.378457	0.254926	0.0931692	-0.114625	-0.374698	-0.669012	-0.951559	-1.20375	-1.40374	-1.54782	-1.63323	-1.65764	-1.6127	-1.48839	-1.30775	-1.10851	-0.916651	-0.737471	-0.565931	-0.40998	-0.271938	-0.160185	-0.0695753	0.0190524	0.116054	0.226373	0.341711	0.451678	0.556584	0.645863	0.713107	0.763893	0.783559	0.777949	0.729106	0.626765	0.489492	0.35272	0.253974	0.191947	0.165517	0.147108	0.147108	
0.652593	0.622908	0.590924	0.556383	0.515613	0.460069	0.38805	0.296256	0.165784	0.00695386	-0.189709	-0.427826	-0.696965	-0.960299	-1.19816	-1.39259	-1.52079	-1.58173	-1.58208	-1.52012	-1.39769	-1.23053	-1.05051	-0.880779	-0.718517	-0.565286	-0.423756	-0.294237	-0.193302	-0.107097	-0.0224451	0.0734897	0.19229	0.324022	0.463141	0.585425	0.679143	0.737522	0.76111	0.755168	0.725628	0.66847	0.57227	0.444284	0.311164	0.208691	0.143008	0.106249	0.0879998	0.0879998	
0.643633	0.628246	0.599374	0.560693	0.50738	0.432955	0.339635	0.2342	0.0999208	-0.0543207	-0.233977	-0.450762	-0.688971	-0.929934	-1.1499	-1.3255	-1.43148	-1.46312	-1.43294	-1.34935	-1.22541	-1.08122	-0.93335	-0.787788	-0.648232	-0.518381	-0.40136	-0.296483	-0.208176	-0.12342	-0.0406002	0.0569202	0.180899	0.325436	0.479165	0.602292	0.686978	0.722919	0.71483	0.676794	0.61682	0.544506	0.451856	0.339966	0.219824	0.11898	0.0494795	0.00445917	-0.0165821	-0.0165821	
0.634976	0.633128	0.613551	0.579936	0.522663	0.432806	0.326748	0.209317	0.0734376	-0.0835479	-0.257199	-0.456118	-0.667278	-0.882378	-1.08067	-1.23256	-1.3082	-1.30118	-1.23454	-1.12691	-1.01028	-0.8948	-0.783169	-0.668594	-0.553064	-0.444875	-0.354728	-0.277812	-0.203542	-0.122301	-0.0310571	0.0775329	0.209996	0.35886	0.506821	0.616041	0.672415	0.675784	0.634997	0.559994	0.466297	0.372368	0.282597	0.187091	0.0884265	0.000245127	-0.0727111	-0.118703	-0.144268	-0.144268	
0.632196	0.647798	0.646627	0.619915	0.556369	0.456481	0.345667	0.223679	0.0805236	-0.0869375	-0.269343	-0.457525	-0.650588	-0.838237	-1.01014	-1.12733	-1.16277	-1.11579	-1.01827	-0.894106	-0.780102	-0.691077	-0.615698	-0.536733	-0.446897	-0.365573	-0.303471	-0.247613	-0.1824	-0.0986167	0.00665998	0.131632	0.268135	0.411335	0.54143	0.622951	0.646593	0.613715	0.534528	0.420906	0.293033	0.176397	0.0863625	0.0104919	-0.0614808	-0.132294	-0.200602	-0.245682	-0.274392	-0.274392	
0.641767	0.681703	0.699414	0.677414	0.608671	0.504898	0.38704	0.259861	0.108324	-0.0703629	-0.265179	-0.460481	-0.645028	-0.807522	-0.944285	-1.01952	-1.01188	-0.933997	-0.813458	-0.680368	-0.567199	-0.494863	-0.449287	-0.40523	-0.353565	-0.301959	-0.259904	-0.214633	-0.153246	-0.0613519	0.0640126	0.203623	0.340062	0.467979	0.569599	0.619329	0.612646	0.546315	0.43237	0.286298	0.126532	-0.0121632	-0.10714	-0.170425	-0.21735	-0.264771	-0.317012	-0.353256	-0.377166	-0.377166	
0.660686	0.722576	0.753344	0.738472	0.674292	0.574055	0.449717	0.307175	0.138073	-0.0585362	-0.271232	-0.476901	-0.654051	-0.789569	-0.889239	-0.926117	-0.88422	-0.781101	-0.641966	-0.506071	-0.395649	-0.332879	-0.307486	-0.291869	-0.275877	-0.251409	-0.227144	-0.19144	-0.126351	-0.0220804	0.12126	0.27506	0.410957	0.517724	0.585085	0.603743	0.56556	0.467889	0.326398	0.156201	-0.0228746	-0.1741	-0.272499	-0.325391	-0.3495	-0.369718	-0.396089	-0.415438	-0.427704	-0.427704	
0.682618	0.759816	0.802048	0.793071	0.741773	0.64929	0.524215	0.360199	0.161547	-0.0610265	-0.29493	-0.510628	-0.677852	-0.787975	-0.848561	-0.854091	-0.784533	-0.659788	-0.51499	-0.37832	-0.27399	-0.215753	-0.202841	-0.211318	-0.22126	-0.225844	-0.220421	-0.186465	-0.116776	0.00156713	0.157898	0.315923	0.446721	0.532651	0.578295	0.573187	0.506454	0.384235	0.21807	0.0310451	-0.151353	-0.29957	-0.391622	-0.428173	-0.42641	-0.418744	-0.415359	-0.411309	-0.411846	-0.411846	
0.713364	0.799608	0.852561	0.852762	0.806135	0.715401	0.579708	0.398982	0.176546	-0.0695349	-0.324856	-0.553177	-0.71582	-0.801309	-0.825958	-0.80004	-0.708874	-0.575654	-0.432458	-0.299921	-0.200954	-0.149974	-0.144165	-0.167703	-0.199406	-0.229674	-0.240759	-0.211012	-0.136709	-0.00767605	0.150369	0.302603	0.421391	0.495	0.528533	0.509519	0.429863	0.292923	0.117237	-0.0684099	-0.240366	-0.375777	-0.453858	-0.472729	-0.448065	-0.405358	-0.364286	-0.331517	-0.311235	-0.311235	
0.755935	0.841433	0.904691	0.916865	0.869586	0.765778	0.616516	0.426456	0.192524	-0.0731868	-0.342587	-0.582656	-0.742542	-0.815681	-0.818016	-0.766145	-0.664159	-0.528654	-0.388265	-0.262101	-0.174423	-0.13418	-0.137232	-0.165371	-0.211482	-0.261337	-0.290973	-0.27321	-0.194043	-0.0579387	0.0960289	0.235034	0.339414	0.401384	0.429595	0.404069	0.321701	0.186317	0.0198304	-0.143192	-0.288752	-0.395574	-0.452023	-0.450746	-0.400522	-0.327354	-0.249843	-0.186967	-0.149065	-0.149065	
0.803082	0.889043	0.955236	0.97689	0.925996	0.807965	0.648572	0.45039	0.208736	-0.0647247	-0.338993	-0.576635	-0.737102	-0.808123	-0.805431	-0.74702	-0.642952	-0.510555	-0.37876	-0.263904	-0.186049	-0.153038	-0.159874	-0.194352	-0.248395	-0.312698	-0.359642	-0.355021	-0.278776	-0.149589	-0.00746765	0.116932	0.206304	0.262495	0.288161	0.264938	0.183913	0.0612736	-0.0799505	-0.209772	-0.308981	-0.37338	-0.391064	-0.359965	-0.28492	-0.184847	-0.0874516	-0.00591275	0.0403368	0.0403368	
0.857946	0.940212	1.00613	1.02775	0.97365	0.850795	0.685334	0.483164	0.243896	-0.0261103	-0.297686	-0.531005	-0.694106	-0.769943	-0.775044	-0.721668	-0.628673	-0.516221	-0.402882	-0.29959	-0.22913	-0.201948	-0.208953	-0.241579	-0.298787	-0.374659	-0.433064	-0.440992	-0.38082	-0.269521	-0.143344	-0.0339159	0.0444829	0.0990348	0.12225	0.100084	0.0334042	-0.0650312	-0.168348	-0.24847	-0.297515	-0.314709	-0.29409	-0.234504	-0.136244	-0.0188947	0.0920476	0.183339	0.232237	0.232237	
0.904797	0.989256	1.04832	1.06423	1.01006	0.893172	0.731029	0.535771	0.305376	0.0456026	-0.219731	-0.450755	-0.617151	-0.70435	-0.724044	-0.687341	-0.615803	-0.532506	-0.44338	-0.364247	-0.303073	-0.274699	-0.274075	-0.302299	-0.362521	-0.43578	-0.499969	-0.522683	-0.483965	-0.397392	-0.288798	-0.189414	-0.117724	-0.0690385	-0.0494081	-0.0624439	-0.1049	-0.164623	-0.217147	-0.247549	-0.250898	-0.229986	-0.180009	-0.0989708	0.0139269	0.140177	0.251217	0.340475	0.386375	0.386375	
0.929016	1.0111	1.06128	1.06888	1.02178	0.923968	0.779001	0.593885	0.375174	0.129743	-0.123366	-0.350088	-0.522016	-0.625341	-0.668497	-0.658768	-0.615867	-0.55939	-0.494025	-0.43391	-0.383775	-0.354353	-0.350836	-0.373806	-0.428135	-0.495476	-0.552485	-0.578203	-0.559026	-0.501439	-0.415259	-0.329493	-0.26316	-0.219727	-0.199706	-0.20013	-0.215311	-0.232435	-0.237427	-0.218928	-0.183357	-0.131499	-0.0593282	0.0377061	0.157074	0.275832	0.374674	0.444176	0.481008	0.481008	
0.917402	0.98847	1.02796	1.03396	1.00072	0.925728	0.804604	0.639265	0.441944	0.219255	-0.0186677	-0.236235	-0.411574	-0.539536	-0.617075	-0.648314	-0.636632	-0.604906	-0.562009	-0.511593	-0.46696	-0.441373	-0.438223	-0.458866	-0.496461	-0.542631	-0.582346	-0.601487	-0.599499	-0.564328	-0.498339	-0.429499	-0.375006	-0.342488	-0.327209	-0.316756	-0.306061	-0.280429	-0.231407	-0.166059	-0.0908208	-0.0140852	0.0683789	0.170095	0.281641	0.379331	0.450998	0.49705	0.51946	0.51946	
0.870155	0.927548	0.969406	0.982096	0.956474	0.893902	0.790809	0.655901	0.490762	0.295772	0.0844745	-0.119916	-0.298083	-0.449255	-0.566828	-0.641731	-0.675308	-0.676197	-0.650234	-0.609578	-0.57276	-0.549562	-0.538097	-0.538323	-0.551048	-0.571651	-0.591596	-0.605558	-0.608875	-0.58715	-0.545094	-0.500023	-0.465891	-0.446334	-0.431429	-0.407401	-0.364905	-0.298988	-0.201099	-0.0891949	0.0172438	0.108788	0.194647	0.291882	0.384065	0.454408	0.493296	0.510368	0.520907	0.520907	
0.798847	0.850149	0.896919	0.918581	0.897595	0.840695	0.755595	0.650093	0.516268	0.349866	0.161208	-0.0327438	-0.212404	-0.380534	-0.530715	-0.648743	-0.72546	-0.756242	-0.752536	-0.722401	-0.68968	-0.664925	-0.645433	-0.622161	-0.597994	-0.585659	-0.586383	-0.590719	-0.592052	-0.581298	-0.562236	-0.54672	-0.536702	-0.528817	-0.503987	-0.459898	-0.392038	-0.291876	-0.15722	-0.0104039	0.122121	0.225184	0.307477	0.392869	0.462109	0.501416	0.51191	0.509326	0.512306	0.512306	
0.732229	0.776694	0.820344	0.847205	0.832956	0.785414	0.717461	0.634279	0.525471	0.381955	0.20748	0.0198098	-0.163665	-0.343617	-0.521383	-0.675657	-0.789564	-0.848018	-0.861676	-0.843214	-0.820756	-0.799849	-0.765252	-0.707991	-0.638797	-0.588511	-0.560013	-0.549662	-0.546204	-0.541848	-0.546171	-0.560599	-0.575457	-0.573915	-0.542193	-0.480348	-0.392171	-0.272505	-0.112993	0.0582063	0.21164	0.321458	0.398308	0.466637	0.509797	0.522958	0.510585	0.49955	0.498757	0.498757	
0.681351	0.713062	0.746777	0.769793	0.759181	0.722911	0.669106	0.606313	0.52121	0.399779	0.241783	0.0579925	-0.134815	-0.326904	-0.524417	-0.706875	-0.85414	-0.943839	-0.979935	-0.98074	-0.96888	-0.942459	-0.879313	-0.777974	-0.660696	-0.56416	-0.505565	-0.477612	-0.464609	-0.467266	-0.491689	-0.536441	-0.582818	-0.594804	-0.561178	-0.48732	-0.381112	-0.247279	-0.0730355	0.116163	0.284877	0.400431	0.469938	0.513622	0.526964	0.515458	0.484886	0.470778	0.469079	0.469079	
0.639786	0.65793	0.677449	0.692115	0.684511	0.656412	0.620335	0.579859	0.516923	0.418039	0.270329	0.0807365	-0.123265	-0.325899	-0.537693	-0.743695	-0.92162	-1.0407	-1.10142	-1.1244	-1.11332	-1.06498	-0.968371	-0.825762	-0.667229	-0.527886	-0.432702	-0.376613	-0.348174	-0.35249	-0.394645	-0.464989	-0.536817	-0.573231	-0.55069	-0.479198	-0.369954	-0.230889	-0.0527674	0.14693	0.326201	0.447424	0.507534	0.526348	0.513004	0.481054	0.44326	0.428762	0.427906	0.427906	
0.602702	0.603397	0.609184	0.618234	0.610971	0.590102	0.56895	0.545984	0.499063	0.412682	0.273134	0.0896605	-0.116928	-0.32645	-0.548009	-0.773772	-0.97811	-1.13185	-1.22078	-1.25344	-1.23588	-1.16331	-1.02857	-0.845686	-0.647074	-0.47032	-0.340794	-0.260369	-0.223783	-0.230663	-0.277177	-0.359604	-0.449516	-0.503904	-0.502254	-0.444787	-0.344618	-0.211704	-0.0405751	0.155628	0.336608	0.458599	0.510122	0.50646	0.472408	0.426446	0.383339	0.366331	0.362375	0.362375	
0.560261	0.536425	0.531936	0.536308	0.530396	0.512443	0.500631	0.487481	0.44988	0.373547	0.249408	0.0800937	-0.119658	-0.331584	-0.55451	-0.788933	-1.01216	-1.19107	-1.30119	-1.34328	-1.31848	-1.22035	-1.05084	-0.833356	-0.603046	-0.395777	-0.244409	-0.14675	-0.104178	-0.110783	-0.160919	-0.245881	-0.33843	-0.407357	-0.427212	-0.391338	-0.306567	-0.187713	-0.0289469	0.154495	0.322702	0.436011	0.473855	0.453464	0.408256	0.358523	0.31748	0.299094	0.2899	0.2899	
0.480545	0.434441	0.418156	0.417988	0.417965	0.407121	0.403421	0.403875	0.37857	0.315111	0.20584	0.0499179	-0.135982	-0.337538	-0.551686	-0.781824	-1.00978	-1.19911	-1.32016	-1.36464	-1.33106	-1.21618	-1.02776	-0.789744	-0.540584	-0.317177	-0.151578	-0.0426891	0.00648797	0.003576	-0.0458226	-0.131662	-0.229969	-0.315247	-0.358999	-0.353633	-0.292527	-0.184288	-0.0376415	0.132075	0.28648	0.385888	0.415151	0.389685	0.344157	0.303359	0.269996	0.247933	0.235819	0.235819	
0.363927	0.297812	0.267297	0.261698	0.267724	0.273159	0.287315	0.305154	0.300299	0.252448	0.158569	0.0250351	-0.138617	-0.323249	-0.524741	-0.745839	-0.968694	-1.15791	-1.28127	-1.31791	-1.27882	-1.16087	-0.969162	-0.722935	-0.4624	-0.236152	-0.0651924	0.0520916	0.106291	0.105177	0.0518654	-0.040401	-0.144673	-0.24662	-0.319157	-0.346559	-0.313537	-0.221226	-0.0813257	0.0792148	0.220566	0.317191	0.349916	0.337681	0.311129	0.282214	0.256408	0.2279	0.207212	0.207212	
0.224384	0.147083	0.101887	0.0887659	0.10746	0.135869	0.170028	0.205743	0.220672	0.195272	0.125845	0.0142627	-0.128441	-0.294543	-0.481821	-0.691632	-0.899431	-1.0706	-1.18172	-1.21698	-1.18167	-1.06969	-0.880292	-0.637584	-0.381682	-0.156722	0.0120834	0.127315	0.184007	0.184076	0.12439	0.0241078	-0.0919874	-0.206943	-0.302711	-0.362034	-0.357785	-0.282756	-0.151655	-0.00131035	0.136347	0.232391	0.281512	0.295592	0.293991	0.28907	0.271505	0.246155	0.221329	0.221329	
0.065516	-0.0184924	-0.0624241	-0.0669621	-0.0278303	0.0266698	0.0790145	0.128089	0.158506	0.153719	0.10471	0.00843696	-0.119822	-0.268195	-0.442295	-0.627337	-0.801491	-0.943628	-1.04078	-1.07442	-1.04233	-0.940173	-0.768355	-0.541929	-0.30247	-0.0938578	0.0678202	0.180195	0.236664	0.2326	0.167671	0.0649211	-0.0567815	-0.183263	-0.294921	-0.380122	-0.402593	-0.348171	-0.233691	-0.0920455	0.0367137	0.136625	0.20818	0.253354	0.284267	0.305983	0.305923	0.286808	0.267362	0.267362	
-0.103677	-0.177223	-0.203076	-0.183027	-0.123223	-0.0456004	0.0285448	0.0874924	0.123542	0.12949	0.089982	0.00408225	-0.11343	-0.250049	-0.403846	-0.558705	-0.693319	-0.80356	-0.881414	-0.908565	-0.877865	-0.786335	-0.635919	-0.440194	-0.229225	-0.0364062	0.118777	0.226503	0.278062	0.267348	0.195483	0.0842051	-0.0443375	-0.174698	-0.291946	-0.386626	-0.430404	-0.402444	-0.315189	-0.195428	-0.073719	0.0363038	0.131891	0.210104	0.275981	0.320988	0.340523	0.340539	0.327994	0.327994	
-0.255737	-0.303046	-0.292795	-0.244553	-0.165368	-0.0674265	0.0228574	0.0857287	0.120953	0.127607	0.0942013	0.0148635	-0.100054	-0.226684	-0.35982	-0.482628	-0.58101	-0.660817	-0.716079	-0.73635	-0.705234	-0.623711	-0.496209	-0.332268	-0.152038	0.023799	0.17339	0.27431	0.313564	0.28518	0.201609	0.0862534	-0.0479102	-0.177502	-0.293975	-0.390504	-0.44536	-0.4431	-0.385133	-0.285197	-0.170472	-0.0547663	0.0629142	0.16474	0.254232	0.324932	0.365765	0.388541	0.392023	0.392023	
-0.372449	-0.380113	-0.326917	-0.243593	-0.141177	-0.0360087	0.0551031	0.115736	0.144844	0.147	0.111495	0.0293048	-0.0855204	-0.20547	-0.314795	-0.400877	-0.455858	-0.50069	-0.537867	-0.54823	-0.512754	-0.440732	-0.342231	-0.214586	-0.0685673	0.0826518	0.213897	0.300297	0.323605	0.280214	0.188253	0.0687052	-0.0621479	-0.188391	-0.295591	-0.385361	-0.446351	-0.461448	-0.429696	-0.345543	-0.235707	-0.115127	0.010224	0.1206	0.22239	0.30623	0.369668	0.417096	0.438898	0.438898	
-0.430239	-0.39371	-0.298785	-0.176853	-0.0621321	0.0333974	0.108841	0.154042	0.16868	0.159343	0.113206	0.0252198	-0.0885806	-0.192852	-0.270841	-0.316295	-0.32919	-0.337328	-0.341008	-0.329989	-0.292216	-0.23822	-0.169532	-0.0822545	0.0192365	0.13304	0.23837	0.303885	0.307423	0.249958	0.1512	0.0348908	-0.0839719	-0.192181	-0.280451	-0.35362	-0.4118	-0.442172	-0.432246	-0.370986	-0.275683	-0.159531	-0.0385898	0.0743765	0.183432	0.275092	0.354776	0.419112	0.454315	0.454315	
-0.419016	-0.348984	-0.225436	-0.0868711	0.0284774	0.109614	0.163641	0.184696	0.179629	0.150872	0.0908188	-0.000507327	-0.0972815	-0.175678	-0.2219	-0.229195	-0.197718	-0.159812	-0.127622	-0.0930433	-0.0549157	-0.0162533	0.0220768	0.0648819	0.119086	0.186788	0.250186	0.2868	0.271267	0.198906	0.0970209	-0.0107067	-0.108761	-0.186945	-0.249937	-0.30611	-0.357741	-0.392679	-0.395361	-0.35016	-0.271507	-0.179338	-0.0786436	0.0204392	0.123885	0.225477	0.320576	0.405838	0.456945	0.456945	
