0.795557	0.795557	0.751232	0.665365	0.554115	0.420067	0.265988	0.08751	-0.100461	-0.281996	-0.427667	-0.516492	-0.52235	-0.451587	-0.30644	-0.11695	0.0795799	0.27145	0.455831	0.628528	0.793347	0.924388	1.00838	1.04732	1.021	0.934684	0.821327	0.681213	0.521088	0.367354	0.232774	0.116932	0.0299145	-0.0297871	-0.0692858	-0.0774177	-0.0715236	-0.0656866	-0.063778	-0.0869351	-0.129734	-0.174868	-0.232921	-0.307068	-0.393524	-0.48103	-0.555116	-0.605144	-0.628882	-0.62484	
0.865244	0.865244	0.81041	0.712861	0.595733	0.462184	0.307837	0.138095	-0.0403022	-0.214515	-0.359879	-0.452196	-0.47098	-0.420287	-0.310841	-0.169853	-0.0206426	0.129644	0.279997	0.424973	0.572025	0.698813	0.792135	0.848177	0.851111	0.806444	0.733341	0.635366	0.511255	0.376072	0.251895	0.147987	0.0602966	-0.00681715	-0.0503268	-0.0770896	-0.0927655	-0.104003	-0.117823	-0.145595	-0.179385	-0.21014	-0.251222	-0.306802	-0.371982	-0.440564	-0.502782	-0.543807	-0.562156	-0.56232	
0.880238	0.880238	0.82625	0.732916	0.619412	0.488579	0.343154	0.18486	0.0166147	-0.151435	-0.297891	-0.401451	-0.436066	-0.410966	-0.34365	-0.246107	-0.13134	-0.0139819	0.101794	0.222732	0.350344	0.466791	0.558738	0.626531	0.656869	0.648461	0.613311	0.559392	0.481156	0.377761	0.279241	0.191959	0.111575	0.048809	0.00553008	-0.0293614	-0.060385	-0.0867833	-0.109889	-0.138044	-0.173037	-0.20307	-0.24159	-0.290479	-0.343898	-0.402263	-0.450912	-0.477846	-0.490156	-0.487582	
0.881763	0.881763	0.832076	0.742503	0.627734	0.502526	0.374413	0.228723	0.0673821	-0.0951643	-0.244537	-0.360093	-0.412946	-0.41737	-0.389714	-0.331466	-0.250167	-0.162523	-0.0737339	0.0236697	0.135024	0.244113	0.331898	0.403	0.453582	0.476858	0.477621	0.468039	0.436545	0.380137	0.317722	0.252939	0.189522	0.14093	0.102835	0.0659184	0.0253744	-0.0112236	-0.0438549	-0.0830974	-0.130201	-0.168626	-0.213114	-0.263126	-0.314445	-0.364712	-0.395909	-0.409666	-0.408373	-0.396919	
0.893351	0.893351	0.838282	0.743097	0.623581	0.503036	0.388655	0.256386	0.102588	-0.0540528	-0.20093	-0.320697	-0.395282	-0.425261	-0.423453	-0.398876	-0.356971	-0.300071	-0.237789	-0.15958	-0.0585313	0.0450617	0.135755	0.216193	0.279881	0.322719	0.359254	0.385744	0.392007	0.379584	0.355138	0.322474	0.287113	0.259529	0.230941	0.200874	0.158644	0.11446	0.0620534	-0.000682652	-0.0625654	-0.121345	-0.177095	-0.23302	-0.284179	-0.320948	-0.338279	-0.337716	-0.323266	-0.302195	
0.902058	0.902058	0.841647	0.740111	0.61771	0.496115	0.383796	0.257149	0.115398	-0.0325306	-0.170975	-0.290298	-0.37303	-0.418922	-0.435349	-0.441343	-0.431932	-0.411889	-0.375083	-0.309439	-0.21639	-0.119539	-0.0173315	0.0798699	0.159514	0.224033	0.283838	0.329369	0.357936	0.373888	0.382498	0.38745	0.389718	0.38812	0.382484	0.358993	0.315196	0.251435	0.17286	0.0847732	0.00375201	-0.0754864	-0.144233	-0.205777	-0.255105	-0.283427	-0.291131	-0.275977	-0.248477	-0.2174	
0.893397	0.893397	0.827273	0.721017	0.599662	0.482221	0.363701	0.236823	0.101988	-0.0300878	-0.158385	-0.266739	-0.34807	-0.395138	-0.42871	-0.455719	-0.474916	-0.482449	-0.465441	-0.409334	-0.323706	-0.221709	-0.105755	0.00235705	0.0987071	0.179984	0.249334	0.303666	0.343541	0.374794	0.409515	0.445559	0.477639	0.508452	0.529236	0.514967	0.466696	0.382117	0.271882	0.156215	0.0508978	-0.0427997	-0.121497	-0.187562	-0.234573	-0.253989	-0.251647	-0.228603	-0.192051	-0.149565	
0.850154	0.850154	0.784972	0.677875	0.554938	0.435669	0.313708	0.196365	0.0761292	-0.0423707	-0.155067	-0.24262	-0.31268	-0.364527	-0.413523	-0.458189	-0.496065	-0.513791	-0.49898	-0.446811	-0.366496	-0.256188	-0.132645	-0.0152346	0.0879412	0.172997	0.242732	0.298464	0.341947	0.383366	0.437994	0.495812	0.556742	0.613545	0.654952	0.652809	0.59637	0.491472	0.352874	0.208348	0.0819714	-0.0251633	-0.119012	-0.194061	-0.231665	-0.243712	-0.228682	-0.198817	-0.155941	-0.0984889	
0.76279	0.76279	0.703368	0.592209	0.460171	0.334617	0.22125	0.122903	0.0322722	-0.0594601	-0.147336	-0.217677	-0.27687	-0.334691	-0.397859	-0.452542	-0.496722	-0.515506	-0.493631	-0.430802	-0.340653	-0.224367	-0.0972583	0.0224852	0.123874	0.201079	0.262026	0.311344	0.354066	0.402062	0.46238	0.537737	0.617662	0.698028	0.756305	0.763687	0.699431	0.577229	0.416479	0.247179	0.0969088	-0.0340998	-0.143939	-0.219071	-0.247496	-0.244518	-0.220843	-0.180608	-0.123749	-0.049862	
0.617342	0.617342	0.548361	0.430446	0.296462	0.173415	0.0805086	0.014398	-0.0409605	-0.0958211	-0.146472	-0.194791	-0.246398	-0.310368	-0.379009	-0.436147	-0.476148	-0.488444	-0.456989	-0.385057	-0.276976	-0.148938	-0.0158784	0.104412	0.202746	0.267366	0.310384	0.338485	0.369883	0.411455	0.472723	0.558965	0.660163	0.761732	0.833327	0.84076	0.771487	0.639084	0.464119	0.271035	0.0922629	-0.0637449	-0.18399	-0.258133	-0.281878	-0.266691	-0.226191	-0.167038	-0.0881718	0.00551657	
0.395245	0.395245	0.323195	0.207633	0.0836064	-0.0179144	-0.0825218	-0.116287	-0.133167	-0.142089	-0.159157	-0.18746	-0.225515	-0.282665	-0.347099	-0.40151	-0.437332	-0.443268	-0.403309	-0.323483	-0.200228	-0.0573541	0.0881818	0.216244	0.30891	0.360935	0.383313	0.385295	0.389113	0.414705	0.471624	0.564237	0.687031	0.807995	0.884589	0.889783	0.822576	0.679627	0.489724	0.276066	0.0709476	-0.0992502	-0.223364	-0.296175	-0.311339	-0.281116	-0.222508	-0.143508	-0.0429437	0.0637121	
0.111946	0.111946	0.05124	-0.044761	-0.13797	-0.202738	-0.231755	-0.236537	-0.217389	-0.188327	-0.171013	-0.178975	-0.203975	-0.248966	-0.298219	-0.346467	-0.382102	-0.382965	-0.34014	-0.251844	-0.116609	0.0412825	0.199637	0.339606	0.427358	0.466464	0.468589	0.44166	0.418503	0.427146	0.4806	0.577405	0.713647	0.845047	0.922302	0.928804	0.860208	0.710489	0.504246	0.275266	0.0529501	-0.125561	-0.248704	-0.310411	-0.313714	-0.270405	-0.193984	-0.0970254	0.0179476	0.133822	
-0.182731	-0.182731	-0.224275	-0.284185	-0.333906	-0.360199	-0.350864	-0.314678	-0.261226	-0.209914	-0.169875	-0.156081	-0.166426	-0.202016	-0.247136	-0.29262	-0.322921	-0.318195	-0.274452	-0.178196	-0.0322559	0.140441	0.31242	0.458168	0.540031	0.569511	0.55428	0.505347	0.46466	0.466132	0.517588	0.613301	0.746257	0.876664	0.948042	0.954117	0.882569	0.728911	0.511806	0.271444	0.0386093	-0.141148	-0.257246	-0.30747	-0.298693	-0.239586	-0.140757	-0.0204093	0.102442	0.216629	
-0.460185	-0.460185	-0.47309	-0.496676	-0.509765	-0.496669	-0.440386	-0.361611	-0.273726	-0.199794	-0.143496	-0.121433	-0.12072	-0.149677	-0.198798	-0.25004	-0.278486	-0.269109	-0.211887	-0.101313	0.0538229	0.236687	0.417955	0.559204	0.635273	0.658253	0.634823	0.578768	0.53277	0.529216	0.574916	0.659333	0.7728	0.886669	0.947854	0.948562	0.877301	0.725246	0.506919	0.26298	0.0285513	-0.152872	-0.270397	-0.313778	-0.28942	-0.205644	-0.0813231	0.0577084	0.191414	0.306392	
-0.686634	-0.686634	-0.685296	-0.680691	-0.655403	-0.599929	-0.511049	-0.395812	-0.273648	-0.17231	-0.103898	-0.0736714	-0.0797579	-0.120775	-0.176638	-0.224726	-0.254261	-0.242386	-0.168408	-0.0422693	0.123843	0.314761	0.499128	0.638187	0.716864	0.73941	0.717245	0.665474	0.619619	0.608906	0.640973	0.706784	0.794319	0.881494	0.926013	0.913653	0.833417	0.684151	0.474961	0.237777	0.00809653	-0.175868	-0.296529	-0.332376	-0.290601	-0.19045	-0.0450898	0.113379	0.265483	0.390947	
-0.847414	-0.847414	-0.841238	-0.820769	-0.768243	-0.676785	-0.553894	-0.413022	-0.271981	-0.151305	-0.068279	-0.0387007	-0.0575346	-0.115617	-0.181971	-0.231888	-0.253352	-0.236936	-0.157445	-0.0218285	0.157379	0.36059	0.556034	0.70673	0.793085	0.823299	0.808298	0.76594	0.725131	0.70678	0.720035	0.765111	0.826391	0.883462	0.908248	0.873958	0.778493	0.628759	0.427071	0.195432	-0.0284785	-0.210767	-0.324722	-0.353701	-0.301846	-0.190321	-0.0294222	0.149459	0.317521	0.44905	
-0.940508	-0.940508	-0.933669	-0.902878	-0.832346	-0.724245	-0.580358	-0.423194	-0.266009	-0.138423	-0.0539306	-0.0321012	-0.0584721	-0.128917	-0.206245	-0.26586	-0.289776	-0.271442	-0.187444	-0.0437831	0.147894	0.372325	0.590516	0.76338	0.86654	0.910142	0.905738	0.877402	0.841795	0.812729	0.806869	0.834503	0.873923	0.907569	0.913953	0.859546	0.74962	0.590916	0.383683	0.149509	-0.0742113	-0.25087	-0.356758	-0.37482	-0.312966	-0.185826	-0.0166929	0.168929	0.335022	0.458625	
-0.978251	-0.978251	-0.961875	-0.921698	-0.848498	-0.737237	-0.591088	-0.430765	-0.268402	-0.137095	-0.059368	-0.0410079	-0.0759148	-0.155106	-0.248394	-0.32312	-0.363254	-0.349751	-0.267257	-0.110257	0.103763	0.355444	0.601749	0.804243	0.9348	0.99484	1.00434	0.981509	0.943965	0.901802	0.884622	0.904083	0.93497	0.953461	0.940481	0.868863	0.741416	0.571745	0.354503	0.115609	-0.115631	-0.294794	-0.394819	-0.399264	-0.322784	-0.182694	-0.0106837	0.168889	0.322226	0.432489	
-0.973772	-0.973772	-0.948715	-0.899669	-0.829531	-0.722152	-0.584583	-0.427642	-0.274525	-0.147605	-0.0784121	-0.0623117	-0.105418	-0.186885	-0.296236	-0.398384	-0.461441	-0.460303	-0.382197	-0.208209	0.0410703	0.324447	0.597628	0.825317	0.979995	1.06081	1.08351	1.06595	1.02041	0.970426	0.944043	0.959549	0.986106	0.995236	0.96704	0.88163	0.746153	0.566092	0.340636	0.0903619	-0.154088	-0.341052	-0.433652	-0.427838	-0.336364	-0.187155	-0.0139513	0.154151	0.295086	0.389884	
-0.940288	-0.940288	-0.91507	-0.861506	-0.785955	-0.678856	-0.5502	-0.405782	-0.26812	-0.15317	-0.0897471	-0.0810412	-0.139365	-0.236595	-0.363403	-0.483443	-0.557479	-0.563257	-0.484985	-0.300842	-0.033563	0.27186	0.568922	0.817302	0.99551	1.09479	1.12849	1.11538	1.07108	1.02098	0.992031	1.00116	1.02022	1.0199	0.981872	0.891381	0.752257	0.564513	0.328984	0.0680161	-0.180925	-0.369231	-0.455818	-0.443186	-0.348405	-0.201441	-0.0332877	0.126834	0.258399	0.348381	
-0.888724	-0.888724	-0.863122	-0.809581	-0.726398	-0.610881	-0.479911	-0.346713	-0.222301	-0.126265	-0.0805355	-0.0987087	-0.178565	-0.296763	-0.435673	-0.563702	-0.634727	-0.637824	-0.552403	-0.365279	-0.0977619	0.211103	0.514803	0.773641	0.965543	1.07949	1.12631	1.12914	1.10259	1.06722	1.04058	1.0366	1.04198	1.02773	0.984298	0.89087	0.749769	0.557433	0.319349	0.0599624	-0.18158	-0.362845	-0.44532	-0.431648	-0.34569	-0.213135	-0.0587111	0.09143	0.219042	0.31299	
-0.843197	-0.843197	-0.81127	-0.751715	-0.659445	-0.530818	-0.389665	-0.25662	-0.147244	-0.076275	-0.0591262	-0.104591	-0.208442	-0.344922	-0.494915	-0.622719	-0.688089	-0.678475	-0.579616	-0.391171	-0.135193	0.15995	0.450081	0.698429	0.889798	1.01428	1.07918	1.10626	1.10559	1.08891	1.0645	1.05096	1.04082	1.01638	0.964709	0.865467	0.722848	0.538632	0.313592	0.0730131	-0.151247	-0.322137	-0.403373	-0.396233	-0.324624	-0.209278	-0.0730585	0.065808	0.189662	0.286641	
-0.822685	-0.822685	-0.784952	-0.707795	-0.594881	-0.459998	-0.314628	-0.177868	-0.0731434	-0.0223747	-0.0278412	-0.0962171	-0.216641	-0.367138	-0.521626	-0.645437	-0.703705	-0.681254	-0.569724	-0.382705	-0.145961	0.123315	0.386741	0.610978	0.789022	0.918049	0.997887	1.03913	1.05348	1.04263	1.01877	1.00297	0.990796	0.964394	0.910744	0.810406	0.671855	0.506831	0.309323	0.0981098	-0.0992451	-0.254307	-0.335981	-0.334383	-0.275392	-0.181015	-0.0641257	0.0611319	0.177577	0.279097	
-0.818726	-0.818726	-0.768415	-0.677198	-0.555667	-0.412753	-0.261657	-0.122813	-0.0186272	0.0301411	0.0110962	-0.0723978	-0.20006	-0.353331	-0.502037	-0.613145	-0.664715	-0.643082	-0.534997	-0.358413	-0.140344	0.10406	0.33901	0.532014	0.680626	0.797321	0.871994	0.914279	0.930267	0.921223	0.898457	0.884988	0.875049	0.857458	0.818201	0.736722	0.62525	0.49056	0.326086	0.14517	-0.0269999	-0.164822	-0.23918	-0.239998	-0.194366	-0.1186	-0.0226661	0.0869642	0.195137	0.285221	
-0.798412	-0.798412	-0.751587	-0.660814	-0.530153	-0.376428	-0.218413	-0.0824081	0.0175814	0.0623744	0.0479352	-0.0243413	-0.143973	-0.294194	-0.433797	-0.535299	-0.58724	-0.568742	-0.474125	-0.317993	-0.125801	0.087584	0.289505	0.450111	0.566791	0.654993	0.70878	0.733024	0.741691	0.733097	0.721509	0.718199	0.722918	0.729016	0.718949	0.677027	0.604056	0.504388	0.368676	0.216482	0.0684409	-0.0461381	-0.109696	-0.113264	-0.0802952	-0.0220516	0.05455	0.142856	0.227228	0.287462	
-0.784414	-0.784414	-0.740712	-0.647557	-0.514122	-0.361314	-0.205756	-0.0660413	0.0352661	0.0830546	0.0767568	0.0260905	-0.0685551	-0.193298	-0.317557	-0.415226	-0.472889	-0.464912	-0.388807	-0.255924	-0.0959754	0.0754383	0.239105	0.366107	0.449901	0.505789	0.527282	0.523779	0.51526	0.508612	0.51081	0.529233	0.561123	0.604349	0.633154	0.637869	0.606356	0.537571	0.432919	0.311107	0.19253	0.0993777	0.0454926	0.0390679	0.0657401	0.112969	0.168928	0.222337	0.261468	0.273584	
-0.776464	-0.776464	-0.734244	-0.649898	-0.526416	-0.373426	-0.214651	-0.0721446	0.034801	0.0959732	0.107873	0.0796362	0.0143798	-0.0815716	-0.185067	-0.27785	-0.335156	-0.340816	-0.286919	-0.18955	-0.0707246	0.0495145	0.169678	0.264484	0.321293	0.345726	0.335145	0.304119	0.275212	0.269431	0.288034	0.328962	0.398504	0.482619	0.554259	0.601259	0.61002	0.570049	0.500499	0.413771	0.324402	0.248403	0.201265	0.1892	0.207695	0.24255	0.278555	0.295774	0.293888	0.263333	
-0.762762	-0.762762	-0.730376	-0.662492	-0.550645	-0.405243	-0.243393	-0.0872548	0.0428458	0.12048	0.152578	0.143435	0.0984233	0.0207552	-0.0642588	-0.145563	-0.199789	-0.213628	-0.186133	-0.130173	-0.0617879	0.0120997	0.0876813	0.14844	0.177314	0.173162	0.140086	0.0956146	0.063962	0.0638168	0.0940226	0.149764	0.245471	0.36291	0.47376	0.564851	0.61195	0.606119	0.565692	0.509169	0.444495	0.383697	0.339879	0.321122	0.325417	0.345719	0.359144	0.350071	0.319114	0.266262	
-0.739753	-0.739753	-0.712733	-0.655343	-0.557376	-0.419576	-0.254126	-0.0821678	0.0647401	0.16439	0.214452	0.214937	0.174718	0.1099	0.0334517	-0.0386821	-0.0879092	-0.111612	-0.112652	-0.0941431	-0.065676	-0.0298981	0.00980932	0.0372834	0.0375762	0.0101342	-0.0320363	-0.0697694	-0.0848825	-0.0649148	-0.0241781	0.0388326	0.142414	0.274376	0.408448	0.531375	0.610089	0.631369	0.615078	0.582712	0.539888	0.492443	0.45404	0.429846	0.423192	0.428797	0.423886	0.399502	0.352783	0.286554	
-0.710276	-0.710276	-0.687402	-0.63244	-0.531812	-0.388381	-0.221037	-0.0490354	0.0979161	0.202631	0.260077	0.269543	0.236722	0.178282	0.105669	0.0344393	-0.021012	-0.059253	-0.0803323	-0.0907494	-0.0899844	-0.0806902	-0.0708242	-0.0711393	-0.0850408	-0.11787	-0.153078	-0.171432	-0.16261	-0.122099	-0.0692929	-0.00169868	0.101562	0.230173	0.368675	0.497734	0.588075	0.623684	0.62641	0.61285	0.590821	0.557428	0.525285	0.50107	0.490862	0.490372	0.482864	0.451467	0.393157	0.312715	
-0.684497	-0.684497	-0.654037	-0.589519	-0.483426	-0.335721	-0.16897	-0.00422493	0.128678	0.221809	0.268791	0.277475	0.251704	0.207211	0.142093	0.0712431	0.00288346	-0.0511535	-0.0898626	-0.117387	-0.13882	-0.148516	-0.155112	-0.165527	-0.173641	-0.186855	-0.201011	-0.200251	-0.169878	-0.119615	-0.0624817	0.00821326	0.102876	0.216136	0.342966	0.457776	0.536988	0.576402	0.586362	0.587536	0.586442	0.567514	0.543649	0.524997	0.518656	0.524771	0.520374	0.48815	0.422186	0.329973	
-0.625647	-0.625647	-0.59685	-0.529575	-0.42387	-0.282275	-0.123074	0.031665	0.145212	0.214434	0.239497	0.23715	0.210256	0.175629	0.123185	0.0578929	-0.0142742	-0.0779164	-0.131961	-0.175893	-0.209841	-0.227448	-0.231957	-0.227817	-0.209614	-0.193797	-0.183658	-0.161533	-0.116168	-0.0578092	0.00342236	0.0691872	0.144315	0.231416	0.328767	0.412729	0.468183	0.493344	0.503732	0.514223	0.527666	0.523641	0.510747	0.497692	0.498351	0.5077	0.51023	0.489608	0.431907	0.339931	
-0.521245	-0.521245	-0.503643	-0.452137	-0.36304	-0.235143	-0.0923025	0.0416366	0.131973	0.176915	0.175444	0.157553	0.124862	0.0929935	0.0498519	-0.00459528	-0.0713995	-0.134424	-0.192107	-0.241182	-0.276384	-0.28642	-0.270882	-0.24411	-0.199804	-0.157979	-0.124132	-0.0772134	-0.00735399	0.0652215	0.129269	0.183346	0.226292	0.273196	0.331258	0.378709	0.401795	0.409059	0.413086	0.420841	0.440366	0.444075	0.43733	0.430363	0.435734	0.451097	0.466621	0.45994	0.417836	0.339856	
-0.379635	-0.379635	-0.370402	-0.339713	-0.279521	-0.182889	-0.0684795	0.031727	0.0927471	0.110186	0.0889143	0.0525482	0.0105564	-0.0262231	-0.062527	-0.107437	-0.155839	-0.203994	-0.251032	-0.29112	-0.31434	-0.311802	-0.276063	-0.225274	-0.159963	-0.0953813	-0.0350161	0.0421567	0.137274	0.224298	0.291823	0.329658	0.339735	0.342465	0.355963	0.359278	0.348447	0.334498	0.329159	0.334715	0.351971	0.355791	0.349148	0.344375	0.354178	0.378289	0.402793	0.407196	0.381369	0.316375	
-0.210588	-0.210588	-0.214432	-0.203688	-0.171531	-0.116902	-0.0489909	0.0101723	0.0377872	0.0239003	-0.018979	-0.0712627	-0.124336	-0.167478	-0.194734	-0.22032	-0.244226	-0.26963	-0.299174	-0.321454	-0.327014	-0.30784	-0.259385	-0.189062	-0.105109	-0.0185251	0.07158	0.179974	0.294037	0.390104	0.458194	0.478998	0.458851	0.422177	0.386249	0.347869	0.303898	0.271129	0.261554	0.265564	0.273817	0.269912	0.258302	0.248927	0.25971	0.283674	0.309843	0.324376	0.308981	0.259569	
-0.0426819	-0.0426819	-0.0546992	-0.0691908	-0.0720368	-0.0603434	-0.0390603	-0.0311172	-0.0422586	-0.0842802	-0.148033	-0.218845	-0.273186	-0.304961	-0.31604	-0.32057	-0.320359	-0.322436	-0.328878	-0.326833	-0.307767	-0.272122	-0.210926	-0.125562	-0.0243404	0.0827635	0.201877	0.332285	0.452559	0.546134	0.601575	0.604012	0.556859	0.487504	0.41225	0.340374	0.269048	0.219815	0.20043	0.196449	0.193394	0.185988	0.172523	0.164586	0.168306	0.183529	0.197669	0.20284	0.193011	0.165762	
0.0984411	0.0984411	0.0786147	0.040998	0.000162882	-0.0365482	-0.0642308	-0.100671	-0.15103	-0.224049	-0.301997	-0.375377	-0.416184	-0.428564	-0.414476	-0.394207	-0.370466	-0.353171	-0.336488	-0.309596	-0.262506	-0.204554	-0.129451	-0.0255878	0.0883465	0.206462	0.337361	0.472068	0.584695	0.666401	0.707447	0.690871	0.62496	0.530149	0.428509	0.331648	0.243482	0.176849	0.143414	0.127572	0.112934	0.104186	0.095771	0.088701	0.0833066	0.0767348	0.0653616	0.0552975	0.0494985	0.0392251	
0.212456	0.212456	0.173862	0.110015	0.0385607	-0.0366424	-0.112098	-0.192534	-0.284201	-0.381847	-0.468254	-0.530402	-0.547096	-0.527098	-0.486058	-0.438029	-0.393775	-0.353011	-0.311698	-0.258848	-0.186332	-0.1069	-0.0223186	0.0893195	0.205569	0.321065	0.451302	0.579023	0.681189	0.749427	0.775033	0.741317	0.658505	0.548392	0.429276	0.32342	0.22891	0.154767	0.110051	0.082085	0.0536372	0.0398204	0.0321075	0.0195435	0.00144827	-0.0298186	-0.0663566	-0.0918044	-0.103156	-0.102298	
0.268702	0.268702	0.227134	0.146158	0.0466112	-0.063178	-0.175565	-0.298274	-0.42431	-0.539336	-0.625536	-0.674528	-0.662436	-0.607606	-0.533815	-0.451142	-0.372801	-0.296802	-0.224164	-0.151736	-0.0657189	0.0184904	0.0991115	0.201758	0.308419	0.414113	0.536185	0.655025	0.746175	0.803893	0.812953	0.767287	0.671025	0.551021	0.423445	0.314089	0.225347	0.156027	0.113099	0.0821951	0.0464123	0.0259628	0.00497123	-0.0229772	-0.066685	-0.122948	-0.182853	-0.227993	-0.246903	-0.245635	
0.267517	0.267517	0.224542	0.143239	0.0318107	-0.103688	-0.25369	-0.40606	-0.556734	-0.679837	-0.760293	-0.789608	-0.756067	-0.672455	-0.555321	-0.420335	-0.291832	-0.17524	-0.0738484	0.00910457	0.0922275	0.164244	0.226009	0.3064	0.390618	0.4814	0.590383	0.694916	0.778187	0.82591	0.824163	0.768204	0.668099	0.538517	0.40662	0.297505	0.220022	0.168098	0.144359	0.125742	0.0963489	0.0684902	0.0295869	-0.0275797	-0.101348	-0.193428	-0.279673	-0.342215	-0.369922	-0.373773	
0.207238	0.207238	0.169851	0.0950644	-0.0183279	-0.168747	-0.341522	-0.51485	-0.674631	-0.793969	-0.862097	-0.870502	-0.811443	-0.690984	-0.527284	-0.340641	-0.163987	-0.00414944	0.121162	0.204361	0.270113	0.317045	0.34628	0.389686	0.448901	0.520939	0.611303	0.699598	0.767103	0.798877	0.787189	0.728481	0.628118	0.504213	0.373309	0.269102	0.207898	0.180852	0.183207	0.191214	0.178402	0.152153	0.0982972	0.00968152	-0.103709	-0.232942	-0.35154	-0.437889	-0.483984	-0.496942	
0.0968664	0.0968664	0.066627	-0.0015396	-0.11402	-0.269618	-0.44778	-0.625057	-0.776133	-0.880521	-0.923519	-0.900901	-0.807705	-0.651803	-0.444185	-0.215029	0.00202918	0.191211	0.330471	0.408811	0.448014	0.458123	0.449517	0.453373	0.481199	0.534794	0.604654	0.670264	0.717518	0.734211	0.711145	0.652491	0.560987	0.444343	0.321711	0.230121	0.186925	0.18894	0.224041	0.259841	0.271499	0.253374	0.185735	0.0704163	-0.0809698	-0.249423	-0.403874	-0.520234	-0.589304	-0.615049	
-0.0520723	-0.0520723	-0.0850759	-0.151575	-0.257969	-0.404412	-0.570783	-0.732111	-0.862259	-0.940982	-0.946878	-0.878611	-0.744744	-0.551606	-0.308088	-0.0536998	0.182621	0.383999	0.527113	0.597756	0.611989	0.58469	0.534788	0.493824	0.48776	0.518949	0.570943	0.622351	0.658959	0.665708	0.636793	0.573812	0.484304	0.372194	0.260506	0.185766	0.166788	0.199117	0.261351	0.320737	0.351706	0.338561	0.265781	0.133324	-0.0436947	-0.244238	-0.433677	-0.582186	-0.67653	-0.718362	
-0.262329	-0.262329	-0.288108	-0.343258	-0.434722	-0.561723	-0.705847	-0.841484	-0.93583	-0.973049	-0.932583	-0.812592	-0.629809	-0.398732	-0.13332	0.129619	0.36873	0.568713	0.705091	0.762875	0.750449	0.690373	0.601604	0.51565	0.473265	0.479524	0.515643	0.564373	0.602286	0.609936	0.581246	0.513579	0.418115	0.309008	0.207762	0.152152	0.15775	0.214942	0.293282	0.366162	0.407457	0.400441	0.331587	0.194014	0.00403142	-0.214489	-0.431259	-0.611964	-0.740348	-0.803387	
-0.511092	-0.511092	-0.519785	-0.547003	-0.606126	-0.704246	-0.821825	-0.930118	-0.984636	-0.971598	-0.872456	-0.699864	-0.476652	-0.221545	0.0546682	0.31872	0.554062	0.739036	0.854567	0.892508	0.850683	0.754936	0.633909	0.51587	0.440785	0.426355	0.454298	0.50231	0.547036	0.56559	0.540129	0.472903	0.378239	0.269804	0.17856	0.138573	0.155511	0.224578	0.311352	0.389506	0.442853	0.447004	0.38482	0.255073	0.0640851	-0.162944	-0.397224	-0.603554	-0.760704	-0.84804	
-0.76981	-0.76981	-0.751374	-0.73917	-0.760223	-0.823274	-0.909132	-0.98225	-0.99527	-0.929009	-0.777132	-0.560463	-0.309594	-0.0411225	0.233488	0.493031	0.720168	0.888535	0.979377	0.9857	0.906888	0.774134	0.623794	0.483921	0.396863	0.375147	0.4015	0.45362	0.501956	0.524035	0.506706	0.448325	0.358338	0.258185	0.174535	0.133028	0.149243	0.216409	0.304166	0.394984	0.46687	0.486402	0.43807	0.314632	0.123247	-0.105837	-0.347699	-0.570703	-0.750022	-0.864342	
-0.999604	-0.999604	-0.96504	-0.920244	-0.901581	-0.92277	-0.974666	-1.00694	-0.975821	-0.859376	-0.671832	-0.428521	-0.159581	0.116592	0.384316	0.638645	0.859529	1.01005	1.07547	1.05081	0.934744	0.766698	0.594215	0.446183	0.357551	0.342346	0.377132	0.43254	0.481588	0.502917	0.489024	0.435826	0.352064	0.253093	0.168467	0.117712	0.123077	0.18432	0.277398	0.38532	0.481579	0.523499	0.491563	0.373819	0.186392	-0.045188	-0.290388	-0.528598	-0.733404	-0.871514	
-1.17491	-1.17491	-1.12884	-1.06914	-1.02696	-1.01271	-1.01645	-1.00737	-0.943727	-0.800689	-0.588233	-0.330816	-0.0518942	0.229731	0.495724	0.745534	0.95519	1.08693	1.12824	1.08065	0.940258	0.747342	0.559898	0.410168	0.325649	0.31872	0.364083	0.425732	0.475269	0.497949	0.481894	0.431973	0.343457	0.238621	0.145405	0.0823124	0.077833	0.136614	0.237572	0.361879	0.48104	0.542959	0.523156	0.420436	0.235613	0.00442746	-0.249922	-0.504527	-0.726129	-0.882919	
-1.27057	-1.27057	-1.22682	-1.16181	-1.10543	-1.06562	-1.04503	-1.00705	-0.92332	-0.763773	-0.548269	-0.285188	0.0022722	0.292552	0.557708	0.803679	1.00501	1.12265	1.15107	1.09058	0.9392	0.736996	0.544115	0.392486	0.309303	0.306732	0.357736	0.424209	0.477236	0.498372	0.48247	0.427805	0.332819	0.219268	0.120023	0.0493783	0.0436216	0.103529	0.209789	0.344074	0.474053	0.546875	0.540906	0.445074	0.268221	0.0357725	-0.223456	-0.492735	-0.732328	-0.902027	
-1.27057	-1.27057	-1.22682	-1.16181	-1.10543	-1.06562	-1.04503	-1.00705	-0.92332	-0.763773	-0.548269	-0.285188	0.0022722	0.292552	0.557708	0.803679	1.00501	1.12265	1.15107	1.09058	0.9392	0.736996	0.544115	0.392486	0.309303	0.306732	0.357736	0.424209	0.477236	0.498372	0.48247	0.427805	0.332819	0.219268	0.120023	0.0493783	0.0436216	0.103529	0.209789	0.344074	0.474053	0.546875	0.540906	0.445074	0.268221	0.0357725	-0.223456	-0.492735	-0.732328	-0.902027	
