-1.39443	-1.39443	-1.26573	-1.00153	-0.652725	-0.268925	0.124866	0.472146	0.725964	0.868572	0.912877	0.893428	0.798893	0.641223	0.44819	0.250569	0.093723	-0.021276	-0.0868324	-0.126349	-0.142055	-0.150472	-0.149351	-0.14985	-0.146334	-0.144288	-0.141109	-0.140478	-0.13717	-0.138312	-0.136797	-0.13771	-0.139336	-0.140108	-0.143064	-0.145652	-0.148259	-0.150537	-0.154829	-0.152361	-0.155413	-0.152732	-0.152911	-0.154521	-0.163182	-0.178416	-0.198873	-0.225996	-0.235351	-0.236367	
-1.23587	-1.23587	-1.11406	-0.87489	-0.556867	-0.197932	0.179485	0.510612	0.742975	0.88315	0.920519	0.860106	0.718768	0.515291	0.310535	0.13306	0.00715385	-0.0710076	-0.112693	-0.13103	-0.14108	-0.144373	-0.146829	-0.146585	-0.148037	-0.147769	-0.147003	-0.148168	-0.14619	-0.147561	-0.146505	-0.146722	-0.147839	-0.146188	-0.149013	-0.146668	-0.148087	-0.147515	-0.146885	-0.146553	-0.150646	-0.152311	-0.163013	-0.174387	-0.19371	-0.209167	-0.228673	-0.233987	-0.230431	-0.227508	
-1.00764	-1.00764	-0.896855	-0.697368	-0.426042	-0.11124	0.214446	0.508465	0.717055	0.838627	0.873364	0.794426	0.625717	0.406528	0.193489	0.0317059	-0.074254	-0.128489	-0.15398	-0.157659	-0.156131	-0.151349	-0.149315	-0.145057	-0.144763	-0.142861	-0.143092	-0.142032	-0.142781	-0.142051	-0.142387	-0.142755	-0.142056	-0.143366	-0.142841	-0.143985	-0.145272	-0.1478	-0.150609	-0.158594	-0.165156	-0.177366	-0.19026	-0.205589	-0.218349	-0.227591	-0.231761	-0.225839	-0.228418	-0.239319	
-0.711237	-0.711237	-0.618358	-0.468457	-0.258301	0.000716883	0.250923	0.467801	0.641112	0.743501	0.761761	0.676665	0.502658	0.296016	0.101687	-0.0424035	-0.131925	-0.175388	-0.191013	-0.192132	-0.185149	-0.175939	-0.168462	-0.161532	-0.156161	-0.152365	-0.149851	-0.147292	-0.147069	-0.145375	-0.146244	-0.145932	-0.147064	-0.14896	-0.150507	-0.154991	-0.158877	-0.165611	-0.173621	-0.183419	-0.193739	-0.205976	-0.215957	-0.225238	-0.226998	-0.227757	-0.2235	-0.227841	-0.246612	-0.288305	
-0.353745	-0.353745	-0.28979	-0.187621	-0.0487097	0.127716	0.29653	0.426853	0.531994	0.594889	0.582601	0.490874	0.337226	0.167976	0.0203513	-0.0893812	-0.15862	-0.197201	-0.212599	-0.216757	-0.21427	-0.207831	-0.199437	-0.192769	-0.184767	-0.1795	-0.174336	-0.170971	-0.168498	-0.167102	-0.167183	-0.167459	-0.17024	-0.172387	-0.177611	-0.182458	-0.189406	-0.196822	-0.204836	-0.212279	-0.219344	-0.223216	-0.225542	-0.222517	-0.219353	-0.220243	-0.229533	-0.257842	-0.30615	-0.382695	
0.0527302	0.0527302	0.0748776	0.131578	0.206253	0.278029	0.343196	0.393858	0.42354	0.419119	0.357888	0.247882	0.119544	0.00206746	-0.0849286	-0.141988	-0.175476	-0.195628	-0.207735	-0.214016	-0.217687	-0.219688	-0.218212	-0.216543	-0.21341	-0.210113	-0.206928	-0.204483	-0.202167	-0.201594	-0.200876	-0.20213	-0.203426	-0.205894	-0.209043	-0.211832	-0.215498	-0.21764	-0.219377	-0.219531	-0.217691	-0.215202	-0.212582	-0.212278	-0.222302	-0.242726	-0.280517	-0.337243	-0.41336	-0.503603	
0.4841	0.4841	0.470604	0.473493	0.480864	0.458455	0.415358	0.372937	0.319253	0.235353	0.118911	-0.0104673	-0.120335	-0.192463	-0.22617	-0.233149	-0.227017	-0.217001	-0.210077	-0.206516	-0.205136	-0.206489	-0.20853	-0.209992	-0.211931	-0.212578	-0.213202	-0.213381	-0.213228	-0.2134	-0.213031	-0.213468	-0.212947	-0.213416	-0.212538	-0.212243	-0.210861	-0.209196	-0.207568	-0.205945	-0.206149	-0.210288	-0.219495	-0.239855	-0.271925	-0.316929	-0.378324	-0.453147	-0.537389	-0.620801	
0.90968	0.90968	0.884291	0.832524	0.753533	0.647157	0.52172	0.386786	0.235648	0.0635812	-0.109958	-0.255333	-0.350346	-0.390125	-0.386305	-0.357091	-0.319857	-0.283917	-0.254187	-0.232961	-0.218322	-0.20879	-0.203991	-0.201166	-0.200374	-0.200347	-0.200718	-0.201167	-0.201651	-0.20175	-0.201966	-0.201666	-0.201468	-0.201049	-0.200563	-0.200635	-0.200838	-0.202776	-0.206516	-0.21368	-0.226435	-0.245743	-0.274676	-0.315098	-0.365749	-0.429148	-0.502792	-0.58089	-0.655981	-0.71904	
1.31358	1.31358	1.27905	1.18316	1.02666	0.840981	0.643116	0.426366	0.186078	-0.0625362	-0.285177	-0.448883	-0.540992	-0.56869	-0.549919	-0.504014	-0.448001	-0.393339	-0.344736	-0.304818	-0.27404	-0.250453	-0.233364	-0.221327	-0.212791	-0.207251	-0.203545	-0.201231	-0.199996	-0.199256	-0.199357	-0.199637	-0.200926	-0.202587	-0.205811	-0.210349	-0.21745	-0.227893	-0.242674	-0.26366	-0.291887	-0.328565	-0.375311	-0.430673	-0.494337	-0.564226	-0.633512	-0.695568	-0.742898	-0.767705	
1.68591	1.68591	1.62072	1.48506	1.28697	1.04714	0.777391	0.479353	0.166033	-0.131772	-0.379635	-0.554842	-0.654163	-0.690188	-0.6815	-0.644744	-0.592592	-0.535244	-0.479035	-0.42723	-0.382288	-0.344676	-0.313845	-0.289579	-0.270626	-0.256321	-0.245814	-0.238417	-0.233646	-0.231152	-0.230689	-0.232294	-0.236035	-0.242204	-0.251369	-0.263938	-0.281021	-0.303136	-0.331427	-0.366579	-0.408691	-0.458003	-0.513089	-0.571631	-0.631215	-0.686118	-0.730463	-0.75914	-0.766278	-0.746283	
1.99396	1.99396	1.89704	1.72822	1.50785	1.23722	0.91439	0.554086	0.191315	-0.132699	-0.389276	-0.569444	-0.679462	-0.73355	-0.747706	-0.735407	-0.705771	-0.665407	-0.619841	-0.572759	-0.526972	-0.484785	-0.447146	-0.41472	-0.387656	-0.365681	-0.348569	-0.335932	-0.327415	-0.32287	-0.322018	-0.325027	-0.331795	-0.342769	-0.358041	-0.378137	-0.403281	-0.433666	-0.469362	-0.509781	-0.55411	-0.600867	-0.647469	-0.691335	-0.728523	-0.754289	-0.76478	-0.755469	-0.721511	-0.659198	
2.19643	2.19643	2.09788	1.92015	1.6793	1.37863	1.02489	0.643672	0.274196	-0.0477811	-0.30295	-0.489887	-0.617701	-0.698316	-0.742906	-0.761105	-0.760325	-0.745728	-0.721595	-0.691547	-0.6583	-0.624306	-0.591464	-0.561037	-0.53405	-0.511019	-0.492282	-0.477991	-0.468171	-0.462847	-0.46199	-0.465619	-0.473724	-0.486344	-0.503388	-0.524815	-0.550264	-0.579336	-0.611206	-0.644716	-0.678392	-0.710048	-0.737153	-0.756677	-0.764685	-0.75746	-0.731087	-0.681313	-0.605051	-0.500995	
2.28374	2.28374	2.20383	2.03914	1.78942	1.46856	1.10605	0.739029	0.399974	0.108428	-0.129718	-0.318008	-0.463926	-0.574633	-0.655491	-0.710873	-0.745072	-0.762069	-0.765463	-0.758739	-0.74493	-0.726599	-0.706018	-0.684944	-0.664787	-0.646623	-0.631202	-0.619064	-0.610562	-0.605888	-0.605169	-0.608379	-0.615477	-0.626245	-0.640414	-0.657504	-0.676863	-0.697596	-0.718454	-0.737889	-0.753879	-0.76392	-0.765176	-0.754267	-0.727752	-0.682487	-0.615565	-0.525257	-0.411598	-0.276068	
2.27398	2.27398	2.20211	2.04836	1.81031	1.50716	1.17519	0.85126	0.559443	0.308119	0.0951866	-0.0852842	-0.238956	-0.369692	-0.479424	-0.568947	-0.639132	-0.691503	-0.728066	-0.751218	-0.763572	-0.767622	-0.765701	-0.759879	-0.751886	-0.743165	-0.734839	-0.727758	-0.722536	-0.719561	-0.719046	-0.72101	-0.725323	-0.731652	-0.739497	-0.748102	-0.756495	-0.763376	-0.767144	-0.765865	-0.757254	-0.738828	-0.707977	-0.66218	-0.599424	-0.518276	-0.418197	-0.299844	-0.164744	-0.0150271	
2.17271	2.17271	2.09464	1.94393	1.73414	1.48716	1.22798	0.977051	0.74575	0.536953	0.34879	0.178397	0.0237785	-0.116016	-0.241231	-0.351655	-0.446978	-0.527246	-0.59301	-0.645269	-0.685444	-0.715208	-0.736321	-0.750541	-0.759502	-0.76466	-0.767256	-0.768288	-0.768514	-0.768453	-0.768382	-0.768357	-0.768194	-0.767485	-0.765577	-0.761576	-0.754341	-0.742488	-0.724433	-0.698427	-0.662666	-0.615425	-0.55517	-0.480764	-0.391553	-0.28738	-0.168705	-0.0365169	0.107695	0.261581	
1.96417	1.96417	1.88926	1.7569	1.59271	1.419	1.24844	1.08442	0.925214	0.768209	0.612272	0.458311	0.308686	0.166181	0.033154	-0.0887736	-0.19862	-0.295926	-0.380693	-0.453289	-0.51438	-0.564879	-0.605856	-0.638466	-0.663875	-0.683193	-0.697423	-0.707418	-0.713853	-0.717205	-0.717738	-0.715504	-0.710328	-0.701829	-0.689407	-0.672278	-0.649482	-0.619934	-0.58247	-0.535911	-0.479148	-0.411212	-0.331346	-0.23908	-0.134264	-0.0171874	0.111271	0.249455	0.394577	0.542397	
1.64634	1.64634	1.59911	1.51815	1.42253	1.32703	1.23702	1.14964	1.05848	0.958105	0.846217	0.723834	0.594297	0.462026	0.331421	0.206136	0.0888303	-0.0187783	-0.11576	-0.201795	-0.276997	-0.341784	-0.396775	-0.442702	-0.480344	-0.510471	-0.533797	-0.550946	-0.562419	-0.568576	-0.569616	-0.565573	-0.556312	-0.541534	-0.52079	-0.493496	-0.458965	-0.416442	-0.365146	-0.304326	-0.233321	-0.15163	-0.0590078	0.0444174	0.157989	0.280312	0.409073	0.540884	0.671272	0.794964	
1.25906	1.25906	1.2537	1.24417	1.23183	1.21694	1.19787	1.17146	1.13399	1.08252	1.01562	0.933652	0.838597	0.733607	0.622508	0.509232	0.397358	0.289843	0.18892	0.096113	0.0123306	-0.0620124	-0.12687	-0.182448	-0.229108	-0.267287	-0.297437	-0.319975	-0.335249	-0.343512	-0.344906	-0.339454	-0.327056	-0.307497	-0.280462	-0.245556	-0.202338	-0.150362	-0.0892317	-0.0186757	0.0613699	0.150652	0.248477	0.353586	0.464036	0.57715	0.68956	0.797383	0.896555	0.98325	
0.8711	0.8711	0.900586	0.951902	1.01285	1.07099	1.11688	1.1452	1.15406	1.14374	1.11558	1.0713	1.0128	0.942227	0.862026	0.774927	0.683804	0.591483	0.500544	0.413195	0.331196	0.255859	0.188081	0.128414	0.0771391	0.0343426	-1.16213e-05	-0.026025	-0.043817	-0.05349	-0.0551064	-0.0486759	-0.0341539	-0.01145	0.0195523	0.0589661	0.106858	0.163197	0.227784	0.300187	0.379654	0.465049	0.554794	0.646858	0.738794	0.827854	0.911153	0.985861	1.04936	1.09925	
0.544004	0.544004	0.588967	0.669891	0.771776	0.878136	0.975023	1.05322	1.10843	1.14018	1.15024	1.14141	1.11661	1.07855	1.02966	0.972206	0.908371	0.840308	0.770124	0.699821	0.631227	0.565943	0.505306	0.450389	0.402009	0.360766	0.327076	0.301213	0.283349	0.273581	0.271955	0.278478	0.293121	0.315809	0.346402	0.384671	0.43026	0.482648	0.541109	0.604677	0.672121	0.741945	0.812407	0.881566	0.947349	1.00762	1.0602	1.10286	1.13324	1.14869	
0.30713	0.30713	0.349893	0.429605	0.535913	0.65608	0.777397	0.88918	0.98393	1.05757	1.10897	1.13915	1.15037	1.14545	1.12723	1.09841	1.0614	1.01835	0.971238	0.921848	0.871825	0.822658	0.775683	0.732061	0.692781	0.65866	0.630348	0.608341	0.593002	0.584566	0.58316	0.588804	0.601414	0.620798	0.646646	0.678516	0.715822	0.757814	0.803576	0.852014	0.901863	0.951692	0.999921	1.04482	1.08449	1.11687	1.13964	1.15022	1.14581	1.1235	
0.157311	0.157311	0.188971	0.250144	0.336527	0.441819	0.558252	0.677488	0.791682	0.894412	0.981233	1.04981	1.09966	1.13175	1.14795	1.15059	1.14214	1.12499	1.10136	1.07322	1.04234	1.01028	0.978387	0.94785	0.919684	0.894744	0.873736	0.857217	0.845607	0.839188	0.838115	0.842412	0.851976	0.866578	0.885851	0.909296	0.936266	0.965968	0.99745	1.0296	1.06113	1.09056	1.11623	1.13623	1.14845	1.15055	1.14008	1.11462	1.07205	1.011	
0.0734168	0.0734168	0.0930199	0.132278	0.190872	0.267511	0.359467	0.46252	0.571339	0.680177	0.783625	0.877243	0.957929	1.024	1.07508	1.1118	1.13552	1.14801	1.15123	1.14714	1.1376	1.1243	1.10878	1.09234	1.07612	1.06106	1.04795	1.0374	1.02986	1.02565	1.02494	1.02777	1.034	1.0434	1.05555	1.06992	1.08578	1.10226	1.1183	1.13266	1.14391	1.15041	1.15035	1.14182	1.12283	1.09151	1.04631	0.986254	0.91129	0.822545	
0.0313617	0.0313617	0.0418772	0.063689	0.0980159	0.145945	0.207831	0.282857	0.368893	0.462669	0.560192	0.657274	0.750035	0.835295	0.910785	0.975204	1.02814	1.06991	1.10139	1.12377	1.13847	1.14693	1.15058	1.15075	1.14861	1.14519	1.14136	1.13779	1.13502	1.1334	1.13313	1.13423	1.13657	1.13987	1.14368	1.14736	1.15013	1.15103	1.14893	1.14257	1.13055	1.11142	1.08375	1.04623	0.997835	0.938007	0.866839	0.785263	0.695157	0.599354	
0.0123167	0.0123167	0.0173081	0.0280224	0.0457545	0.0720545	0.108338	0.155495	0.213591	0.281725	0.358075	0.440108	0.524889	0.609424	0.690964	0.767236	0.836563	0.897903	0.950805	0.99532	1.03189	1.06122	1.08419	1.10172	1.11476	1.12418	1.13076	1.13514	1.13784	1.1392	1.13942	1.13853	1.13641	1.13276	1.12714	1.11895	1.10746	1.09184	1.07117	1.0445	1.01093	0.969665	0.92015	0.86216	0.795933	0.722266	0.642582	0.558924	0.473875	0.390364	
0.00446562	0.00446562	0.00659272	0.0113127	0.0195056	0.0323561	0.0511843	0.0772297	0.111421	0.154176	0.205283	0.26387	0.328493	0.397287	0.468173	0.539063	0.608034	0.673465	0.734107	0.789107	0.837985	0.880587	0.917016	0.947562	0.972631	0.992685	1.00819	1.01955	1.02714	1.0312	1.03187	1.02919	1.02304	1.01323	0.999432	0.981259	0.958258	0.92996	0.895929	0.855823	0.809452	0.75686	0.69839	0.634739	0.567001	0.496652	0.425509	0.355611	0.289068	0.227856	
0.00150051	0.00150051	0.00232293	0.00420744	0.00762951	0.013283	0.0220355	0.0348471	0.0526543	0.0762355	0.106081	0.142299	0.184565	0.232145	0.283955	0.33867	0.394847	0.451043	0.505918	0.558307	0.607264	0.652076	0.692252	0.727498	0.757681	0.782781	0.80286	0.818015	0.828354	0.833963	0.834898	0.831167	0.822733	0.80952	0.791427	0.768348	0.740203	0.706974	0.668743	0.625736	0.578361	0.527239	0.473223	0.417396	0.361034	0.305551	0.252404	0.20298	0.158474	0.119772	
0.000468925	0.000468925	0.000759782	0.00144729	0.00275027	0.00500958	0.0086895	0.014362	0.0226674	0.0342522	0.0496906	0.0694047	0.0935959	0.122203	0.15489	0.19107	0.229951	0.270602	0.312023	0.353216	0.393238	0.431243	0.466508	0.498442	0.526583	0.550586	0.570205	0.585275	0.59569	0.601388	0.602339	0.598539	0.590007	0.57679	0.558975	0.5367	0.510177	0.47971	0.445711	0.408719	0.369405	0.328567	0.287114	0.24603	0.206319	0.168951	0.134781	0.104486	0.0785065	0.0570136	
0.000136735	0.000136735	0.000231445	0.000462135	0.000917459	0.00174352	0.00315387	0.00543416	0.00893647	0.0140598	0.0212169	0.0307902	0.0430842	0.0582821	0.076413	0.0973362	0.120744	0.146177	0.173063	0.200748	0.22854	0.255748	0.281713	0.305833	0.327576	0.346492	0.362212	0.374448	0.382987	0.387688	0.388474	0.385332	0.378314	0.367534	0.353176	0.335497	0.314832	0.291601	0.266303	0.239512	0.211869	0.184055	0.156766	0.130676	0.106394	0.0844316	0.0651581	0.0487829	0.0353437	0.0247158	
3.73123e-05	3.73123e-05	6.58612e-05	0.000137447	0.000284298	0.000562292	0.00105822	0.00189643	0.00324222	0.00529955	0.00830131	0.0124917	0.0181025	0.025326	0.034289	0.0450313	0.0574928	0.0715092	0.0868189	0.103076	0.119873	0.136759	0.15327	0.168946	0.183354	0.196099	0.20684	0.215293	0.22124	0.224531	0.225082	0.222879	0.217978	0.210502	0.200644	0.188661	0.174871	0.15965	0.143416	0.126623	0.109734	0.0932078	0.0774731	0.062903	0.0497949	0.0383531	0.0286795	0.0207731	0.0145396	0.00980976	
9.55434e-06	9.55434e-06	1.7557e-05	3.81951e-05	8.21179e-05	0.000168665	0.000329555	0.000613	0.00108732	0.00184281	0.00299065	0.00465792	0.00697851	0.0100805	0.0140717	0.0190248	0.0249648	0.0318605	0.0396201	0.0480933	0.0570773	0.0663275	0.0755706	0.0845188	0.092885	0.100395	0.106803	0.111894	0.115502	0.117507	0.117843	0.116499	0.113519	0.109001	0.103095	0.0959961	0.087939	0.0791883	0.0700272	0.0607452	0.0516231	0.0429186	0.0348528	0.0275979	0.0212696	0.0159231	0.011555	0.00811024	0.00549328	0.00358227	
2.30146e-06	2.30146e-06	4.39577e-06	9.94561e-06	2.2179e-05	4.72159e-05	9.55998e-05	0.000184228	0.000338417	0.000593649	0.000996425	0.00160363	0.00247992	0.00369314	0.00530782	0.00737767	0.00993782	0.0129981	0.0165379	0.0205038	0.0248102	0.0293422	0.0339613	0.0385129	0.0428352	0.0467675	0.0501594	0.0528786	0.0548179	0.0558998	0.0560812	0.0553548	0.0537496	0.0513296	0.0481909	0.0444565	0.0402704	0.0357903	0.0311786	0.0265939	0.022182	0.0180682	0.0143502	0.0110946	0.00833483	0.00607274	0.00428255	0.00291701	0.00191495	0.00120896	
5.22699e-07	5.22699e-07	1.03613e-06	2.43303e-06	5.61735e-06	1.23732e-05	2.59168e-05	5.1656e-05	9.81073e-05	0.000177842	0.000308251	0.000511852	0.000815874	0.00125091	0.00184861	0.00263845	0.00364409	0.00487953	0.00634579	0.00802844	0.0098965	0.0119027	0.0139854	0.0160716	0.0180813	0.0199322	0.0215452	0.0228488	0.0237839	0.0243075	0.0243953	0.0240433	0.0232678	0.0221045	0.0206067	0.0188411	0.0168846	0.0148189	0.0127254	0.0106806	0.00875087	0.00698969	0.00543462	0.00410662	0.0030106	0.00213734	0.0014666	0.000970733	0.000618514	0.000378591	
1.12166e-07	1.12166e-07	2.30434e-07	5.60538e-07	1.33764e-06	3.04382e-06	6.58544e-06	1.35552e-05	2.65783e-05	4.97148e-05	8.88584e-05	0.000152031	0.000249455	0.000393286	0.000596921	0.000873871	0.00123626	0.00169311	0.00224861	0.00290064	0.00363976	0.00444881	0.00530328	0.00617244	0.00702105	0.00781167	0.0085072	0.00907354	0.00948203	0.00971155	0.00975008	0.00959559	0.00925619	0.00874953	0.00810148	0.00734428	0.00651415	0.00564869	0.00478434	0.00395385	0.0031844	0.00249615	0.00190161	0.00140574	0.00100667	0.000697117	0.00046597	0.000300066	0.000185801	0.000110411	
2.27863e-08	2.27863e-08	4.84523e-08	1.2189e-07	3.00198e-07	7.04699e-07	1.57266e-06	3.33845e-06	6.74866e-06	1.30086e-05	2.39459e-05	4.21624e-05	7.11309e-05	0.000115187	0.000179369	0.000269076	0.000389545	0.000545186	0.000738837	0.000971058	0.00123954	0.00153878	0.00186001	0.00219153	0.00251934	0.00282808	0.00310213	0.00332686	0.00348979	0.00358163	0.00359706	0.00353517	0.00339957	0.00319803	0.0029419	0.00264507	0.00232293	0.00199108	0.0016642	0.00135498	0.00107342	0.000826333	0.000617279	0.000446776	0.000312808	0.0002115	0.000137854	8.6462e-05	5.20876e-05	3.00861e-05	
4.39009e-09	4.39009e-09	9.65028e-09	2.50685e-08	6.36338e-08	1.53902e-07	3.5383e-07	7.73663e-07	1.61044e-06	3.19515e-06	6.05031e-06	1.09509e-05	1.89754e-05	3.15302e-05	5.03259e-05	7.72909e-05	0.000114412	0.000163506	0.000225944	0.000302363	0.000392394	0.000494476	0.000605774	0.000722235	0.000838791	0.000949702	0.00104899	0.00113097	0.00119069	0.00122445	0.00123013	0.00120735	0.00115756	0.00108389	0.000990813	0.000883793	0.000768757	0.000651596	0.000537692	0.000431534	0.000336457	0.000254527	0.000186567	0.000132311	9.06443e-05	5.98912e-05	3.81008e-05	2.32976e-05	1.36694e-05	7.6829e-06	
8.03502e-10	8.03502e-10	1.82382e-09	4.88549e-09	1.27661e-08	3.1774e-08	7.51692e-08	1.69102e-07	3.62057e-07	7.38554e-07	1.43712e-06	2.67116e-06	4.74933e-06	8.09019e-06	1.32242e-05	2.07761e-05	3.14221e-05	4.58215e-05	6.45243e-05	8.78667e-05	0.000115868	0.000148144	0.000183861	0.000221732	0.000260075	0.000296921	0.000330178	0.00035781	0.000378036	0.000389504	0.000391433	0.000383688	0.000366802	0.000341912	0.00031065	0.000274972	0.000236973	0.000198691	0.000161939	0.00012817	9.8402e-05	7.31934e-05	5.26765e-05	3.66288e-05	2.45721e-05	1.5878e-05	9.86719e-06	5.88751e-06	3.36756e-06	1.84359e-06	
1.39923e-10	1.39923e-10	3.27607e-10	9.03794e-10	2.42844e-09	6.2135e-09	1.51101e-08	3.49362e-08	7.68585e-08	1.61035e-07	3.2169e-07	6.13443e-07	1.11818e-06	1.95103e-06	3.26345e-06	5.24092e-06	8.09306e-06	1.20349e-05	1.72595e-05	2.39041e-05	3.20144e-05	4.15125e-05	5.21743e-05	6.36239e-05	7.53454e-05	8.6717e-05	9.70614e-05	0.00010571	0.000112068	0.000115684	0.000116292	0.000113848	0.000108531	0.000100725	9.09749e-05	7.99273e-05	6.82645e-05	5.66375e-05	4.56093e-05	3.56141e-05	2.69365e-05	1.97103e-05	1.39356e-05	9.50701e-06	6.24919e-06	3.95204e-06	2.40092e-06	1.39905e-06	7.80795e-07	4.16734e-07	
2.32175e-11	2.32175e-11	5.60158e-11	1.58972e-10	4.38779e-10	1.15299e-09	2.87937e-09	6.83583e-09	1.54378e-08	3.31926e-08	6.80105e-08	1.32945e-07	2.48232e-07	4.43306e-07	7.58238e-07	1.24388e-06	1.95996e-06	2.97045e-06	4.3362e-06	6.10503e-06	8.30055e-06	1.09114e-05	1.3883e-05	1.71135e-05	2.04564e-05	2.37294e-05	2.67294e-05	2.92524e-05	3.11156e-05	3.21779e-05	3.23567e-05	3.16379e-05	3.00778e-05	2.77959e-05	2.49608e-05	2.17708e-05	1.84318e-05	1.51367e-05	1.20475e-05	9.28455e-06	6.92089e-06	4.98427e-06	3.46371e-06	2.31959e-06	1.49491e-06	9.25847e-07	5.5025e-07	3.13371e-07	1.70777e-07	8.8938e-08	
3.6758e-12	3.6758e-12	9.13009e-12	2.6627e-11	7.54241e-11	2.03362e-10	5.21071e-10	1.26908e-09	2.9396e-09	6.48035e-09	1.3608e-08	2.72464e-08	5.20739e-08	9.51152e-08	1.66247e-07	2.78421e-07	4.47384e-07	6.90673e-07	1.02578e-06	1.46749e-06	2.02474e-06	2.69731e-06	3.47311e-06	4.32664e-06	5.2191e-06	6.10069e-06	6.91469e-06	7.60324e-06	8.11387e-06	8.40576e-06	8.45491e-06	8.25724e-06	7.82909e-06	7.20512e-06	6.43392e-06	5.572e-06	4.67728e-06	3.80293e-06	2.99249e-06	2.27685e-06	1.67333e-06	1.18656e-06	8.10844e-07	5.33311e-07	3.3717e-07	2.04625e-07	1.19049e-07	6.63079e-08	3.53117e-08	1.79577e-08	
5.55975e-13	5.55975e-13	1.42045e-12	4.25296e-12	1.23529e-11	3.41466e-11	8.96955e-11	2.23929e-10	5.3157e-10	1.20057e-09	2.58176e-09	5.29092e-09	1.03435e-08	1.93106e-08	3.44693e-08	5.88991e-08	9.64652e-08	1.51625e-07	2.29008e-07	3.3277e-07	4.65753e-07	6.28589e-07	8.1888e-07	1.03067e-06	1.25438e-06	1.47728e-06	1.68456e-06	1.86089e-06	1.99219e-06	2.06743e-06	2.08011e-06	2.02911e-06	1.91887e-06	1.75878e-06	1.56191e-06	1.34332e-06	1.11824e-06	9.00376e-07	7.00648e-07	5.2647e-07	3.81605e-07	2.66535e-07	1.79183e-07	1.15801e-07	7.18566e-08	4.27566e-08	2.43653e-08	1.3281e-08	6.91614e-09	3.43698e-09	
8.04351e-14	8.04351e-14	2.11205e-13	6.48638e-13	1.9303e-12	5.46624e-12	1.47088e-11	3.76124e-11	9.14348e-11	2.11416e-10	4.65259e-10	9.75256e-10	1.94894e-09	3.71677e-09	6.77157e-09	1.17995e-08	1.96878e-08	3.14926e-08	4.8352e-08	7.13376e-08	1.01253e-07	1.38401e-07	1.82367e-07	2.31857e-07	2.84649e-07	3.37694e-07	3.87368e-07	4.29857e-07	4.61623e-07	4.79872e-07	4.82949e-07	4.70569e-07	4.43864e-07	4.05217e-07	3.57925e-07	3.05751e-07	2.52448e-07	2.01332e-07	1.54973e-07	1.15033e-07	8.22604e-08	5.66131e-08	3.74558e-08	2.37957e-08	1.4499e-08	8.46297e-09	4.72643e-09	2.52272e-09	1.28544e-09	6.24649e-10	
1.11433e-14	1.11433e-14	3.00487e-14	9.45795e-14	2.88167e-13	8.35379e-13	2.30105e-12	6.02271e-12	1.49831e-11	3.54433e-11	7.97689e-11	1.7092e-10	3.48946e-10	6.79388e-10	1.2627e-09	2.24263e-09	3.81038e-09	6.20032e-09	9.67346e-09	1.44861e-08	2.08442e-08	2.88486e-08	3.844e-08	4.9356e-08	6.11134e-08	7.30248e-08	8.42555e-08	9.39133e-08	1.01162e-07	1.05337e-07	1.06041e-07	1.03206e-07	9.71048e-08	8.83045e-08	7.75874e-08	6.58378e-08	5.3926e-08	4.26064e-08	3.24473e-08	2.37982e-08	1.67945e-08	1.13925e-08	7.42057e-09	4.63605e-09	2.77502e-09	1.58966e-09	8.70519e-10	4.55227e-10	2.27099e-10	1.07978e-10	
1.47986e-15	1.47986e-15	4.09515e-15	1.32003e-14	4.1149e-14	1.22035e-13	3.43869e-13	9.20629e-13	2.34229e-12	5.66511e-12	1.30312e-11	2.8525e-11	5.94613e-11	1.1813e-10	2.23865e-10	4.05071e-10	7.00542e-10	1.15917e-09	1.83708e-09	2.79142e-09	4.07084e-09	5.70327e-09	7.68319e-09	9.96101e-09	1.24376e-08	1.49671e-08	1.73679e-08	1.94433e-08	2.1007e-08	2.19097e-08	2.20621e-08	2.14487e-08	2.01308e-08	1.82363e-08	1.594e-08	1.3438e-08	1.09203e-08	8.54914e-09	6.44282e-09	4.67027e-09	3.25338e-09	2.1759e-09	1.39578e-09	8.57867e-10	5.0465e-10	2.83838e-10	1.52481e-10	7.81632e-11	3.81971e-11	1.77803e-11	
1.88583e-16	1.88583e-16	5.3517e-16	1.76538e-15	5.62688e-15	1.7061e-14	4.9149e-14	1.34513e-13	3.4979e-13	8.64471e-13	2.03122e-12	4.53985e-12	9.65757e-12	1.95679e-11	3.77934e-11	6.96408e-11	1.22544e-10	2.06118e-10	3.31717e-10	5.11293e-10	7.55512e-10	1.07123e-09	1.45873e-09	1.90927e-09	2.40369e-09	2.91266e-09	3.39892e-09	3.82147e-09	4.14103e-09	4.32593e-09	4.35715e-09	4.23141e-09	3.96176e-09	3.5754e-09	3.10927e-09	2.6044e-09	2.10014e-09	1.62934e-09	1.21533e-09	8.70874e-10	5.98992e-10	3.95091e-10	2.49672e-10	1.51013e-10	8.7337e-11	4.82504e-11	2.54397e-11	1.27891e-11	6.12534e-12	2.79293e-12	
2.30821e-17	2.30821e-17	6.71308e-17	2.26473e-16	7.37629e-16	2.28526e-15	6.72656e-15	1.88084e-14	4.99614e-14	1.261e-13	3.02497e-13	6.89963e-13	1.49712e-12	3.09232e-12	6.08436e-12	1.14128e-11	2.0426e-11	3.49122e-11	5.70387e-11	8.91578e-11	1.33457e-10	1.91467e-10	2.63499e-10	3.48125e-10	4.41842e-10	5.39069e-10	6.32559e-10	7.14211e-10	7.76191e-10	8.12138e-10	8.1821e-10	7.93748e-10	7.41385e-10	6.66598e-10	5.76781e-10	4.80075e-10	3.84185e-10	2.95424e-10	2.18138e-10	1.5455e-10	1.0498e-10	6.83073e-11	4.25361e-11	2.53267e-11	1.44056e-11	7.82031e-12	4.04836e-12	1.99685e-12	9.37789e-13	4.19058e-13	
2.71604e-18	2.71604e-18	8.09047e-18	2.78964e-17	9.27943e-17	2.93591e-16	8.82493e-16	2.51969e-15	6.83345e-15	1.76049e-14	4.30943e-14	1.00263e-13	2.21808e-13	4.66841e-13	9.35372e-13	1.78538e-12	3.24892e-12	5.64114e-12	9.35361e-12	1.48234e-11	2.24721e-11	3.26156e-11	4.5356e-11	6.04775e-11	7.73738e-11	9.50378e-11	1.12131e-10	1.27134e-10	1.38565e-10	1.45209e-10	1.46332e-10	1.41807e-10	1.32139e-10	1.18374e-10	1.01917e-10	8.43007e-11	6.69575e-11	5.1039e-11	3.73128e-11	2.61429e-11	1.75409e-11	1.12615e-11	6.91224e-12	4.05272e-12	2.26782e-12	1.21017e-12	6.15339e-13	2.97921e-13	1.37253e-13	6.01359e-14	
3.07852e-19	3.07852e-19	9.38757e-19	3.30665e-18	1.12285e-17	3.62641e-17	1.11268e-16	3.24266e-16	8.97492e-16	2.35922e-15	5.89083e-15	1.39752e-14	3.15112e-14	6.75604e-14	1.37809e-13	2.67601e-13	4.95023e-13	8.7299e-13	1.46885e-12	2.35978e-12	3.62273e-12	5.31875e-12	7.47334e-12	1.00567e-11	1.29691e-11	1.60371e-11	1.90246e-11	2.16601e-11	2.36753e-11	2.48494e-11	2.50479e-11	2.42478e-11	2.25413e-11	2.01194e-11	1.72367e-11	1.41689e-11	1.117e-11	8.44058e-12	6.10973e-12	4.23356e-12	2.80611e-12	1.77781e-12	1.07572e-12	6.21164e-13	3.42028e-13	1.79448e-13	8.96463e-14	4.26148e-14	1.92655e-14	8.27907e-15	
3.7046e-20	3.7046e-20	1.15811e-19	4.17255e-19	1.44829e-18	4.7811e-18	1.49947e-17	4.46645e-17	1.26338e-16	3.39338e-16	8.65527e-16	2.09675e-15	4.82553e-15	1.05543e-14	2.19481e-14	4.34188e-14	8.17582e-14	1.46637e-13	2.50676e-13	4.08745e-13	6.36176e-13	9.45796e-13	1.34404e-12	1.82687e-12	2.37651e-12	2.96038e-12	3.53289e-12	4.0407e-12	4.43054e-12	4.65823e-12	4.69676e-12	4.54146e-12	4.21092e-12	3.74342e-12	3.1897e-12	2.60415e-12	2.03623e-12	1.52407e-12	1.09132e-12	7.47104e-13	4.88655e-13	3.05144e-13	1.81791e-13	1.03251e-13	5.58672e-14	2.87789e-14	1.41052e-14	6.57398e-15	2.91219e-15	1.22571e-15	
3.7046e-20	3.7046e-20	1.15811e-19	4.17255e-19	1.44829e-18	4.7811e-18	1.49947e-17	4.46645e-17	1.26338e-16	3.39338e-16	8.65527e-16	2.09675e-15	4.82553e-15	1.05543e-14	2.19481e-14	4.34188e-14	8.17582e-14	1.46637e-13	2.50676e-13	4.08745e-13	6.36176e-13	9.45796e-13	1.34404e-12	1.82687e-12	2.37651e-12	2.96038e-12	3.53289e-12	4.0407e-12	4.43054e-12	4.65823e-12	4.69676e-12	4.54146e-12	4.21092e-12	3.74342e-12	3.1897e-12	2.60415e-12	2.03623e-12	1.52407e-12	1.09132e-12	7.47104e-13	4.88655e-13	3.05144e-13	1.81791e-13	1.03251e-13	5.58672e-14	2.87789e-14	1.41052e-14	6.57398e-15	2.91219e-15	1.22571e-15	
