0.776061	0.776061	0.644454	0.414809	0.134745	-0.143678	-0.387115	-0.568898	-0.675299	-0.695949	-0.633761	-0.501492	-0.32077	-0.108498	0.113336	0.321635	0.48272	0.577929	0.612192	0.61759	0.617692	0.631751	0.645534	0.666313	0.684762	0.69436	0.684606	0.631768	0.536809	0.408635	0.260753	0.126565	0.00936046	-0.0975025	-0.189127	-0.267787	-0.31302	-0.317374	-0.280274	-0.20338	-0.0967952	0.00503777	0.0891646	0.144812	0.160885	0.112323	0.00856231	-0.143908	-0.320527	-0.479704	
0.492107	0.492107	0.372557	0.159727	-0.0989028	-0.362732	-0.59556	-0.772905	-0.879685	-0.899089	-0.838891	-0.706262	-0.529531	-0.322334	-0.103266	0.109811	0.289373	0.411961	0.480111	0.513223	0.541964	0.57193	0.600962	0.620273	0.628235	0.621103	0.595776	0.534258	0.443725	0.316722	0.181371	0.0570627	-0.0468644	-0.134153	-0.209357	-0.26923	-0.290286	-0.274873	-0.222723	-0.133393	-0.0233164	0.0791212	0.156901	0.198729	0.196571	0.134521	0.0133492	-0.162235	-0.351788	-0.520254	
0.2719	0.2719	0.165915	-0.026883	-0.259597	-0.505908	-0.722508	-0.897123	-1.0021	-1.02703	-0.972274	-0.846512	-0.680655	-0.485625	-0.278982	-0.0714517	0.117151	0.259587	0.356662	0.416381	0.467327	0.511007	0.54654	0.559545	0.551078	0.522779	0.476863	0.41285	0.328618	0.220747	0.106467	0.000837595	-0.0803613	-0.142548	-0.192349	-0.220507	-0.212269	-0.170252	-0.10192	-0.0103469	0.0967178	0.196804	0.267597	0.298236	0.279902	0.206022	0.0676981	-0.120266	-0.320764	-0.497332	
0.125959	0.125959	0.032436	-0.135187	-0.344238	-0.564683	-0.766728	-0.932391	-1.03667	-1.06813	-1.01978	-0.906379	-0.752783	-0.574863	-0.387908	-0.192773	-0.00991169	0.143342	0.255181	0.332494	0.392232	0.438922	0.468099	0.46732	0.439777	0.388486	0.32707	0.263142	0.191212	0.111044	0.0203069	-0.0632709	-0.120653	-0.15496	-0.168261	-0.155599	-0.10922	-0.0343416	0.0495312	0.141381	0.240728	0.335803	0.405607	0.426493	0.394741	0.309401	0.164459	-0.022297	-0.219978	-0.406096	
0.0507802	0.0507802	-0.0291112	-0.172983	-0.35497	-0.549174	-0.732596	-0.885737	-0.988526	-1.02325	-0.984772	-0.883576	-0.744454	-0.587254	-0.421023	-0.248641	-0.0782589	0.0711828	0.18701	0.26863	0.324919	0.361238	0.370299	0.347337	0.294027	0.218923	0.144431	0.0773205	0.0229686	-0.0288582	-0.0926009	-0.147164	-0.180005	-0.182908	-0.154725	-0.103863	-0.0209496	0.083412	0.185084	0.283612	0.382042	0.478876	0.548356	0.562278	0.522005	0.430768	0.291836	0.12261	-0.0697108	-0.263489	
0.0313424	0.0313424	-0.0352236	-0.155434	-0.309775	-0.476595	-0.637835	-0.776532	-0.873586	-0.911938	-0.883197	-0.79578	-0.674146	-0.536003	-0.394201	-0.244124	-0.0926789	0.0466945	0.159188	0.236261	0.282371	0.298196	0.279069	0.225594	0.141392	0.0424987	-0.0493341	-0.121492	-0.162564	-0.192872	-0.223457	-0.248046	-0.253157	-0.218841	-0.154952	-0.0713028	0.0408715	0.163586	0.282581	0.392381	0.494675	0.594257	0.667803	0.687104	0.652343	0.564356	0.440863	0.285209	0.0978161	-0.0964173	
0.0435934	0.0435934	-0.00913513	-0.107218	-0.231526	-0.36998	-0.503755	-0.62179	-0.707155	-0.741937	-0.720011	-0.643708	-0.537691	-0.41942	-0.299945	-0.176745	-0.0489428	0.0697585	0.167843	0.228754	0.257322	0.245259	0.197184	0.112029	0.00205824	-0.116222	-0.222718	-0.302101	-0.342681	-0.360047	-0.367295	-0.366319	-0.34082	-0.274074	-0.17912	-0.0643837	0.064004	0.199964	0.333341	0.452243	0.557631	0.660113	0.738779	0.778492	0.76618	0.704498	0.603772	0.45974	0.276298	0.0795842	
0.0771291	0.0771291	0.0356974	-0.0388606	-0.137125	-0.244002	-0.348473	-0.44082	-0.505198	-0.531956	-0.507792	-0.440237	-0.34656	-0.245574	-0.149601	-0.0538303	0.0424346	0.130741	0.199163	0.23312	0.231704	0.190974	0.112884	0.00297613	-0.125148	-0.253834	-0.3701	-0.456522	-0.505086	-0.519556	-0.512817	-0.489104	-0.438764	-0.34849	-0.232072	-0.103363	0.0325273	0.176711	0.319022	0.448096	0.560246	0.661498	0.749858	0.81694	0.843377	0.82206	0.746429	0.618923	0.450619	0.259251	
0.12593	0.12593	0.0953395	0.0393945	-0.0341877	-0.113241	-0.189667	-0.253347	-0.296519	-0.308765	-0.281707	-0.220774	-0.138789	-0.0563284	0.0173842	0.0851555	0.147484	0.201089	0.233121	0.232062	0.198502	0.127488	0.0241011	-0.105584	-0.246181	-0.382507	-0.502138	-0.59611	-0.65123	-0.663806	-0.644485	-0.59885	-0.528268	-0.427688	-0.310222	-0.18601	-0.057014	0.0829559	0.228422	0.367091	0.484862	0.593318	0.696753	0.790009	0.855453	0.871817	0.825263	0.726911	0.583153	0.402182	
0.16497	0.16497	0.142907	0.10371	0.0505534	-0.00336227	-0.0523448	-0.0875782	-0.104497	-0.0983269	-0.0632417	-0.00465527	0.0667143	0.131944	0.184176	0.221552	0.24967	0.262208	0.251393	0.210104	0.139942	0.0427641	-0.0780967	-0.216517	-0.360666	-0.494545	-0.614342	-0.710239	-0.769477	-0.783952	-0.754874	-0.691807	-0.609473	-0.506008	-0.39743	-0.289732	-0.177541	-0.0532734	0.0812791	0.213949	0.333887	0.453296	0.572407	0.693004	0.795632	0.847541	0.830485	0.756879	0.630477	0.470853	
0.152472	0.152472	0.139159	0.115607	0.0838616	0.0563854	0.0386723	0.0391446	0.0580683	0.094037	0.149216	0.213596	0.279801	0.32969	0.356008	0.360783	0.345276	0.310019	0.248743	0.160229	0.0540035	-0.064211	-0.191183	-0.324869	-0.459787	-0.585863	-0.698902	-0.792646	-0.854163	-0.869561	-0.835079	-0.765819	-0.676746	-0.576704	-0.482547	-0.391912	-0.300845	-0.20237	-0.0914421	0.0221052	0.137697	0.265973	0.403901	0.547913	0.67459	0.751164	0.763473	0.712123	0.606547	0.470046	
0.086611	0.086611	0.0813525	0.0720503	0.0605755	0.0581262	0.0723141	0.111022	0.170337	0.245193	0.327726	0.407732	0.475152	0.512831	0.518218	0.489062	0.433494	0.351112	0.240387	0.107005	-0.0336397	-0.170323	-0.297169	-0.420487	-0.542189	-0.653871	-0.755991	-0.838268	-0.890547	-0.899843	-0.86335	-0.793405	-0.710016	-0.622454	-0.544918	-0.475365	-0.412704	-0.341793	-0.258784	-0.164803	-0.0533833	0.0826127	0.227585	0.373481	0.500082	0.593304	0.63127	0.603781	0.519902	0.404809	
-0.0164266	-0.0164266	-0.0157764	-0.0121921	-0.00838477	0.0119425	0.0544677	0.130078	0.233271	0.349693	0.469627	0.571512	0.647556	0.678973	0.66375	0.604398	0.509003	0.383158	0.228189	0.0561489	-0.114525	-0.262263	-0.385678	-0.49338	-0.59538	-0.690665	-0.775454	-0.838491	-0.874213	-0.872731	-0.833887	-0.774572	-0.7053	-0.635174	-0.576066	-0.529679	-0.492233	-0.451183	-0.393181	-0.315659	-0.209953	-0.0781084	0.0643491	0.20139	0.320605	0.413951	0.461982	0.452024	0.388002	0.291512	
-0.147851	-0.147851	-0.139861	-0.126096	-0.104086	-0.0635393	0.00888012	0.122926	0.270489	0.435957	0.595569	0.726906	0.814206	0.839406	0.802944	0.709522	0.573115	0.406442	0.21355	0.0110585	-0.178291	-0.3324	-0.445355	-0.531554	-0.609358	-0.679971	-0.741004	-0.781642	-0.797386	-0.78596	-0.754024	-0.71128	-0.662889	-0.611052	-0.565092	-0.532696	-0.519863	-0.506099	-0.471341	-0.409675	-0.315301	-0.190001	-0.0529186	0.075466	0.181594	0.261899	0.305489	0.300328	0.248072	0.168559	
-0.261565	-0.261565	-0.249134	-0.224606	-0.190986	-0.131936	-0.0361118	0.110505	0.299412	0.508137	0.708063	0.866945	0.965032	0.982494	0.921609	0.790261	0.612975	0.406835	0.183562	-0.0379866	-0.239339	-0.391934	-0.492528	-0.556274	-0.603404	-0.643081	-0.674522	-0.685992	-0.680331	-0.660366	-0.632485	-0.60896	-0.583609	-0.552507	-0.521955	-0.507365	-0.513942	-0.519957	-0.49857	-0.445606	-0.359447	-0.249903	-0.129258	-0.0127884	0.0813628	0.145801	0.177264	0.173567	0.133767	0.0642473	
-0.335319	-0.335319	-0.317929	-0.287896	-0.242834	-0.172985	-0.0586046	0.11233	0.333197	0.578205	0.810332	0.991816	1.09563	1.10204	1.01171	0.842132	0.6214	0.380225	0.133608	-0.101023	-0.306484	-0.45849	-0.551476	-0.595028	-0.612174	-0.615289	-0.605404	-0.581762	-0.549559	-0.515258	-0.491096	-0.484372	-0.482948	-0.479881	-0.471021	-0.470018	-0.486184	-0.498733	-0.480936	-0.433745	-0.362109	-0.277689	-0.176624	-0.072632	0.0116864	0.0647317	0.0911818	0.088369	0.0524097	-0.0230493	
-0.37651	-0.37651	-0.355797	-0.319034	-0.266051	-0.185528	-0.0574793	0.133186	0.379026	0.653659	0.910966	1.11035	1.21571	1.20713	1.0868	0.874348	0.610881	0.333565	0.0644766	-0.178917	-0.387659	-0.540272	-0.626832	-0.654502	-0.640369	-0.600627	-0.548187	-0.487737	-0.43159	-0.388009	-0.363932	-0.364472	-0.380383	-0.398776	-0.407717	-0.416814	-0.434892	-0.445613	-0.432087	-0.394308	-0.339924	-0.277008	-0.197201	-0.107496	-0.0287306	0.0240318	0.0458192	0.0358986	-0.00567216	-0.0900079	
-0.404869	-0.404869	-0.379677	-0.335135	-0.27135	-0.178826	-0.0358347	0.171787	0.439436	0.735463	1.01249	1.22156	1.32358	1.29799	1.14548	0.89394	0.589889	0.280038	-0.00565277	-0.254639	-0.463657	-0.615598	-0.702625	-0.720967	-0.682839	-0.610963	-0.519915	-0.429506	-0.354459	-0.298901	-0.266778	-0.264798	-0.284239	-0.318605	-0.34369	-0.359184	-0.369061	-0.372542	-0.359886	-0.332531	-0.292997	-0.250778	-0.189859	-0.115032	-0.0419356	0.00959341	0.0305159	0.0149932	-0.0379595	-0.132423	
-0.418991	-0.418991	-0.38887	-0.337419	-0.261752	-0.158692	-0.00276125	0.21744	0.49779	0.808072	1.09344	1.30716	1.40241	1.36219	1.18575	0.905599	0.571351	0.238526	-0.0606464	-0.314307	-0.523644	-0.68104	-0.77247	-0.788998	-0.738716	-0.640825	-0.522043	-0.409319	-0.319065	-0.254693	-0.216549	-0.204755	-0.223573	-0.264398	-0.297108	-0.309241	-0.306066	-0.294927	-0.280915	-0.260574	-0.234248	-0.205024	-0.161095	-0.105805	-0.0425613	0.0139898	0.041782	0.0185337	-0.0502774	-0.154909	
-0.43111	-0.43111	-0.397142	-0.335598	-0.249605	-0.132285	0.0348145	0.265248	0.553634	0.868416	1.15584	1.36577	1.45256	1.39944	1.20764	0.908649	0.557326	0.207482	-0.10053	-0.357377	-0.568111	-0.727483	-0.822745	-0.842177	-0.785228	-0.677862	-0.546357	-0.423155	-0.327079	-0.259566	-0.214972	-0.196788	-0.209305	-0.248064	-0.279339	-0.284691	-0.263967	-0.236477	-0.215543	-0.196404	-0.175547	-0.154816	-0.124944	-0.0812685	-0.0206129	0.0406529	0.0698736	0.0415047	-0.0389659	-0.153537	
-0.45227	-0.45227	-0.412161	-0.341302	-0.239403	-0.108292	0.0728351	0.309863	0.600065	0.910092	1.18827	1.38597	1.45937	1.39683	1.19775	0.897427	0.5432	0.191661	-0.116487	-0.372998	-0.579454	-0.737456	-0.835038	-0.856355	-0.805097	-0.701765	-0.572748	-0.452431	-0.356087	-0.28684	-0.242857	-0.219543	-0.225064	-0.2543	-0.276661	-0.272526	-0.241886	-0.206207	-0.179725	-0.15484	-0.130197	-0.106711	-0.0740597	-0.0317268	0.0229631	0.0766699	0.102745	0.074787	-0.00579129	-0.121374	
-0.483962	-0.483962	-0.438562	-0.354683	-0.237953	-0.0880618	0.105287	0.348863	0.63449	0.932585	1.19277	1.37141	1.42982	1.36	1.16524	0.875356	0.534013	0.191907	-0.110918	-0.361762	-0.560908	-0.712466	-0.803825	-0.827978	-0.786137	-0.698109	-0.588404	-0.48109	-0.390955	-0.325501	-0.282046	-0.255184	-0.251676	-0.263641	-0.273383	-0.265096	-0.23808	-0.2053	-0.176507	-0.141155	-0.105282	-0.0668526	-0.0250217	0.0227562	0.0768336	0.123623	0.142877	0.121327	0.0550069	-0.0564743	
-0.519952	-0.519952	-0.468315	-0.371555	-0.237274	-0.0686339	0.138553	0.385037	0.662369	0.939648	1.17549	1.32843	1.37088	1.29791	1.11637	0.850369	0.536306	0.213843	-0.0747961	-0.317413	-0.507267	-0.648302	-0.734541	-0.761477	-0.733883	-0.671178	-0.586022	-0.497844	-0.417073	-0.354887	-0.314226	-0.288319	-0.275801	-0.271722	-0.267461	-0.256344	-0.234731	-0.210748	-0.184186	-0.144822	-0.0996409	-0.0495756	0.00630708	0.070983	0.133491	0.17836	0.197772	0.191112	0.141045	0.0376031	
-0.536219	-0.536219	-0.47891	-0.370591	-0.220219	-0.0352093	0.181787	0.425595	0.685421	0.933028	1.13447	1.25601	1.27994	1.20701	1.04506	0.815047	0.537809	0.248724	-0.0193618	-0.247062	-0.423098	-0.55297	-0.632691	-0.663648	-0.656565	-0.620363	-0.567481	-0.503731	-0.436972	-0.381927	-0.34452	-0.314338	-0.291372	-0.268016	-0.251769	-0.239244	-0.228176	-0.217639	-0.199304	-0.16036	-0.109644	-0.0457326	0.0248439	0.0986723	0.166987	0.219972	0.254403	0.267617	0.239571	0.1533	
-0.529159	-0.529159	-0.466939	-0.346215	-0.181677	0.020173	0.24322	0.481065	0.716001	0.925952	1.08458	1.16693	1.16808	1.09047	0.949549	0.754379	0.521407	0.270936	0.0334337	-0.169332	-0.324634	-0.437329	-0.508345	-0.547741	-0.560881	-0.557765	-0.540549	-0.50753	-0.462476	-0.418643	-0.379599	-0.341239	-0.300928	-0.260221	-0.23477	-0.223811	-0.221546	-0.222114	-0.213988	-0.183388	-0.130577	-0.05481	0.0236286	0.104254	0.180061	0.245688	0.297667	0.332484	0.326725	0.266304	
-0.491495	-0.491495	-0.424703	-0.295762	-0.11844	0.0929625	0.318603	0.541163	0.745013	0.908248	1.01792	1.05671	1.03136	0.948968	0.825555	0.666717	0.477678	0.270381	0.0692582	-0.103835	-0.235277	-0.329975	-0.397392	-0.443777	-0.478289	-0.501384	-0.513805	-0.510454	-0.490553	-0.461341	-0.425302	-0.377874	-0.322224	-0.26772	-0.234688	-0.222402	-0.22085	-0.227103	-0.229635	-0.213474	-0.166182	-0.0888463	-0.00334134	0.0818406	0.162765	0.242091	0.315134	0.369017	0.380303	0.349945	
-0.443145	-0.443145	-0.373298	-0.237161	-0.0515125	0.167459	0.389454	0.594576	0.761547	0.87698	0.935457	0.931599	0.880805	0.793105	0.685977	0.561197	0.414604	0.254532	0.0929699	-0.0442377	-0.149943	-0.230322	-0.296576	-0.356857	-0.412128	-0.457574	-0.494876	-0.515424	-0.518147	-0.502491	-0.465878	-0.409691	-0.341992	-0.28116	-0.248651	-0.23611	-0.233561	-0.235984	-0.237984	-0.231457	-0.195725	-0.12697	-0.0492256	0.0293869	0.116398	0.214456	0.310567	0.382061	0.412175	0.402544	
-0.415344	-0.415344	-0.341581	-0.198802	-0.0029666	0.222819	0.44398	0.633131	0.767696	0.840617	0.853678	0.814102	0.742098	0.650222	0.558545	0.461544	0.357851	0.242846	0.127201	0.0292596	-0.0491201	-0.11552	-0.185217	-0.262972	-0.339494	-0.408556	-0.466857	-0.509821	-0.533621	-0.530547	-0.494294	-0.432581	-0.355633	-0.291122	-0.255256	-0.240231	-0.232293	-0.226307	-0.224236	-0.22498	-0.202138	-0.152386	-0.0888659	-0.0108244	0.0824283	0.191451	0.30059	0.388225	0.439556	0.45345	
-0.390413	-0.390413	-0.314066	-0.166803	0.0355723	0.264384	0.482378	0.65417	0.759999	0.794479	0.770612	0.703102	0.615566	0.524841	0.444859	0.376213	0.309477	0.241515	0.172424	0.115518	0.0653118	0.0125474	-0.0619364	-0.15407	-0.253855	-0.344095	-0.42519	-0.491039	-0.536834	-0.549428	-0.520582	-0.459832	-0.380254	-0.308156	-0.261794	-0.235961	-0.21835	-0.205287	-0.19656	-0.19855	-0.189115	-0.161245	-0.107851	-0.0301524	0.06945	0.183401	0.299814	0.39847	0.47162	0.5129	
-0.336732	-0.336732	-0.260442	-0.114278	0.0863914	0.309621	0.514029	0.663849	0.734991	0.73341	0.672933	0.581706	0.481673	0.39202	0.325374	0.282419	0.254947	0.236208	0.218033	0.205148	0.185146	0.145076	0.0690146	-0.0392678	-0.159938	-0.275212	-0.377501	-0.463731	-0.525245	-0.550057	-0.533659	-0.485718	-0.416851	-0.348546	-0.292673	-0.25307	-0.223886	-0.194126	-0.168571	-0.160216	-0.156649	-0.146182	-0.109796	-0.0381968	0.0665074	0.18351	0.304002	0.415812	0.513344	0.579626	
-0.263626	-0.263626	-0.189204	-0.0481283	0.146016	0.356335	0.544201	0.667585	0.707725	0.671992	0.580476	0.468799	0.356396	0.266167	0.207713	0.183162	0.190529	0.213712	0.24446	0.272234	0.281534	0.259509	0.188638	0.0762474	-0.0571874	-0.191982	-0.312524	-0.414793	-0.489407	-0.526805	-0.53111	-0.508672	-0.46484	-0.409419	-0.347025	-0.295347	-0.251013	-0.203002	-0.15892	-0.13013	-0.117673	-0.113405	-0.0838847	-0.0188467	0.0780881	0.193676	0.318837	0.4507	0.575952	0.664344	
-0.183556	-0.183556	-0.113049	0.0208825	0.202817	0.397442	0.565023	0.663768	0.677845	0.614185	0.500494	0.371758	0.249462	0.157138	0.0994772	0.0888746	0.117479	0.175059	0.242283	0.302222	0.337907	0.335879	0.28211	0.180676	0.0482155	-0.0943774	-0.227326	-0.339783	-0.425718	-0.478162	-0.507751	-0.520424	-0.508224	-0.471133	-0.410094	-0.346006	-0.288919	-0.229738	-0.171024	-0.12565	-0.0995698	-0.0835406	-0.0430444	0.021501	0.112117	0.228128	0.361191	0.501708	0.640424	0.740896	
-0.0935162	-0.0935162	-0.0283547	0.0930102	0.258017	0.429907	0.572414	0.646439	0.634583	0.550531	0.417298	0.276628	0.146799	0.0512229	-0.00237004	-0.00392074	0.0455487	0.129249	0.226113	0.308652	0.365786	0.379863	0.348013	0.262735	0.139276	-0.00370889	-0.140869	-0.257437	-0.344907	-0.408294	-0.458645	-0.500563	-0.52241	-0.509469	-0.460333	-0.395728	-0.334266	-0.268093	-0.204413	-0.148018	-0.105224	-0.0632512	-0.00568067	0.071696	0.162585	0.276868	0.413383	0.555945	0.69391	0.800933	
-0.00408698	-0.00408698	0.0529449	0.160864	0.302804	0.449846	0.565542	0.615433	0.585814	0.48572	0.343269	0.194508	0.061454	-0.0340188	-0.083092	-0.0753385	-0.00938271	0.0919024	0.207893	0.303253	0.371329	0.400275	0.386545	0.323548	0.213524	0.0780373	-0.057049	-0.17241	-0.258923	-0.330118	-0.395141	-0.456284	-0.50638	-0.516779	-0.488527	-0.437351	-0.375118	-0.310313	-0.24494	-0.175211	-0.112989	-0.0426282	0.0372773	0.12473	0.216554	0.327528	0.465917	0.618268	0.754452	0.857135	
0.0812341	0.0812341	0.128872	0.220477	0.335918	0.456069	0.543466	0.573614	0.53184	0.424481	0.282023	0.130519	0.000788498	-0.0916754	-0.135318	-0.11751	-0.0454015	0.0659017	0.184756	0.282893	0.353271	0.393233	0.399232	0.363612	0.279366	0.161587	0.0395277	-0.0721099	-0.164145	-0.24642	-0.330506	-0.408596	-0.47552	-0.508453	-0.499438	-0.459562	-0.400391	-0.336585	-0.267556	-0.189569	-0.111396	-0.0200175	0.0776554	0.170742	0.272762	0.388401	0.523806	0.67158	0.800662	0.890748	
0.164728	0.164728	0.203306	0.274582	0.364438	0.453008	0.514275	0.525296	0.474648	0.366334	0.224998	0.0756022	-0.050352	-0.139311	-0.173602	-0.149983	-0.0717093	0.0415713	0.157916	0.254815	0.325869	0.373833	0.40149	0.392547	0.340358	0.250389	0.145055	0.0412257	-0.059578	-0.157769	-0.258924	-0.349702	-0.427191	-0.476572	-0.485641	-0.458727	-0.407601	-0.34373	-0.273661	-0.187924	-0.0931153	0.0114135	0.117437	0.223894	0.336244	0.456795	0.575368	0.696252	0.803002	0.87631	
0.259625	0.259625	0.286823	0.336869	0.396281	0.451377	0.483855	0.473741	0.416373	0.30605	0.169141	0.0224137	-0.0989185	-0.180823	-0.206251	-0.17538	-0.0941404	0.0154579	0.125828	0.217441	0.286477	0.339918	0.38264	0.398818	0.379144	0.323824	0.24042	0.149122	0.0430757	-0.0709363	-0.179354	-0.280356	-0.362231	-0.421387	-0.45283	-0.444905	-0.407223	-0.355885	-0.282185	-0.183856	-0.0679518	0.0520506	0.16591	0.281726	0.39638	0.510612	0.607432	0.691487	0.75825	0.806524	
0.361605	0.361605	0.377354	0.402929	0.431108	0.450983	0.452162	0.423895	0.357073	0.250885	0.118551	-0.020547	-0.134674	-0.207459	-0.224472	-0.188343	-0.112463	-0.0134624	0.082409	0.162246	0.225352	0.278702	0.329771	0.369734	0.384072	0.367636	0.319041	0.241393	0.139743	0.017373	-0.0983748	-0.203398	-0.289517	-0.359705	-0.408953	-0.421891	-0.403908	-0.365034	-0.288811	-0.179891	-0.044549	0.0894823	0.20766	0.323781	0.437184	0.536065	0.612124	0.657647	0.685843	0.707612	
0.447599	0.447599	0.452064	0.455846	0.454492	0.443221	0.416248	0.373175	0.299387	0.200982	0.0748629	-0.052182	-0.157939	-0.221055	-0.22968	-0.194081	-0.126117	-0.0432432	0.0345895	0.104092	0.157891	0.211067	0.265614	0.325254	0.372735	0.397518	0.386314	0.330809	0.239513	0.120367	-0.000682615	-0.105732	-0.19956	-0.278894	-0.338339	-0.368451	-0.366612	-0.334147	-0.265316	-0.157358	-0.0181558	0.115328	0.232047	0.344639	0.448772	0.525399	0.578593	0.597861	0.599224	0.591992	
0.518323	0.518323	0.51084	0.496666	0.466133	0.427975	0.3763	0.317769	0.24323	0.149362	0.0375467	-0.0766471	-0.169802	-0.220625	-0.224501	-0.190473	-0.13516	-0.0715187	-0.011819	0.0470511	0.0918783	0.144672	0.199699	0.272938	0.350341	0.410298	0.432495	0.405398	0.327016	0.223563	0.110054	0.00492106	-0.0861351	-0.169327	-0.235784	-0.275256	-0.286514	-0.266813	-0.208683	-0.117969	0.00454699	0.126189	0.236153	0.334434	0.419227	0.470876	0.501377	0.507793	0.491904	0.465741	
0.580725	0.580725	0.564978	0.529264	0.478124	0.410293	0.339703	0.265294	0.189238	0.103186	0.0055024	-0.0898661	-0.167704	-0.204643	-0.204184	-0.173927	-0.132492	-0.0891129	-0.0443713	-0.00051823	0.040688	0.0839172	0.137491	0.213292	0.307283	0.391162	0.440757	0.43948	0.388482	0.312579	0.221554	0.129228	0.0454567	-0.0368037	-0.108007	-0.156222	-0.179286	-0.16927	-0.126598	-0.0597252	0.0278714	0.125076	0.2182	0.29187	0.347465	0.378036	0.38553	0.383015	0.371667	0.352715	
0.647018	0.647018	0.622753	0.567393	0.495331	0.400399	0.30848	0.218076	0.135212	0.0567166	-0.0285283	-0.102196	-0.16195	-0.185259	-0.178721	-0.154812	-0.124939	-0.099694	-0.0685177	-0.0381115	-0.00132793	0.0297345	0.0793075	0.150143	0.248514	0.347795	0.416387	0.440323	0.426284	0.382623	0.323023	0.253638	0.177097	0.10422	0.036278	-0.0190828	-0.0457728	-0.0398053	-0.0231067	0.0129045	0.05323	0.106854	0.170777	0.216552	0.235097	0.243436	0.235779	0.231276	0.238437	0.241241	
0.709677	0.709677	0.674587	0.607938	0.510672	0.398685	0.282324	0.177485	0.0880455	0.0105627	-0.0568011	-0.11464	-0.153573	-0.167578	-0.161542	-0.145901	-0.132421	-0.122344	-0.104322	-0.0818396	-0.0492908	-0.0195401	0.0261052	0.0948537	0.191848	0.294145	0.374827	0.419559	0.437576	0.430401	0.405831	0.361705	0.306829	0.245958	0.187982	0.132734	0.10306	0.100987	0.0971217	0.0905767	0.081559	0.0788981	0.0919247	0.0986451	0.0836278	0.0704869	0.0646329	0.0678407	0.0868795	0.114613	
0.751204	0.751204	0.709278	0.63238	0.519618	0.392688	0.260124	0.141796	0.0474208	-0.0286425	-0.0794386	-0.120561	-0.1413	-0.148894	-0.148001	-0.143781	-0.146524	-0.149452	-0.14064	-0.12338	-0.0913676	-0.0572923	-0.0135753	0.0548092	0.142575	0.240101	0.326933	0.389976	0.438607	0.471735	0.482422	0.470412	0.442262	0.397814	0.34892	0.299353	0.262728	0.245478	0.223673	0.173695	0.111318	0.0544774	0.00379623	-0.0412303	-0.0846382	-0.112411	-0.1182	-0.102697	-0.0691147	-0.0152399	
0.781104	0.781104	0.735085	0.646977	0.525057	0.382908	0.238234	0.108227	0.00651406	-0.0624067	-0.10122	-0.11824	-0.12185	-0.121922	-0.123116	-0.133443	-0.148231	-0.163605	-0.167134	-0.154409	-0.12847	-0.0916602	-0.0469485	0.0158256	0.0932471	0.183468	0.270953	0.354832	0.431862	0.500352	0.547485	0.572534	0.571115	0.557044	0.520139	0.476634	0.431159	0.384719	0.326867	0.23878	0.125467	0.0228013	-0.0784351	-0.169889	-0.240386	-0.282213	-0.292741	-0.26742	-0.216652	-0.140405	
0.805955	0.805955	0.755947	0.660808	0.529951	0.378388	0.221668	0.0831016	-0.025923	-0.0893205	-0.115501	-0.112171	-0.098328	-0.0926766	-0.0966464	-0.118128	-0.144454	-0.165793	-0.181621	-0.170189	-0.151556	-0.112324	-0.066979	-0.0167282	0.0468596	0.118595	0.202326	0.30139	0.403494	0.50511	0.593291	0.657533	0.694313	0.710447	0.692313	0.649569	0.589334	0.504319	0.402432	0.275691	0.12797	-0.018639	-0.157492	-0.280289	-0.368639	-0.423008	-0.431008	-0.404993	-0.350242	-0.257789	
0.831493	0.831493	0.778695	0.677286	0.54038	0.379236	0.214037	0.0637057	-0.0499481	-0.115339	-0.129551	-0.113841	-0.0864235	-0.0756745	-0.0858272	-0.111701	-0.147662	-0.17073	-0.190018	-0.182923	-0.163023	-0.122969	-0.0779672	-0.0357613	0.00760641	0.0608564	0.139216	0.244272	0.367355	0.495103	0.615995	0.716992	0.793809	0.835331	0.84215	0.803536	0.725269	0.601771	0.457415	0.289627	0.11698	-0.061588	-0.227112	-0.370727	-0.470914	-0.535788	-0.553567	-0.529868	-0.465042	-0.350678	
0.849235	0.849235	0.794307	0.688646	0.547422	0.379292	0.208264	0.0491343	-0.0683619	-0.134156	-0.141736	-0.114443	-0.0800362	-0.0647099	-0.0805263	-0.113075	-0.153591	-0.184516	-0.202506	-0.204076	-0.179716	-0.138188	-0.0895206	-0.0471746	-0.0160863	0.0288871	0.103586	0.212146	0.345871	0.485654	0.622635	0.748047	0.850548	0.916767	0.944908	0.917984	0.826482	0.675951	0.493089	0.297729	0.104253	-0.0911048	-0.274584	-0.432101	-0.550301	-0.62808	-0.664143	-0.640405	-0.553383	-0.409388	
0.845983	0.845983	0.78973	0.686009	0.542162	0.376835	0.202306	0.0451009	-0.0757254	-0.1365	-0.143251	-0.107341	-0.0717092	-0.0559703	-0.0742177	-0.115822	-0.155286	-0.194128	-0.209303	-0.213759	-0.187027	-0.141737	-0.0885137	-0.048054	-0.0188198	0.0190739	0.0926494	0.205151	0.342756	0.489401	0.634949	0.770325	0.882622	0.960544	0.994957	0.975111	0.878074	0.721613	0.519099	0.318256	0.114139	-0.0961965	-0.297022	-0.461831	-0.596469	-0.683106	-0.72089	-0.699442	-0.603426	-0.440975	
0.845983	0.845983	0.78973	0.686009	0.542162	0.376835	0.202306	0.0451009	-0.0757254	-0.1365	-0.143251	-0.107341	-0.0717092	-0.0559703	-0.0742177	-0.115822	-0.155286	-0.194128	-0.209303	-0.213759	-0.187027	-0.141737	-0.0885137	-0.048054	-0.0188198	0.0190739	0.0926494	0.205151	0.342756	0.489401	0.634949	0.770325	0.882622	0.960544	0.994957	0.975111	0.878074	0.721613	0.519099	0.318256	0.114139	-0.0961965	-0.297022	-0.461831	-0.596469	-0.683106	-0.72089	-0.699442	-0.603426	-0.440975	
