0.525071	0.525071	0.495786	0.435383	0.332464	0.191407	0.0146266	-0.17159	-0.331975	-0.439286	-0.514894	-0.550028	-0.555098	-0.530688	-0.466061	-0.35573	-0.213538	-0.040745	0.125228	0.260129	0.356294	0.418027	0.436822	0.41858	0.376258	0.316538	0.221867	0.108788	0.00508811	-0.0528905	-0.0534848	0.00201868	0.103899	0.217498	0.324902	0.413821	0.468734	0.499579	0.517368	0.524462	0.514289	0.48015	0.418474	0.344658	0.283008	0.248357	0.235797	0.233386	0.223082	0.2112	
0.768284	0.768284	0.74562	0.698033	0.607463	0.473585	0.306139	0.118827	-0.0546386	-0.183693	-0.28037	-0.348345	-0.394165	-0.412196	-0.377204	-0.278098	-0.132182	0.0456161	0.219833	0.359809	0.451789	0.50413	0.515242	0.494472	0.466307	0.429364	0.359844	0.273091	0.190515	0.140782	0.139143	0.187922	0.275939	0.379564	0.471351	0.543899	0.584082	0.602945	0.610697	0.605571	0.575088	0.515379	0.429978	0.329758	0.24423	0.188253	0.163354	0.164066	0.169712	0.188307	
0.970581	0.970581	0.963803	0.938247	0.869201	0.746963	0.5891	0.408865	0.230657	0.079997	-0.0347181	-0.128198	-0.210069	-0.269379	-0.26859	-0.192593	-0.0517481	0.124212	0.297821	0.432798	0.516957	0.553607	0.557721	0.540336	0.521224	0.493097	0.44355	0.378384	0.315184	0.274355	0.270641	0.313513	0.394157	0.484495	0.563881	0.624478	0.654293	0.662321	0.665806	0.655163	0.618642	0.548322	0.448338	0.332086	0.225018	0.152112	0.12076	0.124204	0.143814	0.184183	
1.12038	1.12038	1.1214	1.11347	1.07239	0.977026	0.829316	0.662003	0.489945	0.334918	0.200525	0.0825796	-0.0256246	-0.107396	-0.136065	-0.0848842	0.0378396	0.195278	0.353785	0.476149	0.545391	0.568854	0.570854	0.560014	0.54551	0.522383	0.478836	0.425303	0.376227	0.343019	0.334234	0.366647	0.434438	0.516045	0.592701	0.645814	0.669348	0.67082	0.671637	0.662513	0.631035	0.563253	0.46552	0.349481	0.233101	0.151722	0.119436	0.120543	0.147881	0.206783	
1.21856	1.21856	1.22122	1.22056	1.19864	1.12761	1.0107	0.867186	0.709673	0.557998	0.419471	0.278174	0.151945	0.0573884	0.0121041	0.0400148	0.136234	0.263032	0.391585	0.488833	0.535665	0.550045	0.550179	0.542417	0.525561	0.503416	0.464812	0.418028	0.373414	0.333365	0.317697	0.342135	0.399258	0.468573	0.53948	0.591209	0.619636	0.63106	0.640045	0.646736	0.628117	0.571654	0.484029	0.377661	0.262259	0.178171	0.143552	0.145845	0.182636	0.255327	
1.26436	1.26436	1.26746	1.27023	1.25812	1.20969	1.12721	1.01347	0.876763	0.740904	0.607224	0.461092	0.326974	0.221687	0.159947	0.16659	0.230611	0.326546	0.423485	0.48679	0.504045	0.500281	0.48743	0.47323	0.454644	0.434634	0.397525	0.349147	0.298026	0.247537	0.22165	0.242189	0.28885	0.348425	0.411972	0.46673	0.506095	0.543481	0.582076	0.620085	0.628987	0.591967	0.515568	0.41798	0.307803	0.223667	0.186453	0.191073	0.233123	0.312464	
1.24729	1.24729	1.2598	1.2684	1.2634	1.23564	1.18259	1.09653	0.989553	0.874378	0.750819	0.61636	0.488227	0.371534	0.293526	0.282941	0.322721	0.388845	0.447907	0.471468	0.458434	0.429195	0.393023	0.359014	0.332956	0.309547	0.267655	0.210741	0.160737	0.110637	0.081289	0.0891356	0.118932	0.166583	0.224939	0.284374	0.345608	0.42437	0.509421	0.586557	0.626892	0.612682	0.550705	0.458935	0.353118	0.269023	0.236346	0.252191	0.297239	0.372351	
1.17697	1.17697	1.192	1.21362	1.22635	1.21819	1.1859	1.1279	1.04795	0.955887	0.848984	0.731099	0.610464	0.494458	0.409401	0.381946	0.403141	0.44481	0.470182	0.452175	0.401307	0.33385	0.268502	0.209342	0.167197	0.133281	0.086363	0.03399	-0.00645455	-0.0479006	-0.0781174	-0.0828017	-0.0729611	-0.0433998	0.00803732	0.075046	0.168368	0.289984	0.420172	0.533383	0.607754	0.621127	0.574892	0.488662	0.391585	0.318023	0.291446	0.303842	0.348122	0.418136	
1.07424	1.07424	1.0905	1.1224	1.15441	1.17146	1.16373	1.12985	1.07058	0.996471	0.903993	0.799319	0.689695	0.586049	0.508888	0.473608	0.469481	0.476203	0.465973	0.414305	0.325427	0.218192	0.115255	0.0299894	-0.0302302	-0.0763506	-0.120939	-0.154097	-0.175275	-0.19891	-0.222218	-0.238099	-0.246497	-0.235645	-0.198494	-0.125306	-0.0100154	0.146201	0.317821	0.465286	0.56699	0.604864	0.575927	0.501019	0.420592	0.355985	0.325536	0.332096	0.37188	0.444897	
0.965934	0.965934	0.989062	1.02771	1.07765	1.11846	1.13488	1.11836	1.07717	1.00912	0.931094	0.839356	0.742098	0.645993	0.580888	0.538305	0.512529	0.483262	0.43196	0.338673	0.212753	0.0715	-0.0617239	-0.164534	-0.235441	-0.280833	-0.310029	-0.318808	-0.320888	-0.325842	-0.337894	-0.358745	-0.376854	-0.381306	-0.356338	-0.29265	-0.172646	-0.00183508	0.19275	0.364243	0.489682	0.555653	0.55439	0.500371	0.428622	0.368862	0.332894	0.338771	0.384665	0.458106	
0.869581	0.869581	0.898405	0.944741	1.00519	1.06248	1.09777	1.10205	1.07216	1.01286	0.940758	0.85677	0.763442	0.680578	0.614984	0.563209	0.516951	0.462469	0.367501	0.230974	0.0640668	-0.105304	-0.251428	-0.355667	-0.424736	-0.46109	-0.463644	-0.446725	-0.431865	-0.422247	-0.422405	-0.438957	-0.461604	-0.476136	-0.466889	-0.413822	-0.310206	-0.150441	0.0392312	0.219275	0.3652	0.466175	0.49711	0.465103	0.400718	0.348122	0.319378	0.331605	0.383199	0.458818	
0.808066	0.808066	0.83246	0.883595	0.950622	1.01702	1.06275	1.08388	1.06114	1.00887	0.93381	0.849791	0.758102	0.679422	0.605552	0.540659	0.477114	0.397871	0.270319	0.101125	-0.0901953	-0.275876	-0.428147	-0.528468	-0.583049	-0.598255	-0.57524	-0.53127	-0.494961	-0.465765	-0.448247	-0.456833	-0.48626	-0.515924	-0.526802	-0.502519	-0.432992	-0.306209	-0.136447	0.0429513	0.203936	0.327773	0.389691	0.379711	0.334966	0.301187	0.292206	0.317429	0.379523	0.453722	
0.779334	0.779334	0.805248	0.857145	0.922813	0.988944	1.03581	1.05593	1.03621	0.98627	0.910537	0.824253	0.727804	0.636146	0.553114	0.476549	0.39879	0.300306	0.155462	-0.0276046	-0.223551	-0.415856	-0.572318	-0.670199	-0.707959	-0.693556	-0.639107	-0.564578	-0.498858	-0.44452	-0.413155	-0.416367	-0.455909	-0.506799	-0.545781	-0.561178	-0.534797	-0.448112	-0.307488	-0.14471	0.0181531	0.152308	0.236554	0.256968	0.243158	0.238138	0.252327	0.294272	0.363971	0.43908	
0.800004	0.800004	0.820963	0.864345	0.919727	0.976355	1.01661	1.02497	0.99921	0.94491	0.864174	0.768614	0.664615	0.560268	0.469003	0.387309	0.305028	0.19345	0.0356806	-0.151105	-0.344926	-0.532833	-0.682864	-0.770804	-0.791141	-0.751746	-0.66974	-0.560479	-0.458267	-0.380896	-0.336376	-0.339962	-0.393456	-0.471274	-0.545071	-0.599107	-0.612954	-0.568192	-0.463525	-0.323057	-0.170717	-0.0315032	0.0683889	0.114301	0.127715	0.145168	0.181803	0.243824	0.319088	0.402631	
0.849012	0.849012	0.860907	0.890102	0.92722	0.965918	0.992285	0.985531	0.942787	0.874819	0.785253	0.682047	0.571395	0.46625	0.377547	0.294275	0.204107	0.0860724	-0.0713665	-0.254231	-0.443028	-0.621072	-0.758413	-0.834418	-0.838982	-0.778211	-0.671562	-0.530107	-0.39364	-0.295957	-0.249218	-0.259645	-0.330979	-0.434345	-0.534732	-0.617565	-0.665077	-0.656272	-0.588645	-0.476241	-0.337064	-0.204269	-0.102085	-0.0392609	-0.00539552	0.0300614	0.0792189	0.149245	0.238322	0.338547	
0.894594	0.894594	0.901878	0.918478	0.938675	0.95511	0.953952	0.922581	0.86464	0.785676	0.686828	0.57601	0.46391	0.363218	0.27971	0.19984	0.10843	-0.00839415	-0.157734	-0.332055	-0.512762	-0.676459	-0.800092	-0.86724	-0.860783	-0.781578	-0.649449	-0.482301	-0.322383	-0.21283	-0.16646	-0.185122	-0.267449	-0.385909	-0.507139	-0.612914	-0.685338	-0.708044	-0.674319	-0.591843	-0.47792	-0.36387	-0.268831	-0.197631	-0.146358	-0.102208	-0.0492608	0.031261	0.13661	0.25946	
0.923645	0.923645	0.925389	0.928452	0.933286	0.930478	0.904096	0.855598	0.783521	0.690022	0.581327	0.469892	0.361768	0.267147	0.186104	0.114167	0.0323196	-0.0747169	-0.215091	-0.379592	-0.54679	-0.693053	-0.80601	-0.868408	-0.857496	-0.764445	-0.61028	-0.424554	-0.251217	-0.133612	-0.0858178	-0.106846	-0.193833	-0.321681	-0.459596	-0.582981	-0.67414	-0.721179	-0.715779	-0.663237	-0.580586	-0.492444	-0.410983	-0.338468	-0.281734	-0.234558	-0.174306	-0.0803594	0.041658	0.182139	
0.925653	0.925653	0.926854	0.920667	0.910529	0.890235	0.852333	0.795799	0.712916	0.610659	0.501551	0.386383	0.278379	0.190172	0.116588	0.0553915	-0.0136383	-0.108037	-0.236978	-0.392314	-0.549153	-0.685316	-0.793293	-0.853018	-0.83721	-0.730976	-0.558545	-0.365011	-0.184847	-0.0620612	-0.0127478	-0.0370727	-0.126843	-0.261211	-0.408912	-0.545191	-0.647996	-0.707521	-0.721371	-0.693522	-0.637364	-0.57405	-0.511127	-0.447258	-0.392258	-0.341498	-0.274748	-0.175229	-0.0355656	0.118726	
0.907199	0.907199	0.897685	0.8837	0.868396	0.840827	0.796626	0.744385	0.661777	0.561247	0.452304	0.338423	0.226231	0.139894	0.0763901	0.0396509	-0.0143787	-0.104528	-0.232712	-0.383304	-0.534563	-0.669611	-0.775045	-0.82936	-0.805379	-0.690032	-0.508564	-0.315246	-0.136251	-0.0139139	0.0326023	0.00587942	-0.0899459	-0.226198	-0.383216	-0.527007	-0.632957	-0.693957	-0.715135	-0.699493	-0.659723	-0.615033	-0.563046	-0.509884	-0.463055	-0.419774	-0.351677	-0.241038	-0.0910181	0.0662738	
0.846219	0.846219	0.833831	0.809768	0.787838	0.765643	0.731817	0.684745	0.613639	0.526418	0.425569	0.311581	0.207163	0.129554	0.0813295	0.0552631	0.012268	-0.0747105	-0.198706	-0.350299	-0.501413	-0.640029	-0.741381	-0.789072	-0.761903	-0.646284	-0.467979	-0.280431	-0.107996	0.00711594	0.0501508	0.0201546	-0.0792423	-0.222101	-0.382616	-0.532345	-0.635495	-0.695771	-0.715914	-0.703419	-0.66546	-0.623992	-0.577036	-0.533217	-0.49537	-0.455366	-0.384052	-0.276589	-0.133694	0.0184035	
0.742374	0.742374	0.724604	0.702673	0.68402	0.661462	0.638355	0.607379	0.555956	0.487154	0.404687	0.303972	0.216322	0.155022	0.118479	0.0929962	0.0508843	-0.0323813	-0.150373	-0.293692	-0.442202	-0.580277	-0.67976	-0.72711	-0.707059	-0.600545	-0.434159	-0.255832	-0.0918039	0.0156473	0.0558376	0.0246077	-0.0785398	-0.226279	-0.390049	-0.543818	-0.650589	-0.708964	-0.727117	-0.711279	-0.669059	-0.622526	-0.573383	-0.525235	-0.483398	-0.438209	-0.368818	-0.274054	-0.150688	-0.0173602	
0.597384	0.597384	0.585215	0.569513	0.552389	0.533431	0.522242	0.509832	0.485722	0.443323	0.382859	0.310054	0.24778	0.202947	0.172226	0.148518	0.105482	0.025661	-0.0901216	-0.226325	-0.369429	-0.500285	-0.597519	-0.650806	-0.642553	-0.55425	-0.405538	-0.241174	-0.0897987	0.00785578	0.0464285	0.0179726	-0.0853406	-0.234196	-0.402176	-0.557324	-0.669277	-0.726287	-0.742249	-0.718177	-0.666602	-0.608171	-0.545726	-0.482407	-0.427225	-0.378621	-0.318996	-0.24099	-0.147145	-0.043931	
0.442458	0.442458	0.432788	0.416408	0.401011	0.398206	0.408799	0.417183	0.417985	0.401995	0.369428	0.328264	0.293496	0.26464	0.241754	0.217679	0.179652	0.100116	-0.0165457	-0.152709	-0.289883	-0.415488	-0.510754	-0.570019	-0.571664	-0.500164	-0.375149	-0.22926	-0.0965533	-0.0110141	0.0212424	-0.0080443	-0.111538	-0.262939	-0.426157	-0.580379	-0.688918	-0.7436	-0.749158	-0.713378	-0.644565	-0.565683	-0.479691	-0.398033	-0.334998	-0.289544	-0.244687	-0.192879	-0.127859	-0.0570447	
0.294277	0.294277	0.279807	0.265288	0.261221	0.277198	0.309366	0.344752	0.372851	0.385369	0.380461	0.363593	0.339485	0.324085	0.314143	0.298855	0.260416	0.179995	0.0580076	-0.0792446	-0.216165	-0.336619	-0.432443	-0.491118	-0.494898	-0.441409	-0.340538	-0.218168	-0.107011	-0.0345718	-0.00996911	-0.0483585	-0.153781	-0.30441	-0.466034	-0.610607	-0.712783	-0.756417	-0.747833	-0.694825	-0.608828	-0.503164	-0.394857	-0.298488	-0.230166	-0.193749	-0.168031	-0.135142	-0.0909654	-0.0420305	
0.133731	0.133731	0.123622	0.114601	0.12486	0.16591	0.22505	0.288451	0.346248	0.383269	0.399503	0.401161	0.389286	0.382091	0.378683	0.364568	0.327241	0.251843	0.135183	-0.00114151	-0.139855	-0.26197	-0.35695	-0.40807	-0.409362	-0.368532	-0.290394	-0.194769	-0.111455	-0.0580256	-0.0494655	-0.0957896	-0.200161	-0.347907	-0.504444	-0.640969	-0.734014	-0.768849	-0.750482	-0.682389	-0.574949	-0.445476	-0.316141	-0.209725	-0.140229	-0.106185	-0.0905174	-0.0704528	-0.0412532	-0.0185283	
-0.0326959	-0.0326959	-0.0319582	-0.0257533	0.00166899	0.0645737	0.147098	0.242164	0.329113	0.387427	0.414641	0.427476	0.42533	0.428062	0.427869	0.409603	0.369748	0.29904	0.191309	0.0588915	-0.0765754	-0.197371	-0.28506	-0.325184	-0.319601	-0.287523	-0.228128	-0.156658	-0.100692	-0.0685979	-0.0779722	-0.137003	-0.245413	-0.389694	-0.541413	-0.671371	-0.756842	-0.789005	-0.76234	-0.682377	-0.5608	-0.415794	-0.273237	-0.163225	-0.0894031	-0.0498873	-0.0306637	-0.0117339	0.0121695	0.023312	
-0.184402	-0.184402	-0.173047	-0.149254	-0.102924	-0.0252341	0.0772471	0.194115	0.302169	0.375129	0.417687	0.441097	0.448706	0.454413	0.453882	0.42999	0.390649	0.327459	0.224172	0.0895431	-0.0448298	-0.157135	-0.230206	-0.25102	-0.233999	-0.201842	-0.149541	-0.0949885	-0.0632179	-0.0541217	-0.085871	-0.169662	-0.287692	-0.430203	-0.57594	-0.696606	-0.776171	-0.80904	-0.782714	-0.698355	-0.567688	-0.406796	-0.257967	-0.146621	-0.0680693	-0.0197663	0.00395788	0.0248953	0.0506653	0.0652325	
-0.286624	-0.286624	-0.275258	-0.246164	-0.187533	-0.0927306	0.0257832	0.150381	0.260053	0.337895	0.394693	0.436919	0.457181	0.463236	0.461776	0.437614	0.397504	0.331619	0.225391	0.0914915	-0.0372114	-0.137032	-0.187947	-0.183543	-0.152314	-0.111465	-0.0595058	-0.0114538	0.00909913	0.000901303	-0.0574775	-0.169584	-0.309671	-0.460313	-0.602374	-0.718297	-0.795921	-0.827954	-0.802735	-0.712567	-0.570836	-0.404823	-0.25248	-0.136941	-0.0541563	0.000211463	0.0277389	0.0516193	0.0846545	0.105255	
-0.331238	-0.331238	-0.320451	-0.288914	-0.224722	-0.127887	-0.0104658	0.105217	0.211724	0.29331	0.357046	0.407591	0.441541	0.455535	0.451151	0.421897	0.37706	0.308236	0.202623	0.0780887	-0.0387925	-0.123731	-0.153832	-0.129983	-0.079889	-0.0252489	0.0348106	0.0854217	0.104836	0.0841369	0.00478917	-0.136487	-0.304233	-0.466787	-0.61645	-0.736759	-0.816294	-0.844582	-0.811102	-0.713302	-0.571943	-0.407712	-0.256869	-0.138512	-0.0447943	0.0231796	0.0607904	0.0892988	0.119568	0.14823	
-0.326619	-0.326619	-0.313284	-0.279832	-0.223181	-0.141707	-0.0392101	0.0639326	0.160973	0.240999	0.308929	0.363265	0.399066	0.413227	0.40745	0.372982	0.324127	0.25967	0.170112	0.0647148	-0.035662	-0.104833	-0.117806	-0.0773607	-0.0139503	0.0529813	0.121834	0.177709	0.196091	0.165675	0.068534	-0.0944737	-0.280762	-0.459442	-0.619704	-0.749301	-0.830159	-0.850909	-0.809985	-0.714506	-0.578882	-0.423373	-0.278958	-0.152815	-0.0436788	0.0401845	0.0912814	0.125024	0.160396	0.193704	
-0.282437	-0.282437	-0.267125	-0.236316	-0.19375	-0.135878	-0.0597268	0.0248303	0.11289	0.188458	0.24775	0.295123	0.328148	0.337636	0.322855	0.288519	0.24469	0.189769	0.121198	0.0449193	-0.031495	-0.0757556	-0.0646967	-0.00821435	0.0624481	0.129959	0.193181	0.242795	0.259499	0.220236	0.114151	-0.0558421	-0.252432	-0.443382	-0.610671	-0.745896	-0.828471	-0.845036	-0.806771	-0.718327	-0.595087	-0.45463	-0.315258	-0.184187	-0.0657793	0.0280967	0.0984207	0.151878	0.199597	0.239124	
-0.214431	-0.214431	-0.199931	-0.17645	-0.146331	-0.10773	-0.0560809	0.000255476	0.063673	0.122652	0.173846	0.213512	0.238538	0.238375	0.209076	0.170635	0.136921	0.104718	0.063456	0.015967	-0.0313874	-0.0448124	-0.00878716	0.0631288	0.141514	0.205581	0.256152	0.287015	0.286207	0.23553	0.123993	-0.0386118	-0.227216	-0.407	-0.568186	-0.699165	-0.78653	-0.81429	-0.791324	-0.722014	-0.616597	-0.487994	-0.356977	-0.231527	-0.114602	-0.00973704	0.082853	0.161847	0.222691	0.269779	
-0.132604	-0.132604	-0.122267	-0.106654	-0.0857887	-0.0580544	-0.0275994	0.00179488	0.0319317	0.0632521	0.0953493	0.120832	0.131448	0.116051	0.0798338	0.0441113	0.0205981	0.00416995	-0.0051187	-0.0234328	-0.039836	-0.0226539	0.0378033	0.123843	0.209923	0.271152	0.306062	0.315163	0.294678	0.231237	0.122461	-0.0215253	-0.180256	-0.337834	-0.480013	-0.608837	-0.705466	-0.757234	-0.759342	-0.711548	-0.622674	-0.512134	-0.4002	-0.287683	-0.174335	-0.0632302	0.0519866	0.154093	0.237577	0.295782	
-0.0603121	-0.0603121	-0.0498476	-0.0343	-0.0143807	0.00320819	0.0147623	0.0212228	0.0252695	0.0264869	0.0288259	0.0260572	0.0176409	-0.00881935	-0.0503335	-0.0832821	-0.0984277	-0.0992998	-0.0846608	-0.0683045	-0.0489901	-0.00329417	0.0715814	0.165095	0.250574	0.308061	0.334442	0.332058	0.30548	0.24249	0.140059	0.0171949	-0.113671	-0.245811	-0.372646	-0.49518	-0.605081	-0.681489	-0.711011	-0.686057	-0.622486	-0.537994	-0.443364	-0.338368	-0.225213	-0.104865	0.0272312	0.151345	0.250876	0.326864	
-0.0155243	-0.0155243	0.00901413	0.0381217	0.062019	0.0709976	0.0656803	0.0512068	0.0337488	0.0125885	-0.00998805	-0.0417966	-0.0763419	-0.119653	-0.167293	-0.202964	-0.217	-0.20538	-0.168212	-0.125234	-0.0734811	7.20936e-05	0.0877013	0.178046	0.25516	0.306087	0.328109	0.328201	0.309215	0.258848	0.169354	0.0647964	-0.0460095	-0.159492	-0.277298	-0.395229	-0.509352	-0.60272	-0.655963	-0.659567	-0.627808	-0.567142	-0.483641	-0.377774	-0.258187	-0.124564	0.0195634	0.158342	0.275784	0.37302	
0.0189346	0.0189346	0.0525185	0.0985086	0.133627	0.139154	0.121161	0.0909936	0.0569439	0.0193605	-0.0198485	-0.0700454	-0.125333	-0.194262	-0.259803	-0.308063	-0.327159	-0.312511	-0.259402	-0.194801	-0.119227	-0.0283281	0.0680194	0.15597	0.226515	0.274371	0.296681	0.303491	0.295217	0.258121	0.187594	0.101732	0.01292	-0.0895718	-0.201795	-0.315239	-0.423837	-0.524565	-0.593133	-0.620969	-0.617935	-0.584051	-0.514669	-0.408976	-0.280908	-0.136294	0.0229865	0.180645	0.31884	0.428639	
0.0581215	0.0581215	0.0921163	0.142959	0.18205	0.190418	0.170242	0.134125	0.0895243	0.0466076	-0.000749192	-0.0599481	-0.136674	-0.229506	-0.322373	-0.393773	-0.427439	-0.40961	-0.351898	-0.273159	-0.183437	-0.086437	0.0106713	0.100398	0.175424	0.234738	0.267275	0.277173	0.269636	0.24232	0.189851	0.13039	0.0671356	-0.0178542	-0.124335	-0.228518	-0.334038	-0.435012	-0.514666	-0.563873	-0.58814	-0.581972	-0.529702	-0.430504	-0.299579	-0.140371	0.0387938	0.218273	0.371759	0.491097	
0.0897703	0.0897703	0.116294	0.158378	0.191638	0.200932	0.190297	0.162171	0.124698	0.0839121	0.0317586	-0.0361503	-0.124338	-0.235722	-0.348657	-0.441582	-0.496093	-0.495014	-0.444649	-0.362438	-0.264236	-0.157912	-0.0529205	0.0383853	0.120995	0.191224	0.227106	0.236352	0.227253	0.206786	0.179376	0.150505	0.116852	0.0568933	-0.0317544	-0.124558	-0.220702	-0.325112	-0.421859	-0.499334	-0.553593	-0.571216	-0.533161	-0.439732	-0.303851	-0.127929	0.0686752	0.264505	0.428114	0.548356	
0.105353	0.105353	0.124437	0.160233	0.187709	0.198195	0.194346	0.180109	0.154022	0.124261	0.0724929	0.00192701	-0.0953856	-0.212583	-0.334858	-0.447495	-0.535243	-0.566758	-0.539068	-0.459631	-0.350549	-0.230455	-0.112143	-0.0119675	0.0707921	0.132337	0.159468	0.16189	0.150359	0.14218	0.140942	0.142047	0.143681	0.11956	0.0650648	0.00107622	-0.0833023	-0.197377	-0.319677	-0.434166	-0.517756	-0.557203	-0.529611	-0.432918	-0.279454	-0.0865963	0.122534	0.324388	0.489444	0.603814	
0.0997671	0.0997671	0.123776	0.164081	0.19317	0.207161	0.207396	0.20316	0.189447	0.172199	0.124329	0.0563606	-0.0433664	-0.167109	-0.306907	-0.441227	-0.555273	-0.616253	-0.615346	-0.546947	-0.432009	-0.299238	-0.168263	-0.0656689	0.00855513	0.0534058	0.0622499	0.0489323	0.0321151	0.0317203	0.0518664	0.0864405	0.129627	0.15592	0.155135	0.128244	0.0583717	-0.0581589	-0.20208	-0.348413	-0.460685	-0.518667	-0.499337	-0.403155	-0.243275	-0.0380499	0.183549	0.387797	0.545717	0.64418	
0.0759349	0.0759349	0.104581	0.150783	0.192374	0.220606	0.235573	0.240117	0.237893	0.22857	0.188915	0.116964	0.00902693	-0.132018	-0.288792	-0.439473	-0.568987	-0.64448	-0.651455	-0.587165	-0.474133	-0.338078	-0.210326	-0.114379	-0.0549555	-0.032714	-0.0465536	-0.0773046	-0.109587	-0.11403	-0.0764086	-0.00820233	0.0813874	0.167057	0.221348	0.235207	0.19068	0.0841758	-0.0614167	-0.219864	-0.348833	-0.42256	-0.422087	-0.343463	-0.190989	0.011417	0.22512	0.424693	0.573556	0.660705	
0.0337743	0.0337743	0.067009	0.120909	0.177767	0.229901	0.266699	0.2925	0.301436	0.294747	0.247754	0.163288	0.0377229	-0.119255	-0.291173	-0.450462	-0.582443	-0.65595	-0.653656	-0.581655	-0.461419	-0.330899	-0.21762	-0.142022	-0.108925	-0.118368	-0.158856	-0.21626	-0.269568	-0.280005	-0.229979	-0.128143	0.0080236	0.146053	0.257209	0.319267	0.313176	0.237583	0.110367	-0.0476703	-0.187951	-0.280246	-0.306179	-0.252392	-0.122243	0.0540527	0.244893	0.42071	0.556979	0.637366	
-0.0102595	-0.0102595	0.0240397	0.0806401	0.154371	0.232966	0.300124	0.34806	0.36785	0.350909	0.288649	0.183457	0.045545	-0.122047	-0.300331	-0.462203	-0.588872	-0.654534	-0.63974	-0.551565	-0.416265	-0.282721	-0.189388	-0.145159	-0.153773	-0.207197	-0.289035	-0.382085	-0.457712	-0.474066	-0.410249	-0.277666	-0.101205	0.0894843	0.263065	0.387133	0.43903	0.413052	0.312125	0.156192	-0.00440062	-0.120979	-0.172411	-0.147912	-0.0521432	0.0884651	0.243015	0.387923	0.500949	0.572778	
-0.0317619	-0.0317619	0.00193714	0.0574279	0.139082	0.233604	0.321816	0.384088	0.411001	0.387478	0.314231	0.190195	0.0407865	-0.129423	-0.301579	-0.458855	-0.582106	-0.639991	-0.607683	-0.502142	-0.356502	-0.220437	-0.14138	-0.125176	-0.177734	-0.285688	-0.421159	-0.555381	-0.657395	-0.682522	-0.609212	-0.450869	-0.237117	0.00912481	0.248767	0.445178	0.565204	0.590553	0.51815	0.368832	0.194336	0.0520962	-0.034278	-0.0450206	0.019009	0.126231	0.240771	0.350665	0.438374	0.500846	
-0.0209453	-0.0209453	0.00579708	0.0532745	0.128312	0.220663	0.311707	0.383752	0.416167	0.392106	0.315922	0.192461	0.0422581	-0.125368	-0.293878	-0.443568	-0.552447	-0.599427	-0.560973	-0.450795	-0.297485	-0.162572	-0.0906649	-0.0978149	-0.189497	-0.3485	-0.536317	-0.717838	-0.847654	-0.885816	-0.813831	-0.63771	-0.38606	-0.0859246	0.225853	0.492503	0.674885	0.750543	0.710999	0.57555	0.394403	0.228066	0.108743	0.0616627	0.0852335	0.155116	0.243453	0.322533	0.384294	0.423562	
0.0208036	0.0208036	0.0351114	0.0658096	0.12491	0.204074	0.287511	0.353784	0.387402	0.368959	0.304526	0.189852	0.0459207	-0.112106	-0.267045	-0.406411	-0.505982	-0.545925	-0.51046	-0.403176	-0.253027	-0.114923	-0.0462497	-0.067041	-0.189221	-0.390554	-0.626185	-0.848065	-1.00653	-1.06426	-0.998732	-0.812819	-0.529813	-0.176104	0.19722	0.527173	0.765319	0.886223	0.878756	0.764918	0.58645	0.403843	0.258103	0.174107	0.158016	0.191723	0.244346	0.293224	0.328114	0.353015	
0.0710734	0.0710734	0.0760033	0.0936338	0.133173	0.192974	0.263894	0.323748	0.353981	0.337418	0.278764	0.176997	0.0465624	-0.0937631	-0.233126	-0.361627	-0.455904	-0.498657	-0.468139	-0.364329	-0.219544	-0.0852666	-0.0152052	-0.0496384	-0.194018	-0.424123	-0.694183	-0.946439	-1.12631	-1.20192	-1.14717	-0.954982	-0.65028	-0.260236	0.161025	0.540387	0.828806	0.992029	1.01729	0.926522	0.757848	0.563961	0.394239	0.279256	0.224	0.216936	0.2322	0.249761	0.268417	0.286667	
0.108377	0.108377	0.0996551	0.103798	0.130628	0.182284	0.2462	0.30241	0.325764	0.305509	0.247241	0.157369	0.0380132	-0.0846326	-0.209892	-0.331497	-0.419812	-0.456238	-0.428591	-0.326147	-0.182736	-0.0574564	-0.00153722	-0.0514862	-0.208901	-0.451393	-0.73462	-1.00528	-1.20197	-1.29191	-1.2465	-1.05639	-0.739419	-0.330866	0.116649	0.528474	0.852572	1.05361	1.11268	1.04599	0.887863	0.688714	0.507241	0.365991	0.271006	0.220657	0.205197	0.201123	0.21214	0.231878	
0.119691	0.119691	0.105797	0.10288	0.121515	0.167973	0.23247	0.288541	0.310285	0.287203	0.226994	0.138856	0.0259928	-0.0866866	-0.202941	-0.318658	-0.402734	-0.434052	-0.398569	-0.290248	-0.153743	-0.0406046	0.00382347	-0.0585528	-0.22188	-0.464801	-0.752293	-1.02874	-1.23337	-1.33336	-1.29459	-1.10478	-0.786467	-0.372943	0.0818888	0.505796	0.849968	1.07358	1.15423	1.10716	0.96207	0.763084	0.571478	0.411838	0.292403	0.218056	0.18093	0.166501	0.177871	0.204437	
0.119691	0.119691	0.105797	0.10288	0.121515	0.167973	0.23247	0.288541	0.310285	0.287203	0.226994	0.138856	0.0259928	-0.0866866	-0.202941	-0.318658	-0.402734	-0.434052	-0.398569	-0.290248	-0.153743	-0.0406046	0.00382347	-0.0585528	-0.22188	-0.464801	-0.752293	-1.02874	-1.23337	-1.33336	-1.29459	-1.10478	-0.786467	-0.372943	0.0818888	0.505796	0.849968	1.07358	1.15423	1.10716	0.96207	0.763084	0.571478	0.411838	0.292403	0.218056	0.18093	0.166501	0.177871	0.204437	
