-0.162376	-0.162376	-0.141111	-0.11316	-0.0918988	-0.0789617	-0.0652132	-0.0571541	-0.0516912	-0.0321218	-0.00308889	0.0193426	0.0395391	0.044683	0.0356012	0.0388115	0.0599293	0.100976	0.159617	0.204507	0.218509	0.198041	0.142207	0.0678526	-0.00751865	-0.0671471	-0.0951277	-0.103637	-0.0903237	-0.0528822	-0.0114787	0.0240254	0.065889	0.112402	0.154747	0.188255	0.201393	0.185518	0.147501	0.0997039	0.0451781	-0.0116269	-0.0683647	-0.111253	-0.135371	-0.155034	-0.180503	-0.215436	-0.249943	-0.257082	
-0.323737	-0.323737	-0.295618	-0.248318	-0.197974	-0.146678	-0.0939317	-0.0408675	0.00957165	0.069996	0.128326	0.180632	0.216233	0.222076	0.208401	0.201759	0.201781	0.22614	0.273242	0.304063	0.304791	0.2763	0.217236	0.143011	0.06746	0.00722939	-0.0280771	-0.0408615	-0.0283011	0.000548879	0.0273495	0.0580234	0.0957956	0.14466	0.199934	0.241616	0.261057	0.259783	0.245842	0.222182	0.19743	0.176375	0.155684	0.13852	0.124558	0.0972807	0.0561445	-0.00100099	-0.0744002	-0.138535	
-0.561748	-0.561748	-0.517438	-0.444226	-0.351716	-0.249785	-0.151744	-0.0593863	0.0360712	0.134993	0.227158	0.306049	0.356149	0.367564	0.353133	0.329521	0.303697	0.307547	0.337283	0.356329	0.350455	0.321337	0.265188	0.18994	0.116495	0.0598487	0.0270936	0.0168352	0.0301955	0.0460347	0.0621318	0.0867806	0.121545	0.175646	0.237808	0.283545	0.311739	0.327156	0.338191	0.342224	0.346557	0.361253	0.376794	0.384756	0.377306	0.345512	0.288708	0.205589	0.0963097	-0.0184228	
-0.815054	-0.815054	-0.760822	-0.657833	-0.518343	-0.365598	-0.225678	-0.0907226	0.0412144	0.173262	0.297236	0.402885	0.462096	0.475952	0.457849	0.419625	0.375537	0.355989	0.365892	0.375164	0.366199	0.334512	0.281102	0.208776	0.135816	0.0864309	0.0652274	0.0662689	0.0773532	0.0894087	0.102622	0.122137	0.158452	0.212435	0.271705	0.321335	0.361307	0.393776	0.428456	0.459962	0.491257	0.534002	0.575515	0.605919	0.610036	0.571655	0.501572	0.394445	0.257665	0.095874	
-1.05284	-1.05284	-0.985433	-0.854685	-0.680529	-0.494691	-0.314204	-0.134504	0.0346737	0.189532	0.337233	0.466435	0.540076	0.553661	0.528461	0.484942	0.43197	0.394529	0.383137	0.384071	0.367667	0.328478	0.269795	0.198299	0.131167	0.0950844	0.0933193	0.104174	0.116509	0.1305	0.144542	0.163825	0.202251	0.257617	0.312545	0.367393	0.414661	0.45868	0.508673	0.562817	0.619257	0.678545	0.739186	0.783473	0.786344	0.742994	0.662166	0.547705	0.392882	0.19508	
-1.23934	-1.23934	-1.16053	-1.01392	-0.822742	-0.617114	-0.404879	-0.193164	0.0100837	0.188464	0.351441	0.490486	0.584162	0.608994	0.584107	0.533876	0.482384	0.437861	0.409248	0.390579	0.361097	0.307676	0.241229	0.175034	0.120846	0.101136	0.114948	0.13546	0.152043	0.173267	0.192675	0.208897	0.243372	0.294199	0.34685	0.401973	0.457083	0.507598	0.564043	0.635103	0.708223	0.778888	0.846838	0.889233	0.886997	0.846215	0.768445	0.650825	0.488205	0.277963	
-1.35312	-1.35312	-1.27435	-1.12747	-0.934245	-0.717721	-0.489972	-0.261382	-0.0362631	0.168498	0.346268	0.493973	0.59782	0.64104	0.633092	0.588689	0.52984	0.478063	0.439134	0.401704	0.350977	0.281431	0.207734	0.146531	0.110277	0.109199	0.134934	0.163106	0.18473	0.210857	0.232163	0.246421	0.275367	0.320393	0.366189	0.422077	0.479719	0.531286	0.593381	0.672532	0.749203	0.822556	0.879561	0.909491	0.910054	0.876739	0.800184	0.686436	0.53232	0.334426	
-1.38689	-1.38689	-1.31699	-1.18463	-1.00178	-0.787259	-0.557382	-0.325864	-0.0890611	0.131423	0.327394	0.489929	0.606372	0.660718	0.669697	0.63295	0.5693	0.508364	0.458144	0.407705	0.346045	0.271797	0.193169	0.13825	0.116329	0.12806	0.160473	0.194999	0.221018	0.243528	0.262623	0.27388	0.300239	0.338182	0.380705	0.435768	0.491524	0.546263	0.609203	0.679358	0.742954	0.799015	0.837164	0.859655	0.863542	0.835701	0.769962	0.66877	0.535294	0.35336	
-1.35634	-1.35634	-1.29709	-1.18467	-1.02045	-0.8182	-0.596991	-0.373196	-0.140075	0.0884253	0.304672	0.487467	0.615873	0.679917	0.689988	0.648923	0.584378	0.525617	0.467786	0.407979	0.348039	0.284975	0.219518	0.175762	0.161439	0.173571	0.200175	0.229777	0.252403	0.269313	0.280442	0.294686	0.322946	0.360924	0.40498	0.461059	0.511467	0.565173	0.616364	0.661648	0.697478	0.729525	0.745027	0.751037	0.746985	0.727589	0.685523	0.611712	0.500193	0.335224	
-1.28479	-1.28479	-1.23013	-1.13131	-0.988714	-0.809666	-0.606744	-0.39287	-0.165702	0.063739	0.286119	0.47544	0.61363	0.684512	0.689656	0.643424	0.578711	0.517381	0.459775	0.40376	0.351465	0.311704	0.278518	0.252751	0.240034	0.24278	0.249934	0.261654	0.275297	0.282021	0.286655	0.305921	0.338471	0.385158	0.438748	0.496039	0.541947	0.58085	0.602521	0.612613	0.617402	0.618778	0.611209	0.594218	0.581864	0.578597	0.561892	0.519405	0.434678	0.297983	
-1.18157	-1.18157	-1.13188	-1.04401	-0.92122	-0.76621	-0.577035	-0.370306	-0.155102	0.0630728	0.279092	0.458779	0.591097	0.662572	0.671547	0.628057	0.56183	0.495728	0.44377	0.399439	0.368814	0.355281	0.345752	0.336054	0.329825	0.321473	0.308782	0.300888	0.293412	0.285233	0.286401	0.308006	0.348021	0.405054	0.464754	0.516454	0.556591	0.572742	0.56805	0.548024	0.519315	0.490454	0.457059	0.427517	0.414269	0.42141	0.428395	0.416945	0.364588	0.263267	
-1.04417	-1.04417	-1.00789	-0.930391	-0.8175	-0.676764	-0.505916	-0.309656	-0.108169	0.0952342	0.288113	0.448922	0.564773	0.624865	0.628012	0.591057	0.528266	0.462359	0.416886	0.390101	0.383913	0.387924	0.387869	0.388165	0.385815	0.376022	0.359406	0.335788	0.309283	0.292025	0.291131	0.312074	0.359476	0.414931	0.465294	0.503065	0.530184	0.530972	0.512064	0.473745	0.417011	0.364334	0.311933	0.275291	0.26311	0.277195	0.310468	0.327036	0.306927	0.238075	
-0.890705	-0.890705	-0.860004	-0.789291	-0.689012	-0.561311	-0.406534	-0.223644	-0.0383957	0.152277	0.319242	0.450271	0.536751	0.57945	0.568873	0.527869	0.464579	0.407431	0.37035	0.360386	0.37127	0.387996	0.394548	0.404605	0.405789	0.401237	0.387903	0.360916	0.333952	0.319155	0.316641	0.335546	0.372315	0.411305	0.442179	0.462309	0.471922	0.464439	0.43606	0.388542	0.32348	0.257319	0.194829	0.153247	0.143226	0.169078	0.22424	0.265588	0.27271	0.231017	
-0.735697	-0.735697	-0.716458	-0.660258	-0.568718	-0.448992	-0.300126	-0.130886	0.0399344	0.207402	0.352094	0.45586	0.512169	0.520082	0.488264	0.435281	0.370344	0.319804	0.293662	0.290595	0.3092	0.339088	0.365506	0.39449	0.411263	0.414307	0.401553	0.380758	0.368221	0.363451	0.362005	0.370885	0.381111	0.394429	0.405986	0.40854	0.404749	0.385601	0.350117	0.300931	0.23678	0.167199	0.103573	0.0645454	0.065154	0.106629	0.176292	0.239421	0.267557	0.240549	
-0.61403	-0.61403	-0.595533	-0.550099	-0.472179	-0.355968	-0.20959	-0.0449006	0.116178	0.261893	0.371232	0.445068	0.473391	0.451535	0.389182	0.314672	0.24147	0.19037	0.168269	0.169097	0.198757	0.246088	0.300762	0.354862	0.396687	0.415456	0.411598	0.402749	0.401985	0.404217	0.398018	0.392472	0.378559	0.369998	0.365319	0.355601	0.341297	0.312075	0.276228	0.226924	0.16301	0.0966249	0.0375001	0.0112596	0.0316621	0.0922055	0.171403	0.243073	0.273622	0.249652	
-0.519259	-0.519259	-0.498177	-0.451462	-0.374607	-0.261815	-0.121208	0.0368921	0.18655	0.308804	0.38954	0.427896	0.418434	0.363707	0.275986	0.171449	0.0778754	0.0164147	-0.00848338	-0.00537502	0.0393337	0.115144	0.200759	0.283116	0.352967	0.395733	0.410544	0.416249	0.423269	0.423172	0.415267	0.400211	0.379005	0.355388	0.341131	0.320696	0.299214	0.267586	0.233847	0.185029	0.122565	0.058535	0.00644776	-0.00299314	0.0421616	0.118534	0.199716	0.259459	0.282696	0.26395	
-0.428709	-0.428709	-0.405925	-0.354877	-0.273171	-0.157713	-0.0220808	0.121205	0.249593	0.351531	0.407687	0.40953	0.355857	0.263707	0.143434	0.0127504	-0.103139	-0.183821	-0.219405	-0.207815	-0.145674	-0.0393721	0.0813241	0.196823	0.293815	0.363797	0.401417	0.422142	0.432974	0.435045	0.428125	0.413955	0.395044	0.369879	0.351277	0.329528	0.303562	0.270137	0.231757	0.182531	0.121498	0.062444	0.0222929	0.0288384	0.0882582	0.1689	0.24362	0.293928	0.315591	0.301065	
-0.332475	-0.332475	-0.307379	-0.256526	-0.176897	-0.0665236	0.0648142	0.196892	0.312555	0.392158	0.418662	0.382453	0.285832	0.151113	-0.000804214	-0.150018	-0.284736	-0.380697	-0.425283	-0.406543	-0.325758	-0.18715	-0.0316509	0.116767	0.241338	0.330491	0.390772	0.42796	0.447563	0.45827	0.456308	0.440251	0.421004	0.404261	0.389593	0.380165	0.357782	0.319027	0.265986	0.209742	0.148846	0.0978252	0.0753391	0.0908179	0.148967	0.230871	0.30055	0.353381	0.374988	0.360975	
-0.224072	-0.224072	-0.207745	-0.165415	-0.0927938	0.0066834	0.130567	0.257148	0.364489	0.418998	0.413601	0.342174	0.209913	0.0403805	-0.134908	-0.307806	-0.456212	-0.553271	-0.590221	-0.562092	-0.462561	-0.306834	-0.128032	0.0499998	0.197381	0.302109	0.381225	0.432129	0.458319	0.482993	0.488538	0.472724	0.458782	0.44908	0.443203	0.443931	0.428908	0.385231	0.325013	0.264699	0.206625	0.160761	0.140497	0.150551	0.200164	0.280531	0.354942	0.409816	0.43787	0.428063	
-0.112729	-0.112729	-0.102976	-0.0685141	-0.00827346	0.0799635	0.192252	0.30809	0.394237	0.423289	0.385783	0.288432	0.13013	-0.0574047	-0.249038	-0.435488	-0.591415	-0.684752	-0.706586	-0.654989	-0.53556	-0.375755	-0.187295	0.00128586	0.158779	0.27596	0.373161	0.434064	0.469189	0.50246	0.514129	0.505775	0.503004	0.504882	0.506685	0.511554	0.496341	0.450813	0.389468	0.332929	0.277695	0.229975	0.205725	0.204765	0.246512	0.322907	0.396721	0.453625	0.484953	0.476404	
-0.0160997	-0.0160997	-0.00977418	0.0193957	0.0743042	0.153614	0.248585	0.338527	0.396871	0.392939	0.32842	0.21509	0.050083	-0.149239	-0.344348	-0.525401	-0.665027	-0.740696	-0.743046	-0.675945	-0.550868	-0.389997	-0.203179	-0.0136029	0.146641	0.270667	0.368088	0.432477	0.47058	0.505345	0.527801	0.536322	0.55137	0.56785	0.576701	0.575473	0.554274	0.505228	0.447653	0.396825	0.348089	0.301728	0.27528	0.263726	0.292915	0.357631	0.425203	0.479551	0.504684	0.492334	
0.0324077	0.0324077	0.0408973	0.0677034	0.117277	0.184533	0.260709	0.324795	0.358057	0.327016	0.241905	0.113527	-0.0543069	-0.244703	-0.416154	-0.565082	-0.668745	-0.714681	-0.700401	-0.628945	-0.505925	-0.347731	-0.169661	0.00783026	0.157795	0.270916	0.355187	0.415755	0.456148	0.492931	0.525409	0.550207	0.580801	0.609694	0.627452	0.626915	0.602188	0.552647	0.498959	0.450264	0.407151	0.367964	0.337845	0.318472	0.331853	0.378276	0.429553	0.473649	0.487971	0.471682	
0.0199152	0.0199152	0.023939	0.044789	0.0898198	0.147557	0.207034	0.249948	0.262231	0.218371	0.124598	-0.00869886	-0.16912	-0.330503	-0.465517	-0.563147	-0.617434	-0.62658	-0.593464	-0.511715	-0.392202	-0.244781	-0.0862234	0.0606486	0.182339	0.270188	0.333448	0.383187	0.427821	0.468085	0.507507	0.545561	0.584198	0.619716	0.646648	0.655015	0.634752	0.596269	0.549093	0.503978	0.461738	0.423954	0.386739	0.361195	0.359024	0.384165	0.415519	0.443974	0.448227	0.425234	
-0.0710482	-0.0710482	-0.0630882	-0.0417084	-0.00819028	0.0396004	0.0863453	0.122371	0.119718	0.0774194	-0.0126468	-0.131556	-0.2673	-0.384616	-0.476749	-0.523723	-0.528263	-0.493764	-0.428087	-0.331742	-0.214841	-0.0859588	0.0349355	0.135918	0.220486	0.277749	0.311183	0.344627	0.382897	0.422451	0.469771	0.525877	0.575457	0.618683	0.654274	0.668385	0.65858	0.636523	0.605065	0.56653	0.527712	0.483444	0.43561	0.396739	0.378346	0.380668	0.399149	0.413767	0.410693	0.382882	
-0.220909	-0.220909	-0.207599	-0.184349	-0.154552	-0.111066	-0.067934	-0.0329772	-0.0316668	-0.0611077	-0.136553	-0.235988	-0.332599	-0.398044	-0.436942	-0.433913	-0.392084	-0.320344	-0.223293	-0.113636	0.000505499	0.104717	0.183367	0.232169	0.26897	0.286847	0.287948	0.296474	0.322784	0.358824	0.41087	0.481175	0.54562	0.599775	0.650727	0.679858	0.690597	0.689453	0.674291	0.642197	0.605102	0.552349	0.494417	0.443029	0.410998	0.397303	0.404411	0.407685	0.399559	0.36816	
-0.400783	-0.400783	-0.392999	-0.370131	-0.33129	-0.277196	-0.217699	-0.171083	-0.161601	-0.180495	-0.228184	-0.293958	-0.344952	-0.358883	-0.34495	-0.299132	-0.216535	-0.108727	0.00852076	0.120984	0.222498	0.294478	0.327653	0.331666	0.320449	0.295271	0.260742	0.238359	0.242114	0.268342	0.320234	0.399738	0.480896	0.557795	0.633869	0.690223	0.730369	0.749458	0.746244	0.722366	0.687229	0.63371	0.572132	0.513151	0.46468	0.434453	0.423279	0.417914	0.405899	0.370252	
-0.610015	-0.610015	-0.596206	-0.56382	-0.511197	-0.4385	-0.354856	-0.290271	-0.264748	-0.263543	-0.278047	-0.303565	-0.306763	-0.272671	-0.211557	-0.127364	-0.0135904	0.113568	0.23589	0.340333	0.422999	0.466383	0.466437	0.430751	0.374522	0.306845	0.234221	0.178005	0.159668	0.169289	0.215527	0.297601	0.392824	0.491838	0.597577	0.685358	0.75511	0.795589	0.80281	0.786279	0.757376	0.710531	0.652943	0.591074	0.53159	0.483897	0.456873	0.43765	0.415028	0.373729	
-0.83917	-0.83917	-0.812889	-0.76131	-0.685916	-0.589731	-0.488117	-0.405851	-0.35521	-0.322473	-0.301785	-0.28002	-0.23394	-0.152959	-0.0539217	0.0605818	0.189425	0.321149	0.437477	0.533746	0.599463	0.618931	0.593107	0.526046	0.43333	0.330462	0.227967	0.144158	0.0984284	0.0887197	0.122162	0.200911	0.303194	0.421247	0.543971	0.65648	0.749115	0.807846	0.829107	0.824605	0.806063	0.770336	0.720186	0.659863	0.595331	0.539001	0.495284	0.458867	0.421115	0.367144	
-1.0524	-1.0524	-1.01762	-0.944108	-0.840763	-0.726445	-0.611082	-0.509446	-0.431341	-0.369834	-0.306956	-0.238343	-0.152525	-0.0385169	0.0946425	0.230145	0.369152	0.502324	0.612668	0.696136	0.743409	0.740852	0.689676	0.599094	0.486487	0.365386	0.245479	0.146024	0.0775721	0.0450271	0.0650791	0.133667	0.234572	0.354609	0.480595	0.600754	0.706601	0.784044	0.82591	0.840934	0.839411	0.818553	0.777171	0.719611	0.650619	0.584566	0.524883	0.471707	0.415106	0.339854	
-1.21524	-1.21524	-1.16407	-1.07437	-0.958692	-0.831375	-0.700088	-0.581242	-0.477473	-0.389304	-0.301962	-0.21075	-0.0983315	0.0407658	0.196194	0.353833	0.507823	0.640082	0.74209	0.816516	0.841585	0.814596	0.742935	0.633861	0.509418	0.384553	0.264602	0.164092	0.0916771	0.0496332	0.0580152	0.111172	0.195595	0.296197	0.407054	0.524615	0.635874	0.735596	0.804419	0.843008	0.863192	0.859226	0.825574	0.766485	0.687132	0.603994	0.52678	0.453436	0.375692	0.278741	
-1.30127	-1.30127	-1.25092	-1.1574	-1.02956	-0.884888	-0.741795	-0.610403	-0.496405	-0.40273	-0.31595	-0.214201	-0.0876247	0.0686553	0.239941	0.417017	0.582705	0.721059	0.825172	0.893662	0.904004	0.858407	0.769068	0.646207	0.519769	0.396468	0.28486	0.198125	0.132516	0.0938277	0.0954169	0.13112	0.185764	0.257024	0.340259	0.447302	0.561044	0.680551	0.775306	0.839261	0.88045	0.891741	0.865078	0.800772	0.705097	0.598268	0.493613	0.39467	0.295427	0.181235	
-1.3184	-1.3184	-1.26971	-1.1758	-1.04041	-0.886573	-0.734973	-0.606517	-0.503593	-0.429997	-0.353196	-0.256318	-0.122954	0.0387984	0.224143	0.410161	0.588164	0.733973	0.847587	0.918568	0.930286	0.882713	0.789783	0.66591	0.539792	0.422306	0.319172	0.245147	0.191327	0.158696	0.155893	0.173572	0.202524	0.240666	0.302978	0.394479	0.507299	0.635695	0.745683	0.82292	0.876727	0.89591	0.874534	0.806639	0.694127	0.560008	0.428035	0.302248	0.184721	0.0600562	
-1.25847	-1.25847	-1.20563	-1.11064	-0.979495	-0.831649	-0.69259	-0.585447	-0.507403	-0.456821	-0.4039	-0.32491	-0.196809	-0.0340013	0.152361	0.342168	0.525693	0.67796	0.798976	0.88523	0.91492	0.884252	0.806059	0.694512	0.572179	0.459191	0.365754	0.299545	0.255981	0.228631	0.222258	0.224928	0.233779	0.253901	0.300905	0.383428	0.490988	0.615488	0.721248	0.796009	0.843924	0.85824	0.835734	0.759839	0.631627	0.476997	0.32184	0.18149	0.0546292	-0.066232	
-1.10209	-1.10209	-1.05168	-0.96411	-0.84661	-0.724227	-0.619519	-0.552266	-0.508951	-0.487611	-0.457548	-0.396171	-0.284941	-0.136408	0.0417767	0.22808	0.408278	0.56778	0.701764	0.806393	0.863959	0.863358	0.811607	0.71929	0.607573	0.503774	0.4215	0.365479	0.330032	0.308245	0.295027	0.284764	0.277674	0.288349	0.326839	0.403145	0.501749	0.609316	0.696014	0.753548	0.779407	0.780172	0.745027	0.661273	0.522233	0.355333	0.191335	0.0499993	-0.0726196	-0.182578	
-0.866323	-0.866323	-0.819879	-0.745224	-0.659567	-0.582712	-0.531291	-0.511868	-0.511956	-0.521369	-0.51545	-0.472475	-0.381626	-0.250949	-0.0875849	0.0871547	0.261175	0.425778	0.572103	0.696719	0.782342	0.811188	0.786605	0.719271	0.625837	0.542058	0.480104	0.437999	0.411044	0.390265	0.370333	0.347434	0.328479	0.331581	0.36263	0.422994	0.50374	0.581836	0.640157	0.671404	0.674676	0.652759	0.604589	0.513426	0.370547	0.206465	0.052852	-0.074868	-0.180039	-0.276428	
-0.577508	-0.577508	-0.54826	-0.502198	-0.457989	-0.430992	-0.438048	-0.472337	-0.521715	-0.563453	-0.583677	-0.557475	-0.484083	-0.364872	-0.214252	-0.0476112	0.120419	0.288172	0.445285	0.583234	0.686355	0.73586	0.737062	0.695934	0.629696	0.573098	0.536233	0.507421	0.485185	0.463285	0.436245	0.401462	0.373799	0.367457	0.383399	0.423459	0.478869	0.524811	0.555065	0.562026	0.538194	0.494796	0.428882	0.329838	0.197946	0.0520374	-0.0763552	-0.176579	-0.260255	-0.336007	
-0.253542	-0.253542	-0.245849	-0.241876	-0.251492	-0.28018	-0.337074	-0.419533	-0.515663	-0.599543	-0.650094	-0.644071	-0.582831	-0.472097	-0.327379	-0.162291	0.00231284	0.17076	0.332567	0.475116	0.581626	0.643637	0.661093	0.644259	0.608087	0.58167	0.570446	0.557265	0.538233	0.51467	0.480389	0.437291	0.401767	0.387006	0.388199	0.407639	0.435778	0.450487	0.451807	0.431357	0.383032	0.320051	0.239717	0.143998	0.0304223	-0.0891784	-0.1876	-0.259061	-0.3159	-0.363675	
0.0777392	0.0777392	0.0552836	0.0160658	-0.0432433	-0.125337	-0.235769	-0.360075	-0.494837	-0.612665	-0.695505	-0.71372	-0.66918	-0.565749	-0.421626	-0.249353	-0.0800289	0.0869204	0.247099	0.380588	0.478941	0.543476	0.572262	0.572728	0.561284	0.556199	0.56203	0.56222	0.551405	0.531859	0.497512	0.453115	0.411258	0.385852	0.375476	0.3753	0.380323	0.371618	0.348381	0.303834	0.240136	0.162289	0.0771426	-0.0124301	-0.108768	-0.205639	-0.280947	-0.330884	-0.361213	-0.374805	
0.354252	0.354252	0.317155	0.246069	0.142708	0.0129158	-0.140022	-0.304824	-0.474391	-0.619401	-0.722002	-0.761475	-0.729167	-0.631336	-0.483595	-0.30258	-0.123763	0.0398076	0.192545	0.310134	0.394372	0.45226	0.482706	0.491169	0.489211	0.491179	0.505496	0.51639	0.515659	0.507362	0.477788	0.431371	0.387044	0.350558	0.330064	0.318845	0.309931	0.28618	0.249507	0.193649	0.120952	0.0444143	-0.0386735	-0.122154	-0.201194	-0.285056	-0.350346	-0.390112	-0.407231	-0.391679	
0.550426	0.550426	0.510008	0.425647	0.299206	0.134524	-0.0570385	-0.260805	-0.455335	-0.619626	-0.733557	-0.781641	-0.74741	-0.650614	-0.502044	-0.31623	-0.134048	0.0246944	0.163975	0.264999	0.328758	0.372806	0.389499	0.394708	0.393598	0.394692	0.40929	0.424841	0.430201	0.424842	0.400675	0.35995	0.317251	0.281547	0.258276	0.240385	0.221255	0.193618	0.152784	0.100253	0.037979	-0.0301555	-0.105253	-0.182039	-0.257745	-0.335304	-0.40073	-0.439458	-0.450497	-0.412313	
0.683569	0.683569	0.641515	0.554223	0.420869	0.23841	0.0216471	-0.209162	-0.422632	-0.595979	-0.709078	-0.751875	-0.713558	-0.615248	-0.468554	-0.287453	-0.112419	0.0349939	0.156703	0.237018	0.280412	0.301956	0.301908	0.294037	0.281685	0.272633	0.27709	0.286534	0.289773	0.288558	0.2682	0.241404	0.211601	0.185784	0.168171	0.153199	0.134851	0.112192	0.0825119	0.0440547	-0.0041636	-0.0600513	-0.132091	-0.209382	-0.287711	-0.363575	-0.429928	-0.470756	-0.476086	-0.418485	
0.779666	0.779666	0.739748	0.648764	0.506057	0.320287	0.100385	-0.134569	-0.349746	-0.518173	-0.627404	-0.666118	-0.62356	-0.525728	-0.388909	-0.228599	-0.0699884	0.059923	0.160148	0.222711	0.252052	0.249288	0.222464	0.192507	0.156585	0.124445	0.110584	0.108281	0.106115	0.103869	0.0965065	0.0842397	0.0777113	0.0739773	0.0738983	0.0722657	0.0693713	0.0600546	0.0466044	0.0275236	-0.00763934	-0.0552819	-0.123009	-0.206398	-0.288507	-0.368253	-0.437405	-0.480646	-0.476457	-0.397466	
0.850195	0.850195	0.804179	0.704472	0.55823	0.377428	0.170077	-0.0474721	-0.240619	-0.392106	-0.492048	-0.526747	-0.492569	-0.410724	-0.294585	-0.1554	-0.0170366	0.0988217	0.178163	0.223562	0.232824	0.204897	0.151179	0.0929018	0.0271003	-0.0341066	-0.0762926	-0.0991953	-0.109791	-0.110645	-0.105461	-0.0946372	-0.0766155	-0.0523327	-0.0302801	-0.00833424	0.0121622	0.0267603	0.0382284	0.0411313	0.0212233	-0.0188048	-0.0868799	-0.175091	-0.269696	-0.356792	-0.432856	-0.476416	-0.459362	-0.35883	
0.874822	0.874822	0.822419	0.71776	0.570627	0.399759	0.212862	0.0288529	-0.130654	-0.252493	-0.33771	-0.372144	-0.357468	-0.295292	-0.198171	-0.077838	0.0470168	0.15295	0.212574	0.234311	0.218771	0.161667	0.0836875	0.00075081	-0.0919084	-0.18039	-0.252696	-0.301765	-0.328385	-0.332234	-0.319582	-0.290428	-0.248637	-0.198469	-0.150984	-0.100835	-0.0491683	-0.00329124	0.0418983	0.070992	0.0700183	0.03745	-0.0322097	-0.129332	-0.238755	-0.339728	-0.42404	-0.472156	-0.445031	-0.330404	
0.856646	0.856646	0.804631	0.701039	0.556226	0.397495	0.230995	0.077879	-0.0488309	-0.139895	-0.207602	-0.238657	-0.234984	-0.187601	-0.103509	0.00441228	0.122803	0.218217	0.258102	0.248465	0.200543	0.112881	0.014042	-0.0837447	-0.185401	-0.289366	-0.387032	-0.466504	-0.520632	-0.54541	-0.531624	-0.492259	-0.426819	-0.349904	-0.27475	-0.200165	-0.118818	-0.0413493	0.0371436	0.100262	0.124358	0.103387	0.0373074	-0.0706965	-0.194942	-0.31651	-0.415674	-0.471628	-0.441161	-0.322431	
0.831054	0.831054	0.780413	0.682104	0.545369	0.390974	0.238048	0.104324	-0.000902141	-0.0744539	-0.119448	-0.135672	-0.130336	-0.0867205	-0.00521823	0.0994316	0.206	0.285134	0.29961	0.256091	0.169292	0.0579807	-0.0514448	-0.155245	-0.258173	-0.367369	-0.485336	-0.596058	-0.681137	-0.726961	-0.725748	-0.678143	-0.59649	-0.497383	-0.398713	-0.297684	-0.192585	-0.0841428	0.0281408	0.12126	0.17245	0.169035	0.108454	0.00207852	-0.132381	-0.268816	-0.386749	-0.455126	-0.436848	-0.327627	
0.825023	0.825023	0.770665	0.676463	0.547807	0.395432	0.241991	0.114227	0.0189143	-0.0405042	-0.0663461	-0.0652652	-0.0425159	0.0159651	0.104822	0.202811	0.293011	0.347522	0.336361	0.262086	0.146237	0.0187948	-0.101852	-0.214445	-0.320529	-0.435318	-0.567305	-0.697647	-0.8018	-0.867386	-0.877119	-0.830757	-0.742997	-0.631993	-0.510188	-0.385436	-0.255503	-0.113056	0.0274591	0.145579	0.223494	0.23386	0.186562	0.088929	-0.0448462	-0.19158	-0.32541	-0.413511	-0.41847	-0.330051	
0.847436	0.847436	0.796482	0.702303	0.570172	0.410789	0.258865	0.130412	0.0330712	-0.0261809	-0.0345497	-0.0124872	0.0310328	0.101933	0.197024	0.290293	0.36383	0.393514	0.363856	0.267498	0.132209	-0.00728869	-0.137368	-0.264335	-0.378455	-0.500176	-0.637298	-0.771577	-0.880267	-0.950236	-0.968596	-0.931279	-0.848929	-0.737529	-0.60352	-0.457944	-0.30159	-0.130427	0.0342226	0.173946	0.265188	0.290559	0.256506	0.17148	0.048441	-0.10049	-0.247707	-0.35026	-0.378802	-0.318534	
0.873083	0.873083	0.815965	0.719952	0.590032	0.426667	0.26867	0.137	0.0403266	-0.0168554	-0.0169047	0.0149348	0.0715866	0.153744	0.25418	0.344111	0.405863	0.422347	0.381649	0.276521	0.13044	-0.0134423	-0.152887	-0.29172	-0.416034	-0.542475	-0.680815	-0.812555	-0.915161	-0.983831	-1.00763	-0.97658	-0.904201	-0.798162	-0.658141	-0.498362	-0.326301	-0.131871	0.0487027	0.197035	0.299088	0.328228	0.300221	0.225165	0.107108	-0.0402415	-0.192243	-0.303766	-0.349189	-0.304514	
0.873083	0.873083	0.815965	0.719952	0.590032	0.426667	0.26867	0.137	0.0403266	-0.0168554	-0.0169047	0.0149348	0.0715866	0.153744	0.25418	0.344111	0.405863	0.422347	0.381649	0.276521	0.13044	-0.0134423	-0.152887	-0.29172	-0.416034	-0.542475	-0.680815	-0.812555	-0.915161	-0.983831	-1.00763	-0.97658	-0.904201	-0.798162	-0.658141	-0.498362	-0.326301	-0.131871	0.0487027	0.197035	0.299088	0.328228	0.300221	0.225165	0.107108	-0.0402415	-0.192243	-0.303766	-0.349189	-0.304514	
