1.05392	1.04138	0.968774	0.837861	0.663401	0.462902	0.266766	0.0868468	-0.0559981	-0.156079	-0.228897	-0.278735	-0.315404	-0.370467	-0.448306	-0.552276	-0.681726	-0.811684	-0.918608	-0.990447	-1.00142	-0.9376	-0.804527	-0.621614	-0.426533	-0.239574	-0.0719036	0.0527898	0.13063	0.184944	0.208753	0.218562	0.230466	0.230502	0.230921	0.240386	0.256879	0.269388	0.277357	0.282536	0.277478	0.26504	0.2431	0.216332	0.197367	0.181761	0.165309	0.158391	0.160246	0.160246	
1.04138	1.04329	0.97305	0.835919	0.652897	0.448488	0.246321	0.0687002	-0.0606399	-0.14582	-0.196484	-0.220896	-0.24621	-0.30096	-0.376462	-0.477359	-0.603883	-0.734333	-0.838159	-0.896307	-0.890781	-0.814278	-0.668935	-0.486128	-0.303841	-0.13274	0.021172	0.134767	0.191724	0.22624	0.241898	0.235124	0.224149	0.216909	0.215989	0.216047	0.220239	0.223551	0.220387	0.211483	0.195326	0.174884	0.155789	0.137838	0.125989	0.12294	0.118012	0.116097	0.12029	0.12029	
0.968774	0.97305	0.895088	0.752316	0.565145	0.363222	0.175142	0.0204112	-0.0861416	-0.138008	-0.153022	-0.153467	-0.167282	-0.203737	-0.264548	-0.357971	-0.468323	-0.581343	-0.670793	-0.712252	-0.698429	-0.623683	-0.489246	-0.332043	-0.168899	-0.0153013	0.112276	0.204838	0.250521	0.271401	0.271543	0.251154	0.221867	0.199756	0.189244	0.178049	0.164341	0.152966	0.140889	0.117728	0.094422	0.0745509	0.0596658	0.0533573	0.0477503	0.049114	0.055257	0.0578635	0.0577112	0.0577112	
0.837861	0.835919	0.752316	0.606809	0.414979	0.219981	0.0607274	-0.0651597	-0.137308	-0.144182	-0.113639	-0.0805665	-0.069583	-0.0862392	-0.127803	-0.195011	-0.27829	-0.368069	-0.436981	-0.458411	-0.443234	-0.381515	-0.266598	-0.135783	-0.000230719	0.12892	0.232316	0.297978	0.321702	0.318186	0.295029	0.256469	0.214164	0.176009	0.143653	0.119971	0.0901271	0.0612217	0.0407481	0.0144295	-0.00452423	-0.0197373	-0.0301786	-0.0309078	-0.0368577	-0.042816	-0.0417285	-0.0410712	-0.0475278	-0.0475278	
0.663401	0.652897	0.565145	0.414979	0.230186	0.0571254	-0.0792468	-0.170509	-0.194706	-0.150106	-0.0794756	-0.0087305	0.0421102	0.0604808	0.0519385	0.0151581	-0.0407733	-0.109441	-0.164683	-0.182095	-0.163059	-0.107255	-0.0124179	0.102443	0.214709	0.313493	0.382524	0.408251	0.398697	0.370665	0.32354	0.260493	0.204218	0.151014	0.0934046	0.04293	-0.00428084	-0.0411929	-0.0721893	-0.0977497	-0.106898	-0.117871	-0.128809	-0.135297	-0.142792	-0.153527	-0.161965	-0.162311	-0.169601	-0.169601	
0.462902	0.448488	0.363222	0.219981	0.0571254	-0.0946938	-0.204769	-0.251876	-0.224866	-0.134711	-0.0189783	0.0936723	0.178717	0.237134	0.264051	0.256156	0.217199	0.164561	0.117601	0.0941217	0.11352	0.165162	0.245861	0.347029	0.443429	0.511215	0.539232	0.532217	0.495745	0.434547	0.357172	0.274853	0.197113	0.121479	0.0424427	-0.03286	-0.0984228	-0.145926	-0.184909	-0.217753	-0.228769	-0.235756	-0.247723	-0.256604	-0.264081	-0.274419	-0.285424	-0.290522	-0.295085	-0.295085	
0.266766	0.246321	0.175142	0.0607274	-0.0792468	-0.204769	-0.276966	-0.26903	-0.189063	-0.0646502	0.0855045	0.229833	0.344295	0.428929	0.476594	0.48363	0.459246	0.415105	0.372595	0.353684	0.365945	0.407469	0.478225	0.564194	0.64181	0.687096	0.688485	0.658839	0.599353	0.506752	0.403917	0.300172	0.18905	0.0821394	-0.0142273	-0.100128	-0.175563	-0.237197	-0.282259	-0.319709	-0.346551	-0.363062	-0.377573	-0.38657	-0.392601	-0.401315	-0.409854	-0.415958	-0.4196	-0.4196	
0.0868468	0.0687002	0.0204112	-0.0651597	-0.170509	-0.251876	-0.26903	-0.207614	-0.0857725	0.069822	0.241485	0.396933	0.523015	0.619526	0.668723	0.675424	0.657971	0.613173	0.567258	0.545686	0.552932	0.589811	0.654797	0.724955	0.782135	0.814997	0.804586	0.76465	0.695428	0.587642	0.460185	0.329674	0.192612	0.057522	-0.0603985	-0.158017	-0.234753	-0.302906	-0.35892	-0.39922	-0.435426	-0.467204	-0.491363	-0.504547	-0.516038	-0.527222	-0.532103	-0.53796	-0.540968	-0.540968	
-0.0559981	-0.0606399	-0.0861416	-0.137308	-0.194706	-0.224866	-0.189063	-0.0857725	0.066465	0.24122	0.416372	0.569953	0.698648	0.785293	0.817479	0.810916	0.773597	0.718002	0.667965	0.640942	0.647077	0.684397	0.74847	0.815917	0.868282	0.896242	0.890185	0.845932	0.76305	0.650176	0.5079	0.354381	0.203438	0.0563742	-0.0732964	-0.181562	-0.265939	-0.334154	-0.398934	-0.449925	-0.489923	-0.53571	-0.572836	-0.596405	-0.621854	-0.6376	-0.640507	-0.644037	-0.645771	-0.645771	
-0.156079	-0.14582	-0.138008	-0.144182	-0.150106	-0.134711	-0.0646502	0.069822	0.24122	0.419069	0.585385	0.731055	0.842302	0.897488	0.900062	0.867716	0.798417	0.721536	0.661297	0.629164	0.637951	0.683477	0.758112	0.838385	0.899495	0.930312	0.935745	0.890114	0.79454	0.674986	0.531521	0.374371	0.216175	0.0787676	-0.0418069	-0.156963	-0.253115	-0.330476	-0.402199	-0.463225	-0.514829	-0.569742	-0.613962	-0.650764	-0.684671	-0.706009	-0.715655	-0.716282	-0.720616	-0.720616	
-0.228897	-0.196484	-0.153022	-0.113639	-0.0794756	-0.0189783	0.0855045	0.241485	0.416372	0.585385	0.735278	0.859442	0.935562	0.947224	0.908809	0.834796	0.73647	0.640904	0.568803	0.532154	0.546097	0.604739	0.693652	0.788666	0.865525	0.912998	0.927658	0.880336	0.782013	0.663023	0.530766	0.388648	0.243521	0.121939	0.00655449	-0.104975	-0.20174	-0.29197	-0.371046	-0.442935	-0.50387	-0.559994	-0.609496	-0.648945	-0.685213	-0.710548	-0.729476	-0.74347	-0.748192	-0.748192	
-0.278735	-0.220896	-0.153467	-0.0805665	-0.0087305	0.0936723	0.229833	0.396933	0.569953	0.731055	0.859442	0.942047	0.959851	0.921356	0.841048	0.723402	0.598982	0.492591	0.418323	0.384714	0.406941	0.475822	0.574327	0.684303	0.781576	0.842634	0.857036	0.818902	0.734158	0.625802	0.50889	0.382831	0.261215	0.15767	0.0512238	-0.0485254	-0.136704	-0.223603	-0.302633	-0.382	-0.447714	-0.498783	-0.546638	-0.583592	-0.617062	-0.643996	-0.671795	-0.701253	-0.707315	-0.707315	
-0.315404	-0.24621	-0.167282	-0.069583	0.0421102	0.178717	0.344295	0.523015	0.698648	0.842302	0.935562	0.959851	0.918941	0.830653	0.70421	0.563945	0.430311	0.30774	0.223167	0.204705	0.236732	0.317688	0.43954	0.560994	0.657228	0.721674	0.738885	0.710091	0.648195	0.561458	0.467528	0.360763	0.257615	0.169551	0.0827845	0.00258247	-0.074723	-0.143254	-0.207502	-0.276578	-0.337413	-0.384267	-0.423444	-0.461511	-0.491469	-0.514023	-0.542904	-0.56737	-0.572323	-0.572323	
-0.370467	-0.30096	-0.203737	-0.0862392	0.0604808	0.237134	0.428929	0.619526	0.785293	0.897488	0.947224	0.921356	0.830653	0.705665	0.54421	0.376186	0.228272	0.0999424	0.0180213	0.015231	0.0625628	0.154479	0.285101	0.412515	0.514829	0.581759	0.599441	0.579793	0.538817	0.46946	0.399437	0.325816	0.243011	0.170079	0.104016	0.0427265	-0.0141302	-0.0640344	-0.110799	-0.147797	-0.183942	-0.218811	-0.24498	-0.281193	-0.308412	-0.325443	-0.346614	-0.35531	-0.356615	-0.356615	
-0.448306	-0.376462	-0.264548	-0.127803	0.0519385	0.264051	0.476594	0.668723	0.817479	0.900062	0.908809	0.841048	0.70421	0.54421	0.363587	0.180912	0.0182032	-0.105468	-0.174469	-0.171886	-0.101126	0.00821488	0.135981	0.265638	0.375043	0.435936	0.456065	0.456792	0.433937	0.376199	0.319261	0.27204	0.214376	0.164525	0.120264	0.0807224	0.0517454	0.0240333	0.00452318	-0.00365256	-0.0140999	-0.0278655	-0.0433254	-0.0632243	-0.080719	-0.0914615	-0.0946513	-0.0924958	-0.0905181	-0.0905181	
-0.552276	-0.477359	-0.357971	-0.195011	0.0151581	0.256156	0.48363	0.675424	0.810916	0.867716	0.834796	0.723402	0.563945	0.376186	0.180912	-0.00244814	-0.168425	-0.286545	-0.339209	-0.325738	-0.238437	-0.119224	0.0068428	0.140395	0.247952	0.306192	0.338033	0.353166	0.338342	0.302556	0.261972	0.226615	0.192885	0.163812	0.144442	0.128654	0.123497	0.126285	0.134079	0.146697	0.154408	0.157342	0.158729	0.164105	0.166377	0.167668	0.178534	0.184883	0.185086	0.185086	
-0.681726	-0.603883	-0.468323	-0.27829	-0.0407733	0.217199	0.459246	0.657971	0.773597	0.798417	0.73647	0.598982	0.430311	0.228272	0.0182032	-0.168425	-0.324549	-0.424784	-0.455245	-0.422701	-0.331268	-0.210411	-0.087156	0.0465188	0.156534	0.226575	0.273999	0.289242	0.279753	0.257542	0.229707	0.212704	0.194225	0.176216	0.180235	0.191857	0.210161	0.23622	0.260514	0.286579	0.310612	0.329966	0.350628	0.379842	0.401492	0.413926	0.428587	0.431948	0.429897	0.429897	
-0.811684	-0.734333	-0.581343	-0.368069	-0.109441	0.164561	0.415105	0.613173	0.718002	0.721536	0.640904	0.492591	0.30774	0.0999424	-0.105468	-0.286545	-0.424784	-0.499193	-0.512449	-0.469782	-0.375469	-0.246545	-0.119596	0.0131439	0.128464	0.205843	0.256928	0.275066	0.27617	0.259139	0.239377	0.227638	0.215511	0.217476	0.234408	0.263491	0.301378	0.339294	0.376158	0.410307	0.445096	0.480894	0.517296	0.556317	0.583639	0.604467	0.620288	0.621498	0.625869	0.625869	
-0.918608	-0.838159	-0.670793	-0.436981	-0.164683	0.117601	0.372595	0.567258	0.667965	0.661297	0.568803	0.418323	0.223167	0.0180213	-0.174469	-0.339209	-0.455245	-0.512449	-0.515987	-0.464905	-0.365707	-0.229958	-0.0857211	0.0490629	0.164363	0.245495	0.293026	0.315459	0.31935	0.305465	0.289191	0.273433	0.266856	0.282913	0.308177	0.34027	0.382005	0.423476	0.465427	0.508566	0.54789	0.593245	0.637256	0.667089	0.694633	0.720817	0.73562	0.745322	0.756722	0.756722	
-0.990447	-0.896307	-0.712252	-0.458411	-0.182095	0.0941217	0.353684	0.545686	0.640942	0.629164	0.532154	0.384714	0.204705	0.015231	-0.171886	-0.325738	-0.422701	-0.469782	-0.464905	-0.403635	-0.298378	-0.157701	0.00145692	0.135423	0.246115	0.339976	0.385794	0.396682	0.38816	0.374473	0.360188	0.342555	0.346612	0.361972	0.385386	0.417977	0.449503	0.482343	0.520875	0.568048	0.606855	0.651139	0.693474	0.711098	0.739785	0.768162	0.778249	0.79406	0.805673	0.805673	
-1.00142	-0.890781	-0.698429	-0.443234	-0.163059	0.11352	0.365945	0.552932	0.647077	0.637951	0.546097	0.406941	0.236732	0.0625628	-0.101126	-0.238437	-0.331268	-0.375469	-0.365707	-0.298378	-0.182848	-0.0316881	0.130947	0.267403	0.375499	0.455242	0.488399	0.491679	0.474927	0.453223	0.436026	0.420739	0.425759	0.438062	0.451115	0.46825	0.488545	0.51736	0.552456	0.591763	0.622212	0.654115	0.685492	0.699886	0.722845	0.748643	0.759094	0.770347	0.780729	0.780729	
-0.9376	-0.814278	-0.623683	-0.381515	-0.107255	0.165162	0.407469	0.589811	0.684397	0.683477	0.604739	0.475822	0.317688	0.154479	0.00821488	-0.119224	-0.210411	-0.246545	-0.229958	-0.157701	-0.0316881	0.130627	0.281653	0.411607	0.512642	0.57106	0.593406	0.585539	0.563545	0.533094	0.506691	0.491529	0.483826	0.482484	0.481379	0.486423	0.501211	0.522491	0.550908	0.574953	0.594558	0.616359	0.633888	0.649529	0.663913	0.677027	0.68695	0.690882	0.695966	0.695966	
-0.804527	-0.668935	-0.489246	-0.266598	-0.0124179	0.245861	0.478225	0.654797	0.74847	0.758112	0.693652	0.574327	0.43954	0.285101	0.135981	0.0068428	-0.087156	-0.119596	-0.0857211	0.00145692	0.130947	0.281653	0.418074	0.540811	0.630671	0.676458	0.688154	0.667968	0.634655	0.600854	0.563469	0.536031	0.512087	0.48449	0.475547	0.480324	0.489681	0.500496	0.510077	0.520696	0.532853	0.542992	0.551737	0.56751	0.575165	0.575547	0.581468	0.581626	0.578952	0.578952	
-0.621614	-0.486128	-0.332043	-0.135783	0.102443	0.347029	0.564194	0.724955	0.815917	0.838385	0.788666	0.684303	0.560994	0.412515	0.265638	0.140395	0.0465188	0.0131439	0.0490629	0.135423	0.267403	0.411607	0.540811	0.652211	0.723714	0.74538	0.736723	0.71133	0.671467	0.632773	0.58286	0.541037	0.508077	0.469995	0.457145	0.45421	0.450281	0.450432	0.44932	0.446726	0.447185	0.447428	0.445874	0.457497	0.462365	0.457269	0.464593	0.467207	0.459995	0.459995	
-0.426533	-0.303841	-0.168899	-0.000230719	0.214709	0.443429	0.64181	0.782135	0.868282	0.899495	0.865525	0.781576	0.657228	0.514829	0.375043	0.247952	0.156534	0.128464	0.164363	0.246115	0.375499	0.512642	0.630671	0.723714	0.778174	0.781918	0.752995	0.721486	0.676365	0.621049	0.560284	0.509609	0.472973	0.438919	0.416525	0.402155	0.389512	0.37702	0.369051	0.363299	0.357707	0.352748	0.346607	0.347454	0.347486	0.341724	0.344551	0.348149	0.340824	0.340824	
-0.239574	-0.13274	-0.0153013	0.12892	0.313493	0.511215	0.687096	0.814997	0.896242	0.930312	0.912998	0.842634	0.721674	0.581759	0.435936	0.306192	0.226575	0.205843	0.245495	0.339976	0.455242	0.57106	0.676458	0.74538	0.781918	0.786656	0.754888	0.708732	0.651792	0.579303	0.509945	0.459306	0.419319	0.381898	0.354017	0.332586	0.31162	0.29334	0.278497	0.27484	0.272814	0.266192	0.261955	0.251418	0.244602	0.238128	0.231111	0.235863	0.232707	0.232707	
-0.0719036	0.021172	0.112276	0.232316	0.382524	0.539232	0.688485	0.804586	0.890185	0.935745	0.927658	0.857036	0.738885	0.599441	0.456065	0.338033	0.273999	0.256928	0.293026	0.385794	0.488399	0.593406	0.688154	0.736723	0.752995	0.754888	0.722921	0.664171	0.597944	0.524989	0.455024	0.393289	0.349429	0.313654	0.281997	0.259832	0.233953	0.216857	0.206159	0.193301	0.184453	0.179486	0.175358	0.162364	0.15559	0.151288	0.142626	0.146315	0.147726	0.147726	
0.0527898	0.134767	0.204838	0.297978	0.408251	0.532217	0.658839	0.76465	0.845932	0.890114	0.880336	0.818902	0.710091	0.579793	0.456792	0.353166	0.289242	0.275066	0.315459	0.396682	0.491679	0.585539	0.667968	0.71133	0.721486	0.708732	0.664171	0.596407	0.517242	0.448508	0.387206	0.324449	0.279511	0.244656	0.209081	0.186328	0.166937	0.153566	0.145605	0.124407	0.110553	0.103781	0.0918448	0.0858236	0.0830456	0.0843415	0.0821429	0.0751712	0.0779674	0.0779674	
0.13063	0.191724	0.250521	0.321702	0.398697	0.495745	0.599353	0.695428	0.76305	0.79454	0.782013	0.734158	0.648195	0.538817	0.433937	0.338342	0.279753	0.27617	0.31935	0.38816	0.474927	0.563545	0.634655	0.671467	0.676365	0.651792	0.597944	0.517242	0.433118	0.36933	0.314343	0.261703	0.215827	0.181797	0.146171	0.119319	0.103011	0.0873232	0.0796912	0.0663347	0.0581746	0.0508927	0.03693	0.0350254	0.0350716	0.0340522	0.0300455	0.0197478	0.0158191	0.0158191	
0.184944	0.22624	0.271401	0.318186	0.370665	0.434547	0.506752	0.587642	0.650176	0.674986	0.663023	0.625802	0.561458	0.46946	0.376199	0.302556	0.257542	0.259139	0.305465	0.374473	0.453223	0.533094	0.600854	0.632773	0.621049	0.579303	0.524989	0.448508	0.36933	0.307621	0.252207	0.196204	0.144678	0.116347	0.0910278	0.0647613	0.0494692	0.0386891	0.0303756	0.0232183	0.0179384	0.00734775	0.00150184	-0.000176326	-0.00664881	-0.0124265	-0.0152542	-0.0140164	-0.0174967	-0.0174967	
0.208753	0.241898	0.271543	0.295029	0.32354	0.357172	0.403917	0.460185	0.5079	0.531521	0.530766	0.50889	0.467528	0.399437	0.319261	0.261972	0.229707	0.239377	0.289191	0.360188	0.436026	0.506691	0.563469	0.58286	0.560284	0.509945	0.455024	0.387206	0.314343	0.252207	0.190764	0.135966	0.0931371	0.0652446	0.0460675	0.027728	0.0158491	0.00811378	-0.00767871	-0.0195407	-0.0204053	-0.0262008	-0.0264144	-0.0246992	-0.0369929	-0.046034	-0.042673	-0.0371624	-0.035562	-0.035562	
0.218562	0.235124	0.251154	0.256469	0.260493	0.274853	0.300172	0.329674	0.354381	0.374371	0.388648	0.382831	0.360763	0.325816	0.27204	0.226615	0.212704	0.227638	0.273433	0.342555	0.420739	0.491529	0.536031	0.541037	0.509609	0.459306	0.393289	0.324449	0.261703	0.196204	0.135966	0.0918415	0.0597535	0.0303327	0.00800247	-0.0041855	-0.00942133	-0.0203487	-0.0381661	-0.0428688	-0.0426766	-0.0470705	-0.0489523	-0.0493846	-0.0542048	-0.0578932	-0.0555854	-0.0561196	-0.0567251	-0.0567251	
0.230466	0.224149	0.221867	0.214164	0.204218	0.197113	0.18905	0.192612	0.203438	0.216175	0.243521	0.261215	0.257615	0.243011	0.214376	0.192885	0.194225	0.215511	0.266856	0.346612	0.425759	0.483826	0.512087	0.508077	0.472973	0.419319	0.349429	0.279511	0.215827	0.144678	0.0931371	0.0597535	0.0252832	-2.35201e-05	-0.0156832	-0.0292801	-0.0386386	-0.0485517	-0.0534618	-0.0476852	-0.0510019	-0.0594874	-0.0658672	-0.0694373	-0.065962	-0.0619763	-0.0631553	-0.0702886	-0.0727238	-0.0727238	
0.230502	0.216909	0.199756	0.176009	0.151014	0.121479	0.0821394	0.057522	0.0563742	0.0787676	0.121939	0.15767	0.169551	0.170079	0.164525	0.163812	0.176216	0.217476	0.282913	0.361972	0.438062	0.482484	0.48449	0.469995	0.438919	0.381898	0.313654	0.244656	0.181797	0.116347	0.0652446	0.0303327	-2.35201e-05	-0.0171668	-0.0302193	-0.0468476	-0.0601939	-0.0643099	-0.061994	-0.0623636	-0.0667476	-0.0680432	-0.071959	-0.0750402	-0.0705617	-0.0691514	-0.0731644	-0.077517	-0.0773396	-0.0773396	
0.230921	0.215989	0.189244	0.143653	0.0934046	0.0424427	-0.0142273	-0.0603985	-0.0732964	-0.0418069	0.00655449	0.0512238	0.0827845	0.104016	0.120264	0.144442	0.180235	0.234408	0.308177	0.385386	0.451115	0.481379	0.475547	0.457145	0.416525	0.354017	0.281997	0.209081	0.146171	0.0910278	0.0460675	0.00800247	-0.0156832	-0.0302193	-0.0474306	-0.061457	-0.0659931	-0.0621058	-0.0668498	-0.075462	-0.0782183	-0.0771751	-0.0749979	-0.0767731	-0.0783243	-0.0805254	-0.0821414	-0.0776468	-0.0720836	-0.0720836	
0.240386	0.216047	0.178049	0.119971	0.04293	-0.03286	-0.100128	-0.158017	-0.181562	-0.156963	-0.104975	-0.0485254	0.00258247	0.0427265	0.0807224	0.128654	0.191857	0.263491	0.34027	0.417977	0.46825	0.486423	0.480324	0.45421	0.402155	0.332586	0.259832	0.186328	0.119319	0.0647613	0.027728	-0.0041855	-0.0292801	-0.0468476	-0.061457	-0.065513	-0.0665404	-0.0688823	-0.0741976	-0.0803692	-0.0826503	-0.0803963	-0.0751526	-0.0751989	-0.0795698	-0.0832164	-0.083279	-0.0802751	-0.0799117	-0.0799117	
0.256879	0.220239	0.164341	0.0901271	-0.00428084	-0.0984228	-0.175563	-0.234753	-0.265939	-0.253115	-0.20174	-0.136704	-0.074723	-0.0141302	0.0517454	0.123497	0.210161	0.301378	0.382005	0.449503	0.488545	0.501211	0.489681	0.450281	0.389512	0.31162	0.233953	0.166937	0.103011	0.0494692	0.0158491	-0.00942133	-0.0386386	-0.0601939	-0.0659931	-0.0665404	-0.0719708	-0.0803451	-0.079541	-0.0776791	-0.0811678	-0.0798963	-0.0793967	-0.0828743	-0.0836252	-0.0809028	-0.0784157	-0.0805135	-0.0850265	-0.0850265	
0.269388	0.223551	0.152966	0.0612217	-0.0411929	-0.145926	-0.237197	-0.302906	-0.334154	-0.330476	-0.29197	-0.223603	-0.143254	-0.0640344	0.0240333	0.126285	0.23622	0.339294	0.423476	0.482343	0.51736	0.522491	0.500496	0.450432	0.37702	0.29334	0.216857	0.153566	0.0873232	0.0386891	0.00811378	-0.0203487	-0.0485517	-0.0643099	-0.0621058	-0.0688823	-0.0803451	-0.0856563	-0.0834791	-0.0771555	-0.0783871	-0.0811697	-0.0822622	-0.0856226	-0.0859339	-0.0784871	-0.0779964	-0.0846738	-0.0822351	-0.0822351	
0.277357	0.220387	0.140889	0.0407481	-0.0721893	-0.184909	-0.282259	-0.35892	-0.398934	-0.402199	-0.371046	-0.302633	-0.207502	-0.110799	0.00452318	0.134079	0.260514	0.376158	0.465427	0.520875	0.552456	0.550908	0.510077	0.44932	0.369051	0.278497	0.206159	0.145605	0.0796912	0.0303756	-0.00767871	-0.0381661	-0.0534618	-0.061994	-0.0668498	-0.0741976	-0.079541	-0.0834791	-0.0816079	-0.0783528	-0.0842089	-0.0843845	-0.0804456	-0.0825046	-0.0813704	-0.077979	-0.0839869	-0.0876499	-0.0802673	-0.0802673	
0.282536	0.211483	0.117728	0.0144295	-0.0977497	-0.217753	-0.319709	-0.39922	-0.449925	-0.463225	-0.442935	-0.382	-0.276578	-0.147797	-0.00365256	0.146697	0.286579	0.410307	0.508566	0.568048	0.591763	0.574953	0.520696	0.446726	0.363299	0.27484	0.193301	0.124407	0.0663347	0.0232183	-0.0195407	-0.0428688	-0.0476852	-0.0623636	-0.075462	-0.0803692	-0.0776791	-0.0771555	-0.0783528	-0.0810357	-0.0872194	-0.0839963	-0.0817405	-0.0851938	-0.0834904	-0.0820527	-0.0850985	-0.0834639	-0.0762789	-0.0762789	
0.277478	0.195326	0.094422	-0.00452423	-0.106898	-0.228769	-0.346551	-0.435426	-0.489923	-0.514829	-0.50387	-0.447714	-0.337413	-0.183942	-0.0140999	0.154408	0.310612	0.445096	0.54789	0.606855	0.622212	0.594558	0.532853	0.447185	0.357707	0.272814	0.184453	0.110553	0.0581746	0.0179384	-0.0204053	-0.0426766	-0.0510019	-0.0667476	-0.0782183	-0.0826503	-0.0811678	-0.0783871	-0.0842089	-0.0872194	-0.0820988	-0.0795366	-0.0810308	-0.08053	-0.0807692	-0.0825819	-0.0831994	-0.0834784	-0.0830583	-0.0830583	
0.26504	0.174884	0.0745509	-0.0197373	-0.117871	-0.235756	-0.363062	-0.467204	-0.53571	-0.569742	-0.559994	-0.498783	-0.384267	-0.218811	-0.0278655	0.157342	0.329966	0.480894	0.593245	0.651139	0.654115	0.616359	0.542992	0.447428	0.352748	0.266192	0.179486	0.103781	0.0508927	0.00734775	-0.0262008	-0.0470705	-0.0594874	-0.0680432	-0.0771751	-0.0803963	-0.0798963	-0.0811697	-0.0843845	-0.0839963	-0.0795366	-0.0818141	-0.0847114	-0.0802216	-0.0795873	-0.0852774	-0.0818033	-0.0775078	-0.0871902	-0.0871902	
0.2431	0.155789	0.0596658	-0.0301786	-0.128809	-0.247723	-0.377573	-0.491363	-0.572836	-0.613962	-0.609496	-0.546638	-0.423444	-0.24498	-0.0433254	0.158729	0.350628	0.517296	0.637256	0.693474	0.685492	0.633888	0.551737	0.445874	0.346607	0.261955	0.175358	0.0918448	0.03693	0.00150184	-0.0264144	-0.0489523	-0.0658672	-0.071959	-0.0749979	-0.0751526	-0.0793967	-0.0822622	-0.0804456	-0.0817405	-0.0810308	-0.0847114	-0.0871111	-0.0823461	-0.0844698	-0.087818	-0.0780128	-0.0731482	-0.085496	-0.085496	
0.216332	0.137838	0.0533573	-0.0309078	-0.135297	-0.256604	-0.38657	-0.504547	-0.596405	-0.650764	-0.648945	-0.583592	-0.461511	-0.281193	-0.0632243	0.164105	0.379842	0.556317	0.667089	0.711098	0.699886	0.649529	0.56751	0.457497	0.347454	0.251418	0.162364	0.0858236	0.0350254	-0.000176326	-0.0246992	-0.0493846	-0.0694373	-0.0750402	-0.0767731	-0.0751989	-0.0828743	-0.0856226	-0.0825046	-0.0851938	-0.08053	-0.0802216	-0.0823461	-0.0805697	-0.0817328	-0.0824812	-0.0812722	-0.0809002	-0.0845149	-0.0845149	
0.197367	0.125989	0.0477503	-0.0368577	-0.142792	-0.264081	-0.392601	-0.516038	-0.621854	-0.684671	-0.685213	-0.617062	-0.491469	-0.308412	-0.080719	0.166377	0.401492	0.583639	0.694633	0.739785	0.722845	0.663913	0.575165	0.462365	0.347486	0.244602	0.15559	0.0830456	0.0350716	-0.00664881	-0.0369929	-0.0542048	-0.065962	-0.0705617	-0.0783243	-0.0795698	-0.0836252	-0.0859339	-0.0813704	-0.0834904	-0.0807692	-0.0795873	-0.0844698	-0.0817328	-0.0742157	-0.0790716	-0.0899365	-0.0862618	-0.0780543	-0.0780543	
0.181761	0.12294	0.049114	-0.042816	-0.153527	-0.274419	-0.401315	-0.527222	-0.6376	-0.706009	-0.710548	-0.643996	-0.514023	-0.325443	-0.0914615	0.167668	0.413926	0.604467	0.720817	0.768162	0.748643	0.677027	0.575547	0.457269	0.341724	0.238128	0.151288	0.0843415	0.0340522	-0.0124265	-0.046034	-0.0578932	-0.0619763	-0.0691514	-0.0805254	-0.0832164	-0.0809028	-0.0784871	-0.077979	-0.0820527	-0.0825819	-0.0852774	-0.087818	-0.0824812	-0.0790716	-0.0825904	-0.0851014	-0.0812974	-0.0766878	-0.0766878	
0.165309	0.118012	0.055257	-0.0417285	-0.161965	-0.285424	-0.409854	-0.532103	-0.640507	-0.715655	-0.729476	-0.671795	-0.542904	-0.346614	-0.0946513	0.178534	0.428587	0.620288	0.73562	0.778249	0.759094	0.68695	0.581468	0.464593	0.344551	0.231111	0.142626	0.0821429	0.0300455	-0.0152542	-0.042673	-0.0555854	-0.0631553	-0.0731644	-0.0821414	-0.083279	-0.0784157	-0.0779964	-0.0839869	-0.0850985	-0.0831994	-0.0818033	-0.0780128	-0.0812722	-0.0899365	-0.0851014	-0.0729015	-0.0758128	-0.0882008	-0.0882008	
0.158391	0.116097	0.0578635	-0.0410712	-0.162311	-0.290522	-0.415958	-0.53796	-0.644037	-0.716282	-0.74347	-0.701253	-0.56737	-0.35531	-0.0924958	0.184883	0.431948	0.621498	0.745322	0.79406	0.770347	0.690882	0.581626	0.467207	0.348149	0.235863	0.146315	0.0751712	0.0197478	-0.0140164	-0.0371624	-0.0561196	-0.0702886	-0.077517	-0.0776468	-0.0802751	-0.0805135	-0.0846738	-0.0876499	-0.0834639	-0.0834784	-0.0775078	-0.0731482	-0.0809002	-0.0862618	-0.0812974	-0.0758128	-0.0814447	-0.0894873	-0.0894873	
0.160246	0.12029	0.0577112	-0.0475278	-0.169601	-0.295085	-0.4196	-0.540968	-0.645771	-0.720616	-0.748192	-0.707315	-0.572323	-0.356615	-0.0905181	0.185086	0.429897	0.625869	0.756722	0.805673	0.780729	0.695966	0.578952	0.459995	0.340824	0.232707	0.147726	0.0779674	0.0158191	-0.0174967	-0.035562	-0.0567251	-0.0727238	-0.0773396	-0.0720836	-0.0799117	-0.0850265	-0.0822351	-0.0802673	-0.0762789	-0.0830583	-0.0871902	-0.085496	-0.0845149	-0.0780543	-0.0766878	-0.0882008	-0.0894873	-0.0702232	-0.0702232	
0.160246	0.12029	0.0577112	-0.0475278	-0.169601	-0.295085	-0.4196	-0.540968	-0.645771	-0.720616	-0.748192	-0.707315	-0.572323	-0.356615	-0.0905181	0.185086	0.429897	0.625869	0.756722	0.805673	0.780729	0.695966	0.578952	0.459995	0.340824	0.232707	0.147726	0.0779674	0.0158191	-0.0174967	-0.035562	-0.0567251	-0.0727238	-0.0773396	-0.0720836	-0.0799117	-0.0850265	-0.0822351	-0.0802673	-0.0762789	-0.0830583	-0.0871902	-0.085496	-0.0845149	-0.0780543	-0.0766878	-0.0882008	-0.0894873	-0.0702232	-0.0702232	
