1.21446	1.21446	1.20595	1.19262	1.16955	1.14144	1.10619	1.06629	1.02047	0.971304	0.918736	0.861381	0.802144	0.738607	0.674123	0.606823	0.539279	0.476481	0.41031	0.349011	0.293703	0.242976	0.198436	0.15912	0.124019	0.0917162	0.0662354	0.0402518	0.0161008	2.50634e-05	-0.0116856	-0.0200008	-0.0161098	-0.00940623	-0.00511626	-0.000323277	0.0025953	0.00419595	0.0162391	0.0493185	0.10913	0.191706	0.295918	0.420237	0.550038	0.66142	0.740249	0.762491	0.702768	0.565164	
0.994217	0.994217	0.988473	0.981698	0.966788	0.950304	0.929466	0.902369	0.872112	0.837433	0.794167	0.748655	0.698471	0.639946	0.582871	0.519613	0.454119	0.389103	0.321629	0.261183	0.202234	0.145436	0.0922482	0.0453042	-0.000455463	-0.0445275	-0.0817437	-0.117667	-0.146595	-0.165185	-0.176896	-0.184944	-0.182664	-0.185726	-0.192729	-0.200275	-0.203602	-0.201883	-0.181258	-0.141012	-0.0790401	-0.00327474	0.0908791	0.203372	0.319172	0.416867	0.484922	0.503317	0.45288	0.338394	
0.666776	0.666776	0.666709	0.667873	0.666585	0.666381	0.661711	0.655425	0.646192	0.63024	0.612306	0.587948	0.556668	0.520076	0.478509	0.429672	0.376752	0.326332	0.268807	0.212952	0.154517	0.0954216	0.0387009	-0.0197767	-0.0772642	-0.131871	-0.176995	-0.219476	-0.251258	-0.27101	-0.288533	-0.303793	-0.316309	-0.334234	-0.354524	-0.365175	-0.367958	-0.358578	-0.333859	-0.293741	-0.240772	-0.177668	-0.0979418	-0.00321527	0.0907887	0.168891	0.227007	0.250028	0.216561	0.130698	
0.297157	0.297157	0.297896	0.307604	0.313909	0.325309	0.339665	0.349917	0.363249	0.37322	0.377455	0.380291	0.375624	0.367104	0.353714	0.333646	0.31088	0.27964	0.239544	0.196115	0.147335	0.0894899	0.029603	-0.032852	-0.0940118	-0.151713	-0.2004	-0.245308	-0.280828	-0.311094	-0.344896	-0.377945	-0.407433	-0.438325	-0.46195	-0.470246	-0.469624	-0.458771	-0.438136	-0.406601	-0.368165	-0.32131	-0.262841	-0.193201	-0.12597	-0.064308	-0.00621247	0.029144	0.0184604	-0.040365	
-0.0697693	-0.0697693	-0.0643205	-0.0524664	-0.0380842	-0.0165743	0.00555973	0.0297182	0.0589197	0.0839712	0.112819	0.141928	0.166766	0.190916	0.210891	0.221981	0.226097	0.221397	0.205934	0.183025	0.145719	0.0998894	0.0519843	-0.0015127	-0.0555862	-0.106767	-0.153709	-0.204875	-0.253512	-0.302652	-0.356771	-0.405606	-0.447115	-0.483132	-0.506567	-0.515056	-0.518427	-0.514919	-0.504262	-0.487028	-0.466844	-0.443559	-0.411528	-0.36882	-0.321577	-0.262798	-0.194512	-0.139693	-0.126467	-0.155853	
-0.387677	-0.387677	-0.383673	-0.372042	-0.357102	-0.336389	-0.307917	-0.276629	-0.236574	-0.193899	-0.14627	-0.0955663	-0.0485611	0.00287092	0.0457904	0.0841791	0.117879	0.139774	0.150366	0.149892	0.141452	0.123352	0.101101	0.0693741	0.033965	-0.00806927	-0.0582896	-0.118057	-0.179542	-0.243529	-0.311662	-0.36727	-0.415192	-0.454302	-0.483213	-0.498722	-0.514688	-0.522393	-0.528515	-0.530599	-0.537547	-0.541946	-0.53585	-0.512174	-0.471499	-0.4063	-0.322619	-0.249182	-0.210631	-0.204628	
-0.662397	-0.662397	-0.656477	-0.64175	-0.623042	-0.595133	-0.560752	-0.522565	-0.473888	-0.423983	-0.368352	-0.307243	-0.24749	-0.183893	-0.123541	-0.0675101	-0.0124629	0.0300748	0.0719996	0.108366	0.136322	0.153998	0.164985	0.160407	0.141994	0.109781	0.0641094	0.00477354	-0.0582745	-0.126293	-0.194022	-0.251368	-0.303676	-0.352135	-0.389677	-0.420477	-0.451936	-0.47995	-0.509612	-0.541296	-0.578713	-0.607816	-0.618328	-0.600829	-0.5584	-0.481883	-0.383206	-0.290127	-0.219175	-0.174799	
-0.867234	-0.867234	-0.857554	-0.843176	-0.817136	-0.78629	-0.747869	-0.702804	-0.651259	-0.597464	-0.53585	-0.473018	-0.410317	-0.341053	-0.275636	-0.206376	-0.135089	-0.0648961	0.00800341	0.0737848	0.131671	0.182076	0.219209	0.237781	0.240981	0.229293	0.197834	0.15486	0.106123	0.050999	-0.00985105	-0.0640945	-0.1222	-0.177355	-0.227634	-0.2764	-0.331848	-0.387644	-0.448824	-0.511954	-0.573374	-0.616936	-0.631559	-0.614483	-0.566821	-0.479352	-0.366158	-0.248836	-0.145216	-0.0631483	
-0.970681	-0.970681	-0.962344	-0.946896	-0.922347	-0.892836	-0.854693	-0.812608	-0.76534	-0.713366	-0.658527	-0.598653	-0.535861	-0.464344	-0.39118	-0.311122	-0.224088	-0.141698	-0.0544883	0.0265429	0.10485	0.172983	0.230165	0.272385	0.301454	0.315783	0.314959	0.303657	0.282568	0.246483	0.203175	0.157642	0.101452	0.0398846	-0.0241436	-0.0978666	-0.183084	-0.271174	-0.36304	-0.449381	-0.524939	-0.572454	-0.587658	-0.569687	-0.515382	-0.415572	-0.281793	-0.139036	-0.0014459	0.109206	
-0.964201	-0.964201	-0.95703	-0.947898	-0.92976	-0.908483	-0.88256	-0.850115	-0.813278	-0.771325	-0.720831	-0.666324	-0.603345	-0.534739	-0.462489	-0.383613	-0.302199	-0.222358	-0.134509	-0.0519147	0.0262406	0.10253	0.170824	0.232634	0.28691	0.334766	0.367473	0.39107	0.401933	0.396849	0.380633	0.35115	0.300937	0.235141	0.156918	0.0572725	-0.0528538	-0.16631	-0.274941	-0.373475	-0.451808	-0.498969	-0.512014	-0.488453	-0.421472	-0.299326	-0.14167	0.0292575	0.195271	0.326585	
-0.869754	-0.869754	-0.865793	-0.865637	-0.855585	-0.847884	-0.833662	-0.812232	-0.789419	-0.75618	-0.718237	-0.675342	-0.624637	-0.569603	-0.510547	-0.445069	-0.379072	-0.308657	-0.236629	-0.167584	-0.0957636	-0.0195012	0.0528773	0.128546	0.201773	0.271662	0.332634	0.391562	0.437558	0.465202	0.476787	0.465752	0.424336	0.359905	0.272954	0.161907	0.0426252	-0.0767474	-0.188282	-0.287936	-0.363098	-0.407037	-0.411935	-0.377322	-0.287802	-0.142256	0.037728	0.229769	0.414838	0.562293	
-0.729524	-0.729524	-0.729577	-0.729881	-0.729179	-0.727453	-0.724446	-0.716771	-0.7087	-0.693523	-0.674539	-0.652423	-0.620716	-0.587561	-0.548972	-0.504738	-0.458498	-0.409366	-0.354932	-0.29696	-0.232154	-0.162998	-0.091392	-0.0133907	0.0686754	0.153594	0.238136	0.320216	0.38939	0.439784	0.474366	0.477624	0.44945	0.395575	0.318819	0.218263	0.112584	0.00469798	-0.0977902	-0.189248	-0.256264	-0.288973	-0.281595	-0.229288	-0.119485	0.0414504	0.231448	0.430934	0.626737	0.782868	
-0.567233	-0.567233	-0.568846	-0.574024	-0.579141	-0.58684	-0.59507	-0.601803	-0.61024	-0.613874	-0.616838	-0.617488	-0.610124	-0.604566	-0.589796	-0.56855	-0.546827	-0.511922	-0.471775	-0.424956	-0.371985	-0.308093	-0.240398	-0.158509	-0.0723818	0.0180657	0.106484	0.19489	0.269603	0.329464	0.372827	0.387661	0.379084	0.351461	0.303228	0.233431	0.159398	0.0765295	-0.00304298	-0.0761517	-0.122311	-0.137631	-0.113668	-0.048037	0.0699527	0.229855	0.411501	0.60729	0.802331	0.960758	
-0.417329	-0.417329	-0.420952	-0.428167	-0.438962	-0.452233	-0.46995	-0.487587	-0.510279	-0.531371	-0.554616	-0.576939	-0.595544	-0.613479	-0.622634	-0.626589	-0.625105	-0.606475	-0.586706	-0.552028	-0.504539	-0.445628	-0.377773	-0.300595	-0.220321	-0.139851	-0.0576711	0.0187794	0.0828831	0.137075	0.182679	0.209996	0.226474	0.232959	0.221316	0.195871	0.163842	0.122715	0.0805687	0.0452504	0.0321545	0.0418558	0.0812474	0.151181	0.264992	0.407481	0.571516	0.754749	0.941035	1.09405	
-0.304483	-0.304483	-0.311379	-0.315555	-0.331931	-0.346902	-0.368291	-0.394794	-0.423615	-0.456771	-0.492424	-0.529947	-0.565588	-0.601423	-0.631817	-0.655357	-0.67191	-0.675322	-0.669094	-0.645603	-0.608198	-0.563772	-0.508394	-0.447476	-0.382272	-0.320034	-0.25878	-0.204212	-0.155753	-0.107312	-0.0613121	-0.0230526	0.0161595	0.0533944	0.0796336	0.102426	0.121947	0.136593	0.149364	0.168685	0.197795	0.237816	0.288581	0.360009	0.460459	0.581075	0.723061	0.887721	1.05617	1.19075	
-0.239605	-0.239605	-0.245196	-0.252187	-0.267618	-0.284832	-0.307301	-0.336494	-0.366954	-0.402765	-0.443593	-0.482194	-0.524882	-0.567453	-0.60268	-0.637192	-0.664326	-0.678123	-0.686308	-0.681811	-0.669722	-0.650356	-0.620849	-0.586559	-0.552307	-0.518378	-0.479819	-0.44244	-0.404706	-0.360674	-0.315386	-0.268735	-0.211716	-0.150499	-0.0890956	-0.0184518	0.0577175	0.134057	0.211345	0.288877	0.364875	0.434041	0.499639	0.573245	0.662073	0.761535	0.879015	1.01744	1.1537	1.25467	
-0.224839	-0.224839	-0.230098	-0.238333	-0.253608	-0.269775	-0.29254	-0.317479	-0.34381	-0.376074	-0.406638	-0.438739	-0.474482	-0.504611	-0.535276	-0.566464	-0.590308	-0.613584	-0.638401	-0.657123	-0.672283	-0.686889	-0.692862	-0.701175	-0.700175	-0.692969	-0.674862	-0.655458	-0.625808	-0.584399	-0.539018	-0.482672	-0.411057	-0.327328	-0.23375	-0.116503	0.00865708	0.142226	0.273994	0.4048	0.521059	0.621471	0.706637	0.789907	0.872477	0.952671	1.04268	1.14387	1.23274	1.28874	
-0.271456	-0.271456	-0.275205	-0.277834	-0.285911	-0.295225	-0.304426	-0.319513	-0.331925	-0.347915	-0.364068	-0.379415	-0.397679	-0.413157	-0.434028	-0.457251	-0.480561	-0.516774	-0.550601	-0.590267	-0.632539	-0.680649	-0.723062	-0.763249	-0.793244	-0.81471	-0.824047	-0.82075	-0.800484	-0.763019	-0.715459	-0.645755	-0.555153	-0.447765	-0.320676	-0.167667	-0.00605763	0.165487	0.335919	0.504779	0.654376	0.787127	0.89819	0.999805	1.0812	1.14643	1.20784	1.26479	1.30094	1.30756	
-0.354639	-0.354639	-0.351114	-0.35081	-0.343797	-0.339522	-0.331992	-0.325281	-0.316898	-0.309939	-0.305381	-0.300397	-0.303707	-0.31075	-0.323439	-0.348195	-0.375367	-0.416477	-0.460612	-0.515779	-0.580215	-0.644998	-0.709369	-0.773045	-0.833117	-0.879329	-0.911306	-0.927639	-0.919705	-0.888528	-0.834211	-0.749563	-0.637125	-0.507174	-0.350429	-0.175996	0.00787543	0.197425	0.391368	0.581008	0.757662	0.917094	1.05664	1.17591	1.25927	1.31345	1.34929	1.36492	1.35425	1.31782	
-0.414589	-0.414589	-0.406828	-0.401676	-0.383779	-0.36751	-0.347714	-0.322885	-0.301568	-0.281889	-0.261909	-0.252723	-0.2484	-0.249467	-0.264289	-0.286145	-0.316589	-0.361898	-0.41438	-0.476358	-0.545586	-0.614618	-0.691343	-0.768509	-0.838558	-0.897085	-0.946864	-0.975301	-0.974123	-0.946041	-0.888482	-0.792047	-0.669039	-0.523897	-0.352983	-0.168414	0.0219731	0.219161	0.420708	0.619109	0.807759	0.981876	1.13717	1.26397	1.34608	1.39377	1.41268	1.40301	1.36322	1.30786	
-0.399926	-0.399926	-0.394993	-0.387344	-0.372693	-0.360033	-0.340674	-0.322788	-0.30666	-0.2881	-0.275284	-0.26701	-0.261299	-0.264788	-0.280195	-0.29973	-0.33442	-0.379694	-0.428866	-0.488316	-0.554755	-0.624503	-0.701506	-0.770931	-0.838245	-0.895882	-0.942444	-0.963292	-0.961507	-0.935395	-0.876342	-0.781945	-0.664772	-0.52263	-0.353157	-0.173729	0.015099	0.21126	0.411761	0.605697	0.790551	0.960013	1.11138	1.22906	1.30538	1.35031	1.36719	1.35238	1.31287	1.26558	
-0.318745	-0.318745	-0.319216	-0.32049	-0.322077	-0.323371	-0.324974	-0.325777	-0.327124	-0.326809	-0.329991	-0.33336	-0.338813	-0.352519	-0.367391	-0.387566	-0.418555	-0.450912	-0.492758	-0.543764	-0.602328	-0.659033	-0.719022	-0.772899	-0.822934	-0.859915	-0.883858	-0.891172	-0.878977	-0.849936	-0.791868	-0.71402	-0.614616	-0.490998	-0.339381	-0.179515	-0.0010492	0.183739	0.372842	0.548637	0.714807	0.860919	0.989343	1.08311	1.14845	1.19349	1.21913	1.21827	1.20595	1.18904	
-0.248537	-0.248537	-0.252453	-0.258271	-0.269975	-0.280882	-0.299324	-0.316138	-0.337569	-0.361609	-0.383574	-0.410096	-0.433296	-0.457094	-0.480853	-0.502263	-0.531942	-0.555558	-0.590032	-0.624245	-0.655961	-0.687074	-0.719876	-0.746864	-0.764025	-0.774821	-0.775605	-0.761474	-0.736823	-0.702564	-0.651246	-0.587174	-0.510724	-0.40942	-0.291166	-0.158644	-0.00841813	0.151584	0.310422	0.457496	0.591792	0.706591	0.802333	0.869743	0.92399	0.973744	1.01331	1.04272	1.0719	1.10449	
-0.226338	-0.226338	-0.233752	-0.238145	-0.255488	-0.271928	-0.294594	-0.322666	-0.353353	-0.386471	-0.423235	-0.459543	-0.496423	-0.532713	-0.568407	-0.59969	-0.629691	-0.649963	-0.667462	-0.676532	-0.67605	-0.68048	-0.674896	-0.663651	-0.648158	-0.632001	-0.606668	-0.575384	-0.545652	-0.505841	-0.456757	-0.403174	-0.3445	-0.265163	-0.183308	-0.0872799	0.0181837	0.133985	0.243488	0.349423	0.443551	0.526026	0.591384	0.639159	0.689187	0.743703	0.799272	0.859679	0.933018	1.01625	
-0.259927	-0.259927	-0.267142	-0.272895	-0.291181	-0.307333	-0.33048	-0.359258	-0.388314	-0.423487	-0.463485	-0.502117	-0.545129	-0.588286	-0.622451	-0.656605	-0.675842	-0.688384	-0.687169	-0.676906	-0.653755	-0.625663	-0.579395	-0.534622	-0.48743	-0.441331	-0.392843	-0.351106	-0.309503	-0.263329	-0.216491	-0.175072	-0.125225	-0.071172	-0.0243157	0.0262223	0.0787301	0.132223	0.179421	0.23111	0.278886	0.328636	0.368155	0.40757	0.458878	0.518767	0.588029	0.672237	0.783782	0.904777	
-0.34992	-0.34992	-0.351242	-0.361896	-0.370638	-0.386521	-0.40658	-0.429454	-0.456123	-0.488201	-0.519539	-0.552162	-0.584623	-0.613453	-0.633003	-0.654606	-0.659434	-0.659212	-0.646706	-0.619453	-0.578522	-0.523689	-0.459661	-0.392653	-0.321311	-0.248875	-0.179369	-0.117121	-0.0600877	-0.00880335	0.0336247	0.06711	0.103203	0.124678	0.135294	0.139322	0.138143	0.125403	0.111767	0.104855	0.106663	0.121589	0.14082	0.180082	0.235978	0.305269	0.38467	0.489467	0.624243	0.768787	
-0.477772	-0.477772	-0.47725	-0.489715	-0.492805	-0.509022	-0.522146	-0.536382	-0.554635	-0.569909	-0.583465	-0.596892	-0.607224	-0.610675	-0.613936	-0.611204	-0.596219	-0.577279	-0.549086	-0.503162	-0.455692	-0.39489	-0.328173	-0.249558	-0.165665	-0.0759832	0.0102287	0.0893158	0.159727	0.219947	0.25998	0.284254	0.29532	0.281621	0.254095	0.214491	0.163124	0.0975168	0.0363371	-0.0195639	-0.0569232	-0.0778709	-0.0750266	-0.039968	0.0199217	0.0953096	0.184913	0.305675	0.448631	0.604561	
-0.635805	-0.635805	-0.637818	-0.640734	-0.644001	-0.649357	-0.651284	-0.65358	-0.653936	-0.650142	-0.643927	-0.635859	-0.6214	-0.601228	-0.582657	-0.548075	-0.513485	-0.476033	-0.427036	-0.374951	-0.323613	-0.25746	-0.184401	-0.104947	-0.018955	0.0703199	0.158464	0.24319	0.322224	0.383053	0.415817	0.429855	0.415979	0.371661	0.307784	0.23077	0.137275	0.0384515	-0.0556919	-0.140975	-0.208859	-0.257957	-0.273547	-0.251249	-0.198099	-0.125489	-0.0266124	0.102736	0.247062	0.406395	
-0.794705	-0.794705	-0.796311	-0.790854	-0.790666	-0.784085	-0.774816	-0.76529	-0.747469	-0.726505	-0.70104	-0.667789	-0.628764	-0.586129	-0.53867	-0.482164	-0.432966	-0.374701	-0.310257	-0.253335	-0.184357	-0.108754	-0.0362076	0.0390981	0.117576	0.197312	0.274791	0.349575	0.412283	0.45547	0.476829	0.48032	0.446219	0.382384	0.298021	0.196134	0.0766793	-0.0409326	-0.153052	-0.252781	-0.339444	-0.40566	-0.440022	-0.438007	-0.407938	-0.349245	-0.252538	-0.126348	0.0132564	0.169531	
-0.919503	-0.919503	-0.916663	-0.909401	-0.90036	-0.885131	-0.866801	-0.842994	-0.812297	-0.775522	-0.733687	-0.680792	-0.626004	-0.564889	-0.495265	-0.427504	-0.35596	-0.275904	-0.201542	-0.126754	-0.04419	0.0292287	0.0968381	0.169269	0.236604	0.299439	0.35128	0.394965	0.425802	0.441236	0.443593	0.425774	0.378307	0.311409	0.227573	0.118707	-0.00326829	-0.125399	-0.241806	-0.350011	-0.444333	-0.520436	-0.567492	-0.590722	-0.590625	-0.556619	-0.47804	-0.371101	-0.244318	-0.096075	
-0.983764	-0.983764	-0.976602	-0.96393	-0.945144	-0.917664	-0.889614	-0.850087	-0.809583	-0.762911	-0.709068	-0.65246	-0.58916	-0.51965	-0.443402	-0.365985	-0.277952	-0.190633	-0.107748	-0.0200393	0.0599936	0.127171	0.194384	0.253608	0.299218	0.328652	0.348969	0.358666	0.356641	0.337272	0.313014	0.271492	0.218003	0.157172	0.0833025	-0.0112538	-0.113235	-0.220178	-0.330024	-0.437301	-0.533726	-0.612408	-0.668318	-0.711951	-0.735835	-0.726277	-0.675739	-0.599435	-0.492373	-0.354145	
-0.950161	-0.950161	-0.941442	-0.924069	-0.89912	-0.865678	-0.827916	-0.781589	-0.733213	-0.680317	-0.620893	-0.563821	-0.496502	-0.429077	-0.356844	-0.279566	-0.198567	-0.119294	-0.0376772	0.0422488	0.112039	0.172967	0.228779	0.260331	0.275185	0.274671	0.267658	0.243462	0.204365	0.159288	0.114132	0.0569661	-0.00020758	-0.0543051	-0.116628	-0.185034	-0.255831	-0.333643	-0.423737	-0.516152	-0.607875	-0.683702	-0.749456	-0.804363	-0.842146	-0.847147	-0.826521	-0.781179	-0.698462	-0.572345	
-0.803108	-0.803108	-0.795041	-0.780274	-0.755295	-0.727628	-0.6872	-0.645728	-0.595433	-0.539952	-0.482475	-0.419607	-0.355105	-0.290808	-0.225334	-0.160533	-0.0979837	-0.0369967	0.0233343	0.0785932	0.125612	0.167267	0.193662	0.199479	0.192734	0.175618	0.137984	0.0833566	0.022198	-0.0328929	-0.0957983	-0.160559	-0.213932	-0.261428	-0.312561	-0.357618	-0.398773	-0.447441	-0.506309	-0.573782	-0.646746	-0.717175	-0.789309	-0.852352	-0.895711	-0.911297	-0.915594	-0.895501	-0.837817	-0.730917	
-0.565293	-0.565293	-0.55948	-0.548929	-0.530536	-0.508973	-0.476425	-0.441963	-0.397023	-0.347041	-0.29494	-0.233761	-0.177973	-0.118314	-0.063839	-0.0140482	0.0302821	0.0669853	0.0969827	0.118019	0.12891	0.136262	0.127176	0.113329	0.0922822	0.0567016	0.000308002	-0.0594238	-0.121383	-0.187393	-0.261021	-0.320714	-0.366228	-0.410852	-0.450074	-0.475787	-0.496985	-0.524239	-0.553462	-0.5918	-0.635883	-0.694455	-0.762892	-0.829986	-0.875888	-0.907753	-0.930449	-0.92994	-0.893513	-0.814622	
-0.274839	-0.274839	-0.269703	-0.258344	-0.243678	-0.220733	-0.196515	-0.165055	-0.130585	-0.0941714	-0.0536173	-0.0128295	0.0268241	0.0676997	0.102232	0.133393	0.155231	0.167056	0.168068	0.15434	0.133378	0.104161	0.0657752	0.0302609	-0.0117805	-0.0642895	-0.114477	-0.164047	-0.221391	-0.287776	-0.350172	-0.400109	-0.446514	-0.489442	-0.515091	-0.526839	-0.539027	-0.550479	-0.559646	-0.571334	-0.590096	-0.627588	-0.679885	-0.736043	-0.78369	-0.832877	-0.869573	-0.881979	-0.861443	-0.811377	
0.0617597	0.0617597	0.0670307	0.0778389	0.0915194	0.111174	0.129009	0.152426	0.172347	0.192602	0.213648	0.228293	0.24519	0.255238	0.26155	0.262174	0.253457	0.238083	0.211722	0.176088	0.13656	0.0832255	0.0286926	-0.0286033	-0.0912578	-0.147483	-0.190947	-0.237391	-0.283887	-0.329253	-0.369689	-0.411218	-0.456042	-0.491778	-0.510114	-0.5207	-0.528857	-0.527243	-0.522279	-0.516228	-0.519097	-0.53372	-0.560193	-0.590897	-0.635102	-0.691329	-0.737373	-0.758277	-0.753473	-0.727215	
0.439167	0.439167	0.441081	0.444171	0.449497	0.454103	0.460233	0.465122	0.467708	0.469405	0.465906	0.457422	0.445087	0.423068	0.397526	0.364098	0.326727	0.285764	0.239555	0.193008	0.13956	0.0790024	0.0202516	-0.0455214	-0.108578	-0.159916	-0.209467	-0.255383	-0.289194	-0.315558	-0.337952	-0.363962	-0.393662	-0.417732	-0.43604	-0.45373	-0.460921	-0.453964	-0.440327	-0.426251	-0.418816	-0.416487	-0.416643	-0.423323	-0.45544	-0.503036	-0.547756	-0.576134	-0.589916	-0.583621	
0.797384	0.797384	0.795415	0.791641	0.786268	0.777235	0.768022	0.752451	0.73509	0.712037	0.68164	0.647849	0.605262	0.558421	0.507485	0.452114	0.395924	0.336617	0.277094	0.217598	0.154245	0.0973066	0.0414795	-0.0145197	-0.0629232	-0.111108	-0.162234	-0.201309	-0.230137	-0.249854	-0.262097	-0.274644	-0.285621	-0.293166	-0.30753	-0.327257	-0.336316	-0.333879	-0.322103	-0.306967	-0.290774	-0.274106	-0.255111	-0.24853	-0.262383	-0.287017	-0.315311	-0.346496	-0.375961	-0.388382	
1.08242	1.08242	1.07729	1.06736	1.05155	1.03088	1.00415	0.971231	0.933878	0.889563	0.841321	0.789352	0.731758	0.673446	0.610305	0.545261	0.477958	0.408985	0.342063	0.276163	0.21671	0.165823	0.115641	0.0723825	0.0322796	-0.0110445	-0.0476226	-0.0753949	-0.10095	-0.119561	-0.134174	-0.143029	-0.138997	-0.133301	-0.13991	-0.148978	-0.153967	-0.158169	-0.157956	-0.148644	-0.128196	-0.0991761	-0.0710008	-0.0586844	-0.0554275	-0.0543468	-0.0617679	-0.0889776	-0.12656	-0.157445	
1.25458	1.25458	1.2462	1.22914	1.20425	1.17263	1.13337	1.09031	1.04177	0.99001	0.93661	0.879312	0.820733	0.759768	0.695539	0.630695	0.564788	0.500798	0.439876	0.382877	0.333058	0.284902	0.24087	0.204423	0.169901	0.141779	0.122862	0.102504	0.0813507	0.0622087	0.0458094	0.0426832	0.0494382	0.050693	0.0512595	0.0605878	0.0654597	0.059439	0.0507196	0.0506403	0.0652633	0.0936423	0.119687	0.13627	0.152647	0.169556	0.17316	0.153602	0.117253	0.0745942	
1.27143	1.27143	1.26404	1.24899	1.22731	1.1986	1.16371	1.12371	1.07759	1.02817	0.974702	0.918131	0.861576	0.803555	0.747568	0.693832	0.642324	0.59354	0.54595	0.500302	0.455566	0.412301	0.377179	0.347929	0.324751	0.310285	0.2962	0.278943	0.264196	0.251014	0.243719	0.24259	0.236267	0.229792	0.239713	0.256679	0.263635	0.262727	0.259246	0.255878	0.258747	0.269954	0.284017	0.304901	0.332604	0.355031	0.359868	0.348188	0.321208	0.280272	
1.16399	1.16399	1.15948	1.15067	1.13696	1.118	1.09422	1.06429	1.0294	0.989866	0.945922	0.900433	0.854163	0.808553	0.766099	0.725855	0.688288	0.652693	0.618228	0.585137	0.552976	0.525084	0.501246	0.479177	0.462025	0.447529	0.433177	0.424573	0.42102	0.418349	0.415443	0.405124	0.391371	0.391525	0.403114	0.40849	0.41066	0.417803	0.424675	0.425256	0.42024	0.410443	0.40732	0.424731	0.454126	0.473789	0.476566	0.469352	0.451915	0.421372	
0.996559	0.996559	0.991939	0.983252	0.97034	0.954291	0.935581	0.914458	0.89251	0.868955	0.844719	0.819992	0.793504	0.766609	0.738805	0.710707	0.684251	0.660496	0.640738	0.625113	0.612989	0.602521	0.589447	0.574565	0.559534	0.544762	0.536016	0.535405	0.536915	0.537291	0.532377	0.522093	0.517858	0.520714	0.517201	0.509867	0.511991	0.520566	0.527281	0.529772	0.522083	0.502033	0.48636	0.487973	0.498897	0.505806	0.506432	0.501128	0.488622	0.467724	
0.783342	0.783342	0.780116	0.773812	0.765103	0.754764	0.743326	0.732022	0.721197	0.711059	0.702116	0.693344	0.68439	0.675135	0.664445	0.653289	0.642335	0.632262	0.624252	0.618566	0.614937	0.6116	0.608005	0.604754	0.600121	0.595042	0.591326	0.586655	0.581473	0.578669	0.578108	0.581761	0.585922	0.578648	0.562229	0.553682	0.554981	0.556773	0.55757	0.556154	0.546058	0.530252	0.51583	0.499893	0.481205	0.469001	0.466882	0.464921	0.456687	0.440631	
0.552748	0.552748	0.553529	0.554712	0.556296	0.557596	0.558304	0.558378	0.557283	0.555782	0.554141	0.552856	0.553168	0.554936	0.558187	0.562535	0.566328	0.568417	0.568219	0.565814	0.562488	0.560464	0.562195	0.567071	0.572807	0.577219	0.576212	0.568921	0.560612	0.555811	0.557451	0.564294	0.56609	0.557595	0.547204	0.539428	0.53081	0.524044	0.520449	0.512757	0.501577	0.49581	0.488184	0.462695	0.424601	0.396344	0.386773	0.386483	0.383974	0.369469	
0.364172	0.364172	0.366054	0.369697	0.374811	0.380936	0.387721	0.394551	0.401039	0.407114	0.412518	0.417799	0.423481	0.429817	0.437601	0.446544	0.455982	0.465254	0.473227	0.479198	0.483351	0.48673	0.490129	0.493879	0.498755	0.503797	0.507075	0.508713	0.508456	0.505378	0.500896	0.49566	0.490872	0.490535	0.491985	0.485204	0.469825	0.454192	0.440206	0.427616	0.421813	0.420461	0.409046	0.380398	0.343059	0.309218	0.286981	0.279433	0.277407	0.26231	
0.23223	0.23223	0.232836	0.234285	0.236695	0.240515	0.246029	0.253338	0.262648	0.273512	0.285466	0.29792	0.309886	0.320989	0.331116	0.340402	0.34986	0.360388	0.372286	0.385365	0.398377	0.409231	0.416168	0.419319	0.420317	0.421447	0.42562	0.433076	0.439778	0.441464	0.435672	0.423666	0.413488	0.411709	0.414124	0.412592	0.40236	0.381098	0.355648	0.341418	0.340099	0.33344	0.311747	0.285355	0.260787	0.231851	0.200102	0.177233	0.162621	0.142047	
0.138118	0.138118	0.139074	0.141055	0.144135	0.148536	0.154421	0.162033	0.171578	0.182975	0.196126	0.210492	0.225292	0.239869	0.253418	0.265671	0.276978	0.287879	0.299133	0.311255	0.323836	0.335629	0.345379	0.352319	0.356245	0.358425	0.360961	0.364395	0.367923	0.370258	0.369093	0.363546	0.355712	0.347755	0.341239	0.33694	0.330469	0.316041	0.297348	0.28269	0.269997	0.251391	0.22924	0.211976	0.198145	0.177868	0.147063	0.110395	0.0743592	0.0443428	
0.0835205	0.0835205	0.0859058	0.0905038	0.0971179	0.105327	0.114717	0.124881	0.135366	0.146033	0.156837	0.167941	0.1798	0.192654	0.206595	0.221415	0.236222	0.249982	0.261883	0.271472	0.279256	0.286627	0.294853	0.304195	0.313823	0.321775	0.325554	0.324649	0.321358	0.318676	0.319017	0.322105	0.322591	0.314841	0.299692	0.283297	0.272839	0.271553	0.270744	0.254877	0.223279	0.194254	0.179653	0.172036	0.161849	0.147215	0.122495	0.0797099	0.0278033	-0.00899007	
0.0835205	0.0835205	0.0859058	0.0905038	0.0971179	0.105327	0.114717	0.124881	0.135366	0.146033	0.156837	0.167941	0.1798	0.192654	0.206595	0.221415	0.236222	0.249982	0.261883	0.271472	0.279256	0.286627	0.294853	0.304195	0.313823	0.321775	0.325554	0.324649	0.321358	0.318676	0.319017	0.322105	0.322591	0.314841	0.299692	0.283297	0.272839	0.271553	0.270744	0.254877	0.223279	0.194254	0.179653	0.172036	0.161849	0.147215	0.122495	0.0797099	0.0278033	-0.00899007	
