-0.047262	-0.047262	-0.0450623	-0.0481258	-0.0442665	-0.0465867	-0.0459259	-0.04459	-0.0479636	-0.0452244	-0.046923	-0.0481741	-0.045046	-0.0473749	-0.0476124	-0.0456868	-0.0481226	-0.0501734	-0.0471971	-0.049465	-0.0487534	-0.0475615	-0.0519699	-0.049354	-0.0499041	-0.050595	-0.0531258	-0.0490415	-0.0522672	-0.0550445	-0.049745	-0.0521737	-0.0547139	-0.0478065	-0.0423793	-0.0386799	-0.0154741	0.0176864	0.0675518	0.148394	0.269658	0.430748	0.623641	0.839788	1.05603	1.21862	1.27777	1.21853	1.03553	0.727583	
-0.047262	-0.047262	-0.0450623	-0.0481258	-0.0442665	-0.0465867	-0.0459259	-0.04459	-0.0479636	-0.0452244	-0.046923	-0.0481741	-0.045046	-0.0473749	-0.0476124	-0.0456868	-0.0481226	-0.0501734	-0.0471971	-0.049465	-0.0487534	-0.0475615	-0.0519699	-0.049354	-0.0499041	-0.050595	-0.0531258	-0.0490415	-0.0522672	-0.0550445	-0.049745	-0.0521737	-0.0547139	-0.0478065	-0.0423793	-0.0386799	-0.0154741	0.0176864	0.0675518	0.148394	0.269658	0.430748	0.623641	0.839788	1.05603	1.21862	1.27777	1.21853	1.03553	0.727583	
-0.0450623	-0.0450623	-0.0426503	-0.0481363	-0.0448316	-0.0475653	-0.0490254	-0.0456586	-0.0480136	-0.0469369	-0.0446203	-0.0478037	-0.0469984	-0.0481034	-0.0490654	-0.0477213	-0.0490253	-0.0446838	-0.0451329	-0.04974	-0.0505556	-0.0462793	-0.0496304	-0.0483112	-0.0493584	-0.0491526	-0.0520255	-0.048801	-0.0514338	-0.0527453	-0.0495978	-0.0513004	-0.0533536	-0.0465628	-0.0416148	-0.0368433	-0.0137353	0.0186731	0.0702817	0.150139	0.27216	0.431036	0.624175	0.838486	1.05139	1.21227	1.27016	1.21268	1.02915	0.724842	
-0.0481258	-0.0481258	-0.0481363	-0.0462401	-0.0456267	-0.045116	-0.0438205	-0.0450349	-0.0465109	-0.0452578	-0.0484978	-0.047461	-0.0454471	-0.0463699	-0.0462992	-0.0453684	-0.047381	-0.0521953	-0.0504077	-0.0489088	-0.0468815	-0.0498438	-0.0514646	-0.050732	-0.0508362	-0.0519194	-0.051803	-0.0508464	-0.0528915	-0.0547602	-0.0515181	-0.0527284	-0.0536794	-0.0488761	-0.0440546	-0.0360308	-0.0153771	0.0186473	0.0695527	0.152565	0.271401	0.430765	0.621797	0.834248	1.04252	1.198	1.2587	1.20111	1.02063	0.723995	
-0.0442665	-0.0442665	-0.0448316	-0.0456267	-0.0469252	-0.047155	-0.0481958	-0.0475605	-0.0465331	-0.0473497	-0.045148	-0.046635	-0.0476023	-0.0479055	-0.0489239	-0.0485483	-0.0486832	-0.0453058	-0.0455802	-0.0482874	-0.0505146	-0.0487234	-0.0488722	-0.0488127	-0.0489386	-0.0492692	-0.0516778	-0.0512422	-0.0506903	-0.0508146	-0.0519674	-0.05187	-0.0507078	-0.0475647	-0.0425069	-0.0326077	-0.0120356	0.0207386	0.0752689	0.157123	0.276243	0.431827	0.621818	0.829776	1.02899	1.17917	1.2379	1.18306	1.00344	0.717834	
-0.0465867	-0.0465867	-0.0475653	-0.045116	-0.047155	-0.045035	-0.0456813	-0.046938	-0.0453796	-0.0476461	-0.0477456	-0.0459014	-0.0484898	-0.0461095	-0.0460347	-0.0478482	-0.0472751	-0.0476176	-0.051226	-0.0486404	-0.0472177	-0.0502412	-0.0472403	-0.0508945	-0.0518247	-0.0517201	-0.0484136	-0.0521351	-0.0525165	-0.0519655	-0.0534265	-0.0515411	-0.0506314	-0.0488205	-0.0441479	-0.0296571	-0.0123773	0.0226929	0.0776897	0.162113	0.278364	0.432512	0.619698	0.822195	1.01194	1.15392	1.21334	1.1591	0.98443	0.712495	
-0.0459259	-0.0459259	-0.0490254	-0.0438205	-0.0481958	-0.0456813	-0.0446478	-0.0477427	-0.0442831	-0.0468187	-0.0469632	-0.0459877	-0.0485369	-0.0463606	-0.0483261	-0.0488354	-0.0466279	-0.0504117	-0.0490998	-0.0474914	-0.0489314	-0.0524128	-0.0494188	-0.051641	-0.0492382	-0.0500222	-0.0521006	-0.0547069	-0.0508209	-0.0500376	-0.0556705	-0.052074	-0.0493633	-0.0493833	-0.0438623	-0.0270596	-0.0110895	0.0253958	0.0820552	0.16796	0.281602	0.43416	0.616923	0.812933	0.990394	1.12392	1.18148	1.12827	0.958853	0.705253	
-0.04459	-0.04459	-0.0456586	-0.0450349	-0.0475605	-0.046938	-0.0477427	-0.0495857	-0.04606	-0.0490318	-0.0471299	-0.0448518	-0.0490619	-0.0462412	-0.046378	-0.0495704	-0.0465345	-0.0462813	-0.0478225	-0.0472879	-0.0491942	-0.0496383	-0.0452938	-0.0498088	-0.0514835	-0.0506104	-0.0483365	-0.0523945	-0.0508826	-0.0502728	-0.054938	-0.0501874	-0.0476826	-0.0491918	-0.0413891	-0.0237604	-0.00745268	0.0297851	0.0896758	0.175126	0.28833	0.437729	0.616198	0.803353	0.967423	1.09173	1.14478	1.0914	0.929858	0.693733	
-0.0479636	-0.0479636	-0.0480136	-0.0465109	-0.0465331	-0.0453796	-0.0442831	-0.04606	-0.044163	-0.0466542	-0.0477339	-0.0461077	-0.0500971	-0.0468916	-0.0477528	-0.0499352	-0.0465396	-0.0503295	-0.0516195	-0.0488014	-0.0493162	-0.0519809	-0.0490597	-0.0528467	-0.0508199	-0.0509017	-0.0505857	-0.0553854	-0.051311	-0.0510677	-0.0560559	-0.0510699	-0.0487606	-0.0501695	-0.0412671	-0.0227939	-0.00673568	0.0330722	0.0937727	0.180244	0.291956	0.439111	0.611831	0.788501	0.940186	1.05345	1.10175	1.04747	0.896811	0.681591	
-0.0452244	-0.0452244	-0.0469369	-0.0452578	-0.0473497	-0.0476461	-0.0468187	-0.0490318	-0.0466542	-0.0484345	-0.0465549	-0.0466888	-0.0478161	-0.0453348	-0.0478951	-0.0485501	-0.0452831	-0.0507366	-0.0469831	-0.0471326	-0.0495527	-0.0495788	-0.0486846	-0.0509395	-0.0500839	-0.0495665	-0.0521772	-0.0534141	-0.0503322	-0.0507165	-0.05571	-0.0503392	-0.0480519	-0.0488416	-0.0380598	-0.0208969	-0.00203993	0.0393101	0.101891	0.188634	0.300016	0.445185	0.609999	0.776534	0.913593	1.01644	1.05453	1	0.859449	0.66571	
-0.046923	-0.046923	-0.0446203	-0.0484978	-0.045148	-0.0477456	-0.0469632	-0.0471299	-0.0477339	-0.0465549	-0.0483017	-0.0465812	-0.0474972	-0.0492687	-0.0473194	-0.0491056	-0.049365	-0.0470749	-0.0484397	-0.0490251	-0.050957	-0.0488942	-0.0497043	-0.0488831	-0.0519027	-0.0524036	-0.0497563	-0.0515965	-0.0516931	-0.0535168	-0.0528416	-0.0505568	-0.0480955	-0.0486017	-0.0352353	-0.0210223	0.00293695	0.0436376	0.109442	0.193991	0.308449	0.447871	0.607038	0.75947	0.885615	0.973858	1.00236	0.94526	0.819509	0.643868	
-0.0481741	-0.0481741	-0.0478037	-0.047461	-0.046635	-0.0459014	-0.0459877	-0.0448518	-0.0461077	-0.0466888	-0.0465812	-0.0493953	-0.0479062	-0.0487429	-0.0484546	-0.0477012	-0.0487462	-0.0497029	-0.051387	-0.0498245	-0.0502164	-0.0489615	-0.0526003	-0.0521602	-0.0508115	-0.050074	-0.052523	-0.0546929	-0.0521769	-0.0523015	-0.0525737	-0.0528391	-0.049188	-0.0465131	-0.0344485	-0.0208073	0.00711474	0.0491498	0.115251	0.201019	0.316124	0.452241	0.602302	0.743388	0.856678	0.931019	0.945654	0.889113	0.775125	0.619869	
-0.045046	-0.045046	-0.0469984	-0.0454471	-0.0476023	-0.0484898	-0.0485369	-0.0490619	-0.0500971	-0.0478161	-0.0474972	-0.0479062	-0.0446142	-0.0471453	-0.0476309	-0.0462756	-0.0505127	-0.0457916	-0.0483625	-0.0486756	-0.0482531	-0.0491627	-0.0514895	-0.0475858	-0.0510347	-0.0536453	-0.05197	-0.0496466	-0.0533279	-0.0536882	-0.0519513	-0.0518395	-0.0494823	-0.0432313	-0.0338958	-0.0180661	0.0127429	0.0564985	0.122719	0.210598	0.326904	0.458359	0.600473	0.729079	0.831201	0.887867	0.888491	0.8313	0.727747	0.58988	
-0.0473749	-0.0473749	-0.0481034	-0.0463699	-0.0479055	-0.0461095	-0.0463606	-0.0462412	-0.0468916	-0.0453348	-0.0492687	-0.0487429	-0.0471453	-0.0539343	-0.0482324	-0.0486481	-0.0536164	-0.0469628	-0.0509367	-0.0498011	-0.0509121	-0.0508606	-0.052586	-0.0489605	-0.052425	-0.0519085	-0.050033	-0.0522396	-0.0548895	-0.0524218	-0.0489509	-0.0543351	-0.0482099	-0.0415813	-0.0326888	-0.0170855	0.0186357	0.0609684	0.128935	0.217934	0.335007	0.461186	0.59458	0.712059	0.80194	0.839477	0.827283	0.768329	0.676194	0.552141	
-0.0476124	-0.0476124	-0.0490654	-0.0462992	-0.0489239	-0.0460347	-0.0483261	-0.046378	-0.0477528	-0.0478951	-0.0473194	-0.0484546	-0.0476309	-0.0482324	-0.0460166	-0.0478381	-0.0491007	-0.0445296	-0.0537651	-0.0518961	-0.048019	-0.0505565	-0.0504867	-0.05172	-0.0521779	-0.0538326	-0.0520377	-0.0536104	-0.0550275	-0.0523772	-0.0520593	-0.0558027	-0.0485708	-0.0398352	-0.0350372	-0.0133607	0.0219417	0.0672492	0.134465	0.228791	0.343591	0.467183	0.591479	0.700479	0.776197	0.79558	0.769311	0.710113	0.622616	0.511941	
-0.0456868	-0.0456868	-0.0477213	-0.0453684	-0.0485483	-0.0478482	-0.0488354	-0.0495704	-0.0499352	-0.0485501	-0.0491056	-0.0477012	-0.0462756	-0.0486481	-0.0478381	-0.0500226	-0.0519506	-0.0495886	-0.0497776	-0.046449	-0.0474384	-0.0536908	-0.0514613	-0.0499865	-0.0507365	-0.0530304	-0.0507952	-0.0513279	-0.0553499	-0.0515672	-0.051208	-0.0537137	-0.0465274	-0.0385588	-0.0333602	-0.00838128	0.0270603	0.0731022	0.142689	0.239109	0.352303	0.471796	0.588628	0.688328	0.748708	0.749445	0.71082	0.648564	0.563159	0.463759	
-0.0481226	-0.0481226	-0.0490253	-0.047381	-0.0486832	-0.0472751	-0.0466279	-0.0465345	-0.0465396	-0.0452831	-0.049365	-0.0487462	-0.0505127	-0.0536164	-0.0491007	-0.0519506	-0.0457281	-0.0501422	-0.0496367	-0.0530627	-0.0525524	-0.0530082	-0.0481965	-0.0517519	-0.0529166	-0.053153	-0.051559	-0.0543448	-0.0547393	-0.0513173	-0.0521286	-0.0552542	-0.045254	-0.0397066	-0.0319858	-0.00558619	0.0296085	0.0781066	0.14904	0.248519	0.35768	0.476323	0.584775	0.676637	0.720411	0.704146	0.655784	0.586514	0.502077	0.411902	
-0.0501734	-0.0501734	-0.0446838	-0.0521953	-0.0453058	-0.0476176	-0.0504117	-0.0462813	-0.0503295	-0.0507366	-0.0470749	-0.0497029	-0.0457916	-0.0469628	-0.0445296	-0.0495886	-0.0501422	-0.0512013	-0.0507109	-0.0503146	-0.0514963	-0.0475439	-0.0533087	-0.0541059	-0.0533249	-0.0527207	-0.0541661	-0.0540884	-0.0544512	-0.0544811	-0.0541313	-0.0543136	-0.0448809	-0.0430417	-0.0286068	-0.00454982	0.0337963	0.0809995	0.159359	0.255091	0.366603	0.480621	0.585356	0.667578	0.69431	0.666396	0.604971	0.529007	0.440463	0.358272	
-0.0471971	-0.0471971	-0.0451329	-0.0504077	-0.0455802	-0.051226	-0.0490998	-0.0478225	-0.0516195	-0.0469831	-0.0484397	-0.051387	-0.0483625	-0.0509367	-0.0537651	-0.0497776	-0.0496367	-0.0507109	-0.0502083	-0.0480464	-0.0506738	-0.0505165	-0.054948	-0.049719	-0.0501911	-0.051794	-0.0535366	-0.0520086	-0.0535732	-0.0531132	-0.0519172	-0.050517	-0.0457917	-0.0403904	-0.0237012	-0.000714485	0.0367941	0.0888044	0.168564	0.262723	0.374265	0.485049	0.586193	0.655005	0.668568	0.62746	0.554779	0.467416	0.373113	0.301483	
-0.049465	-0.049465	-0.04974	-0.0489088	-0.0482874	-0.0486404	-0.0474914	-0.0472879	-0.0488014	-0.0471326	-0.0490251	-0.0498245	-0.0486756	-0.0498011	-0.0518961	-0.046449	-0.0530627	-0.0503146	-0.0480464	-0.0540453	-0.0561389	-0.0511565	-0.0523111	-0.0519332	-0.0539956	-0.0551228	-0.0562644	-0.0533671	-0.0549838	-0.055465	-0.0547182	-0.0510798	-0.0498873	-0.0392325	-0.0242582	-0.000778181	0.0369875	0.0950983	0.172998	0.267865	0.379814	0.48928	0.586358	0.642553	0.646387	0.594665	0.510353	0.410028	0.311272	0.248498	
-0.0487534	-0.0487534	-0.0505556	-0.0468815	-0.0505146	-0.0472177	-0.0489314	-0.0491942	-0.0493162	-0.0495527	-0.050957	-0.0502164	-0.0482531	-0.0509121	-0.048019	-0.0474384	-0.0525524	-0.0514963	-0.0506738	-0.0561389	-0.0472019	-0.0486725	-0.0544848	-0.0539675	-0.0532793	-0.0546097	-0.0538266	-0.0513345	-0.055915	-0.0579037	-0.0513936	-0.0501436	-0.0503599	-0.0376113	-0.0215326	0.00042314	0.0412928	0.102283	0.17805	0.275679	0.385957	0.496813	0.585175	0.632883	0.6268	0.565886	0.468079	0.352203	0.252599	0.192447	
-0.0475615	-0.0475615	-0.0462793	-0.0498438	-0.0487234	-0.0502412	-0.0524128	-0.0496383	-0.0519809	-0.0495788	-0.0488942	-0.0489615	-0.0491627	-0.0508606	-0.0505565	-0.0536908	-0.0530082	-0.0475439	-0.0505165	-0.0511565	-0.0486725	-0.054928	-0.0565319	-0.0505778	-0.0518089	-0.0525502	-0.0552223	-0.0540517	-0.0573177	-0.054051	-0.0495352	-0.0532631	-0.0509651	-0.0335032	-0.020386	0.000715678	0.0463639	0.1074	0.183671	0.281254	0.393977	0.501478	0.584694	0.622899	0.610891	0.540198	0.426217	0.299303	0.19706	0.13664	
-0.0519699	-0.0519699	-0.0496304	-0.0514646	-0.0488722	-0.0472403	-0.0494188	-0.0452938	-0.0490597	-0.0486846	-0.0497043	-0.0526003	-0.0514895	-0.052586	-0.0504867	-0.0514613	-0.0481965	-0.0533087	-0.054948	-0.0523111	-0.0544848	-0.0565319	-0.0501422	-0.0515279	-0.0558449	-0.0580964	-0.0556299	-0.0536509	-0.0552682	-0.0567689	-0.0528795	-0.0559071	-0.0473206	-0.0339657	-0.0235491	0.00127282	0.050463	0.109569	0.18542	0.286424	0.39834	0.504632	0.580302	0.614365	0.596507	0.515359	0.387183	0.251601	0.148395	0.0819956	
-0.049354	-0.049354	-0.0483112	-0.050732	-0.0488127	-0.0508945	-0.051641	-0.0498088	-0.0528467	-0.0509395	-0.0488831	-0.0521602	-0.0475858	-0.0489605	-0.05172	-0.0499865	-0.0517519	-0.0541059	-0.049719	-0.0519332	-0.0539675	-0.0505778	-0.0515279	-0.0583688	-0.0556924	-0.0534256	-0.0536334	-0.0554571	-0.0585527	-0.0563276	-0.052963	-0.0538682	-0.0470688	-0.0357436	-0.0239363	0.00671986	0.0533145	0.111501	0.190214	0.29399	0.404738	0.50824	0.579431	0.611065	0.586668	0.494584	0.352552	0.213839	0.10235	0.0291499	
-0.0499041	-0.0499041	-0.0493584	-0.0508362	-0.0489386	-0.0518247	-0.0492382	-0.0514835	-0.0508199	-0.0500839	-0.0519027	-0.0508115	-0.0510347	-0.052425	-0.0521779	-0.0507365	-0.0529166	-0.0533249	-0.0501911	-0.0539956	-0.0532793	-0.0518089	-0.0558449	-0.0556924	-0.0526315	-0.052554	-0.0577522	-0.0567595	-0.0566862	-0.0532482	-0.0551564	-0.0536303	-0.0467902	-0.0362463	-0.0214264	0.0095768	0.0536355	0.113134	0.195878	0.298975	0.408031	0.509256	0.577825	0.60792	0.575242	0.472354	0.322281	0.180094	0.0595074	-0.0242353	
-0.050595	-0.050595	-0.0491526	-0.0519194	-0.0492692	-0.0517201	-0.0500222	-0.0506104	-0.0509017	-0.0495665	-0.0524036	-0.050074	-0.0536453	-0.0519085	-0.0538326	-0.0530304	-0.053153	-0.0527207	-0.051794	-0.0551228	-0.0546097	-0.0525502	-0.0580964	-0.0534256	-0.052554	-0.0560341	-0.0614771	-0.053909	-0.0536107	-0.0573967	-0.0586269	-0.0507319	-0.0464835	-0.0381814	-0.0200367	0.0103627	0.0534252	0.115362	0.200562	0.300804	0.410935	0.508263	0.579203	0.603477	0.565075	0.451238	0.299885	0.15161	0.0195534	-0.0744538	
-0.0531258	-0.0531258	-0.0520255	-0.051803	-0.0516778	-0.0484136	-0.0521006	-0.0483365	-0.0505857	-0.0521772	-0.0497563	-0.052523	-0.05197	-0.050033	-0.0520377	-0.0507952	-0.051559	-0.0541661	-0.0535366	-0.0562644	-0.0538266	-0.0552223	-0.0556299	-0.0536334	-0.0577522	-0.0614771	-0.0562643	-0.0531734	-0.0598422	-0.0637438	-0.054341	-0.0500953	-0.0523945	-0.0407748	-0.0177223	0.00925473	0.0515166	0.117789	0.202309	0.303009	0.41133	0.510216	0.580534	0.601745	0.555047	0.437374	0.286065	0.128299	-0.0145845	-0.119315	
-0.0490415	-0.0490415	-0.048801	-0.0508464	-0.0512422	-0.0521351	-0.0547069	-0.0523945	-0.0553854	-0.0534141	-0.0515965	-0.0546929	-0.0496466	-0.0522396	-0.0536104	-0.0513279	-0.0543448	-0.0540884	-0.0520086	-0.0533671	-0.0513345	-0.0540517	-0.0536509	-0.0554571	-0.0567595	-0.053909	-0.0531734	-0.0575157	-0.0593897	-0.0559412	-0.0501148	-0.0535712	-0.052484	-0.0333288	-0.0141142	0.00843648	0.0543719	0.123906	0.206067	0.305942	0.413702	0.514119	0.582983	0.598357	0.544992	0.427983	0.273074	0.104563	-0.0501949	-0.160288	
-0.0522672	-0.0522672	-0.0514338	-0.0528915	-0.0506903	-0.0525165	-0.0508209	-0.0508826	-0.051311	-0.0503322	-0.0516931	-0.0521769	-0.0533279	-0.0548895	-0.0550275	-0.0553499	-0.0547393	-0.0544512	-0.0535732	-0.0549838	-0.055915	-0.0573177	-0.0552682	-0.0585527	-0.0566862	-0.0536107	-0.0598422	-0.0593897	-0.0577533	-0.0562944	-0.0565574	-0.0563495	-0.0505551	-0.0326358	-0.020376	0.00535783	0.0557598	0.124088	0.202745	0.303885	0.412352	0.515152	0.579998	0.591262	0.536113	0.423216	0.261547	0.0835326	-0.0778628	-0.190779	
-0.0550445	-0.0550445	-0.0527453	-0.0547602	-0.0508146	-0.0519655	-0.0500376	-0.0502728	-0.0510677	-0.0507165	-0.0535168	-0.0523015	-0.0536882	-0.0524218	-0.0523772	-0.0515672	-0.0513173	-0.0544811	-0.0531132	-0.055465	-0.0579037	-0.054051	-0.0567689	-0.0563276	-0.0532482	-0.0573967	-0.0637438	-0.0559412	-0.0562944	-0.0591063	-0.0577834	-0.0551078	-0.0484943	-0.0355168	-0.0224543	0.00744211	0.0593027	0.122318	0.202556	0.304499	0.416459	0.516918	0.5793	0.587042	0.536904	0.423092	0.252988	0.0671134	-0.0965599	-0.213661	
-0.049745	-0.049745	-0.0495978	-0.0515181	-0.0519674	-0.0534265	-0.0556705	-0.054938	-0.0560559	-0.05571	-0.0528416	-0.0525737	-0.0519513	-0.0489509	-0.0520593	-0.051208	-0.0521286	-0.0541313	-0.0519172	-0.0547182	-0.0513936	-0.0495352	-0.0528795	-0.052963	-0.0551564	-0.0586269	-0.054341	-0.0501148	-0.0565574	-0.0577834	-0.0544604	-0.0508906	-0.0453952	-0.0347136	-0.0199832	0.0134835	0.0613107	0.122736	0.204465	0.30911	0.420151	0.518066	0.577105	0.587256	0.54085	0.421408	0.242929	0.0541011	-0.109738	-0.23433	
-0.0521737	-0.0521737	-0.0513004	-0.0527284	-0.05187	-0.0515411	-0.052074	-0.0501874	-0.0510699	-0.0503392	-0.0505568	-0.0528391	-0.0518395	-0.0543351	-0.0558027	-0.0537137	-0.0552542	-0.0543136	-0.050517	-0.0510798	-0.0501436	-0.0532631	-0.0559071	-0.0538682	-0.0536303	-0.0507319	-0.0500953	-0.0535712	-0.0563495	-0.0551078	-0.0508906	-0.0467416	-0.0443762	-0.0366011	-0.0160041	0.0166018	0.0596943	0.120473	0.205999	0.309851	0.418603	0.512969	0.573085	0.588203	0.541661	0.414768	0.233345	0.0474625	-0.1168	-0.250292	
-0.0547139	-0.0547139	-0.0533536	-0.0536794	-0.0507078	-0.0506314	-0.0493633	-0.0476826	-0.0487606	-0.0480519	-0.0480955	-0.049188	-0.0494823	-0.0482099	-0.0485708	-0.0465274	-0.045254	-0.0448809	-0.0457917	-0.0498873	-0.0503599	-0.0509651	-0.0473206	-0.0470688	-0.0467902	-0.0464835	-0.0523945	-0.052484	-0.0505551	-0.0484943	-0.0453952	-0.0443762	-0.0472687	-0.0312984	-0.00777902	0.0185959	0.0572365	0.125058	0.211241	0.313254	0.418327	0.514216	0.578777	0.59811	0.546846	0.41552	0.237087	0.0550075	-0.115125	-0.259166	
-0.0478065	-0.0478065	-0.0465628	-0.0488761	-0.0475647	-0.0488205	-0.0493833	-0.0491918	-0.0501695	-0.0488416	-0.0486017	-0.0465131	-0.0432313	-0.0415813	-0.0398352	-0.0385588	-0.0397066	-0.0430417	-0.0403904	-0.0392325	-0.0376113	-0.0335032	-0.0339657	-0.0357436	-0.0362463	-0.0381814	-0.0407748	-0.0333288	-0.0326358	-0.0355168	-0.0347136	-0.0366011	-0.0312984	-0.0108536	0.00457766	0.0225313	0.0696739	0.140223	0.222037	0.318186	0.423827	0.522009	0.590127	0.607045	0.549209	0.418577	0.24574	0.0626836	-0.116116	-0.270512	
-0.0423793	-0.0423793	-0.0416148	-0.0440546	-0.0425069	-0.0441479	-0.0438623	-0.0413891	-0.0412671	-0.0380598	-0.0352353	-0.0344485	-0.0338958	-0.0326888	-0.0350372	-0.0333602	-0.0319858	-0.0286068	-0.0237012	-0.0242582	-0.0215326	-0.020386	-0.0235491	-0.0239363	-0.0214264	-0.0200367	-0.0177223	-0.0141142	-0.020376	-0.0224543	-0.0199832	-0.0160041	-0.00777902	0.00457766	0.0101699	0.0372221	0.0901923	0.154501	0.228252	0.325661	0.43363	0.534308	0.602514	0.614179	0.555846	0.431868	0.263962	0.0761183	-0.111677	-0.272085	
-0.0386799	-0.0386799	-0.0368433	-0.0360308	-0.0326077	-0.0296571	-0.0270596	-0.0237604	-0.0227939	-0.0208969	-0.0210223	-0.0208073	-0.0180661	-0.0170855	-0.0133607	-0.00838128	-0.00558619	-0.00454982	-0.000714485	-0.000778181	0.00042314	0.000715678	0.00127282	0.00671986	0.0095768	0.0103627	0.00925473	0.00843648	0.00535783	0.00744211	0.0134835	0.0166018	0.0185959	0.0225313	0.0372221	0.0713476	0.11786	0.171411	0.247425	0.347555	0.456374	0.55685	0.621269	0.630635	0.577545	0.461824	0.292946	0.0969812	-0.0962678	-0.261891	
-0.0154741	-0.0154741	-0.0137353	-0.0153771	-0.0120356	-0.0123773	-0.0110895	-0.00745268	-0.00673568	-0.00203993	0.00293695	0.00711474	0.0127429	0.0186357	0.0219417	0.0270603	0.0296085	0.0337963	0.0367941	0.0369875	0.0412928	0.0463639	0.050463	0.0533145	0.0536355	0.0534252	0.0515166	0.0543719	0.0557598	0.0593027	0.0613107	0.0596943	0.0572365	0.0696739	0.0901923	0.11786	0.15278	0.208791	0.288277	0.387356	0.494436	0.591859	0.652446	0.663667	0.620166	0.506269	0.33034	0.127848	-0.0699844	-0.238556	
0.0176864	0.0176864	0.0186731	0.0186473	0.0207386	0.0226929	0.0253958	0.0297851	0.0330722	0.0393101	0.0436376	0.0491498	0.0564985	0.0609684	0.0672492	0.0731022	0.0781066	0.0809995	0.0888044	0.0950983	0.102283	0.1074	0.109569	0.111501	0.113134	0.115362	0.117789	0.123906	0.124088	0.122318	0.122736	0.120473	0.125058	0.140223	0.154501	0.171411	0.208791	0.267903	0.344762	0.439978	0.544222	0.636716	0.695072	0.715467	0.677148	0.558534	0.376083	0.171451	-0.0259821	-0.197558	
0.0675518	0.0675518	0.0702817	0.0695527	0.0752689	0.0776897	0.0820552	0.0896758	0.0937727	0.101891	0.109442	0.115251	0.122719	0.128935	0.134465	0.142689	0.14904	0.159359	0.168564	0.172998	0.17805	0.183671	0.18542	0.190214	0.195878	0.200562	0.202309	0.206067	0.202745	0.202556	0.204465	0.205999	0.211241	0.222037	0.228252	0.247425	0.288277	0.344762	0.417731	0.510904	0.611019	0.698747	0.765034	0.793679	0.754191	0.628487	0.445334	0.244347	0.0450827	-0.128823	
0.148394	0.148394	0.150139	0.152565	0.157123	0.162113	0.16796	0.175126	0.180244	0.188634	0.193991	0.201019	0.210598	0.217934	0.228791	0.239109	0.248519	0.255091	0.262723	0.267865	0.275679	0.281254	0.286424	0.29399	0.298975	0.300804	0.303009	0.305942	0.303885	0.304499	0.30911	0.309851	0.313254	0.318186	0.325661	0.347555	0.387356	0.439978	0.510904	0.599657	0.693312	0.786192	0.861018	0.890641	0.843303	0.716298	0.539862	0.34074	0.140242	-0.0397314	
0.269658	0.269658	0.27216	0.271401	0.276243	0.278364	0.281602	0.28833	0.291956	0.300016	0.308449	0.316124	0.326904	0.335007	0.343591	0.352303	0.35768	0.366603	0.374265	0.379814	0.385957	0.393977	0.39834	0.404738	0.408031	0.410935	0.41133	0.413702	0.412352	0.416459	0.420151	0.418603	0.418327	0.423827	0.43363	0.456374	0.494436	0.544222	0.611019	0.693312	0.791591	0.892697	0.970008	0.992002	0.943612	0.825583	0.656495	0.459744	0.254921	0.0673758	
0.430748	0.430748	0.431036	0.430765	0.431827	0.432512	0.43416	0.437729	0.439111	0.445185	0.447871	0.452241	0.458359	0.461186	0.467183	0.471796	0.476323	0.480621	0.485049	0.48928	0.496813	0.501478	0.504632	0.50824	0.509256	0.508263	0.510216	0.514119	0.515152	0.516918	0.518066	0.512969	0.514216	0.522009	0.534308	0.55685	0.591859	0.636716	0.698747	0.786192	0.892697	0.995996	1.06542	1.08662	1.04932	0.943246	0.782122	0.585937	0.378987	0.180437	
0.623641	0.623641	0.624175	0.621797	0.621818	0.619698	0.616923	0.616198	0.611831	0.609999	0.607038	0.602302	0.600473	0.59458	0.591479	0.588628	0.584775	0.585356	0.586193	0.586358	0.585175	0.584694	0.580302	0.579431	0.577825	0.579203	0.580534	0.582983	0.579998	0.5793	0.577105	0.573085	0.578777	0.590127	0.602514	0.621269	0.652446	0.695072	0.765034	0.861018	0.970008	1.06542	1.13479	1.16936	1.1484	1.05494	0.90061	0.709549	0.497424	0.289469	
0.839788	0.839788	0.838486	0.834248	0.829776	0.822195	0.812933	0.803353	0.788501	0.776534	0.75947	0.743388	0.729079	0.712059	0.700479	0.688328	0.676637	0.667578	0.655005	0.642553	0.632883	0.622899	0.614365	0.611065	0.60792	0.603477	0.601745	0.598357	0.591262	0.587042	0.587256	0.588203	0.59811	0.607045	0.614179	0.630635	0.663667	0.715467	0.793679	0.890641	0.992002	1.08662	1.16936	1.22185	1.21576	1.13221	0.989616	0.800746	0.584248	0.374353	
1.05603	1.05603	1.05139	1.04252	1.02899	1.01194	0.990394	0.967423	0.940186	0.913593	0.885615	0.856678	0.831201	0.80194	0.776197	0.748708	0.720411	0.69431	0.668568	0.646387	0.6268	0.610891	0.596507	0.586668	0.575242	0.565075	0.555047	0.544992	0.536113	0.536904	0.54085	0.541661	0.546846	0.549209	0.555846	0.577545	0.620166	0.677148	0.754191	0.843303	0.943612	1.04932	1.1484	1.21576	1.22038	1.15154	1.01808	0.831739	0.616632	0.418025	
1.21862	1.21862	1.21227	1.198	1.17917	1.15392	1.12392	1.09173	1.05345	1.01644	0.973858	0.931019	0.887867	0.839477	0.79558	0.749445	0.704146	0.666396	0.62746	0.594665	0.565886	0.540198	0.515359	0.494584	0.472354	0.451238	0.437374	0.427983	0.423216	0.423092	0.421408	0.414768	0.41552	0.418577	0.431868	0.461824	0.506269	0.558534	0.628487	0.716298	0.825583	0.943246	1.05494	1.13221	1.15154	1.09461	0.970169	0.79069	0.590633	0.414327	
1.27777	1.27777	1.27016	1.2587	1.2379	1.21334	1.18148	1.14478	1.10175	1.05453	1.00236	0.945654	0.888491	0.827283	0.769311	0.71082	0.655784	0.604971	0.554779	0.510353	0.468079	0.426217	0.387183	0.352552	0.322281	0.299885	0.286065	0.273074	0.261547	0.252988	0.242929	0.233345	0.237087	0.24574	0.263962	0.292946	0.33034	0.376083	0.445334	0.539862	0.656495	0.782122	0.90061	0.989616	1.01808	0.970169	0.85549	0.693247	0.51606	0.357748	
1.21853	1.21853	1.21268	1.20111	1.18306	1.1591	1.12827	1.0914	1.04747	1	0.94526	0.889113	0.8313	0.768329	0.710113	0.648564	0.586514	0.529007	0.467416	0.410028	0.352203	0.299303	0.251601	0.213839	0.180094	0.15161	0.128299	0.104563	0.0835326	0.0671134	0.0541011	0.0474625	0.0550075	0.0626836	0.0761183	0.0969812	0.127848	0.171451	0.244347	0.34074	0.459744	0.585937	0.709549	0.800746	0.831739	0.79069	0.693247	0.553468	0.392812	0.240618	
1.03553	1.03553	1.02915	1.02063	1.00344	0.98443	0.958853	0.929858	0.896811	0.859449	0.819509	0.775125	0.727747	0.676194	0.622616	0.563159	0.502077	0.440463	0.373113	0.311272	0.252599	0.19706	0.148395	0.10235	0.0595074	0.0195534	-0.0145845	-0.0501949	-0.0778628	-0.0965599	-0.109738	-0.1168	-0.115125	-0.116116	-0.111677	-0.0962678	-0.0699844	-0.0259821	0.0450827	0.140242	0.254921	0.378987	0.497424	0.584248	0.616632	0.590633	0.51606	0.392812	0.237048	0.0806822	
0.727583	0.727583	0.724842	0.723995	0.717834	0.712495	0.705253	0.693733	0.681591	0.66571	0.643868	0.619869	0.58988	0.552141	0.511941	0.463759	0.411902	0.358272	0.301483	0.248498	0.192447	0.13664	0.0819956	0.0291499	-0.0242353	-0.0744538	-0.119315	-0.160288	-0.190779	-0.213661	-0.23433	-0.250292	-0.259166	-0.270512	-0.272085	-0.261891	-0.238556	-0.197558	-0.128823	-0.0397314	0.0673758	0.180437	0.289469	0.374353	0.418025	0.414327	0.357748	0.240618	0.0806822	-0.0844689	
