0.114524	0.00779034	-0.118837	-0.251224	-0.371356	-0.45142	-0.467241	-0.414378	-0.298439	-0.138374	0.0381785	0.207243	0.363848	0.48831	0.563012	0.591467	0.581783	0.551937	0.504585	0.4448	0.378628	0.309055	0.250486	0.214342	0.18445	0.139303	0.0729556	-0.0169518	-0.115039	-0.216241	-0.30671	-0.364679	-0.387845	-0.375776	-0.346612	-0.312585	-0.278125	-0.255031	-0.256889	-0.284085	-0.319973	-0.355916	-0.381931	-0.399287	-0.39356	-0.348482	-0.285557	-0.22745	-0.19759	-0.19759	
0.00779034	-0.107701	-0.24435	-0.377131	-0.482484	-0.532552	-0.510007	-0.419612	-0.274163	-0.092047	0.0970061	0.274977	0.428967	0.544838	0.604662	0.611716	0.583112	0.529333	0.463719	0.395736	0.330446	0.27573	0.244173	0.236134	0.232438	0.211368	0.161436	0.0842641	-0.0109566	-0.117019	-0.223812	-0.318195	-0.381102	-0.408413	-0.411079	-0.400144	-0.376764	-0.349719	-0.338009	-0.343299	-0.357165	-0.365295	-0.37541	-0.386772	-0.372219	-0.320634	-0.242267	-0.170183	-0.132034	-0.132034	
-0.118837	-0.24435	-0.38142	-0.495609	-0.564142	-0.567113	-0.5017	-0.384034	-0.220698	-0.0239705	0.171648	0.350043	0.499715	0.601346	0.643355	0.637558	0.593168	0.516821	0.430099	0.348338	0.288506	0.250714	0.238412	0.248535	0.264409	0.266223	0.237649	0.174749	0.0910993	-0.0189891	-0.146861	-0.27183	-0.374632	-0.440703	-0.47909	-0.492712	-0.483128	-0.458508	-0.435915	-0.41672	-0.399135	-0.378888	-0.366632	-0.366375	-0.342917	-0.278883	-0.183264	-0.0935194	-0.046069	-0.046069	
-0.251224	-0.377131	-0.495609	-0.576503	-0.593132	-0.54112	-0.435557	-0.292341	-0.114413	0.0822138	0.27042	0.439331	0.573465	0.653672	0.680612	0.660041	0.598343	0.497606	0.392114	0.303467	0.245551	0.222494	0.228356	0.252022	0.281634	0.302483	0.295496	0.2537	0.175506	0.0607903	-0.0752105	-0.222506	-0.354906	-0.453837	-0.526551	-0.572513	-0.585739	-0.566399	-0.536543	-0.495509	-0.447736	-0.400361	-0.365067	-0.34875	-0.310038	-0.226677	-0.113293	-0.00882809	0.0490118	0.0490118	
-0.371356	-0.482484	-0.564142	-0.593132	-0.553929	-0.453233	-0.312242	-0.14717	0.0352291	0.218299	0.384736	0.530223	0.636547	0.689171	0.698219	0.666805	0.591021	0.479457	0.35998	0.258283	0.204266	0.196271	0.217599	0.255861	0.29656	0.328231	0.338003	0.307761	0.230905	0.116415	-0.0215712	-0.169758	-0.309444	-0.435935	-0.544804	-0.624947	-0.666299	-0.66247	-0.626304	-0.567588	-0.49708	-0.422305	-0.368463	-0.33092	-0.272067	-0.175186	-0.0465095	0.0659198	0.128579	0.128579	
-0.45142	-0.532552	-0.567113	-0.54112	-0.453233	-0.312604	-0.146975	0.0313878	0.210902	0.373352	0.513345	0.624575	0.691643	0.713424	0.700963	0.654272	0.573486	0.455632	0.322526	0.215979	0.164831	0.164365	0.199108	0.250052	0.300504	0.343477	0.364595	0.341668	0.270649	0.160924	0.0286506	-0.115741	-0.25833	-0.397486	-0.533309	-0.643848	-0.707869	-0.715329	-0.6792	-0.61131	-0.523048	-0.434202	-0.363736	-0.305202	-0.233907	-0.130772	-0.0057525	0.0987999	0.158554	0.158554	
-0.467241	-0.510007	-0.5017	-0.435557	-0.312242	-0.146975	0.0278999	0.201787	0.367416	0.507203	0.619735	0.699831	0.742358	0.742515	0.706899	0.644848	0.552406	0.423867	0.282466	0.175884	0.124769	0.130105	0.181216	0.248863	0.310019	0.361782	0.39303	0.378686	0.310822	0.200068	0.0681144	-0.0694088	-0.210953	-0.361248	-0.509909	-0.634176	-0.711602	-0.7245	-0.682368	-0.609296	-0.514608	-0.421275	-0.343502	-0.273786	-0.200848	-0.10319	0.00288208	0.0894859	0.142112	0.142112	
-0.414378	-0.419612	-0.384034	-0.292341	-0.14717	0.0313878	0.201787	0.359221	0.498531	0.605579	0.683766	0.739962	0.768069	0.754004	0.702933	0.635299	0.537201	0.407146	0.265771	0.155073	0.102382	0.114812	0.173374	0.244973	0.313895	0.373659	0.409485	0.40114	0.344549	0.243996	0.118332	-0.0143227	-0.155744	-0.31061	-0.470897	-0.610155	-0.692155	-0.706496	-0.659423	-0.578961	-0.481499	-0.388281	-0.312335	-0.236291	-0.165018	-0.0865286	-0.0043426	0.0625418	0.103574	0.103574	
-0.298439	-0.274163	-0.220698	-0.114413	0.0352291	0.210902	0.367416	0.498531	0.602138	0.669642	0.718511	0.755981	0.766701	0.742751	0.692227	0.627554	0.532488	0.409111	0.271167	0.158365	0.103082	0.112594	0.165916	0.236361	0.308455	0.367383	0.407546	0.412192	0.37051	0.28538	0.176124	0.0508753	-0.0940632	-0.252396	-0.418572	-0.562998	-0.650947	-0.67136	-0.622225	-0.537805	-0.437233	-0.343232	-0.261478	-0.183	-0.120467	-0.0619461	-0.013562	0.0301732	0.0613156	0.0613156	
-0.138374	-0.092047	-0.0239705	0.0822138	0.218299	0.373352	0.507203	0.605579	0.669642	0.710669	0.743507	0.763267	0.759624	0.73148	0.681676	0.616186	0.527727	0.417131	0.286027	0.174664	0.119618	0.122373	0.163096	0.225616	0.293981	0.35862	0.413939	0.43457	0.406344	0.334315	0.229736	0.104587	-0.0374972	-0.198591	-0.365395	-0.507963	-0.599203	-0.62445	-0.576987	-0.490829	-0.387473	-0.292058	-0.206788	-0.123667	-0.0661303	-0.0265729	-0.00294904	0.0238482	0.0472583	0.0472583	
0.0381785	0.0970061	0.171648	0.27042	0.384736	0.513345	0.619735	0.683766	0.718511	0.743507	0.761961	0.767664	0.755211	0.723143	0.665194	0.59857	0.51668	0.418054	0.302954	0.205391	0.155167	0.146564	0.172263	0.222479	0.288131	0.366928	0.441874	0.474927	0.458842	0.396559	0.292941	0.162719	0.00825027	-0.160787	-0.325761	-0.464111	-0.552385	-0.577612	-0.530661	-0.441925	-0.333649	-0.234032	-0.148969	-0.0649592	-0.0100444	0.0181896	0.0347159	0.0595676	0.0848549	0.0848549	
0.207243	0.274977	0.350043	0.439331	0.530223	0.624575	0.699831	0.739962	0.755981	0.763267	0.767664	0.766941	0.75033	0.708422	0.646411	0.577935	0.503375	0.416146	0.324426	0.247868	0.19962	0.185264	0.201401	0.240636	0.307085	0.40134	0.487536	0.534201	0.525958	0.458194	0.351295	0.212565	0.0454253	-0.133404	-0.299158	-0.425968	-0.502545	-0.519853	-0.470881	-0.375217	-0.262228	-0.161566	-0.0712643	0.00751675	0.056017	0.0774893	0.0839607	0.104793	0.130406	0.130406	
0.363848	0.428967	0.499715	0.573465	0.636547	0.691643	0.742358	0.768069	0.766701	0.759624	0.755211	0.75033	0.727569	0.679222	0.617331	0.553244	0.485448	0.418731	0.354734	0.291335	0.24755	0.233186	0.243015	0.278544	0.352827	0.457563	0.554187	0.608342	0.593919	0.516564	0.397312	0.244655	0.0662448	-0.115322	-0.271379	-0.38139	-0.436281	-0.438216	-0.379477	-0.272977	-0.152965	-0.0453264	0.0372428	0.0980084	0.130079	0.128328	0.121308	0.13509	0.154059	0.154059	
0.48831	0.544838	0.601346	0.653672	0.689171	0.713424	0.742515	0.754004	0.742751	0.73148	0.723143	0.708422	0.679222	0.627565	0.569561	0.513534	0.464226	0.423975	0.383322	0.337023	0.300036	0.281432	0.283441	0.323824	0.41038	0.523839	0.628244	0.683703	0.660397	0.571808	0.439331	0.270637	0.0814722	-0.101927	-0.246875	-0.330597	-0.353498	-0.328814	-0.257635	-0.144256	-0.0214871	0.0837476	0.157965	0.199007	0.208651	0.186452	0.162733	0.161138	0.171181	0.171181	
0.563012	0.604662	0.643355	0.680612	0.698219	0.700963	0.706899	0.702933	0.692227	0.681676	0.665194	0.646411	0.617331	0.569561	0.519442	0.474676	0.449402	0.429974	0.40749	0.375018	0.339852	0.318287	0.325919	0.374481	0.462775	0.576439	0.680854	0.739214	0.712044	0.615019	0.467249	0.282449	0.0927934	-0.0853107	-0.215182	-0.270636	-0.269116	-0.222282	-0.13593	-0.0202147	0.105277	0.20929	0.275861	0.303618	0.294769	0.262789	0.23095	0.215875	0.220498	0.220498	
0.591467	0.611716	0.637558	0.660041	0.666805	0.654272	0.644848	0.635299	0.627554	0.616186	0.59857	0.577935	0.553244	0.513534	0.474676	0.455501	0.445231	0.43883	0.427115	0.401581	0.370241	0.347751	0.353859	0.403243	0.48783	0.597442	0.697717	0.749116	0.728698	0.633704	0.479048	0.29024	0.0991282	-0.0684537	-0.17946	-0.215343	-0.191615	-0.126772	-0.0331024	0.0813446	0.206497	0.314792	0.382017	0.409821	0.400357	0.36465	0.330566	0.308887	0.303016	0.303016	
0.581783	0.583112	0.593168	0.598343	0.591021	0.573486	0.552406	0.537201	0.532488	0.527727	0.51668	0.503375	0.485448	0.464226	0.449402	0.445231	0.445757	0.441806	0.431152	0.407452	0.376665	0.355471	0.365353	0.412628	0.491972	0.593389	0.682416	0.734968	0.72131	0.627881	0.473738	0.28569	0.101332	-0.0482728	-0.140737	-0.164852	-0.130394	-0.05733	0.0406577	0.156574	0.281013	0.395342	0.474173	0.509086	0.508014	0.480001	0.444769	0.417815	0.403308	0.403308	
0.551937	0.529333	0.516821	0.497606	0.479457	0.455632	0.423867	0.407146	0.409111	0.417131	0.418054	0.416146	0.418731	0.423975	0.429974	0.43883	0.441806	0.435249	0.419165	0.39493	0.366264	0.347437	0.357419	0.403511	0.481164	0.571914	0.654687	0.705605	0.697818	0.612581	0.457561	0.273575	0.0973084	-0.0369431	-0.111081	-0.128366	-0.0887276	-0.0110316	0.0893347	0.208569	0.335901	0.454548	0.544859	0.590973	0.596783	0.577796	0.544331	0.512258	0.493178	0.493178	
0.504585	0.463719	0.430099	0.392114	0.35998	0.322526	0.282466	0.265771	0.271167	0.286027	0.302954	0.324426	0.354734	0.383322	0.40749	0.427115	0.431152	0.419165	0.397188	0.375643	0.348886	0.332817	0.341996	0.384799	0.460881	0.54501	0.621669	0.667001	0.653978	0.575274	0.428628	0.249251	0.0824568	-0.0369396	-0.0990813	-0.113166	-0.0717509	0.0083871	0.111751	0.229517	0.357771	0.479041	0.576688	0.638878	0.65726	0.648348	0.617419	0.58228	0.557722	0.557722	
0.4448	0.395736	0.348338	0.303467	0.258283	0.215979	0.175884	0.155073	0.158365	0.174664	0.205391	0.247868	0.291335	0.337023	0.375018	0.401581	0.407452	0.39493	0.375643	0.354304	0.328263	0.311884	0.32126	0.362923	0.429685	0.503719	0.569157	0.606817	0.595105	0.52094	0.384585	0.214227	0.0588707	-0.0522036	-0.116094	-0.127453	-0.0934501	-0.0224506	0.0868405	0.206403	0.336846	0.4635	0.569614	0.643944	0.675348	0.682163	0.659839	0.630428	0.609152	0.609152	
0.378628	0.330446	0.288506	0.245551	0.204266	0.164831	0.124769	0.102382	0.103082	0.119618	0.155167	0.19962	0.24755	0.300036	0.339852	0.370241	0.376665	0.366264	0.348886	0.328263	0.305779	0.289825	0.29505	0.332965	0.390838	0.45819	0.514204	0.535947	0.52026	0.450466	0.328183	0.17225	0.0218286	-0.0933373	-0.165134	-0.188476	-0.16558	-0.0992166	0.00513966	0.126151	0.257939	0.391224	0.507168	0.598816	0.657995	0.682102	0.678313	0.66411	0.646303	0.646303	
0.309055	0.27573	0.250714	0.222494	0.196271	0.164365	0.130105	0.114812	0.112594	0.122373	0.146564	0.185264	0.233186	0.281432	0.318287	0.347751	0.355471	0.347437	0.332817	0.311884	0.289825	0.272254	0.279958	0.314935	0.366248	0.42093	0.461908	0.471203	0.447745	0.380503	0.265352	0.122319	-0.0323736	-0.163909	-0.248709	-0.289833	-0.28064	-0.221335	-0.127905	-0.00804889	0.127048	0.26298	0.392373	0.50394	0.588542	0.640898	0.664101	0.668754	0.665674	0.665674	
0.250486	0.244173	0.238412	0.228356	0.217599	0.199108	0.181216	0.173374	0.165916	0.163096	0.172263	0.201401	0.243015	0.283441	0.325919	0.353859	0.365353	0.357419	0.341996	0.32126	0.29505	0.279958	0.288962	0.317524	0.36078	0.4016	0.426197	0.426176	0.390521	0.32065	0.207473	0.0645133	-0.0965822	-0.247784	-0.355912	-0.414046	-0.415081	-0.367938	-0.287103	-0.170168	-0.0371932	0.0968029	0.236786	0.362752	0.466572	0.54725	0.596232	0.620223	0.63488	0.63488	
0.214342	0.236134	0.248535	0.252022	0.255861	0.250052	0.248863	0.244973	0.236361	0.225616	0.222479	0.240636	0.278544	0.323824	0.374481	0.403243	0.412628	0.403511	0.384799	0.362923	0.332965	0.314935	0.317524	0.339074	0.375441	0.406506	0.417521	0.405632	0.354973	0.274736	0.159659	0.00817927	-0.166642	-0.33768	-0.468562	-0.540331	-0.550003	-0.514789	-0.44277	-0.336835	-0.212982	-0.0781391	0.0581961	0.188706	0.310597	0.401951	0.467278	0.513897	0.534809	0.534809	
0.18445	0.232438	0.264409	0.281634	0.29656	0.300504	0.310019	0.313895	0.308455	0.293981	0.288131	0.307085	0.352827	0.41038	0.462775	0.48783	0.491972	0.481164	0.460881	0.429685	0.390838	0.366248	0.36078	0.375441	0.401759	0.424899	0.425327	0.402025	0.343366	0.247612	0.119909	-0.0456922	-0.234152	-0.424507	-0.575721	-0.656059	-0.676186	-0.652634	-0.592275	-0.495309	-0.381511	-0.25239	-0.117904	0.0109002	0.138834	0.237002	0.311965	0.370834	0.400722	0.400722	
0.139303	0.211368	0.266223	0.302483	0.328231	0.343477	0.361782	0.373659	0.367383	0.35862	0.366928	0.40134	0.457563	0.523839	0.576439	0.597442	0.593389	0.571914	0.54501	0.503719	0.45819	0.42093	0.4016	0.406506	0.424899	0.439308	0.432806	0.401554	0.332923	0.223323	0.0828933	-0.0956688	-0.296688	-0.498117	-0.660023	-0.751886	-0.786673	-0.772703	-0.727378	-0.639838	-0.530412	-0.407144	-0.273771	-0.141123	-0.00977235	0.0911462	0.17539	0.238169	0.276714	0.276714	
0.0729556	0.161436	0.237649	0.295496	0.338003	0.364595	0.39303	0.409485	0.407546	0.413939	0.441874	0.487536	0.554187	0.628244	0.680854	0.697717	0.682416	0.654687	0.621669	0.569157	0.514204	0.461908	0.426197	0.417521	0.425327	0.432806	0.422763	0.380277	0.303351	0.189579	0.0403448	-0.140582	-0.34555	-0.546914	-0.711451	-0.813336	-0.860318	-0.861514	-0.826116	-0.745664	-0.638548	-0.51684	-0.381708	-0.243263	-0.10996	-0.0057737	0.0811636	0.147083	0.190412	0.190412	
-0.0169518	0.0842641	0.174749	0.2537	0.307761	0.341668	0.378686	0.40114	0.412192	0.43457	0.474927	0.534201	0.608342	0.683703	0.739214	0.749116	0.734968	0.705605	0.667001	0.606817	0.535947	0.471203	0.426176	0.405632	0.402025	0.401554	0.380277	0.331411	0.248319	0.132585	-0.0193632	-0.195378	-0.384828	-0.572923	-0.725853	-0.824774	-0.879803	-0.890612	-0.854161	-0.774892	-0.666222	-0.546178	-0.411645	-0.273816	-0.146804	-0.0457587	0.0296069	0.0937376	0.132855	0.132855	
-0.115039	-0.0109566	0.0910993	0.175506	0.230905	0.270649	0.310822	0.344549	0.37051	0.406344	0.458842	0.525958	0.593919	0.660397	0.712044	0.728698	0.72131	0.697818	0.653978	0.595105	0.52026	0.447745	0.390521	0.354973	0.343366	0.332923	0.303351	0.248319	0.165409	0.0519394	-0.089351	-0.249576	-0.422211	-0.583051	-0.705517	-0.792214	-0.837916	-0.840176	-0.797769	-0.70929	-0.598337	-0.479904	-0.352732	-0.224383	-0.112614	-0.0319338	0.0239826	0.0706104	0.099909	0.099909	
-0.216241	-0.117019	-0.0189891	0.0607903	0.116415	0.160924	0.200068	0.243996	0.28538	0.334315	0.396559	0.458194	0.516564	0.571808	0.615019	0.633704	0.627881	0.612581	0.575274	0.52094	0.450466	0.380503	0.32065	0.274736	0.247612	0.223323	0.189579	0.132585	0.0519394	-0.0516766	-0.176997	-0.315616	-0.456954	-0.580638	-0.670178	-0.732205	-0.754839	-0.736	-0.668522	-0.555889	-0.435246	-0.316772	-0.202428	-0.0957531	-0.0127924	0.0364358	0.0635033	0.0830832	0.09761	0.09761	
-0.30671	-0.223812	-0.146861	-0.0752105	-0.0215712	0.0286506	0.0681144	0.118332	0.176124	0.229736	0.292941	0.351295	0.397312	0.439331	0.467249	0.479048	0.473738	0.457561	0.428628	0.384585	0.328183	0.265352	0.207473	0.159659	0.119909	0.0828933	0.0403448	-0.0193632	-0.089351	-0.176997	-0.278603	-0.387968	-0.495282	-0.576859	-0.63145	-0.654275	-0.645283	-0.597185	-0.493601	-0.360441	-0.22489	-0.102597	0.00304639	0.0906809	0.145164	0.165804	0.158977	0.147931	0.142522	0.142522	
-0.364679	-0.318195	-0.27183	-0.222506	-0.169758	-0.115741	-0.0694088	-0.0143227	0.0508753	0.104587	0.162719	0.212565	0.244655	0.270637	0.282449	0.29024	0.28569	0.273575	0.249251	0.214227	0.17225	0.122319	0.0645133	0.00817927	-0.0456922	-0.0956688	-0.140582	-0.195378	-0.249576	-0.315616	-0.387968	-0.461445	-0.529484	-0.567807	-0.581233	-0.566133	-0.523058	-0.439966	-0.308763	-0.159075	-0.00948799	0.117121	0.216745	0.290809	0.326374	0.327984	0.302073	0.271148	0.2489	0.2489	
-0.387845	-0.381102	-0.374632	-0.354906	-0.309444	-0.25833	-0.210953	-0.155744	-0.0940632	-0.0374972	0.00825027	0.0454253	0.0662448	0.0814722	0.0927934	0.0991282	0.101332	0.0973084	0.0824568	0.0588707	0.0218286	-0.0323736	-0.0965822	-0.166642	-0.234152	-0.296688	-0.34555	-0.384828	-0.422211	-0.456954	-0.495282	-0.529484	-0.546171	-0.543266	-0.515206	-0.463675	-0.389374	-0.27379	-0.123691	0.0337187	0.188059	0.313527	0.40547	0.468532	0.490559	0.484674	0.453596	0.40823	0.376164	0.376164	
-0.375776	-0.408413	-0.440703	-0.453837	-0.435935	-0.397486	-0.361248	-0.31061	-0.252396	-0.198591	-0.160787	-0.133404	-0.115322	-0.101927	-0.0853107	-0.0684537	-0.0482728	-0.0369431	-0.0369396	-0.0522036	-0.0933373	-0.163909	-0.247784	-0.33768	-0.424507	-0.498117	-0.546914	-0.572923	-0.583051	-0.580638	-0.576859	-0.567807	-0.543266	-0.499879	-0.435756	-0.351763	-0.241535	-0.101823	0.0533572	0.208351	0.34957	0.467732	0.552491	0.599685	0.609446	0.596714	0.560755	0.499174	0.459481	0.459481	
-0.346612	-0.411079	-0.47909	-0.526551	-0.544804	-0.533309	-0.509909	-0.470897	-0.418572	-0.365395	-0.325761	-0.299158	-0.271379	-0.246875	-0.215182	-0.17946	-0.140737	-0.111081	-0.0990813	-0.116094	-0.165134	-0.248709	-0.355912	-0.468562	-0.575721	-0.660023	-0.711451	-0.725853	-0.705517	-0.670178	-0.63145	-0.581233	-0.515206	-0.435756	-0.340798	-0.231607	-0.0987751	0.0563887	0.209965	0.351819	0.475764	0.57992	0.644287	0.665318	0.656508	0.625839	0.579415	0.510474	0.457002	0.457002	
-0.312585	-0.400144	-0.492712	-0.572513	-0.624947	-0.643848	-0.634176	-0.610155	-0.562998	-0.507963	-0.464111	-0.425968	-0.38139	-0.330597	-0.270636	-0.215343	-0.164852	-0.128366	-0.113166	-0.127453	-0.188476	-0.289833	-0.414046	-0.540331	-0.656059	-0.751886	-0.813336	-0.824774	-0.792214	-0.732205	-0.654275	-0.566133	-0.463675	-0.351763	-0.231607	-0.101784	0.0459369	0.204832	0.343519	0.456342	0.547076	0.62144	0.659497	0.649379	0.615129	0.56753	0.504378	0.424284	0.360576	0.360576	
-0.278125	-0.376764	-0.483128	-0.585739	-0.666299	-0.707869	-0.711602	-0.692155	-0.650947	-0.599203	-0.552385	-0.502545	-0.436281	-0.353498	-0.269116	-0.191615	-0.130394	-0.0887276	-0.0717509	-0.0934501	-0.16558	-0.28064	-0.415081	-0.550003	-0.676186	-0.786673	-0.860318	-0.879803	-0.837916	-0.754839	-0.645283	-0.523058	-0.389374	-0.241535	-0.0987751	0.0459369	0.200546	0.342751	0.446031	0.512912	0.55449	0.582041	0.584804	0.540925	0.479598	0.417113	0.341634	0.258269	0.190396	0.190396	
-0.255031	-0.349719	-0.458508	-0.566399	-0.66247	-0.715329	-0.7245	-0.706496	-0.67136	-0.62445	-0.577612	-0.519853	-0.438216	-0.328814	-0.222282	-0.126772	-0.05733	-0.0110316	0.0083871	-0.0224506	-0.0992166	-0.221335	-0.367938	-0.514789	-0.652634	-0.772703	-0.861514	-0.890612	-0.840176	-0.736	-0.597185	-0.439966	-0.27379	-0.101823	0.0563887	0.204832	0.342751	0.448346	0.506276	0.51348	0.494433	0.471509	0.427407	0.351751	0.269623	0.192359	0.113333	0.0323089	-0.0329149	-0.0329149	
-0.256889	-0.338009	-0.435915	-0.536543	-0.626304	-0.6792	-0.682368	-0.659423	-0.622225	-0.576987	-0.530661	-0.470881	-0.379477	-0.257635	-0.13593	-0.0331024	0.0406577	0.0893347	0.111751	0.0868405	0.00513966	-0.127905	-0.287103	-0.44277	-0.592275	-0.727378	-0.826116	-0.854161	-0.797769	-0.668522	-0.493601	-0.308763	-0.123691	0.0533572	0.209965	0.343519	0.446031	0.506276	0.509914	0.45582	0.381961	0.30535	0.219753	0.119595	0.0169729	-0.0712144	-0.155496	-0.234465	-0.293195	-0.293195	
-0.284085	-0.343299	-0.41672	-0.495509	-0.567588	-0.61131	-0.609296	-0.578961	-0.537805	-0.490829	-0.441925	-0.375217	-0.272977	-0.144256	-0.0202147	0.0813446	0.156574	0.208569	0.229517	0.206403	0.126151	-0.00804889	-0.170168	-0.336835	-0.495309	-0.639838	-0.745664	-0.774892	-0.70929	-0.555889	-0.360441	-0.159075	0.0337187	0.208351	0.351819	0.456342	0.512912	0.51348	0.45582	0.34628	0.224251	0.0996952	-0.0190013	-0.134723	-0.251238	-0.345908	-0.430494	-0.505149	-0.55314	-0.55314	
-0.319973	-0.357165	-0.399135	-0.447736	-0.49708	-0.523048	-0.514608	-0.481499	-0.437233	-0.387473	-0.333649	-0.262228	-0.152965	-0.0214871	0.105277	0.206497	0.281013	0.335901	0.357771	0.336846	0.257939	0.127048	-0.0371932	-0.212982	-0.381511	-0.530412	-0.638548	-0.666222	-0.598337	-0.435246	-0.22489	-0.00948799	0.188059	0.34957	0.475764	0.547076	0.55449	0.494433	0.381961	0.224251	0.0490995	-0.113584	-0.26651	-0.397736	-0.51718	-0.617513	-0.694399	-0.762106	-0.795106	-0.795106	
-0.355916	-0.365295	-0.378888	-0.400361	-0.422305	-0.434202	-0.421275	-0.388281	-0.343232	-0.292058	-0.234032	-0.161566	-0.0453264	0.0837476	0.20929	0.314792	0.395342	0.454548	0.479041	0.4635	0.391224	0.26298	0.0968029	-0.0781391	-0.25239	-0.407144	-0.51684	-0.546178	-0.479904	-0.316772	-0.102597	0.117121	0.313527	0.467732	0.57992	0.62144	0.582041	0.471509	0.30535	0.0996952	-0.113584	-0.319031	-0.501159	-0.643617	-0.766324	-0.86398	-0.9338	-0.984305	-1.00533	-1.00533	
-0.381931	-0.37541	-0.366632	-0.365067	-0.368463	-0.363736	-0.343502	-0.312335	-0.261478	-0.206788	-0.148969	-0.0712643	0.0372428	0.157965	0.275861	0.382017	0.474173	0.544859	0.576688	0.569614	0.507168	0.392373	0.236786	0.0581961	-0.117904	-0.273771	-0.381708	-0.411645	-0.352732	-0.202428	0.00304639	0.216745	0.40547	0.552491	0.644287	0.659497	0.584804	0.427407	0.219753	-0.0190013	-0.26651	-0.501159	-0.700032	-0.851684	-0.971405	-1.06144	-1.12317	-1.15828	-1.16714	-1.16714	
-0.399287	-0.386772	-0.366375	-0.34875	-0.33092	-0.305202	-0.273786	-0.236291	-0.183	-0.123667	-0.0649592	0.00751675	0.0980084	0.199007	0.303618	0.409821	0.509086	0.590973	0.638878	0.643944	0.598816	0.50394	0.362752	0.188706	0.0109002	-0.141123	-0.243263	-0.273816	-0.224383	-0.0957531	0.0906809	0.290809	0.468532	0.599685	0.665318	0.649379	0.540925	0.351751	0.119595	-0.134723	-0.397736	-0.643617	-0.851684	-1.00854	-1.12108	-1.20426	-1.25516	-1.27255	-1.27264	-1.27264	
-0.39356	-0.372219	-0.342917	-0.310038	-0.272067	-0.233907	-0.200848	-0.165018	-0.120467	-0.0661303	-0.0100444	0.056017	0.130079	0.208651	0.294769	0.400357	0.508014	0.596783	0.65726	0.675348	0.657995	0.588542	0.466572	0.310597	0.138834	-0.00977235	-0.10996	-0.146804	-0.112614	-0.0127924	0.145164	0.326374	0.490559	0.609446	0.656508	0.615129	0.479598	0.269623	0.0169729	-0.251238	-0.51718	-0.766324	-0.971405	-1.12108	-1.22236	-1.28953	-1.32591	-1.32653	-1.31842	-1.31842	
-0.348482	-0.320634	-0.278883	-0.226677	-0.175186	-0.130772	-0.10319	-0.0865286	-0.0619461	-0.0265729	0.0181896	0.0774893	0.128328	0.186452	0.262789	0.36465	0.480001	0.577796	0.648348	0.682163	0.682102	0.640898	0.54725	0.401951	0.237002	0.0911462	-0.0057737	-0.0457587	-0.0319338	0.0364358	0.165804	0.327984	0.484674	0.596714	0.625839	0.56753	0.417113	0.192359	-0.0712144	-0.345908	-0.617513	-0.86398	-1.06144	-1.20426	-1.28953	-1.33649	-1.35276	-1.33614	-1.31813	-1.31813	
-0.285557	-0.242267	-0.183264	-0.113293	-0.0465095	-0.0057525	0.00288208	-0.0043426	-0.013562	-0.00294904	0.0347159	0.0839607	0.121308	0.162733	0.23095	0.330566	0.444769	0.544331	0.617419	0.659839	0.678313	0.664101	0.596232	0.467278	0.311965	0.17539	0.0811636	0.0296069	0.0239826	0.0635033	0.158977	0.302073	0.453596	0.560755	0.579415	0.504378	0.341634	0.113333	-0.155496	-0.430494	-0.694399	-0.9338	-1.12317	-1.25516	-1.32591	-1.35276	-1.34552	-1.31022	-1.2829	-1.2829	
-0.22745	-0.170183	-0.0935194	-0.00882809	0.0659198	0.0987999	0.0894859	0.0625418	0.0301732	0.0238482	0.0595676	0.104793	0.13509	0.161138	0.215875	0.308887	0.417815	0.512258	0.58228	0.630428	0.66411	0.668754	0.620223	0.513897	0.370834	0.238169	0.147083	0.0937376	0.0706104	0.0830832	0.147931	0.271148	0.40823	0.499174	0.510474	0.424284	0.258269	0.0323089	-0.234465	-0.505149	-0.762106	-0.984305	-1.15828	-1.27255	-1.32653	-1.33614	-1.31022	-1.2693	-1.23386	-1.23386	
-0.19759	-0.132034	-0.046069	0.0490118	0.128579	0.158554	0.142112	0.103574	0.0613156	0.0472583	0.0848549	0.130406	0.154059	0.171181	0.220498	0.303016	0.403308	0.493178	0.557722	0.609152	0.646303	0.665674	0.63488	0.534809	0.400722	0.276714	0.190412	0.132855	0.099909	0.09761	0.142522	0.2489	0.376164	0.459481	0.457002	0.360576	0.190396	-0.0329149	-0.293195	-0.55314	-0.795106	-1.00533	-1.16714	-1.27264	-1.31842	-1.31813	-1.2829	-1.23386	-1.19573	-1.19573	
-0.19759	-0.132034	-0.046069	0.0490118	0.128579	0.158554	0.142112	0.103574	0.0613156	0.0472583	0.0848549	0.130406	0.154059	0.171181	0.220498	0.303016	0.403308	0.493178	0.557722	0.609152	0.646303	0.665674	0.63488	0.534809	0.400722	0.276714	0.190412	0.132855	0.099909	0.09761	0.142522	0.2489	0.376164	0.459481	0.457002	0.360576	0.190396	-0.0329149	-0.293195	-0.55314	-0.795106	-1.00533	-1.16714	-1.27264	-1.31842	-1.31813	-1.2829	-1.23386	-1.19573	-1.19573	
