0.0478596	0.0191601	0.00119799	-0.0144006	-0.018003	-0.0229987	-0.0343404	-0.0354791	-0.0374084	-0.0407158	-0.0421684	-0.043087	-0.04768	-0.0528283	-0.0478939	-0.0493633	-0.0587008	-0.0576095	-0.0548802	-0.059212	-0.0665334	-0.0704038	-0.0653296	-0.0656179	-0.0801128	-0.0895982	-0.0861598	-0.0823017	-0.0862171	-0.103507	-0.129732	-0.141951	-0.130749	-0.116392	-0.119522	-0.148734	-0.212291	-0.307017	-0.402514	-0.459422	-0.453105	-0.367209	-0.182676	0.106316	0.470132	0.84913	1.18126	1.4224	1.54821	1.54821	
0.0191601	-0.00364322	-0.0177289	-0.0257227	-0.0287298	-0.0373667	-0.0407983	-0.0365057	-0.0405259	-0.0450952	-0.0464025	-0.0460829	-0.0493793	-0.05181	-0.0485359	-0.0538772	-0.059633	-0.056027	-0.0565643	-0.0626263	-0.0687321	-0.0696625	-0.0646631	-0.0699545	-0.0854061	-0.0901463	-0.08459	-0.0830372	-0.0914866	-0.112934	-0.136908	-0.140973	-0.125635	-0.115725	-0.128211	-0.169643	-0.246413	-0.348571	-0.441243	-0.488978	-0.472441	-0.375442	-0.178159	0.122407	0.494326	0.881058	1.22551	1.48275	1.62052	1.62052	
0.00119799	-0.0177289	-0.0267379	-0.0355858	-0.0382563	-0.0404376	-0.0394791	-0.0397093	-0.0468359	-0.0480575	-0.0451786	-0.0461202	-0.0528192	-0.0526326	-0.0488358	-0.0564666	-0.0602518	-0.0562344	-0.058643	-0.0652252	-0.0703604	-0.0687975	-0.0653727	-0.0755929	-0.0896714	-0.0892697	-0.0833429	-0.0854992	-0.0988929	-0.1229	-0.141812	-0.137482	-0.120877	-0.118218	-0.141698	-0.196289	-0.28523	-0.391137	-0.476818	-0.512559	-0.483676	-0.37359	-0.163216	0.146192	0.521253	0.91068	1.26365	1.53452	1.68299	1.68299	
-0.0144006	-0.0257227	-0.0355858	-0.0398871	-0.0352413	-0.0413079	-0.0430783	-0.045151	-0.0488471	-0.0452737	-0.045808	-0.051153	-0.0539163	-0.0496061	-0.0515931	-0.061191	-0.0592216	-0.0553766	-0.0616667	-0.0688245	-0.0711714	-0.0672935	-0.0679086	-0.0822729	-0.092241	-0.0872292	-0.083195	-0.0902222	-0.108216	-0.132285	-0.143627	-0.132083	-0.117859	-0.125063	-0.160886	-0.229027	-0.327983	-0.433105	-0.507643	-0.528822	-0.485385	-0.360238	-0.136946	0.177925	0.550869	0.937777	1.29485	1.5758	1.7328	1.7328	
-0.018003	-0.0287298	-0.0382563	-0.0352413	-0.0407226	-0.0496583	-0.0444765	-0.0456167	-0.0464785	-0.0460863	-0.0496952	-0.0519687	-0.0530013	-0.0513758	-0.0560592	-0.0611338	-0.0567933	-0.05823	-0.0664069	-0.0706309	-0.0700471	-0.0669593	-0.0732417	-0.088631	-0.0923053	-0.0849028	-0.0851513	-0.0974614	-0.118716	-0.139746	-0.141989	-0.126005	-0.118192	-0.137424	-0.186543	-0.267794	-0.373334	-0.472533	-0.532084	-0.536408	-0.47614	-0.334181	-0.0988571	0.217531	0.583071	0.962261	1.31839	1.60465	1.76704	1.76704	
-0.0229987	-0.0373667	-0.0404376	-0.0413079	-0.0496583	-0.0452169	-0.0395831	-0.0462136	-0.049196	-0.0494451	-0.0504706	-0.0538845	-0.0537245	-0.050943	-0.058463	-0.0621218	-0.057587	-0.0616713	-0.0689234	-0.0711628	-0.0695305	-0.0689514	-0.0800424	-0.092993	-0.0902824	-0.0837426	-0.0898983	-0.10694	-0.129181	-0.144016	-0.137254	-0.121068	-0.123558	-0.156343	-0.219159	-0.311935	-0.419346	-0.50726	-0.548529	-0.533947	-0.454571	-0.29456	-0.0489761	0.264584	0.617708	0.984154	1.33367	1.61926	1.78292	1.78292	
-0.0343404	-0.0407983	-0.0394791	-0.0430783	-0.0444765	-0.0395831	-0.0453314	-0.0544091	-0.0507259	-0.0474832	-0.0519946	-0.0546844	-0.0510151	-0.0550078	-0.0645184	-0.0603938	-0.0567238	-0.0657129	-0.0720874	-0.0715828	-0.0691117	-0.072875	-0.0873875	-0.0947507	-0.0872109	-0.0850168	-0.0976778	-0.117893	-0.138061	-0.144249	-0.130694	-0.119533	-0.135526	-0.182629	-0.258778	-0.360052	-0.463529	-0.535047	-0.555437	-0.520058	-0.419458	-0.241014	0.0120873	0.318331	0.654572	1.00352	1.34016	1.61796	1.77794	1.77794	
-0.0354791	-0.0365057	-0.0397093	-0.045151	-0.0456167	-0.0462136	-0.0544091	-0.051753	-0.0430794	-0.0494025	-0.0564756	-0.0543989	-0.0540379	-0.0609482	-0.0624706	-0.0567154	-0.0616468	-0.0717702	-0.072942	-0.0701087	-0.0701713	-0.0798906	-0.09377	-0.0931364	-0.0846895	-0.0900044	-0.10819	-0.128909	-0.143707	-0.140479	-0.124558	-0.123818	-0.155354	-0.216729	-0.304778	-0.40991	-0.503002	-0.553746	-0.551355	-0.493374	-0.369887	-0.173827	0.0831275	0.377734	0.693374	1.02034	1.33732	1.59938	1.75013	1.75013	
-0.0374084	-0.0405259	-0.0468359	-0.0488471	-0.0464785	-0.049196	-0.0507259	-0.0430794	-0.0481892	-0.059636	-0.0572995	-0.0528679	-0.0555989	-0.0618206	-0.0617914	-0.059894	-0.0675316	-0.0736801	-0.0716162	-0.0699624	-0.0749739	-0.0882911	-0.0963509	-0.0891114	-0.0854266	-0.0992149	-0.12009	-0.138119	-0.144983	-0.13401	-0.121854	-0.13612	-0.183836	-0.258571	-0.355656	-0.458466	-0.534727	-0.56142	-0.534893	-0.452608	-0.305433	-0.094027	0.162403	0.441548	0.733679	1.03442	1.3246	1.56254	1.69834	1.69834	
-0.0407158	-0.0450952	-0.0480575	-0.0452737	-0.0460863	-0.0494451	-0.0474832	-0.0494025	-0.059636	-0.0582911	-0.0505496	-0.0526558	-0.0614793	-0.0665417	-0.061029	-0.0610938	-0.0722737	-0.0750197	-0.070512	-0.0722876	-0.0826607	-0.0947688	-0.0944834	-0.0859945	-0.0913791	-0.111469	-0.131384	-0.143839	-0.141817	-0.127488	-0.125902	-0.158057	-0.221175	-0.307344	-0.408868	-0.502054	-0.555814	-0.556417	-0.504703	-0.396701	-0.226371	-0.00342097	0.247768	0.508385	0.774804	1.04516	1.30133	1.50704	1.6225	1.6225	
-0.0421684	-0.0464025	-0.0451786	-0.045808	-0.0496952	-0.0504706	-0.0519946	-0.0564756	-0.0572995	-0.0505496	-0.0520103	-0.0625983	-0.0677877	-0.0619542	-0.0574567	-0.0690631	-0.078457	-0.0722883	-0.069881	-0.0789373	-0.0910522	-0.096745	-0.0903769	-0.0872326	-0.102388	-0.124569	-0.140164	-0.144981	-0.135577	-0.124711	-0.139741	-0.190373	-0.266861	-0.361255	-0.460804	-0.536738	-0.563779	-0.537341	-0.459496	-0.32505	-0.133865	0.0954871	0.336854	0.57674	0.815684	1.05151	1.26682	1.43312	1.52377	1.52377	
-0.043087	-0.0460829	-0.0461202	-0.051153	-0.0519687	-0.0538845	-0.0546844	-0.0543989	-0.0528679	-0.0526558	-0.0625983	-0.0675503	-0.0614963	-0.0579679	-0.0667069	-0.0784028	-0.0750201	-0.0686771	-0.0760929	-0.0880355	-0.0956883	-0.0946055	-0.0880072	-0.094528	-0.116619	-0.13615	-0.144772	-0.141519	-0.129442	-0.130078	-0.16543	-0.23276	-0.319527	-0.417327	-0.506999	-0.558773	-0.556711	-0.502969	-0.398152	-0.237808	-0.0300543	0.199692	0.427262	0.644967	0.854718	1.05184	1.22037	1.34186	1.40466	1.40466	
-0.04768	-0.0493793	-0.0528192	-0.0539163	-0.0530013	-0.0537245	-0.0510151	-0.0540379	-0.0555989	-0.0614793	-0.0677877	-0.0614963	-0.0589887	-0.0661699	-0.0751984	-0.076965	-0.0707634	-0.0733779	-0.0852177	-0.0938817	-0.0964518	-0.0915525	-0.0903846	-0.107661	-0.131345	-0.143752	-0.14422	-0.135402	-0.128271	-0.1475	-0.203468	-0.28385	-0.376785	-0.47133	-0.542587	-0.565063	-0.533262	-0.452174	-0.319976	-0.136176	0.0820043	0.305975	0.516692	0.711168	0.889666	1.04407	1.16145	1.23525	1.26901	1.26901	
-0.0528283	-0.05181	-0.0526326	-0.0496061	-0.0513758	-0.050943	-0.0550078	-0.0609482	-0.0618206	-0.0665417	-0.0619542	-0.0579679	-0.0661699	-0.0732427	-0.0775064	-0.0749839	-0.0714834	-0.0809266	-0.0930001	-0.0972305	-0.0945222	-0.0900836	-0.0999416	-0.124778	-0.142659	-0.145416	-0.139526	-0.130973	-0.137453	-0.179212	-0.252658	-0.341297	-0.435015	-0.517983	-0.562961	-0.553462	-0.492487	-0.383972	-0.225091	-0.0225999	0.198585	0.411223	0.602972	0.773039	0.917629	1.02581	1.08994	1.11614	1.12179	1.12179	
-0.0478939	-0.0485359	-0.0488358	-0.0515931	-0.0560592	-0.058463	-0.0645184	-0.0624706	-0.0617914	-0.061029	-0.0574567	-0.0667069	-0.0751984	-0.0775064	-0.0771737	-0.0707743	-0.0760642	-0.0927922	-0.0990611	-0.095467	-0.091098	-0.0956186	-0.117314	-0.140392	-0.146753	-0.141783	-0.134384	-0.134013	-0.161318	-0.225106	-0.310328	-0.401738	-0.489258	-0.551531	-0.564471	-0.522797	-0.433629	-0.297771	-0.114863	0.0992634	0.315704	0.512658	0.683929	0.827726	0.935188	0.994762	1.00634	0.988239	0.968755	0.968755	
-0.0493633	-0.0538772	-0.0564666	-0.061191	-0.0611338	-0.0621218	-0.0603938	-0.0567154	-0.059894	-0.0610938	-0.0690631	-0.0784028	-0.076965	-0.0749839	-0.0707743	-0.0738446	-0.0926937	-0.101729	-0.0951337	-0.0910214	-0.0947237	-0.111261	-0.136137	-0.148078	-0.143782	-0.136579	-0.134113	-0.150282	-0.201878	-0.282624	-0.372636	-0.460662	-0.533446	-0.566626	-0.54489	-0.472592	-0.356049	-0.193862	0.00778224	0.224864	0.429598	0.607904	0.757154	0.871768	0.93874	0.949139	0.912008	0.855885	0.815953	0.815953	
-0.0587008	-0.059633	-0.0602518	-0.0592216	-0.0567933	-0.057587	-0.0567238	-0.0616468	-0.0675316	-0.0722737	-0.078457	-0.0750201	-0.0707634	-0.0714834	-0.0760642	-0.0926937	-0.103043	-0.0947011	-0.0898024	-0.0955633	-0.108144	-0.13069	-0.148226	-0.146581	-0.137874	-0.134787	-0.14477	-0.184194	-0.257842	-0.34708	-0.434871	-0.512376	-0.561079	-0.559269	-0.503449	-0.402677	-0.259468	-0.0740155	0.138368	0.349351	0.537084	0.6948	0.819727	0.901246	0.925019	0.888176	0.809245	0.723745	0.669216	0.669216	
-0.0576095	-0.056027	-0.0562344	-0.0553766	-0.05823	-0.0616713	-0.0657129	-0.0717702	-0.0736801	-0.0750197	-0.0722883	-0.0686771	-0.0733779	-0.0809266	-0.0927922	-0.101729	-0.0947011	-0.0890763	-0.096406	-0.107435	-0.125838	-0.146799	-0.149866	-0.139394	-0.134628	-0.142303	-0.172409	-0.236771	-0.324195	-0.412624	-0.491679	-0.550183	-0.566284	-0.527463	-0.44042	-0.312951	-0.144578	0.05808	0.271317	0.468264	0.635658	0.771019	0.868074	0.912186	0.891736	0.81252	0.701279	0.596444	0.533614	0.533614	
-0.0548802	-0.0565643	-0.058643	-0.0616667	-0.0664069	-0.0689234	-0.0720874	-0.072942	-0.0716162	-0.070512	-0.069881	-0.0760929	-0.0852177	-0.0930001	-0.0990611	-0.0951337	-0.0898024	-0.096406	-0.107485	-0.123074	-0.144837	-0.152641	-0.141532	-0.133754	-0.140723	-0.165563	-0.220438	-0.303873	-0.393489	-0.473422	-0.53689	-0.56698	-0.545064	-0.471265	-0.356445	-0.203623	-0.0138472	0.196832	0.400805	0.578061	0.723207	0.833636	0.898107	0.901225	0.838206	0.724418	0.592031	0.478154	0.413024	0.413024	
-0.059212	-0.0626263	-0.0652252	-0.0688245	-0.0706309	-0.0711628	-0.0715828	-0.0701087	-0.0699624	-0.0722876	-0.0789373	-0.0880355	-0.0938817	-0.0972305	-0.095467	-0.0910214	-0.0955633	-0.107435	-0.123074	-0.143935	-0.154161	-0.14357	-0.132839	-0.139121	-0.161993	-0.209179	-0.286761	-0.376946	-0.458293	-0.523811	-0.563218	-0.556618	-0.496253	-0.392087	-0.252084	-0.0760158	0.12789	0.335433	0.521747	0.676202	0.797428	0.878904	0.905754	0.86641	0.765786	0.627621	0.485725	0.372214	0.309857	0.309857	
-0.0665334	-0.0687321	-0.0703604	-0.0711714	-0.0700471	-0.0695305	-0.0691117	-0.0701713	-0.0749739	-0.0826607	-0.0910522	-0.0956883	-0.0964518	-0.0945222	-0.091098	-0.0947237	-0.108144	-0.125838	-0.144837	-0.154161	-0.144417	-0.132324	-0.137724	-0.160238	-0.202398	-0.273657	-0.363019	-0.446181	-0.512617	-0.557208	-0.56295	-0.515827	-0.421451	-0.291534	-0.128107	0.0663057	0.273566	0.467118	0.630465	0.760664	0.855213	0.902466	0.887836	0.807932	0.677974	0.526973	0.386395	0.280858	0.224993	0.224993	
-0.0704038	-0.0696625	-0.0687975	-0.0672935	-0.0669593	-0.0689514	-0.072875	-0.0798906	-0.0882911	-0.0947688	-0.096745	-0.0946055	-0.0915525	-0.0900836	-0.0956186	-0.111261	-0.13069	-0.146799	-0.152641	-0.14357	-0.132324	-0.137158	-0.159495	-0.198989	-0.264978	-0.35227	-0.436874	-0.503999	-0.550892	-0.565387	-0.530333	-0.445429	-0.323554	-0.170692	0.0132421	0.216824	0.415024	0.586504	0.724632	0.829055	0.892404	0.900149	0.843099	0.728554	0.580077	0.42776	0.297404	0.205083	0.157915	0.157915	
-0.0653296	-0.0646631	-0.0653727	-0.0679086	-0.0732417	-0.0800424	-0.0873875	-0.09377	-0.0963509	-0.0944834	-0.0903769	-0.0880072	-0.0903846	-0.0999416	-0.117314	-0.136137	-0.148226	-0.149866	-0.141532	-0.132839	-0.137724	-0.159495	-0.197979	-0.260714	-0.34544	-0.430416	-0.498025	-0.545571	-0.56546	-0.540345	-0.464446	-0.34934	-0.204804	-0.0309067	0.16663	0.366607	0.544896	0.690267	0.802368	0.877819	0.904253	0.86919	0.773061	0.63351	0.478484	0.334955	0.221052	0.144693	0.107001	0.107001	
-0.0656179	-0.0699545	-0.0755929	-0.0822729	-0.088631	-0.092993	-0.0947507	-0.0931364	-0.0891114	-0.0859945	-0.0872326	-0.094528	-0.107661	-0.124778	-0.140392	-0.148078	-0.146581	-0.139394	-0.133754	-0.139121	-0.160238	-0.198989	-0.260714	-0.343095	-0.42707	-0.494536	-0.541886	-0.564543	-0.54669	-0.478761	-0.369605	-0.231515	-0.0663666	0.123964	0.3231	0.50637	0.658232	0.776597	0.860948	0.902151	0.886675	0.80953	0.682308	0.529844	0.379692	0.252533	0.15839	0.0984999	0.0699176	0.0699176	
-0.0801128	-0.0854061	-0.0896714	-0.092241	-0.0923053	-0.0902824	-0.0872109	-0.0846895	-0.0854266	-0.0913791	-0.102388	-0.116619	-0.131345	-0.142659	-0.146753	-0.143782	-0.137874	-0.134628	-0.140723	-0.161993	-0.202398	-0.264978	-0.34544	-0.42707	-0.493389	-0.540036	-0.563622	-0.550275	-0.488643	-0.384687	-0.251671	-0.0937067	0.0892988	0.285608	0.471798	0.6291	0.752719	0.843594	0.895984	0.897012	0.837926	0.724636	0.578047	0.425293	0.28932	0.183014	0.109243	0.0646165	0.0440144	0.0440144	
-0.0895982	-0.0901463	-0.0892697	-0.0872292	-0.0849028	-0.0837426	-0.0850168	-0.0900044	-0.0992149	-0.111469	-0.124569	-0.13615	-0.143752	-0.145416	-0.141783	-0.136579	-0.134787	-0.142303	-0.165563	-0.209179	-0.273657	-0.35227	-0.430416	-0.494536	-0.540036	-0.563257	-0.551857	-0.4944	-0.394713	-0.265813	-0.113573	0.0626969	0.25497	0.442095	0.603461	0.731407	0.827073	0.887638	0.901935	0.859056	0.76003	0.621428	0.468944	0.327016	0.211372	0.127319	0.0724332	0.0408037	0.0266716	0.0266716	
-0.0861598	-0.08459	-0.0833429	-0.083195	-0.0851513	-0.0898983	-0.0976778	-0.10819	-0.12009	-0.131384	-0.140164	-0.144772	-0.14422	-0.139526	-0.134384	-0.134113	-0.14477	-0.172409	-0.220438	-0.286761	-0.363019	-0.436874	-0.498025	-0.541886	-0.563622	-0.551857	-0.496286	-0.39972	-0.274222	-0.126511	0.0439759	0.23172	0.418097	0.581941	0.71317	0.812292	0.87862	0.903128	0.874083	0.788693	0.659238	0.509196	0.363587	0.240513	0.147875	0.0849295	0.0461217	0.0247802	0.015547	0.015547	
-0.0823017	-0.0830372	-0.0854992	-0.0902222	-0.0974614	-0.10694	-0.117893	-0.128909	-0.138119	-0.143839	-0.144981	-0.141519	-0.135402	-0.130973	-0.134013	-0.150282	-0.184194	-0.236771	-0.303873	-0.376946	-0.446181	-0.503999	-0.545571	-0.564543	-0.550275	-0.4944	-0.39972	-0.277016	-0.13289	0.0328798	0.216136	0.400484	0.565156	0.698444	0.799866	0.870052	0.902059	0.884275	0.811192	0.691213	0.545163	0.397821	0.269008	0.169003	0.0989707	0.0542757	0.0281795	0.0144622	0.00871253	0.00871253	
-0.0862171	-0.0914866	-0.0988929	-0.108216	-0.118716	-0.129181	-0.138061	-0.143707	-0.144983	-0.141817	-0.135577	-0.129442	-0.128271	-0.137453	-0.161318	-0.201878	-0.257842	-0.324195	-0.393489	-0.458293	-0.512617	-0.550892	-0.56546	-0.54669	-0.488643	-0.394713	-0.274222	-0.13289	0.0292062	0.208328	0.389732	0.553637	0.687608	0.790216	0.862725	0.899918	0.890841	0.828281	0.717408	0.576288	0.42883	0.295886	0.189719	0.113362	0.0633255	0.0332092	0.0165102	0.00810654	0.00469202	0.00469202	
-0.103507	-0.112934	-0.1229	-0.132285	-0.139746	-0.144016	-0.144249	-0.140479	-0.13401	-0.127488	-0.124711	-0.130078	-0.1475	-0.179212	-0.225106	-0.282624	-0.34708	-0.412624	-0.473422	-0.523811	-0.557208	-0.565387	-0.540345	-0.478761	-0.384687	-0.265813	-0.126511	0.0328798	0.208328	0.386118	0.547776	0.68097	0.783629	0.857168	0.897598	0.894833	0.840764	0.738082	0.602262	0.455929	0.320349	0.209286	0.127448	0.0725473	0.0387178	0.0194461	0.00927192	0.00436244	0.00242755	0.00242755	
-0.129732	-0.136908	-0.141812	-0.143627	-0.141989	-0.137254	-0.130694	-0.124558	-0.121854	-0.125902	-0.139741	-0.16543	-0.203468	-0.252658	-0.310328	-0.372636	-0.434871	-0.491679	-0.53689	-0.563218	-0.56295	-0.530333	-0.464446	-0.369605	-0.251671	-0.113573	0.0439759	0.216136	0.389732	0.547776	0.678733	0.78029	0.853714	0.895729	0.897087	0.849392	0.753603	0.622961	0.478613	0.34172	0.227046	0.140692	0.0815173	0.0442817	0.022615	0.0108949	0.00498972	0.00225319	0.00120642	0.00120642	
-0.141951	-0.140973	-0.137482	-0.132083	-0.126005	-0.121068	-0.119533	-0.123818	-0.13612	-0.158057	-0.190373	-0.23276	-0.28385	-0.341297	-0.401738	-0.460662	-0.512376	-0.550183	-0.56698	-0.556618	-0.515827	-0.445429	-0.34934	-0.231515	-0.0937067	0.0626969	0.23172	0.400484	0.553637	0.68097	0.78029	0.852543	0.8947	0.898201	0.854779	0.764353	0.638387	0.49653	0.359444	0.242418	0.152601	0.0898695	0.0496376	0.0257777	0.0126185	0.00583988	0.00257292	0.00111683	0.000575866	0.000575866	
-0.130749	-0.125635	-0.120877	-0.117859	-0.118192	-0.123558	-0.135526	-0.155354	-0.183836	-0.221175	-0.266861	-0.319527	-0.376785	-0.435015	-0.489258	-0.533446	-0.561079	-0.566284	-0.545064	-0.496253	-0.421451	-0.323554	-0.204804	-0.0663666	0.0892988	0.25497	0.418097	0.565156	0.687608	0.783629	0.853714	0.8947	0.898533	0.857362	0.770658	0.648604	0.509453	0.373093	0.254904	0.162724	0.097259	0.0545501	0.0287781	0.014313	0.00672661	0.00299507	0.00127126	0.000531243	0.000264035	0.000264035	
-0.116392	-0.115725	-0.118218	-0.125063	-0.137424	-0.156343	-0.182629	-0.216729	-0.258571	-0.307344	-0.361255	-0.417327	-0.47133	-0.517983	-0.551531	-0.566626	-0.559269	-0.527463	-0.471265	-0.392087	-0.291534	-0.170692	-0.0309067	0.123964	0.285608	0.442095	0.581941	0.698444	0.790216	0.857168	0.895729	0.898201	0.857362	0.772734	0.653689	0.51725	0.382357	0.26411	0.170676	0.103372	0.0587965	0.0314741	0.0158904	0.00758242	0.00342659	0.00147002	0.000601958	0.000242527	0.000116299	0.000116299	
-0.119522	-0.128211	-0.141698	-0.160886	-0.186543	-0.219159	-0.258778	-0.304778	-0.355656	-0.408868	-0.460804	-0.506999	-0.542587	-0.562961	-0.564471	-0.54489	-0.503449	-0.44042	-0.356445	-0.252084	-0.128107	0.0132421	0.16663	0.3231	0.471798	0.603461	0.71317	0.799866	0.862725	0.897598	0.897087	0.854779	0.770658	0.653689	0.519856	0.387037	0.269748	0.176153	0.107942	0.062177	0.0337325	0.0172703	0.0083604	0.00383396	0.00166865	0.000690697	0.000273234	0.000106286	4.92223e-05	4.92223e-05	
-0.148734	-0.169643	-0.196289	-0.229027	-0.267794	-0.311935	-0.360052	-0.40991	-0.458466	-0.502054	-0.536738	-0.558773	-0.565063	-0.553462	-0.522797	-0.472592	-0.402677	-0.312951	-0.203623	-0.0760158	0.0663057	0.216824	0.366607	0.50637	0.6291	0.731407	0.812292	0.870052	0.899918	0.894833	0.849392	0.764353	0.648604	0.51725	0.387037	0.271646	0.178945	0.110768	0.064528	0.0354375	0.0183792	0.0090181	0.00419359	0.00185129	0.00077714	0.000310794	0.000118928	4.47256e-05	2.00234e-05	2.00234e-05	
-0.212291	-0.246413	-0.28523	-0.327983	-0.373334	-0.419346	-0.463529	-0.503002	-0.534727	-0.555814	-0.563779	-0.556711	-0.533262	-0.492487	-0.433629	-0.356049	-0.259468	-0.144578	-0.0138472	0.12789	0.273566	0.415024	0.544896	0.658232	0.752719	0.827073	0.87862	0.902059	0.890841	0.840764	0.753603	0.638387	0.509453	0.382357	0.269748	0.178945	0.111724	0.0657336	0.0364987	0.0191557	0.00951807	0.00448459	0.00200679	0.000854168	0.000346334	0.000133993	4.96587e-05	1.80782e-05	7.83164e-06	7.83164e-06	
-0.307017	-0.348571	-0.391137	-0.433105	-0.472533	-0.50726	-0.535047	-0.553746	-0.56142	-0.556417	-0.537341	-0.502969	-0.452174	-0.383972	-0.297771	-0.193862	-0.0740155	0.05808	0.196832	0.335433	0.467118	0.586504	0.690267	0.776597	0.843594	0.887638	0.903128	0.884275	0.828281	0.738082	0.622961	0.49653	0.373093	0.26411	0.176153	0.110768	0.0657336	0.036859	0.0195556	0.00983073	0.00468937	0.00212559	0.000916833	0.000376825	0.000147777	5.53789e-05	1.99007e-05	7.02176e-06	2.94628e-06	2.94628e-06	
-0.402514	-0.441243	-0.476818	-0.507643	-0.532084	-0.548529	-0.555437	-0.551355	-0.534893	-0.504703	-0.459496	-0.398152	-0.319976	-0.225091	-0.114863	0.00778224	0.138368	0.271317	0.400805	0.521747	0.630465	0.724632	0.802368	0.860948	0.895984	0.901935	0.874083	0.811192	0.717408	0.602262	0.478613	0.359444	0.254904	0.170676	0.107942	0.064528	0.0364987	0.0195556	0.00993712	0.00479513	0.00220014	0.000961094	0.000400215	0.000159062	6.04103e-05	2.19537e-05	7.65815e-06	2.62193e-06	1.06656e-06	1.06656e-06	
-0.459422	-0.488978	-0.512559	-0.528822	-0.536408	-0.533947	-0.520058	-0.493374	-0.452608	-0.396701	-0.32505	-0.237808	-0.136176	-0.0225999	0.0992634	0.224864	0.349351	0.468264	0.578061	0.676202	0.760664	0.829055	0.877819	0.902151	0.897012	0.859056	0.788693	0.691213	0.576288	0.455929	0.34172	0.242418	0.162724	0.103372	0.062177	0.0354375	0.0191557	0.00983073	0.00479513	0.00222555	0.000984003	0.00041493	0.000167056	6.42901e-05	2.36751e-05	8.35281e-06	2.83138e-06	9.4165e-07	3.71697e-07	3.71697e-07	
-0.453105	-0.472441	-0.483676	-0.485385	-0.47614	-0.454571	-0.419458	-0.369887	-0.305433	-0.226371	-0.133865	-0.0300543	0.0820043	0.198585	0.315704	0.429598	0.537084	0.635658	0.723207	0.797428	0.855213	0.892404	0.904253	0.886675	0.837926	0.76003	0.659238	0.545163	0.42883	0.320349	0.227046	0.152601	0.097259	0.0587965	0.0337325	0.0183792	0.00951807	0.00468937	0.00220014	0.000984003	0.000419952	0.000171201	6.67359e-05	2.48998e-05	8.90119e-06	3.05205e-06	1.00633e-06	3.25441e-07	1.24764e-07	1.24764e-07	
-0.367209	-0.375442	-0.37359	-0.360238	-0.334181	-0.29456	-0.241014	-0.173827	-0.094027	-0.00342097	0.0954871	0.199692	0.305975	0.411223	0.512658	0.607904	0.6948	0.771019	0.833636	0.878904	0.902466	0.900149	0.86919	0.80953	0.724636	0.621428	0.509196	0.397821	0.295886	0.209286	0.140692	0.0898695	0.0545501	0.0314741	0.0172703	0.0090181	0.00448459	0.00212559	0.000961094	0.00041493	0.000171201	6.75715e-05	2.55357e-05	9.2482e-06	3.2128e-06	1.07167e-06	3.44035e-07	1.08293e-07	4.03556e-08	4.03556e-08	
-0.182676	-0.178159	-0.163216	-0.136946	-0.0988571	-0.0489761	0.0120873	0.0831275	0.162403	0.247768	0.336854	0.427262	0.516692	0.602972	0.683929	0.757154	0.819727	0.868074	0.898107	0.905754	0.887836	0.843099	0.773061	0.682308	0.578047	0.468944	0.363587	0.269008	0.189719	0.127448	0.0815173	0.0496376	0.0287781	0.0158904	0.0083604	0.00419359	0.00200679	0.000916833	0.000400215	0.000167056	6.67359e-05	2.55357e-05	9.36686e-06	3.29654e-06	1.11405e-06	3.61848e-07	1.132e-07	3.47142e-08	1.25851e-08	1.25851e-08	
0.106316	0.122407	0.146192	0.177925	0.217531	0.264584	0.318331	0.377734	0.441548	0.508385	0.57674	0.644967	0.711168	0.773039	0.827726	0.871768	0.901246	0.912186	0.901225	0.86641	0.807932	0.728554	0.63351	0.529844	0.425293	0.327016	0.240513	0.169003	0.113362	0.0725473	0.0442817	0.0257777	0.014313	0.00758242	0.00383396	0.00185129	0.000854168	0.000376825	0.000159062	6.42901e-05	2.48998e-05	9.2482e-06	3.29654e-06	1.12858e-06	3.71378e-07	1.17562e-07	3.58701e-08	1.07259e-08	3.78591e-09	3.78591e-09	
0.470132	0.494326	0.521253	0.550869	0.583071	0.617708	0.654572	0.693374	0.733679	0.774804	0.815684	0.854718	0.889666	0.917629	0.935188	0.93874	0.925019	0.891736	0.838206	0.765786	0.677974	0.580077	0.478484	0.379692	0.28932	0.211372	0.147875	0.0989707	0.0633255	0.0387178	0.022615	0.0126185	0.00672661	0.00342659	0.00166865	0.00077714	0.000346334	0.000147777	6.04103e-05	2.36751e-05	8.90119e-06	3.2128e-06	1.11405e-06	3.71378e-07	1.19104e-07	3.67768e-08	1.09528e-08	3.19612e-09	1.0992e-09	1.0992e-09	
0.84913	0.881058	0.91068	0.937777	0.962261	0.984154	1.00352	1.02034	1.03442	1.04516	1.05151	1.05184	1.04407	1.02581	0.994762	0.949139	0.888176	0.81252	0.724418	0.627621	0.526973	0.42776	0.334955	0.252533	0.183014	0.127319	0.0849295	0.0542757	0.0332092	0.0194461	0.0108949	0.00583988	0.00299507	0.00147002	0.000690697	0.000310794	0.000133993	5.53789e-05	2.19537e-05	8.35281e-06	3.05205e-06	1.07167e-06	3.61848e-07	1.17562e-07	3.67768e-08	1.10855e-08	3.22491e-09	9.19053e-10	3.08193e-10	3.08193e-10	
1.18126	1.22551	1.26365	1.29485	1.31839	1.33367	1.34016	1.33732	1.3246	1.30133	1.26682	1.22037	1.16145	1.08994	1.00634	0.912008	0.809245	0.701279	0.592031	0.485725	0.386395	0.297404	0.221052	0.15839	0.109243	0.0724332	0.0461217	0.0281795	0.0165102	0.00927192	0.00498972	0.00257292	0.00127126	0.000601958	0.000273234	0.000118928	4.96587e-05	1.99007e-05	7.65815e-06	2.83138e-06	1.00633e-06	3.44035e-07	1.132e-07	3.58701e-08	1.09528e-08	3.22491e-09	9.16969e-10	2.55377e-10	8.35516e-11	8.35516e-11	
1.4224	1.48275	1.53452	1.5758	1.60465	1.61926	1.61796	1.59938	1.56254	1.50704	1.43312	1.34186	1.23525	1.11614	0.988239	0.855885	0.723745	0.596444	0.478154	0.372214	0.280858	0.205083	0.144693	0.0984999	0.0646165	0.0408037	0.0247802	0.0144622	0.00810654	0.00436244	0.00225319	0.00111683	0.000531243	0.000242527	0.000106286	4.47256e-05	1.80782e-05	7.02176e-06	2.62193e-06	9.4165e-07	3.25441e-07	1.08293e-07	3.47142e-08	1.07259e-08	3.19612e-09	9.19053e-10	2.55377e-10	6.94968e-11	2.21801e-11	2.21801e-11	
1.54821	1.62052	1.68299	1.7328	1.76704	1.78292	1.77794	1.75013	1.69834	1.6225	1.52377	1.40466	1.26901	1.12179	0.968755	0.815953	0.669216	0.533614	0.413024	0.309857	0.224993	0.157915	0.107001	0.0699176	0.0440144	0.0266716	0.015547	0.00871253	0.00469202	0.00242755	0.00120642	0.000575866	0.000264035	0.000116299	4.92223e-05	2.00234e-05	7.83164e-06	2.94628e-06	1.06656e-06	3.71697e-07	1.24764e-07	4.03556e-08	1.25851e-08	3.78591e-09	1.0992e-09	3.08193e-10	8.35516e-11	2.21801e-11	6.89205e-12	6.89205e-12	
1.54821	1.62052	1.68299	1.7328	1.76704	1.78292	1.77794	1.75013	1.69834	1.6225	1.52377	1.40466	1.26901	1.12179	0.968755	0.815953	0.669216	0.533614	0.413024	0.309857	0.224993	0.157915	0.107001	0.0699176	0.0440144	0.0266716	0.015547	0.00871253	0.00469202	0.00242755	0.00120642	0.000575866	0.000264035	0.000116299	4.92223e-05	2.00234e-05	7.83164e-06	2.94628e-06	1.06656e-06	3.71697e-07	1.24764e-07	4.03556e-08	1.25851e-08	3.78591e-09	1.0992e-09	3.08193e-10	8.35516e-11	2.21801e-11	6.89205e-12	6.89205e-12	
