-0.0331628	-0.0331628	-0.0321004	-0.0337325	-0.0317003	-0.0330455	-0.0322173	-0.0317979	-0.0325931	-0.0314878	-0.0317081	-0.0312735	-0.0292548	-0.0256884	-0.0203663	-0.00532169	0.0139989	0.0504188	0.108333	0.187173	0.306622	0.454253	0.634962	0.83096	1.01336	1.14877	1.20043	1.13146	0.945322	0.654106	0.300981	-0.05372	-0.363675	-0.60041	-0.755718	-0.827618	-0.828171	-0.749088	-0.604526	-0.433228	-0.275277	-0.163612	-0.125077	-0.130618	-0.152173	-0.184791	-0.210017	-0.207166	-0.178732	-0.136671	
-0.0331628	-0.0331628	-0.0321004	-0.0337325	-0.0317003	-0.0330455	-0.0322173	-0.0317979	-0.0325931	-0.0314878	-0.0317081	-0.0312735	-0.0292548	-0.0256884	-0.0203663	-0.00532169	0.0139989	0.0504188	0.108333	0.187173	0.306622	0.454253	0.634962	0.83096	1.01336	1.14877	1.20043	1.13146	0.945322	0.654106	0.300981	-0.05372	-0.363675	-0.60041	-0.755718	-0.827618	-0.828171	-0.749088	-0.604526	-0.433228	-0.275277	-0.163612	-0.125077	-0.130618	-0.152173	-0.184791	-0.210017	-0.207166	-0.178732	-0.136671	
-0.0321004	-0.0321004	-0.0303524	-0.0336745	-0.0310212	-0.0335762	-0.0334205	-0.0332698	-0.0345684	-0.0331899	-0.0334976	-0.0309316	-0.0296777	-0.0241736	-0.0179157	-0.0050619	0.0158801	0.0513418	0.107168	0.18847	0.30791	0.455121	0.636098	0.83169	1.0106	1.14419	1.19511	1.12927	0.944401	0.653878	0.303421	-0.0475005	-0.35766	-0.595691	-0.750473	-0.821699	-0.823765	-0.746564	-0.604	-0.433632	-0.277454	-0.167	-0.126762	-0.130864	-0.15166	-0.184134	-0.207943	-0.206145	-0.178655	-0.1378	
-0.0337325	-0.0337325	-0.0336745	-0.0332836	-0.0326864	-0.0324214	-0.0315085	-0.0309903	-0.0309214	-0.030543	-0.0302299	-0.0313541	-0.0287231	-0.0267373	-0.0208982	-0.0057194	0.0145709	0.051384	0.110446	0.189749	0.306444	0.454104	0.63151	0.823301	1.00364	1.13689	1.18631	1.11863	0.935863	0.652486	0.307938	-0.0426741	-0.349007	-0.584641	-0.741719	-0.818117	-0.818375	-0.742476	-0.604816	-0.439778	-0.285462	-0.175917	-0.133265	-0.133575	-0.154181	-0.183094	-0.205893	-0.203606	-0.177891	-0.139223	
-0.0317003	-0.0317003	-0.0310212	-0.0326864	-0.0316036	-0.0334782	-0.0331179	-0.0342429	-0.0342793	-0.0339124	-0.0339432	-0.0308333	-0.0295686	-0.0238115	-0.0161205	-0.00397091	0.0182811	0.0543147	0.10892	0.192711	0.308342	0.456273	0.632741	0.82247	0.996534	1.12461	1.17015	1.1091	0.931296	0.652123	0.315046	-0.0267445	-0.332608	-0.57016	-0.726318	-0.802442	-0.806031	-0.735509	-0.603103	-0.442356	-0.292357	-0.1867	-0.13879	-0.135573	-0.153416	-0.181181	-0.200522	-0.200263	-0.177274	-0.14192	
-0.0330455	-0.0330455	-0.0335762	-0.0324214	-0.0334782	-0.0319752	-0.0325057	-0.031714	-0.0311572	-0.0316051	-0.0302236	-0.0308399	-0.0285207	-0.0257401	-0.0184143	-0.0056923	0.0182259	0.054377	0.112713	0.195766	0.309055	0.455157	0.62721	0.81143	0.982202	1.10792	1.1539	1.09243	0.917092	0.648355	0.32264	-0.0142004	-0.313321	-0.548644	-0.708702	-0.791095	-0.793789	-0.726386	-0.603401	-0.450771	-0.306794	-0.202341	-0.150746	-0.140636	-0.157191	-0.179244	-0.196131	-0.195966	-0.17557	-0.14465	
-0.0322173	-0.0322173	-0.0334205	-0.0315085	-0.0331179	-0.0325057	-0.0320065	-0.0336166	-0.0320856	-0.033225	-0.0323402	-0.0312161	-0.0288462	-0.0245454	-0.0160021	-0.00241368	0.0208315	0.0585284	0.113998	0.199472	0.30877	0.457053	0.62517	0.804037	0.971367	1.09056	1.1286	1.07089	0.905121	0.647172	0.333962	0.0065151	-0.289269	-0.524688	-0.683606	-0.769161	-0.775073	-0.716083	-0.600064	-0.457312	-0.319282	-0.220921	-0.161624	-0.146846	-0.158151	-0.176581	-0.189464	-0.1904	-0.173524	-0.147808	
-0.0317979	-0.0317979	-0.0332698	-0.0309903	-0.0342429	-0.031714	-0.0336166	-0.0335323	-0.0320458	-0.0336229	-0.031239	-0.0300379	-0.0283482	-0.0230339	-0.0146092	-0.00278887	0.0232952	0.0600816	0.11691	0.203382	0.313668	0.457649	0.62139	0.794947	0.952357	1.06421	1.10431	1.05071	0.888289	0.641399	0.342207	0.027747	-0.259138	-0.492637	-0.65702	-0.746357	-0.754884	-0.700946	-0.597495	-0.464392	-0.337172	-0.24096	-0.177379	-0.154726	-0.161567	-0.173829	-0.182868	-0.184363	-0.170455	-0.150704	
-0.0325931	-0.0325931	-0.0345684	-0.0309214	-0.0342793	-0.0311572	-0.0320856	-0.0320458	-0.0305491	-0.0322202	-0.0302358	-0.0310206	-0.028058	-0.0243129	-0.0156773	-0.000861473	0.0247894	0.0635129	0.121616	0.20778	0.313358	0.457461	0.616073	0.781596	0.93591	1.04197	1.07434	1.01872	0.867093	0.636956	0.355605	0.0517445	-0.228144	-0.459702	-0.623292	-0.717909	-0.7306	-0.686227	-0.592218	-0.472898	-0.355506	-0.264881	-0.195404	-0.166293	-0.165961	-0.171547	-0.176683	-0.177625	-0.166463	-0.153542	
-0.0314878	-0.0314878	-0.0331899	-0.030543	-0.0339124	-0.0316051	-0.033225	-0.0336229	-0.0322202	-0.0336024	-0.0312452	-0.0296308	-0.0268367	-0.0206567	-0.0114729	0.00295983	0.0287968	0.0680775	0.125162	0.212493	0.319275	0.460646	0.61389	0.772971	0.915893	1.01127	1.04156	0.991198	0.84766	0.629976	0.364097	0.0782403	-0.190176	-0.418559	-0.585919	-0.683997	-0.702189	-0.665826	-0.583683	-0.47818	-0.373448	-0.288154	-0.214225	-0.178384	-0.169141	-0.168397	-0.169114	-0.169238	-0.161221	-0.155058	
-0.0317081	-0.0317081	-0.0334976	-0.0302299	-0.0339432	-0.0302236	-0.0323402	-0.031239	-0.0302358	-0.0312452	-0.0294236	-0.0286155	-0.0267786	-0.0208944	-0.0121666	0.00355755	0.0314405	0.071328	0.132359	0.216791	0.324681	0.459875	0.60865	0.76032	0.895341	0.982257	1.0091	0.956652	0.820729	0.621336	0.375171	0.106764	-0.151414	-0.374489	-0.544785	-0.645266	-0.671462	-0.642203	-0.575062	-0.483196	-0.394331	-0.312488	-0.238538	-0.19425	-0.176259	-0.167329	-0.163474	-0.161575	-0.155277	-0.156206	
-0.0312735	-0.0312735	-0.0309316	-0.0313541	-0.0308333	-0.0308399	-0.0312161	-0.0300379	-0.0310206	-0.0296308	-0.0286155	-0.0277445	-0.0228177	-0.0182711	-0.00727473	0.00935263	0.0367795	0.0783736	0.138699	0.225093	0.330237	0.464338	0.607996	0.750253	0.874261	0.954989	0.973214	0.919827	0.796131	0.612507	0.385711	0.136355	-0.108232	-0.327039	-0.49452	-0.600412	-0.633926	-0.616313	-0.558642	-0.485293	-0.409599	-0.336492	-0.261258	-0.210506	-0.181665	-0.164885	-0.156626	-0.150997	-0.147506	-0.155088	
-0.0292548	-0.0292548	-0.0296777	-0.0287231	-0.0295686	-0.0285207	-0.0288462	-0.0283482	-0.028058	-0.0268367	-0.0267786	-0.0228177	-0.020878	-0.013166	-0.00239915	0.0149106	0.0440499	0.086154	0.149155	0.231698	0.341888	0.468909	0.607709	0.743638	0.8572	0.923088	0.937684	0.887489	0.770827	0.602158	0.394227	0.168016	-0.0614239	-0.269661	-0.441735	-0.549483	-0.592755	-0.580205	-0.540566	-0.482336	-0.424367	-0.356802	-0.286212	-0.227838	-0.188491	-0.164083	-0.149273	-0.140392	-0.138202	-0.151958	
-0.0256884	-0.0256884	-0.0241736	-0.0267373	-0.0238115	-0.0257401	-0.0245454	-0.0230339	-0.0243129	-0.0206567	-0.0208944	-0.0182711	-0.013166	-0.00879323	0.00471594	0.0220577	0.0526855	0.0973189	0.161732	0.246443	0.354915	0.477317	0.612212	0.737895	0.838889	0.903075	0.908231	0.851795	0.743761	0.593238	0.407929	0.204384	-0.010322	-0.212177	-0.37852	-0.488722	-0.541365	-0.541501	-0.514253	-0.474077	-0.431473	-0.374779	-0.309767	-0.244503	-0.196133	-0.162369	-0.142132	-0.127296	-0.127646	-0.145759	
-0.0203663	-0.0203663	-0.0179157	-0.0208982	-0.0161205	-0.0184143	-0.0160021	-0.0146092	-0.0156773	-0.0114729	-0.0121666	-0.00727473	-0.00239915	0.00471594	0.0201688	0.0378762	0.0711523	0.115561	0.179808	0.264868	0.372662	0.493028	0.62363	0.741605	0.831857	0.881685	0.876928	0.824256	0.725572	0.586863	0.422139	0.240165	0.045424	-0.142057	-0.304497	-0.42145	-0.482366	-0.490405	-0.47757	-0.456625	-0.429705	-0.385006	-0.326943	-0.257127	-0.199437	-0.15792	-0.129075	-0.109971	-0.111128	-0.133629	
-0.00532169	-0.00532169	-0.0050619	-0.0057194	-0.00397091	-0.0056923	-0.00241368	-0.00278887	-0.000861473	0.00295983	0.00355755	0.00935263	0.0149106	0.0220577	0.0378762	0.0584812	0.0908634	0.140678	0.207007	0.293193	0.402073	0.51873	0.643018	0.751822	0.832805	0.874977	0.862379	0.805352	0.710497	0.587242	0.444391	0.28758	0.112861	-0.0629741	-0.222094	-0.33846	-0.405854	-0.426245	-0.430658	-0.42719	-0.415097	-0.386109	-0.337222	-0.265557	-0.200929	-0.151364	-0.11402	-0.089612	-0.0924477	-0.116347	
0.0139989	0.0139989	0.0158801	0.0145709	0.0182811	0.0182259	0.0208315	0.0232952	0.0247894	0.0287968	0.0314405	0.0367795	0.0440499	0.0526855	0.0711523	0.0908634	0.128299	0.177336	0.243662	0.333318	0.440255	0.554007	0.676319	0.77703	0.844763	0.876913	0.854829	0.796867	0.706775	0.595726	0.474637	0.339606	0.185005	0.0253964	-0.121139	-0.240506	-0.317403	-0.349647	-0.366912	-0.380437	-0.385814	-0.373172	-0.334773	-0.262421	-0.194232	-0.135564	-0.0889031	-0.0597384	-0.0625346	-0.0872545	
0.0504188	0.0504188	0.0513418	0.051384	0.0543147	0.054377	0.0585284	0.0600816	0.0635129	0.0680775	0.071328	0.0783736	0.086154	0.0973189	0.115561	0.140678	0.177336	0.231286	0.298685	0.390733	0.493525	0.609895	0.723929	0.81653	0.879689	0.900398	0.866367	0.804663	0.718135	0.619608	0.517357	0.403752	0.274767	0.134176	-0.0059017	-0.126571	-0.205183	-0.248845	-0.282613	-0.315798	-0.334778	-0.341941	-0.312863	-0.247848	-0.175658	-0.110882	-0.0535634	-0.0211028	-0.0228298	-0.0470508	
0.108333	0.108333	0.107168	0.110446	0.10892	0.112713	0.113998	0.11691	0.121616	0.125162	0.132359	0.138699	0.149155	0.161732	0.179808	0.207007	0.243662	0.298685	0.369186	0.461325	0.56814	0.6817	0.791742	0.87681	0.928103	0.934082	0.897756	0.83198	0.745273	0.656053	0.571828	0.481135	0.375446	0.252294	0.125673	0.0118023	-0.0732622	-0.131151	-0.18002	-0.226133	-0.264115	-0.289178	-0.273802	-0.215598	-0.145309	-0.0725845	-0.00683155	0.0299013	0.0309559	0.00776295	
0.187173	0.187173	0.18847	0.189749	0.192711	0.195766	0.199472	0.203382	0.20778	0.212493	0.216791	0.225093	0.231698	0.246443	0.264868	0.293193	0.333318	0.390733	0.461325	0.554015	0.657769	0.767255	0.871817	0.95169	0.995585	0.993792	0.944896	0.870979	0.783575	0.706105	0.635605	0.567825	0.483472	0.384619	0.271566	0.164183	0.073651	0.00835386	-0.0548753	-0.116632	-0.173229	-0.214323	-0.2116	-0.166273	-0.0976273	-0.019339	0.0550724	0.0966922	0.101766	0.0822136	
0.306622	0.306622	0.30791	0.306444	0.308342	0.309055	0.30877	0.313668	0.313358	0.319275	0.324681	0.330237	0.341888	0.354915	0.372662	0.402073	0.440255	0.493525	0.56814	0.657769	0.762269	0.872916	0.972598	1.04391	1.07664	1.06019	1.00557	0.923689	0.837466	0.76572	0.708047	0.656787	0.599389	0.522658	0.426405	0.327588	0.239184	0.163847	0.0864519	0.0104429	-0.0632908	-0.118535	-0.132726	-0.100498	-0.0375966	0.0453474	0.125435	0.172668	0.185049	0.166235	
0.454253	0.454253	0.455121	0.454104	0.456273	0.455157	0.457053	0.457649	0.457461	0.460646	0.459875	0.464338	0.468909	0.477317	0.493028	0.51873	0.554007	0.609895	0.6817	0.767255	0.872916	0.973707	1.06557	1.13112	1.15449	1.12797	1.06394	0.972867	0.884924	0.813965	0.765122	0.737447	0.701968	0.645612	0.569779	0.488004	0.399103	0.316106	0.22892	0.140645	0.0500998	-0.0180611	-0.047486	-0.0297683	0.0275718	0.112919	0.198346	0.255739	0.275774	0.26311	
0.634962	0.634962	0.636098	0.63151	0.632741	0.62721	0.62517	0.62139	0.616073	0.61389	0.60865	0.607996	0.607709	0.612212	0.62363	0.643018	0.676319	0.723929	0.791742	0.871817	0.972598	1.06557	1.1539	1.21079	1.21966	1.18448	1.10887	1.00635	0.911935	0.8446	0.806628	0.792417	0.775053	0.746532	0.694708	0.625546	0.542007	0.459668	0.36408	0.26093	0.156903	0.0799941	0.0337879	0.0379224	0.0875481	0.17318	0.262258	0.331567	0.360887	0.35498	
0.83096	0.83096	0.83169	0.823301	0.82247	0.81143	0.804037	0.794947	0.781596	0.772971	0.76032	0.750253	0.743638	0.737895	0.741605	0.751822	0.77703	0.81653	0.87681	0.95169	1.04391	1.13112	1.21079	1.25563	1.25255	1.20649	1.11421	1.00271	0.907896	0.836172	0.801042	0.798983	0.804963	0.797404	0.769431	0.720421	0.649743	0.564803	0.462709	0.348869	0.236741	0.148251	0.0874081	0.0793411	0.122096	0.203069	0.297967	0.380032	0.421903	0.425635	
1.01336	1.01336	1.0106	1.00364	0.996534	0.982202	0.971367	0.952357	0.93591	0.915893	0.895341	0.874261	0.8572	0.838889	0.831857	0.832805	0.844763	0.879689	0.928103	0.995585	1.07664	1.15449	1.21966	1.25255	1.23805	1.17986	1.07531	0.956232	0.84828	0.767967	0.738717	0.747485	0.770153	0.784881	0.784496	0.753451	0.697114	0.616697	0.515259	0.388753	0.270065	0.170798	0.0996098	0.0808669	0.113479	0.189794	0.288821	0.386036	0.439506	0.458239	
1.14877	1.14877	1.14419	1.13689	1.12461	1.10792	1.09056	1.06421	1.04197	1.01127	0.982257	0.954989	0.923088	0.903075	0.881685	0.874977	0.876913	0.900398	0.934082	0.993792	1.06019	1.12797	1.18448	1.20649	1.17986	1.10599	0.985472	0.853041	0.731182	0.64994	0.622247	0.635446	0.667406	0.704956	0.727217	0.722228	0.683291	0.611988	0.506408	0.373616	0.251173	0.139997	0.0602545	0.0291898	0.0539161	0.119174	0.224291	0.330469	0.397816	0.434191	
1.20043	1.20043	1.19511	1.18631	1.17015	1.1539	1.1286	1.10431	1.07434	1.04156	1.0091	0.973214	0.937684	0.908231	0.876928	0.862379	0.854829	0.866367	0.897756	0.944896	1.00557	1.06394	1.10887	1.11421	1.07531	0.985472	0.854322	0.709518	0.577873	0.489448	0.450288	0.462274	0.508294	0.567666	0.609125	0.628137	0.605692	0.547663	0.440982	0.308214	0.174152	0.0535671	-0.0364583	-0.0753627	-0.0665545	-0.0112919	0.0947941	0.206049	0.287972	0.341404	
1.13146	1.13146	1.12927	1.11863	1.1091	1.09243	1.07089	1.05071	1.01872	0.991198	0.956652	0.919827	0.887489	0.851795	0.824256	0.805352	0.796867	0.804663	0.83198	0.870979	0.923689	0.972867	1.00635	1.00271	0.956232	0.853041	0.709518	0.549481	0.402541	0.297829	0.253969	0.269047	0.321206	0.386681	0.448582	0.490984	0.490722	0.444995	0.342023	0.206047	0.0618923	-0.0677023	-0.166847	-0.218246	-0.227408	-0.182207	-0.082577	0.0277788	0.120671	0.1897	
0.945322	0.945322	0.944401	0.935863	0.931296	0.917092	0.905121	0.888289	0.867093	0.84766	0.820729	0.796131	0.770827	0.743761	0.725572	0.710497	0.706775	0.718135	0.745273	0.783575	0.837466	0.884924	0.911935	0.907896	0.84828	0.731182	0.577873	0.402541	0.241004	0.129303	0.0753691	0.0786086	0.128608	0.203679	0.283594	0.345217	0.366074	0.331381	0.234561	0.0965634	-0.0565124	-0.198675	-0.310028	-0.37772	-0.404832	-0.373494	-0.290719	-0.186568	-0.0889366	-0.00759667	
0.654106	0.654106	0.653878	0.652486	0.652123	0.648355	0.647172	0.641399	0.636956	0.629976	0.621336	0.612507	0.602158	0.593238	0.586863	0.587242	0.595726	0.619608	0.656053	0.706105	0.76572	0.813965	0.8446	0.836172	0.767967	0.64994	0.489448	0.297829	0.129303	0.00112704	-0.0714354	-0.0773484	-0.0284518	0.0488275	0.14029	0.217957	0.255062	0.234124	0.149942	0.00984173	-0.155608	-0.310951	-0.43415	-0.52175	-0.566301	-0.555808	-0.494198	-0.403351	-0.306909	-0.220759	
0.300981	0.300981	0.303421	0.307938	0.315046	0.32264	0.333962	0.342207	0.355605	0.364097	0.375171	0.385711	0.394227	0.407929	0.422139	0.444391	0.474637	0.517357	0.571828	0.635605	0.708047	0.765122	0.806628	0.801042	0.738717	0.622247	0.450288	0.253969	0.0753691	-0.0714354	-0.157217	-0.169383	-0.131359	-0.0563059	0.0380006	0.128478	0.183077	0.182311	0.105193	-0.0381997	-0.212287	-0.374779	-0.51829	-0.625994	-0.689549	-0.700316	-0.666345	-0.592513	-0.506349	-0.421365	
-0.05372	-0.05372	-0.0475005	-0.0426741	-0.0267445	-0.0142004	0.0065151	0.027747	0.0517445	0.0782403	0.106764	0.136355	0.168016	0.204384	0.240165	0.28758	0.339606	0.403752	0.481135	0.567825	0.656787	0.737447	0.792417	0.798983	0.747485	0.635446	0.462274	0.269047	0.0786086	-0.0773484	-0.169383	-0.196763	-0.175327	-0.105385	-0.00608975	0.0959646	0.164896	0.17558	0.109844	-0.0300591	-0.204918	-0.38387	-0.548164	-0.674227	-0.753923	-0.793225	-0.787209	-0.735212	-0.666221	-0.590145	
-0.363675	-0.363675	-0.35766	-0.349007	-0.332608	-0.313321	-0.289269	-0.259138	-0.228144	-0.190176	-0.151414	-0.108232	-0.0614239	-0.010322	0.045424	0.112861	0.185005	0.274767	0.375446	0.483472	0.599389	0.701968	0.775053	0.804963	0.770153	0.667406	0.508294	0.321206	0.128608	-0.0284518	-0.131359	-0.175327	-0.160318	-0.0918536	0.00515173	0.109538	0.188053	0.21781	0.166909	0.0324908	-0.146979	-0.340135	-0.520981	-0.663437	-0.76499	-0.834078	-0.850989	-0.825004	-0.778278	-0.717144	
-0.60041	-0.60041	-0.595691	-0.584641	-0.57016	-0.548644	-0.524688	-0.492637	-0.459702	-0.418559	-0.374489	-0.327039	-0.269661	-0.212177	-0.142057	-0.0629741	0.0253964	0.134176	0.252294	0.384619	0.522658	0.645612	0.746532	0.797404	0.784881	0.704956	0.567666	0.386681	0.203679	0.0488275	-0.0563059	-0.105385	-0.0918536	-0.033147	0.0594377	0.167368	0.262685	0.309287	0.269383	0.142963	-0.0332848	-0.236277	-0.43326	-0.5948	-0.721393	-0.814388	-0.85417	-0.858564	-0.839543	-0.796549	
-0.755718	-0.755718	-0.750473	-0.741719	-0.726318	-0.708702	-0.683606	-0.65702	-0.623292	-0.585919	-0.544785	-0.49452	-0.441735	-0.37852	-0.304497	-0.222094	-0.121139	-0.0059017	0.125673	0.271566	0.426405	0.569779	0.694708	0.769431	0.784496	0.727217	0.609125	0.448582	0.283594	0.14029	0.0380006	-0.00608975	0.00515173	0.0594377	0.151618	0.271648	0.378085	0.436512	0.410776	0.306151	0.132965	-0.0786647	-0.291248	-0.46984	-0.622958	-0.736613	-0.803538	-0.839157	-0.850605	-0.827531	
-0.827618	-0.827618	-0.821699	-0.818117	-0.802442	-0.791095	-0.769161	-0.746357	-0.717909	-0.683997	-0.645266	-0.600412	-0.549483	-0.488722	-0.42145	-0.33846	-0.240506	-0.126571	0.0118023	0.164183	0.327588	0.488004	0.625546	0.720421	0.753451	0.722228	0.628137	0.490984	0.345217	0.217957	0.128478	0.0959646	0.109538	0.167368	0.271648	0.399451	0.51399	0.590218	0.59529	0.508452	0.339624	0.12697	-0.0905513	-0.29068	-0.469396	-0.603996	-0.699135	-0.765601	-0.808317	-0.810792	
-0.828171	-0.828171	-0.823765	-0.818375	-0.806031	-0.793789	-0.775073	-0.754884	-0.7306	-0.702189	-0.671462	-0.633926	-0.592755	-0.541365	-0.482366	-0.405854	-0.317403	-0.205183	-0.0732622	0.073651	0.239184	0.399103	0.542007	0.649743	0.697114	0.683291	0.605692	0.490722	0.366074	0.255062	0.183077	0.164896	0.188053	0.262685	0.378085	0.51399	0.647974	0.756469	0.787534	0.720127	0.571873	0.374335	0.151792	-0.0697419	-0.264581	-0.420036	-0.541637	-0.638508	-0.709262	-0.742526	
-0.749088	-0.749088	-0.746564	-0.742476	-0.735509	-0.726386	-0.716083	-0.700946	-0.686227	-0.665826	-0.642203	-0.616313	-0.580205	-0.541501	-0.490405	-0.426245	-0.349647	-0.248845	-0.131151	0.00835386	0.163847	0.316106	0.459668	0.564803	0.616697	0.611988	0.547663	0.444995	0.331381	0.234124	0.182311	0.17558	0.21781	0.309287	0.436512	0.590218	0.756469	0.893044	0.954715	0.923836	0.812426	0.6329	0.410449	0.183872	-0.0206763	-0.198477	-0.346819	-0.467978	-0.565998	-0.634355	
-0.604526	-0.604526	-0.604	-0.604816	-0.603103	-0.603401	-0.600064	-0.597495	-0.592218	-0.583683	-0.575062	-0.558642	-0.540566	-0.514253	-0.47757	-0.430658	-0.366912	-0.282613	-0.18002	-0.0548753	0.0864519	0.22892	0.36408	0.462709	0.515259	0.506408	0.440982	0.342023	0.234561	0.149942	0.105193	0.109844	0.166909	0.269383	0.410776	0.59529	0.787534	0.954715	1.05758	1.07637	1.00492	0.854732	0.651118	0.434785	0.223306	0.0260312	-0.13925	-0.277746	-0.401909	-0.502053	
-0.433228	-0.433228	-0.433632	-0.439778	-0.442356	-0.450771	-0.457312	-0.464392	-0.472898	-0.47818	-0.483196	-0.485293	-0.482336	-0.474077	-0.456625	-0.42719	-0.380437	-0.315798	-0.226133	-0.116632	0.0104429	0.140645	0.26093	0.348869	0.388753	0.373616	0.308214	0.206047	0.0965634	0.00984173	-0.0381997	-0.0300591	0.0324908	0.142963	0.306151	0.508452	0.720127	0.923836	1.07637	1.14515	1.12359	1.01879	0.850518	0.656516	0.445355	0.24223	0.0680972	-0.0842186	-0.232455	-0.360141	
-0.275277	-0.275277	-0.277454	-0.285462	-0.292357	-0.306794	-0.319282	-0.337172	-0.355506	-0.373448	-0.394331	-0.409599	-0.424367	-0.431473	-0.429705	-0.415097	-0.385814	-0.334778	-0.264115	-0.173229	-0.0632908	0.0500998	0.156903	0.236741	0.270065	0.251173	0.174152	0.0618923	-0.0565124	-0.155608	-0.212287	-0.204918	-0.146979	-0.0332848	0.132965	0.339624	0.571873	0.812426	1.00492	1.12359	1.15865	1.10693	0.988704	0.827386	0.631285	0.433042	0.258328	0.0934393	-0.0734734	-0.221725	
-0.163612	-0.163612	-0.167	-0.175917	-0.1867	-0.202341	-0.220921	-0.24096	-0.264881	-0.288154	-0.312488	-0.336492	-0.356802	-0.374779	-0.385006	-0.386109	-0.373172	-0.341941	-0.289178	-0.214323	-0.118535	-0.0180611	0.0799941	0.148251	0.170798	0.139997	0.0535671	-0.0677023	-0.198675	-0.310951	-0.374779	-0.38387	-0.340135	-0.236277	-0.0786647	0.12697	0.374335	0.6329	0.854732	1.01879	1.10693	1.11622	1.05646	0.937285	0.768706	0.592537	0.423726	0.25123	0.0759875	-0.0873507	
-0.125077	-0.125077	-0.126762	-0.133265	-0.13879	-0.150746	-0.161624	-0.177379	-0.195404	-0.214225	-0.238538	-0.261258	-0.286212	-0.309767	-0.326943	-0.337222	-0.334773	-0.312863	-0.273802	-0.2116	-0.132726	-0.047486	0.0337879	0.0874081	0.0996098	0.0602545	-0.0364583	-0.166847	-0.310028	-0.43415	-0.51829	-0.548164	-0.520981	-0.43326	-0.291248	-0.0905513	0.151792	0.410449	0.651118	0.850518	0.988704	1.05646	1.0522	0.981047	0.862674	0.72113	0.564096	0.396432	0.225297	0.0563015	
-0.130618	-0.130618	-0.130864	-0.133575	-0.135573	-0.140636	-0.146846	-0.154726	-0.166293	-0.178384	-0.19425	-0.210506	-0.227838	-0.244503	-0.257127	-0.265557	-0.262421	-0.247848	-0.215598	-0.166273	-0.100498	-0.0297683	0.0379224	0.0793411	0.0808669	0.0291898	-0.0753627	-0.218246	-0.37772	-0.52175	-0.625994	-0.674227	-0.663437	-0.5948	-0.46984	-0.29068	-0.0697419	0.183872	0.434785	0.656516	0.827386	0.937285	0.981047	0.97329	0.912472	0.805446	0.670171	0.524864	0.369239	0.196993	
-0.152173	-0.152173	-0.15166	-0.154181	-0.153416	-0.157191	-0.158151	-0.161567	-0.165961	-0.169141	-0.176259	-0.181665	-0.188491	-0.196133	-0.199437	-0.200929	-0.194232	-0.175658	-0.145309	-0.0976273	-0.0375966	0.0275718	0.0875481	0.122096	0.113479	0.0539161	-0.0665545	-0.227408	-0.404832	-0.566301	-0.689549	-0.753923	-0.76499	-0.721393	-0.622958	-0.469396	-0.264581	-0.0206763	0.223306	0.445355	0.631285	0.768706	0.862674	0.912472	0.896839	0.827549	0.73401	0.624986	0.485709	0.322411	
-0.184791	-0.184791	-0.184134	-0.183094	-0.181181	-0.179244	-0.176581	-0.173829	-0.171547	-0.168397	-0.167329	-0.164885	-0.164083	-0.162369	-0.15792	-0.151364	-0.135564	-0.110882	-0.0725845	-0.019339	0.0453474	0.112919	0.17318	0.203069	0.189794	0.119174	-0.0112919	-0.182207	-0.373494	-0.555808	-0.700316	-0.793225	-0.834078	-0.814388	-0.736613	-0.603996	-0.420036	-0.198477	0.0260312	0.24223	0.433042	0.592537	0.72113	0.805446	0.827549	0.809412	0.766751	0.687048	0.570258	0.429121	
-0.210017	-0.210017	-0.207943	-0.205893	-0.200522	-0.196131	-0.189464	-0.182868	-0.176683	-0.169114	-0.163474	-0.156626	-0.149273	-0.142132	-0.129075	-0.11402	-0.0889031	-0.0535634	-0.00683155	0.0550724	0.125435	0.198346	0.262258	0.297967	0.288821	0.224291	0.0947941	-0.082577	-0.290719	-0.494198	-0.666345	-0.787209	-0.850989	-0.85417	-0.803538	-0.699135	-0.541637	-0.346819	-0.13925	0.0680972	0.258328	0.423726	0.564096	0.670171	0.73401	0.766751	0.758146	0.705515	0.619809	0.51078	
-0.207166	-0.207166	-0.206145	-0.203606	-0.200263	-0.195966	-0.1904	-0.184363	-0.177625	-0.169238	-0.161575	-0.150997	-0.140392	-0.127296	-0.109971	-0.089612	-0.0597384	-0.0211028	0.0299013	0.0966922	0.172668	0.255739	0.331567	0.380032	0.386036	0.330469	0.206049	0.0277788	-0.186568	-0.403351	-0.592513	-0.735212	-0.825004	-0.858564	-0.839157	-0.765601	-0.638508	-0.467978	-0.277746	-0.0842186	0.0934393	0.25123	0.396432	0.524864	0.624986	0.687048	0.705515	0.685592	0.637204	0.555701	
-0.178732	-0.178732	-0.178655	-0.177891	-0.177274	-0.17557	-0.173524	-0.170455	-0.166463	-0.161221	-0.155277	-0.147506	-0.138202	-0.127646	-0.111128	-0.0924477	-0.0625346	-0.0228298	0.0309559	0.101766	0.185049	0.275774	0.360887	0.421903	0.439506	0.397816	0.287972	0.120671	-0.0889366	-0.306909	-0.506349	-0.666221	-0.778278	-0.839543	-0.850605	-0.808317	-0.709262	-0.565998	-0.401909	-0.232455	-0.0734734	0.0759875	0.225297	0.369239	0.485709	0.570258	0.619809	0.637204	0.617822	0.559855	
-0.136671	-0.136671	-0.1378	-0.139223	-0.14192	-0.14465	-0.147808	-0.150704	-0.153542	-0.155058	-0.156206	-0.155088	-0.151958	-0.145759	-0.133629	-0.116347	-0.0872545	-0.0470508	0.00776295	0.0822136	0.166235	0.26311	0.35498	0.425635	0.458239	0.434191	0.341404	0.1897	-0.00759667	-0.220759	-0.421365	-0.590145	-0.717144	-0.796549	-0.827531	-0.810792	-0.742526	-0.634355	-0.502053	-0.360141	-0.221725	-0.0873507	0.0563015	0.196993	0.322411	0.429121	0.51078	0.555701	0.559855	0.523803	
